# covent_pc_7
# Captured 2021-01-24 19:35:54.477853 by unknown user
# Built at revision ba9d3656 (dirty)
time(sec) pc_setpoint pressure volume net_flow
0.000 5.000 4.917 79.509 -108.908
0.010 5.000 4.971 78.328 -127.190
0.020 5.000 4.968 77.018 -134.844
0.030 5.000 4.954 75.717 -125.356
0.040 5.000 4.951 74.467 -124.627
0.050 5.000 4.965 73.248 -119.180
0.060 5.000 4.966 72.041 -122.264
0.070 5.000 4.955 70.739 -138.147
0.080 5.000 4.991 69.392 -131.233
0.090 5.000 5.006 67.983 -150.519
0.100 5.000 4.982 66.600 -126.176
0.110 5.000 4.979 65.280 -137.895
0.120 5.000 5.009 63.937 -130.677
0.130 5.000 5.016 62.688 -119.169
0.140 5.000 5.038 61.454 -127.605
0.150 5.000 5.035 60.154 -132.342
0.160 5.000 5.052 58.887 -120.986
0.170 5.000 5.048 57.646 -127.296
0.180 5.000 5.020 56.396 -122.600
0.190 5.000 5.096 55.137 -129.377
0.200 5.000 5.107 53.898 -118.282
0.210 5.000 5.042 52.716 -118.113
0.220 5.000 5.097 51.431 -138.942
0.230 5.000 5.086 50.062 -134.812
0.240 5.000 5.096 48.742 -129.350
0.250 5.000 5.089 47.487 -121.543
0.260 5.000 5.048 46.084 -159.063
0.270 5.000 5.071 44.733 -111.077
0.280 5.000 5.078 43.599 -115.685
0.290 5.000 5.069 42.432 -117.758
0.300 5.000 5.046 41.268 -115.092
0.310 5.000 5.026 40.135 -111.539
0.320 5.000 5.035 38.983 -118.815
0.330 5.000 5.066 37.859 -105.926
0.340 5.000 4.995 36.785 -108.984
0.350 5.000 5.025 35.692 -109.518
0.360 5.000 4.995 34.576 -113.699
0.370 5.000 4.992 33.468 -107.956
0.380 5.000 5.010 32.345 -116.688
0.390 5.000 4.987 31.148 -122.681
0.400 5.000 4.986 29.736 -159.668
0.410 5.000 5.004 28.346 -118.421
0.420 5.000 4.981 26.890 -172.794
0.430 5.000 4.991 25.397 -125.810
0.440 5.000 4.997 24.114 -130.744
0.450 5.000 4.958 22.834 -125.204
0.460 5.000 4.999 21.556 -130.454
0.470 5.000 4.976 20.281 -124.507
0.480 5.000 4.969 18.986 -134.549
0.490 5.000 5.004 17.603 -142.003
0.500 5.000 4.975 16.110 -156.598
0.510 5.000 4.969 14.698 -125.797
0.520 5.000 5.004 13.384 -136.972
0.530 5.000 5.024 11.897 -160.522
0.540 5.000 5.003 10.298 -159.283
0.550 5.000 5.007 8.802 -140.012
0.560 5.000 5.042 7.279 -164.418
0.570 5.000 4.984 5.815 -128.390
0.580 5.000 5.011 4.539 -126.803
0.590 5.000 5.023 3.308 -119.451
0.600 5.000 5.085 2.076 -126.902
0.610 5.000 5.007 0.826 -123.250
0.620 5.000 5.005 -0.609 -163.744
0.630 8.000 5.065 -2.018 -117.934
0.640 11.000 5.143 -3.168 -112.208
0.650 14.000 6.412 -4.569 -167.901
0.660 17.000 10.166 -6.315 -181.184
0.670 20.000 17.125 -8.016 -159.103
0.680 23.000 27.283 -9.068 -51.316
0.690 26.000 36.513 -9.400 -15.052
0.700 29.000 39.687 -8.668 161.341
0.710 32.000 35.694 -6.381 296.040
0.720 35.000 25.399 -3.359 308.459
0.730 35.000 18.220 -1.266 110.137
0.740 35.000 18.484 -0.911 -39.072
0.750 35.000 29.055 -1.561 -90.923
0.760 35.000 38.169 -2.827 -162.276
0.770 35.000 39.831 -3.638 -0.001
0.780 35.000 39.833 -3.588 10.004
0.790 35.000 39.849 -2.297 248.174
0.800 35.000 39.852 0.617 334.648
0.810 35.000 39.820 4.213 384.636
0.820 35.000 38.306 7.944 361.540
0.830 35.000 30.085 11.495 348.432
0.840 35.000 23.166 14.380 228.603
0.850 35.000 21.864 15.783 52.038
0.860 35.000 27.202 15.766 -55.426
0.870 35.000 37.917 14.418 -214.116
0.880 35.000 39.819 13.355 1.494
0.890 35.000 39.832 13.189 -34.765
0.900 35.000 39.803 14.414 279.850
0.910 35.000 39.825 17.312 299.748
0.920 35.000 39.826 20.781 394.010
0.930 35.000 38.899 24.452 340.103
0.940 35.000 31.095 28.104 390.390
0.950 35.000 24.313 31.449 278.656
0.960 35.000 22.663 33.334 98.424
0.970 35.000 27.024 33.857 6.174
0.980 35.000 37.572 33.197 -138.200
0.990 35.000 39.811 32.616 21.993
1.000 35.000 39.821 32.405 -64.167
1.010 35.000 39.823 32.704 123.924
1.020 35.000 39.817 34.658 266.954
1.030 35.000 39.846 37.694 340.064
1.040 35.000 39.832 40.664 254.108
1.050 35.000 33.307 43.743 361.723
1.060 35.000 25.892 47.202 329.946
1.070 35.000 23.022 50.044 238.519
1.080 35.000 25.473 52.016 155.672
1.090 35.000 34.489 52.369 -84.922
1.100 35.000 39.814 51.121 -164.695
1.110 35.000 39.836 49.721 -115.417
1.120 35.000 39.845 49.917 154.676
1.130 35.000 39.827 51.379 137.790
1.140 35.000 39.851 53.562 298.827
1.150 35.000 39.847 57.268 442.271
1.160 35.000 39.612 61.802 464.626
1.170 35.000 32.885 66.308 436.554
1.180 35.000 24.929 69.921 286.031
1.190 35.000 23.147 72.179 165.514
1.200 35.000 26.813 73.073 13.342
1.210 35.000 36.114 73.139 -0.120
1.220 35.000 39.827 73.118 -4.109
1.230 35.000 39.826 72.515 -116.447
1.240 35.000 39.846 72.937 200.913
1.250 35.000 39.852 74.924 196.400
1.260 35.000 39.845 78.091 437.001
1.270 35.000 39.837 82.530 450.924
1.280 35.000 37.353 87.093 461.689
1.290 35.000 29.910 90.684 256.556
1.300 35.000 25.169 93.312 268.944
1.310 35.000 26.769 95.298 128.206
1.320 35.000 31.610 96.160 44.251
1.330 35.000 38.728 96.858 95.313
1.340 35.000 39.841 98.120 157.219
1.350 35.000 39.852 99.519 122.500
1.360 35.000 39.825 101.744 322.563
1.370 35.000 39.842 104.594 247.247
1.380 35.000 35.743 107.823 398.762
1.390 35.000 29.871 111.634 363.375
1.400 35.000 27.455 114.970 303.817
1.410 35.000 30.128 117.096 121.386
1.420 35.000 34.452 117.948 49.073
1.430 35.000 38.398 118.422 45.628
1.440 35.000 39.827 118.848 39.718
1.450 35.000 39.695 120.584 307.362
1.460 35.000 37.650 123.896 355.072
1.470 35.000 32.780 127.561 377.987
1.480 35.000 30.210 131.059 321.604
1.490 35.000 30.900 133.518 170.063
1.500 35.000 33.056 135.343 194.954
1.510 35.000 36.339 136.873 111.064
1.520 35.000 37.982 138.601 234.596
1.530 35.000 38.134 141.106 266.453
1.540 35.000 37.097 144.080 328.223
1.550 35.000 34.757 147.395 334.875
1.560 35.000 33.428 150.496 285.267
1.570 35.000 32.997 153.279 271.386
1.580 35.000 33.425 156.033 279.474
1.590 35.000 34.251 158.332 180.209
1.600 35.000 35.404 159.888 131.039
1.610 35.000 35.822 161.869 265.196
1.620 35.000 35.931 164.698 300.590
1.630 5.000 35.851 167.654 290.707
1.640 5.000 35.255 170.474 273.285
1.650 5.000 20.276 173.888 409.465
1.660 5.000 18.095 177.022 217.178
1.670 5.000 12.213 179.245 227.464
1.680 5.000 10.749 181.287 180.943
1.690 5.000 9.380 182.905 142.646
1.700 5.000 8.580 184.192 114.690
1.710 5.000 8.265 185.207 88.487
1.720 5.000 7.894 186.032 76.441
1.730 5.000 7.695 186.823 81.755
1.740 5.000 7.441 187.700 93.593
1.750 5.000 7.302 188.452 56.805
1.760 5.000 7.094 189.075 67.862
1.770 5.000 6.992 189.736 64.262
1.780 5.000 6.778 190.238 36.315
1.790 5.000 6.657 190.556 27.183
1.800 5.000 6.573 190.809 23.416
1.810 5.000 6.449 190.970 8.775
1.820 5.000 6.361 191.079 13.090
1.830 5.000 6.259 191.216 14.173
1.840 5.000 6.125 191.290 0.803
1.850 5.000 6.053 191.391 19.393
1.860 5.000 5.906 191.611 24.432
1.870 5.000 5.852 191.851 23.621
1.880 5.000 5.751 192.008 7.774
1.890 5.000 5.662 192.030 -3.432
1.900 5.000 5.543 191.968 -8.940
1.910 5.000 5.427 191.864 -11.877
1.920 5.000 5.340 191.776 -5.603
1.930 5.000 5.243 191.681 -13.395
1.940 5.000 5.120 191.506 -21.684
1.950 5.000 5.016 191.276 -24.276
1.960 5.000 4.922 191.086 -13.746
1.970 5.000 4.830 190.895 -24.435
1.980 5.000 4.802 190.641 -26.354
1.990 5.000 4.707 190.369 -28.115
2.000 5.000 4.635 189.915 -62.575
2.010 5.000 4.575 189.396 -41.278
2.020 5.000 4.536 188.954 -47.029
2.030 5.000 4.437 188.481 -47.670
2.040 5.000 4.406 188.015 -45.579
2.050 5.000 4.367 187.526 -52.076
2.060 5.000 4.395 187.023 -48.523
2.070 5.000 4.415 186.482 -59.833
2.080 5.000 4.400 185.861 -64.392
2.090 5.000 4.455 185.135 -80.681
2.100 5.000 4.457 184.270 -92.408
2.110 5.000 4.510 183.416 -78.414
2.120 5.000 4.461 182.627 -79.314
2.130 5.000 4.478 181.773 -91.602
2.140 5.000 4.433 180.887 -85.509
2.150 5.000 4.411 179.937 -104.540
2.160 5.000 4.356 178.968 -89.163
2.170 5.000 4.330 178.055 -93.484
2.180 5.000 4.337 177.177 -82.065
2.190 5.000 4.375 176.308 -91.709
2.200 5.000 4.411 175.418 -86.416
2.210 5.000 4.537 174.622 -72.722
2.220 5.000 4.624 173.862 -79.334
2.230 5.000 4.688 173.035 -85.958
2.240 5.000 4.768 172.153 -90.442
2.250 5.000 4.804 171.246 -91.025
2.260 5.000 4.841 170.341 -89.969
2.270 5.000 4.877 169.429 -92.529
2.280 5.000 4.904 168.517 -89.850
2.290 5.000 4.916 167.629 -87.779
2.300 5.000 4.899 166.730 -91.887
2.310 5.000 4.912 165.792 -95.743
2.320 5.000 4.916 164.826 -97.442
2.330 5.000 4.885 163.868 -94.264
2.340 5.000 4.892 162.927 -93.938
2.350 5.000 4.911 161.925 -106.327
2.360 5.000 4.891 160.886 -101.587
2.370 5.000 4.896 159.843 -106.920
2.380 5.000 4.915 158.836 -94.595
2.390 5.000 4.874 157.830 -106.450
2.400 5.000 4.891 156.772 -105.181
2.410 5.000 4.932 155.657 -117.867
2.420 5.000 4.885 154.604 -92.797
2.430 5.000 4.840 153.649 -98.077
2.440 5.000 4.865 152.659 -99.971
2.450 5.000 4.824 151.609 -110.025
2.460 5.000 4.811 150.489 -113.968
2.470 5.000 4.788 149.362 -111.493
2.480 5.000 4.810 148.257 -109.551
2.490 5.000 4.829 147.118 -118.169
2.500 5.000 4.819 145.952 -115.155
2.510 5.000 4.822 144.803 -114.528
2.520 5.000 4.790 143.678 -110.561
2.530 5.000 4.816 142.582 -108.621
2.540 5.000 4.834 141.463 -115.195
2.550 5.000 4.825 140.301 -117.176
2.560 5.000 4.835 139.132 -116.590
2.570 5.000 4.805 137.984 -113.117
2.580 5.000 4.799 136.831 -117.360
2.590 5.000 4.841 135.629 -123.067
2.600 5.000 4.861 134.439 -114.916
2.610 5.000 4.863 133.317 -109.552
2.620 5.000 4.877 132.210 -111.884
2.630 5.000 4.866 131.088 -112.469
2.640 5.000 4.883 129.941 -116.957
2.650 5.000 4.892 128.805 -110.275
2.660 5.000 4.896 127.777 -95.192
2.670 5.000 4.910 126.709 -118.398
2.680 5.000 4.867 125.618 -99.862
2.690 5.000 4.934 124.514 -120.949
2.700 5.000 4.956 123.380 -105.884
2.710 5.000 4.934 122.337 -102.687
2.720 5.000 4.931 121.306 -103.546
2.730 5.000 4.908 120.212 -115.180
2.740 5.000 4.901 119.055 -116.181
2.750 5.000 4.925 117.983 -98.221
2.760 5.000 4.951 116.964 -105.608
2.770 5.000 4.921 115.909 -105.441
2.780 5.000 4.917 114.749 -126.677
2.790 5.000 4.970 113.565 -110.034
2.800 5.000 4.935 112.473 -108.318
2.810 5.000 4.957 111.345 -117.353
2.820 5.000 4.933 110.169 -117.646
2.830 5.000 4.926 108.918 -132.752
2.840 5.000 4.960 107.657 -119.358
2.850 5.000 4.927 106.531 -105.952
2.860 5.000 4.966 105.462 -107.898
2.870 5.000 4.964 104.440 -96.474
2.880 5.000 4.934 103.391 -113.247
2.890 5.000 4.886 102.259 -113.247
2.900 5.000 4.895 101.156 -107.266
2.910 5.000 4.932 99.961 -131.599
2.920 5.000 4.915 98.669 -126.915
2.930 5.000 4.939 97.493 -108.289
2.940 5.000 4.939 96.363 -117.700
2.950 5.000 4.913 95.197 -115.508
2.960 5.000 4.963 94.049 -114.089
2.970 5.000 4.942 92.838 -128.076
2.980 5.000 4.936 91.570 -125.710
2.990 5.000 4.930 90.349 -118.327
3.000 5.000 4.958 89.183 -114.928
3.010 5.000 4.942 87.932 -135.303
3.020 5.000 4.908 86.653 -120.563
3.030 5.000 4.923 85.421 -125.691
3.040 5.000 4.988 84.228 -113.027
3.050 5.000 4.965 83.076 -117.430
3.060 5.000 4.979 81.874 -122.731
3.070 5.000 4.986 80.684 -115.373
3.080 5.000 4.994 79.468 -127.884
3.090 5.000 4.954 78.246 -116.564
3.100 5.000 4.987 76.927 -147.097
3.110 5.000 5.013 75.571 -124.207
3.120 5.000 5.005 74.322 -125.573
3.130 5.000 5.012 73.132 -112.444
3.140 5.000 4.986 72.001 -113.796
3.150 5.000 5.003 70.877 -110.935
3.160 5.000 5.036 69.718 -120.866
3.170 5.000 5.066 68.454 -132.031
3.180 5.000 5.032 67.051 -148.358
3.190 5.000 5.039 65.617 -138.640
3.200 5.000 5.073 64.393 -106.098
3.210 5.000 5.087 63.330 -106.509
3.220 5.000 5.094 62.245 -110.416
3.230 5.000 5.045 61.126 -113.402
3.240 5.000 5.087 60.030 -105.943
3.250 5.000 5.078 58.900 -119.912
3.260 5.000 5.058 57.731 -114.026
3.270 5.000 5.064 56.616 -108.969
3.280 5.000 5.060 55.493 -115.612
3.290 5.000 5.045 54.284 -126.254
3.300 5.000 5.045 53.037 -122.995
3.310 5.000 5.048 51.838 -116.787
3.320 5.000 5.052 50.714 -108.155
3.330 5.000 5.049 49.661 -102.276
3.340 5.000 5.018 48.574 -115.288
3.350 5.000 5.045 47.407 -118.140
3.360 5.000 5.039 46.300 -103.244
3.370 5.000 4.999 45.244 -107.973
3.380 5.000 5.003 44.105 -119.761
3.390 5.000 4.972 42.901 -120.962
3.400 5.000 5.010 41.641 -131.093
3.410 5.000 5.044 40.464 -104.333
3.420 5.000 4.980 39.391 -110.159
3.430 5.000 4.969 38.249 -118.373
3.440 5.000 5.024 37.110 -109.396
3.450 5.000 5.005 36.025 -107.557
3.460 5.000 4.994 34.945 -108.472
3.470 5.000 4.991 33.861 -108.348
3.480 5.000 5.006 32.751 -113.618
3.490 5.000 4.998 31.593 -117.943
3.500 5.000 4.971 30.423 -116.048
3.510 5.000 5.028 29.280 -112.710
3.520 5.000 5.037 28.067 -129.773
3.530 5.000 4.995 26.892 -105.348
3.540 5.000 5.001 25.756 -121.755
3.550 5.000 4.996 24.601 -109.256
3.560 5.000 4.971 23.423 -126.417
3.570 5.000 5.006 22.246 -108.873
3.580 5.000 5.018 21.080 -124.261
3.590 5.000 5.010 19.827 -126.497
3.600 5.000 5.037 18.341 -170.638
3.610 5.000 5.006 16.879 -121.752
3.620 5.000 5.007 15.690 -116.128
3.630 5.000 5.011 14.468 -128.316
3.640 8.001 5.002 12.979 -169.256
3.650 11.000 5.113 11.390 -148.698
3.660 14.000 6.368 9.519 -225.607
3.670 17.000 10.184 7.370 -204.086
3.680 20.000 17.126 5.378 -194.392
3.690 23.000 27.390 3.847 -111.770
3.700 26.001 36.931 3.058 -45.884
3.710 29.000 39.646 3.585 151.327
3.720 32.000 35.201 5.891 309.617
3.730 35.000 24.773 9.233 359.071
3.740 35.000 17.826 11.874 169.006
3.750 35.000 18.760 12.441 -55.476
3.760 35.000 29.576 11.855 -61.647
3.770 35.000 38.583 10.667 -176.170
3.780 35.000 39.831 9.149 -127.523
3.790 35.000 39.850 8.907 79.144
3.800 35.000 39.824 10.393 218.040
3.810 35.000 39.851 12.922 287.754
3.820 35.000 39.843 16.366 401.311
3.830 35.000 37.277 20.296 384.491
3.840 35.000 29.151 23.784 313.199
3.850 35.000 23.026 26.368 203.656
3.860 35.000 22.341 27.341 -9.031
3.870 35.000 29.018 26.923 -74.696
3.880 35.000 38.679 25.850 -139.788
3.890 35.000 39.841 24.504 -129.397
3.900 35.000 39.829 24.389 106.233
3.910 35.000 39.848 25.465 109.033
3.920 35.000 39.831 26.385 74.951
3.930 35.000 39.839 28.782 404.628
3.940 35.000 37.473 32.734 385.539
3.950 35.000 29.779 36.312 330.387
3.960 35.000 23.943 38.577 122.508
3.970 35.000 23.195 39.203 2.695
3.980 35.000 29.217 39.106 -22.178
3.990 35.000 39.232 38.034 -192.178
4.000 35.000 39.821 37.346 54.628
4.010 35.000 39.815 38.054 86.961
4.020 35.000 39.847 39.253 152.867
4.030 35.000 39.839 41.281 252.629
4.040 35.000 39.829 44.489 388.995
4.050 35.000 37.875 47.713 255.781
4.060 35.000 30.702 50.669 335.442
4.070 35.000 24.550 53.619 254.462
4.080 35.000 23.851 55.217 65.277
4.090 35.000 28.833 55.501 -8.442
4.100 35.000 38.751 54.713 -149.288
4.110 35.000 39.790 53.157 -161.845
4.120 35.000 39.851 52.020 -65.624
4.130 35.000 39.831 52.979 257.383
4.140 35.000 39.852 55.933 333.448
4.150 35.000 39.846 58.966 273.483
4.160 35.000 39.681 62.294 391.975
4.170 35.000 33.110 66.264 402.066
4.180 35.000 25.548 69.973 339.801
4.190 35.000 23.438 72.342 133.892
4.200 35.000 26.871 73.154 28.443
4.210 35.000 36.029 73.167 -25.845
4.220 35.000 39.813 72.685 -70.627
4.230 35.000 39.844 72.730 79.754
4.240 35.000 39.848 74.437 261.706
4.250 35.000 39.843 77.262 302.977
4.260 35.000 39.848 80.032 251.376
4.270 35.000 39.853 83.287 399.406
4.280 35.000 36.769 87.481 439.624
4.290 35.000 29.410 91.501 364.359
4.300 35.000 25.004 94.721 279.650
4.310 35.000 27.090 96.523 80.692
4.320 35.000 32.328 96.873 -10.678
4.330 35.000 39.196 96.782 -7.447
4.340 35.000 39.842 96.751 1.133
4.350 35.000 39.847 97.004 49.504
4.360 35.000 39.844 99.052 360.134
4.370 35.000 39.837 102.789 387.183
4.380 35.000 35.292 106.365 328.087
4.390 35.000 29.385 109.900 378.841
4.400 35.000 27.454 113.262 293.585
4.410 35.000 30.314 115.466 147.356
4.420 35.000 34.946 116.425 44.400
4.430 35.000 38.586 116.825 35.627
4.440 35.000 39.837 117.399 79.059
4.450 35.000 39.584 118.666 174.348
4.460 35.000 37.237 121.111 314.717
4.470 35.000 32.497 124.330 329.055
4.480 35.000 30.179 127.453 295.671
4.490 35.000 31.134 130.177 249.155
4.500 35.000 33.403 132.396 194.583
4.510 35.000 36.357 133.755 77.277
4.520 35.000 38.027 135.194 210.436
4.530 35.000 38.256 137.733 297.379
4.540 35.000 36.982 140.719 299.881
4.550 35.000 34.547 143.792 314.563
4.560 35.000 33.413 146.578 242.695
4.570 35.000 32.751 148.513 144.233
4.580 35.000 33.410 150.439 240.950
4.590 35.000 34.490 152.810 233.335
4.600 35.000 35.537 155.351 274.898
4.610 35.000 36.129 158.061 266.954
4.620 35.000 35.909 160.191 159.153
4.630 35.000 35.545 161.864 175.404
4.640 5.000 35.212 163.550 161.867
4.650 5.000 34.899 165.794 286.919
4.660 5.000 20.216 169.338 421.793
4.670 5.000 17.864 172.514 213.634
4.680 5.000 12.088 174.704 224.360
4.690 5.000 10.622 176.680 170.557
4.700 5.000 9.368 178.140 121.659
4.710 5.000 8.593 179.209 91.997
4.720 5.000 8.277 180.083 82.847
4.730 5.000 7.900 180.877 76.058
4.740 5.000 7.697 181.547 57.865
4.750 5.000 7.467 182.086 49.951
4.760 5.000 7.324 182.590 50.835
4.770 5.000 7.111 182.935 18.222
4.780 5.000 6.959 182.981 -8.989
4.790 5.000 6.853 183.074 27.515
4.800 5.000 6.742 183.387 35.083
4.810 5.000 6.603 183.730 33.605
4.820 5.000 6.481 183.948 9.913
4.830 5.000 6.367 183.813 -36.936
4.840 5.000 6.245 183.654 5.094
4.850 5.000 6.120 183.726 9.417
4.860 5.000 6.018 183.834 12.030
4.870 5.000 5.911 183.957 12.697
4.880 5.000 5.788 183.970 -10.201
4.890 5.000 5.666 183.863 -11.171
4.900 5.000 5.540 183.803 -0.708
4.910 5.000 5.452 183.723 -15.452
4.920 5.000 5.355 183.586 -11.886
4.930 5.000 5.255 183.422 -20.837
4.940 5.000 5.204 183.201 -23.472
4.950 5.000 5.091 182.873 -42.116
4.960 5.000 4.994 182.296 -73.259
4.970 5.000 4.934 181.745 -36.938
4.980 5.000 4.862 181.385 -35.161
4.990 5.000 4.748 181.005 -40.833
5.000 5.000 4.702 180.570 -46.167
5.010 5.000 4.612 180.056 -56.478
5.020 5.000 4.516 179.378 -79.144
5.030 5.000 4.442 178.527 -91.096
5.040 5.000 4.424 177.683 -77.736
5.050 5.000 4.417 176.988 -61.173
5.060 5.000 4.393 176.365 -63.563
5.070 5.000 4.410 175.738 -61.776
5.080 5.000 4.428 175.111 -63.614
5.090 5.000 4.462 174.495 -59.689
5.100 5.000 4.504 173.856 -68.097
5.110 5.000 4.558 173.120 -78.964
5.120 5.000 4.521 172.309 -83.365
5.130 5.000 4.492 171.458 -86.803
5.140 5.000 4.477 170.583 -88.253
5.150 5.000 4.444 169.688 -90.613
5.160 5.000 4.409 168.779 -91.272
5.170 5.000 4.377 167.819 -100.655
5.180 5.000 4.325 166.810 -101.159
5.190 5.000 4.337 165.824 -96.111
5.200 5.000 4.359 164.868 -95.121
5.210 5.000 4.426 163.923 -93.841
5.220 5.000 4.504 162.998 -91.202
5.230 5.000 4.598 162.054 -97.506
5.240 5.000 4.682 160.980 -117.258
5.250 5.000 4.745 159.936 -91.584
5.260 5.000 4.807 159.014 -92.941
5.270 5.000 4.838 158.046 -100.495
5.280 5.000 4.878 157.013 -106.221
5.290 5.000 4.883 155.978 -100.769
5.300 5.000 4.912 154.934 -108.006
5.310 5.000 4.926 153.918 -95.286
5.320 5.000 4.930 152.928 -102.658
5.330 5.000 4.957 151.877 -107.505
5.340 5.000 4.932 150.813 -105.295
5.350 5.000 4.897 149.737 -109.931
5.360 5.000 4.891 148.642 -109.114
5.370 5.000 4.867 147.582 -102.881
5.380 5.000 4.840 146.519 -109.654
5.390 5.000 4.890 145.417 -110.667
5.400 5.000 4.871 144.280 -116.883
5.410 5.000 4.856 143.035 -132.071
5.420 5.000 4.880 141.841 -106.743
5.430 5.000 4.902 140.795 -102.509
5.440 5.000 4.891 139.761 -104.145
5.450 5.000 4.856 138.602 -127.866
5.460 5.000 4.832 137.427 -107.074
5.470 5.000 4.847 136.346 -109.076
5.480 5.000 4.811 135.128 -134.454
5.490 5.000 4.827 133.783 -134.528
5.500 5.000 4.813 132.442 -133.679
5.510 5.000 4.788 131.145 -125.777
5.520 5.000 4.775 129.858 -131.695
5.530 5.000 4.784 128.576 -124.658
5.540 5.000 4.828 127.409 -108.709
5.550 5.000 4.801 126.286 -115.936
5.560 5.000 4.815 125.145 -112.308
5.570 5.000 4.837 123.950 -126.660
5.580 5.000 4.838 122.684 -126.605
5.590 5.000 4.845 121.409 -128.212
5.600 5.000 4.864 120.102 -133.259
5.610 5.000 4.880 118.857 -115.783
5.620 5.000 4.864 117.711 -113.407
5.630 5.000 4.889 116.550 -118.766
5.640 5.000 4.887 115.361 -118.983
5.650 5.000 4.877 114.099 -133.388
5.660 5.000 4.861 112.829 -120.688
5.670 5.000 4.847 111.641 -116.934
5.680 5.000 4.891 110.488 -113.788
5.690 5.000 4.918 109.302 -123.266
5.700 5.000 4.908 108.148 -107.647
5.710 5.000 4.912 107.042 -113.517
5.720 5.000 4.919 105.826 -129.598
5.730 5.000 4.941 104.626 -110.522
5.740 5.000 4.931 103.463 -121.950
5.750 5.000 4.926 102.229 -124.930
5.760 5.000 4.909 101.012 -118.446
5.770 5.000 4.905 99.607 -162.625
5.780 5.000 4.922 98.219 -114.848
5.790 5.000 4.958 97.045 -120.093
5.800 5.000 4.935 95.868 -115.270
5.810 5.000 4.955 94.718 -114.691
5.820 5.000 4.951 93.582 -112.609
5.830 5.000 4.949 92.394 -124.879
5.840 5.000 4.963 91.151 -123.769
5.850 5.000 4.897 89.673 -171.902
5.860 5.000 4.923 88.091 -144.404
5.870 5.000 4.935 86.784 -117.011
5.880 5.000 4.953 85.496 -140.542
5.890 5.000 4.983 84.243 -110.178
5.900 5.000 4.946 83.081 -122.259
5.910 5.000 4.909 81.840 -125.870
5.920 5.000 4.924 80.581 -125.950
5.930 5.000 4.912 79.326 -125.026
5.940 5.000 4.911 78.105 -119.263
5.950 5.000 4.904 76.875 -126.728
5.960 5.000 4.920 75.573 -133.555
5.970 5.000 4.946 74.286 -123.825
5.980 5.000 4.958 72.995 -134.546
5.990 5.000 4.953 71.708 -122.815
6.000 5.000 4.906 70.459 -126.875
6.010 5.000 4.948 69.205 -123.867
6.020 5.000 4.945 67.946 -127.937
6.030 5.000 4.955 66.603 -140.861
6.040 5.000 4.932 65.295 -120.558
6.050 5.000 4.913 64.057 -127.064
6.060 5.000 4.941 62.738 -136.889
6.070 5.000 5.031 61.411 -128.411
6.080 5.000 4.990 60.168 -120.240
6.090 5.000 4.970 58.977 -117.863
6.100 5.000 4.906 57.764 -124.927
6.110 5.000 4.971 56.491 -129.519
6.120 5.000 5.029 55.144 -139.916
6.130 5.000 5.054 53.764 -136.140
6.140 5.000 4.997 52.459 -124.744
6.150 5.000 4.949 51.180 -131.074
6.160 5.000 5.034 49.880 -128.937
6.170 5.000 5.082 48.573 -132.333
6.180 5.000 5.113 47.326 -117.317
6.190 5.000 5.037 46.156 -116.575
6.200 5.000 5.023 44.976 -119.526
6.210 5.000 5.037 43.744 -126.729
6.220 5.000 5.099 42.287 -164.883
6.230 5.000 5.146 40.759 -140.573
6.240 5.000 5.066 39.506 -110.047
6.250 5.000 5.012 38.308 -129.664
6.260 5.000 5.059 36.930 -145.930
6.270 5.000 5.102 35.524 -135.285
6.280 5.000 5.111 34.250 -119.442
6.290 5.000 5.098 33.076 -115.283
6.300 5.000 4.979 31.880 -123.886
6.310 5.000 4.985 30.723 -107.620
6.320 5.000 5.088 29.595 -117.901
6.330 5.000 5.126 28.409 -119.310
6.340 5.000 5.056 27.194 -123.771
6.350 5.000 5.003 25.908 -133.416
6.360 5.000 4.942 24.590 -130.276
6.370 5.000 5.030 23.310 -125.691
6.380 5.000 5.067 22.088 -118.619
6.390 5.000 5.032 20.846 -129.752
6.400 5.000 4.967 19.535 -132.447
6.410 5.000 4.924 18.253 -124.051
6.420 5.000 4.971 17.024 -121.640
6.430 5.000 5.025 15.677 -147.753
6.440 5.000 5.041 14.332 -121.263
6.450 5.000 4.922 13.033 -138.519
6.460 5.000 4.944 11.441 -179.960
6.470 5.000 4.963 9.848 -138.645
6.480 5.000 5.023 8.522 -126.567
6.490 5.000 5.036 7.266 -124.657
6.500 5.000 4.980 6.017 -125.077
6.510 5.000 4.966 4.798 -118.692
6.520 5.000 4.974 3.577 -125.688
6.530 5.000 5.000 2.353 -119.117
6.540 5.000 5.089 1.088 -133.749
6.550 5.000 5.034 -0.269 -137.777
6.560 5.000 4.967 -1.538 -115.882
6.570 5.000 4.949 -2.928 -162.269
6.580 5.000 5.036 -4.380 -128.086
6.590 5.000 5.092 -5.674 -130.683
6.600 5.000 4.997 -7.034 -141.171
6.610 5.000 4.974 -8.349 -121.949
6.620 5.000 4.951 -9.650 -138.248
6.630 5.000 5.047 -10.942 -120.221
6.640 5.000 5.077 -12.102 -111.743
6.650 8.000 5.064 -13.165 -100.927
6.660 11.000 5.141 -14.191 -104.129
6.670 14.000 6.289 -15.723 -202.301
6.680 17.000 10.198 -17.399 -132.984
6.690 20.000 17.189 -18.633 -113.767
6.700 23.000 27.538 -20.291 -217.917
6.710 26.000 36.652 -22.064 -136.539
6.720 29.000 39.688 -21.882 172.919
6.730 32.000 35.391 -20.230 157.400
6.740 35.000 25.101 -17.978 292.876
6.750 35.000 17.974 -15.637 175.373
6.760 35.000 18.657 -14.917 -31.388
6.770 35.000 29.444 -15.448 -74.883
6.780 35.000 38.475 -16.822 -199.868
6.790 35.000 39.809 -17.480 68.212
6.800 35.000 39.846 -16.625 102.801
6.810 35.000 39.837 -14.797 262.817
6.820 35.000 39.852 -12.582 180.322
6.830 35.000 39.846 -9.668 402.295
6.840 35.000 37.709 -6.009 329.369
6.850 35.000 29.447 -3.394 193.886
6.860 35.000 22.939 -1.860 112.787
6.870 35.000 22.188 -1.310 -2.661
6.880 35.000 28.505 -1.637 -62.778
6.890 35.000 38.479 -2.903 -190.323
6.900 35.000 39.833 -3.667 37.484
6.910 35.000 39.851 -3.181 59.673
6.920 35.000 39.852 -1.563 263.910
6.930 35.000 39.833 0.262 101.176
6.940 35.000 39.820 2.429 332.210
6.950 35.000 37.957 6.001 382.184
6.960 35.000 30.022 9.251 267.617
6.970 35.000 23.771 11.383 158.944
6.980 35.000 22.956 12.381 40.601
6.990 35.000 28.559 12.152 -86.401
7.000 35.000 39.058 10.783 -187.459
7.010 35.000 39.836 9.888 8.571
7.020 35.000 39.843 10.357 85.203
7.030 35.000 39.823 12.028 249.112
7.040 35.000 39.820 14.791 303.550
7.050 35.000 39.844 18.194 377.029
7.060 35.000 38.346 21.711 326.306
7.070 35.000 31.048 25.195 370.408
7.080 35.000 24.427 28.438 278.364
7.090 35.000 23.484 30.113 56.647
7.100 35.000 28.188 30.060 -67.381
7.110 35.000 38.206 29.945 44.438
7.120 35.000 39.804 29.720 -89.505
7.130 35.000 39.823 29.491 43.797
7.140 35.000 39.828 31.030 264.002
7.150 35.000 39.836 33.972 324.414
7.160 35.000 39.843 37.468 374.774
7.170 35.000 39.853 41.039 339.419
7.180 35.000 34.219 44.716 396.101
7.190 35.000 26.700 48.208 302.245
7.200 35.000 23.795 50.648 185.695
7.210 35.000 26.268 51.803 45.264
7.220 35.000 34.598 51.661 -73.606
7.230 35.000 39.806 50.518 -155.082
7.240 35.000 39.837 49.991 49.671
7.250 35.000 39.841 51.702 292.480
7.260 35.000 39.850 54.641 295.425
7.270 35.000 39.842 57.384 253.316
7.280 35.000 39.844 59.899 249.685
7.290 35.000 36.479 63.437 457.802
7.300 35.000 28.956 67.751 404.670
7.310 35.000 24.930 71.316 308.612
7.320 35.000 27.281 73.287 85.684
7.330 35.000 32.809 73.688 -5.643
7.340 35.000 39.430 73.787 25.601
7.350 35.000 39.848 74.173 51.438
7.360 35.000 39.846 75.416 197.235
7.370 35.000 39.845 78.177 355.164
7.380 35.000 39.840 81.908 391.074
7.390 35.000 34.960 86.111 449.377
7.400 35.000 28.956 90.302 388.798
7.410 35.000 27.462 93.250 200.811
7.420 35.000 30.447 94.807 110.555
7.430 35.000 35.418 95.558 39.649
7.440 35.000 38.985 95.943 37.508
7.450 35.000 39.828 97.519 277.592
7.460 35.000 39.691 100.711 360.779
7.470 35.000 36.892 104.285 354.056
7.480 35.000 32.095 107.677 324.466
7.490 35.000 29.959 110.272 194.385
7.500 35.000 31.058 112.040 159.304
7.510 35.000 33.517 113.366 105.844
7.520 35.000 36.559 114.075 35.954
7.530 35.000 38.424 114.698 88.628
7.540 35.000 38.314 116.028 177.307
7.550 35.000 37.072 118.461 309.344
7.560 35.000 34.339 121.587 315.939
7.570 35.000 33.082 124.374 241.255
7.580 35.000 32.738 126.871 258.348
7.590 35.000 33.411 129.727 312.934
7.600 35.000 34.535 132.734 288.408
7.610 35.000 35.492 135.466 257.924
7.620 35.000 36.020 137.620 172.981
7.630 35.000 35.944 139.724 247.664
7.640 35.000 35.836 142.616 330.968
7.650 5.000 35.286 145.377 220.887
7.660 5.000 34.729 147.584 220.731
7.670 5.000 20.204 150.738 410.143
7.680 5.000 17.755 153.930 228.110
7.690 5.000 12.178 156.328 251.552
7.700 5.000 10.743 158.577 198.329
7.710 5.000 9.398 160.243 134.816
7.720 5.000 8.616 161.516 119.908
7.730 5.000 8.306 162.587 94.218
7.740 5.000 7.939 163.500 88.382
7.750 5.000 7.677 164.342 80.071
7.760 5.000 7.434 165.031 57.704
7.770 5.000 7.256 165.383 12.698
7.780 5.000 7.080 165.785 67.673
7.790 5.000 6.973 166.439 63.034
7.800 5.000 6.826 167.018 52.731
7.810 5.000 6.709 167.490 41.795
7.820 5.000 6.591 167.862 32.609
7.830 5.000 6.431 168.143 23.504
7.840 5.000 6.285 168.393 26.529
7.850 5.000 6.133 168.555 5.933
7.860 5.000 5.990 168.689 20.786
7.870 5.000 5.966 168.923 25.963
7.880 5.000 5.791 169.119 13.398
7.890 5.000 5.764 169.253 13.323
7.900 5.000 5.617 169.077 -48.524
7.910 5.000 5.542 168.855 4.164
7.920 5.000 5.450 168.970 18.900
7.930 5.000 5.376 169.008 -11.367
7.940 5.000 5.273 168.802 -29.878
7.950 5.000 5.209 168.600 -10.511
7.960 5.000 5.088 168.461 -17.325
7.970 5.000 4.993 167.977 -79.347
7.980 5.000 4.936 167.519 -12.219
7.990 5.000 4.827 167.327 -26.299
8.000 5.000 4.735 167.068 -25.547
8.010 5.000 4.697 166.786 -30.706
8.020 5.000 4.623 166.387 -49.160
8.030 5.000 4.536 165.900 -48.164
8.040 5.000 4.462 165.456 -40.713
8.050 5.000 4.432 164.997 -51.091
8.060 5.000 4.397 164.467 -54.933
8.070 5.000 4.425 163.932 -52.029
8.080 5.000 4.397 163.437 -47.066
8.090 5.000 4.447 162.962 -47.823
8.100 5.000 4.426 162.414 -61.926
8.110 5.000 4.458 161.736 -73.502
8.120 5.000 4.466 161.003 -73.144
8.130 5.000 4.486 160.279 -71.728
8.140 5.000 4.498 159.585 -67.134
8.150 5.000 4.493 158.901 -69.567
8.160 5.000 4.461 158.157 -79.233
8.170 5.000 4.407 157.400 -72.262
8.180 5.000 4.411 156.626 -82.498
8.190 5.000 4.339 155.831 -76.384
8.200 5.000 4.346 155.073 -75.368
8.210 5.000 4.399 154.312 -76.758
8.220 5.000 4.448 153.434 -98.789
8.230 5.000 4.519 152.496 -88.953
8.240 5.000 4.607 151.619 -86.423
8.250 5.000 4.707 150.792 -78.922
8.260 5.000 4.747 149.988 -81.903
8.270 5.000 4.814 149.158 -83.931
8.280 5.000 4.842 148.326 -82.652
8.290 5.000 4.893 147.499 -82.759
8.300 5.000 4.870 146.630 -90.979
8.310 5.000 4.863 145.758 -83.428
8.320 5.000 4.901 144.961 -75.965
8.330 5.000 4.877 144.140 -88.175
8.340 5.000 4.889 143.256 -88.636
8.350 5.000 4.879 142.387 -85.250
8.360 5.000 4.899 141.519 -88.319
8.370 5.000 4.898 140.579 -99.661
8.380 5.000 4.903 139.575 -101.235
8.390 5.000 4.945 138.630 -87.786
8.400 5.000 4.917 137.686 -100.890
8.410 5.000 4.917 136.696 -97.088
8.420 5.000 4.906 135.732 -95.730
8.430 5.000 4.916 134.764 -97.959
8.440 5.000 4.862 133.764 -101.906
8.450 5.000 4.835 132.733 -104.290
8.460 5.000 4.824 131.688 -104.861
8.470 5.000 4.872 130.655 -101.601
8.480 5.000 4.837 129.655 -98.554
8.490 5.000 4.825 128.545 -123.319
8.500 5.000 4.801 127.335 -118.684
8.510 5.000 4.816 126.224 -103.582
8.520 5.000 4.784 125.143 -112.591
8.530 5.000 4.796 124.047 -106.580
8.540 5.000 4.790 123.033 -96.352
8.550 5.000 4.807 122.035 -103.155
8.560 5.000 4.802 121.040 -95.804
8.570 5.000 4.854 120.034 -105.414
8.580 5.000 4.843 118.966 -108.095
8.590 5.000 4.842 117.899 -105.401
8.600 5.000 4.819 116.850 -104.465
8.610 5.000 4.817 115.821 -101.267
8.620 5.000 4.855 114.767 -109.660
8.630 5.000 4.871 113.630 -117.620
8.640 5.000 4.881 112.490 -110.316
8.650 5.000 4.863 111.178 -152.159
8.660 5.000 4.909 109.846 -114.268
8.670 5.000 4.890 108.723 -110.266
8.680 5.000 4.875 107.649 -104.669
8.690 5.000 4.872 106.644 -96.373
8.700 5.000 4.899 105.628 -106.664
8.710 5.000 4.910 104.630 -93.117
8.720 5.000 4.942 103.673 -98.198
8.730 5.000 4.967 102.736 -89.182
8.740 5.000 4.917 101.803 -97.428
8.750 5.000 4.902 100.815 -100.165
8.760 5.000 4.929 99.819 -99.127
8.770 5.000 4.941 98.810 -102.538
8.780 5.000 4.949 97.759 -107.819
8.790 5.000 4.922 96.658 -112.244
8.800 5.000 4.964 95.585 -102.367
8.810 5.000 4.917 94.522 -110.232
8.820 5.000 4.930 93.450 -104.201
8.830 5.000 4.928 92.368 -112.122
8.840 5.000 4.934 91.315 -98.434
8.850 5.000 4.946 90.312 -102.377
8.860 5.000 4.925 89.267 -106.602
8.870 5.000 4.960 88.189 -108.916
8.880 5.000 4.968 87.129 -103.096
8.890 5.000 4.985 86.078 -107.172
8.900 5.000 4.937 85.024 -103.658
8.910 5.000 4.947 83.967 -107.690
8.920 5.000 4.908 82.869 -111.923
8.930 5.000 4.918 81.755 -110.921
8.940 5.000 4.911 80.644 -111.032
8.950 5.000 4.907 79.548 -108.290
8.960 5.000 4.911 78.498 -101.682
8.970 5.000 4.927 77.399 -118.191
8.980 5.000 4.928 76.276 -106.447
8.990 5.000 4.927 75.093 -130.118
9.000 5.000 4.956 73.890 -110.523
9.010 5.000 4.907 72.738 -119.923
9.020 5.000 4.947 71.658 -96.020
9.030 5.000 4.953 70.589 -117.711
9.040 5.000 4.939 69.441 -111.937
9.050 5.000 4.949 68.216 -133.023
9.060 5.000 4.960 66.963 -117.702
9.070 5.000 4.998 65.711 -132.649
9.080 5.000 4.986 64.476 -114.244
9.090 5.000 4.957 63.356 -109.795
9.100 5.000 4.934 62.143 -132.861
9.110 5.000 4.981 60.894 -116.902
9.120 5.000 5.008 59.719 -118.186
9.130 5.000 5.002 58.510 -123.615
9.140 5.000 4.970 57.290 -120.310
9.150 5.000 5.005 56.044 -128.905
9.160 5.000 5.016 54.780 -123.836
9.170 5.000 4.979 53.323 -167.695
9.180 5.000 5.057 51.957 -105.476
9.190 5.000 5.027 50.837 -118.434
9.200 5.000 5.088 49.711 -106.891
9.210 5.000 5.081 48.639 -107.458
9.220 5.000 5.073 47.523 -115.762
9.230 5.000 5.044 46.369 -114.958
9.240 5.000 5.036 45.285 -101.872
9.250 5.000 5.139 44.254 -104.291
9.260 5.000 5.044 43.145 -117.497
9.270 5.000 5.064 42.044 -102.689
9.280 5.000 5.087 40.989 -108.439
9.290 5.000 5.114 39.920 -105.296
9.300 5.000 5.091 38.877 -103.279
9.310 5.000 5.036 37.740 -124.170
9.320 5.000 5.053 36.631 -97.751
9.330 5.000 5.056 35.617 -104.955
9.340 5.000 5.055 34.590 -100.378
9.350 5.000 5.041 33.581 -101.576
9.360 5.000 5.024 32.499 -114.786
9.370 5.000 5.027 31.405 -103.949
9.380 5.000 5.015 30.373 -102.515
9.390 5.000 5.025 29.334 -105.140
9.400 5.000 4.990 28.229 -115.926
9.410 5.000 4.989 27.110 -107.949
9.420 5.000 5.000 26.000 -113.934
9.430 5.000 4.992 24.849 -116.284
9.440 5.000 4.992 23.674 -118.734
9.450 5.000 5.000 22.512 -113.653
9.460 5.000 5.004 21.397 -109.279
9.470 5.000 4.990 20.289 -112.511
9.480 5.000 4.980 19.073 -130.716
9.490 5.000 4.998 17.780 -127.873
9.500 5.000 4.980 16.317 -164.581
9.510 5.000 5.011 14.893 -120.357
9.520 5.000 4.954 13.712 -115.636
9.530 5.000 4.976 12.608 -105.275
9.540 5.000 4.991 11.514 -113.547
9.550 5.000 4.981 10.398 -109.605
9.560 5.000 5.018 9.261 -117.813
9.570 5.000 5.034 8.075 -119.371
9.580 5.000 5.035 6.899 -115.832
9.590 5.000 4.986 5.674 -129.186
9.600 5.000 5.015 4.510 -103.737
9.610 5.000 5.059 3.486 -101.053
9.620 5.000 5.023 2.483 -99.543
9.630 5.000 5.000 1.455 -106.007
9.640 5.000 5.028 0.406 -103.801
9.650 5.000 5.036 -0.678 -113.024
9.660 8.000 4.985 -1.851 -121.514
9.670 11.000 5.155 -3.025 -113.380
9.680 14.000 6.390 -4.562 -193.966
9.690 17.000 10.140 -6.543 -202.232
9.700 20.000 17.105 -8.394 -167.963
9.710 23.000 27.374 -10.426 -238.570
9.720 26.000 36.490 -12.447 -165.568
9.730 29.000 39.644 -12.415 172.091
9.740 32.000 35.521 -10.013 308.251
9.750 35.000 25.275 -6.918 310.763
9.760 35.000 18.232 -4.822 108.500
9.770 35.000 18.828 -4.432 -30.650
9.780 35.000 29.418 -5.041 -91.003
9.790 35.000 38.442 -6.502 -201.240
9.800 35.000 39.815 -8.089 -116.124
9.810 35.000 39.841 -8.257 82.460
9.820 35.000 39.845 -6.214 326.165
9.830 35.000 39.844 -3.210 274.699
9.840 35.000 39.847 -0.243 318.770
9.850 35.000 37.724 3.072 344.181
9.860 35.000 29.268 6.427 326.761
9.870 35.000 22.879 9.195 226.755
9.880 35.000 22.117 10.459 26.204
9.890 35.000 28.660 10.034 -111.293
9.900 35.000 38.446 8.556 -184.306
9.910 35.000 39.837 7.690 11.163
9.920 35.000 39.845 8.189 88.664
9.930 35.000 39.853 9.719 217.170
9.940 35.000 39.843 11.521 143.245
9.950 35.000 39.828 13.761 304.868
9.960 35.000 37.965 17.302 403.379
9.970 35.000 30.113 21.122 360.629
9.980 35.000 23.867 24.067 228.373
9.990 35.000 22.981 25.246 7.380
10.000 35.000 28.586 24.970 -62.548
10.010 35.000 38.574 24.523 -26.849
10.020 35.000 39.842 23.658 -146.170
10.030 35.000 39.837 22.476 -90.194
10.040 35.000 39.832 22.491 93.287
10.050 35.000 39.831 23.629 134.416
10.060 35.000 39.847 25.605 260.603
10.070 35.000 38.929 28.988 416.225
10.080 35.000 31.598 33.097 405.553
10.090 35.000 24.727 36.106 196.343
10.100 35.000 23.147 37.447 71.587
10.110 35.000 27.189 37.593 -42.240
10.120 35.000 37.413 37.693 62.184
10.130 35.000 39.818 38.075 14.142
10.140 35.000 39.828 38.384 47.778
10.150 35.000 39.847 39.878 250.938
10.160 35.000 39.842 42.118 196.953
10.170 35.000 39.841 45.204 420.475
10.180 35.000 39.828 49.428 424.314
10.190 35.000 35.497 53.580 406.035
10.200 35.000 28.023 57.388 355.442
10.210 35.000 24.038 60.454 257.910
10.220 35.000 25.982 62.244 99.887
10.230 35.000 32.962 62.510 -46.624
10.240 35.000 39.730 62.153 -24.840
10.250 35.000 39.851 62.225 39.302
10.260 35.000 39.845 63.358 187.293
10.270 35.000 39.851 65.661 273.330
10.280 35.000 39.824 69.252 444.860
10.290 35.000 39.847 73.700 444.587
10.300 35.000 36.015 78.149 445.360
10.310 35.000 28.717 82.193 363.374
10.320 35.000 25.005 85.043 206.649
10.330 35.000 27.715 86.445 73.638
10.340 35.000 33.480 86.661 -30.386
10.350 35.000 39.487 86.410 -19.763
10.360 35.000 39.838 86.501 37.935
10.370 35.000 39.851 88.250 311.920
10.380 35.000 39.820 91.927 423.393
10.390 35.000 39.768 95.626 316.474
10.400 35.000 33.925 99.161 390.527
10.410 35.000 28.149 102.694 316.052
10.420 35.000 27.738 105.058 156.679
10.430 35.000 30.910 106.328 97.480
10.440 35.000 35.938 106.911 18.903
10.450 35.000 39.437 107.703 139.732
10.460 35.000 39.844 108.846 88.740
10.470 35.000 39.756 111.001 342.232
10.480 35.000 36.729 114.505 358.655
10.490 35.000 31.997 117.985 337.413
10.500 35.000 29.530 120.824 230.011
10.510 35.000 31.019 122.673 139.854
10.520 35.000 33.847 123.821 89.795
10.530 35.000 36.803 124.580 62.104
10.540 35.000 38.526 125.865 194.927
10.550 35.000 38.360 128.610 353.867
10.560 35.000 36.761 131.951 314.512
10.570 35.000 33.924 135.019 299.119
10.580 35.000 32.826 137.509 198.643
10.590 35.000 32.617 139.260 151.667
10.600 35.000 33.574 141.418 279.983
10.610 35.000 34.707 143.598 156.043
10.620 35.000 35.772 145.095 143.326
10.630 35.000 36.286 146.739 185.440
10.640 35.000 36.133 148.532 173.154
10.650 35.000 35.872 150.347 189.726
10.660 5.000 35.207 152.664 273.960
10.670 5.000 34.448 155.684 329.853
10.680 5.000 20.180 159.509 435.241
10.690 5.000 17.723 162.846 232.238
10.700 5.000 12.034 165.175 233.667
10.710 5.000 10.669 167.253 181.669
10.720 5.000 9.291 168.782 124.279
10.730 5.000 8.507 169.995 118.174
10.740 5.000 8.291 170.974 77.790
10.750 5.000 7.859 171.641 55.504
10.760 5.000 7.708 172.233 62.985
10.770 5.000 7.503 172.886 67.560
10.780 5.000 7.335 173.507 56.710
10.790 5.000 7.210 173.823 6.429
10.800 5.000 6.984 173.790 -12.912
10.810 5.000 6.853 173.895 33.737
10.820 5.000 6.706 174.244 36.100
10.830 5.000 6.583 174.655 46.177
10.840 5.000 6.434 175.072 37.256
10.850 5.000 6.318 175.387 25.598
10.860 5.000 6.176 175.578 12.617
10.870 5.000 6.101 175.760 23.742
10.880 5.000 5.995 175.958 15.965
10.890 5.000 5.879 176.114 15.235
10.900 5.000 5.756 176.157 -6.611
10.910 5.000 5.735 175.881 -48.675
10.920 5.000 5.607 175.642 0.963
10.930 5.000 5.514 175.665 3.637
10.940 5.000 5.420 175.687 0.642
10.950 5.000 5.301 175.640 -10.042
10.960 5.000 5.222 175.497 -18.535
10.970 5.000 5.161 175.363 -8.292
10.980 5.000 5.046 175.268 -10.610
10.990 5.000 4.979 175.112 -20.592
11.000 5.000 4.859 174.878 -26.278
11.010 5.000 4.779 174.547 -39.869
11.020 5.000 4.693 174.170 -35.593
11.030 5.000 4.622 173.787 -41.014
11.040 5.000 4.551 173.383 -39.586
11.050 5.000 4.503 172.917 -53.739
11.060 5.000 4.404 172.336 -62.364
11.070 5.000 4.401 171.768 -51.336
11.080 5.000 4.391 171.235 -55.311
11.090 5.000 4.404 170.660 -59.660
11.100 5.000 4.419 170.042 -63.872
11.110 5.000 4.431 169.405 -63.677
11.120 5.000 4.430 168.783 -60.719
11.130 5.000 4.459 168.139 -67.903
11.140 5.000 4.505 167.434 -73.092
11.150 5.000 4.481 166.641 -85.663
11.160 5.000 4.412 165.736 -95.292
11.170 5.000 4.401 164.842 -83.373
11.180 5.000 4.372 164.044 -76.361
11.190 5.000 4.371 163.220 -88.375
11.200 5.000 4.373 162.345 -86.617
11.210 5.000 4.332 161.485 -85.475
11.220 5.000 4.393 160.602 -91.101
11.230 5.000 4.466 159.675 -94.147
11.240 5.000 4.549 158.754 -90.270
11.250 5.000 4.642 157.883 -83.936
11.260 5.000 4.677 157.037 -85.181
11.270 5.000 4.745 156.195 -83.121
11.280 5.000 4.758 155.335 -88.900
11.290 5.000 4.870 154.433 -91.524
11.300 5.000 4.899 153.532 -88.777
11.310 5.000 4.913 152.611 -95.377
11.320 5.000 4.869 151.722 -82.282
11.330 5.000 4.902 150.871 -88.002
11.340 5.000 4.926 149.956 -95.014
11.350 5.000 4.912 148.974 -101.431
11.360 5.000 4.946 147.966 -100.200
11.370 5.000 4.904 146.978 -97.460
11.380 5.000 4.879 146.014 -95.217
11.390 5.000 4.894 145.056 -96.429
11.400 5.000 4.881 144.055 -103.788
11.410 5.000 4.909 142.971 -112.944
11.420 5.000 4.891 141.881 -105.102
11.430 5.000 4.882 140.883 -94.483
11.440 5.000 4.886 139.876 -106.733
11.450 5.000 4.910 138.809 -106.951
11.460 5.000 4.888 137.778 -99.192
11.470 5.000 4.831 136.761 -104.265
11.480 5.000 4.816 135.765 -94.799
11.490 5.000 4.819 134.733 -111.610
11.500 5.000 4.807 133.631 -108.899
11.510 5.000 4.795 132.495 -118.241
11.520 5.000 4.782 131.348 -111.154
11.530 5.000 4.791 130.189 -120.653
11.540 5.000 4.812 129.037 -109.686
11.550 5.000 4.819 127.939 -109.987
11.560 5.000 4.840 126.867 -104.411
11.570 5.000 4.845 125.848 -99.344
11.580 5.000 4.839 124.855 -99.423
11.590 5.000 4.817 123.841 -103.295
11.600 5.000 4.863 122.746 -115.671
11.610 5.000 4.794 121.586 -116.277
11.620 5.000 4.823 120.396 -121.894
11.630 5.000 4.865 119.249 -107.374
11.640 5.000 4.880 118.099 -122.642
11.650 5.000 4.877 116.773 -142.667
11.660 5.000 4.912 115.533 -105.283
11.670 5.000 4.918 114.468 -107.646
11.680 5.000 4.927 113.429 -100.119
11.690 5.000 4.909 112.387 -108.394
11.700 5.000 4.887 111.253 -118.250
11.710 5.000 4.868 110.076 -117.233
11.720 5.000 4.894 108.863 -125.342
11.730 5.000 4.911 107.692 -108.949
11.740 5.000 4.866 106.586 -112.306
11.750 5.000 4.914 105.513 -102.195
11.760 5.000 4.933 104.430 -114.385
11.770 5.000 4.970 103.278 -116.095
11.780 5.000 4.912 102.136 -112.235
11.790 5.000 4.929 101.029 -109.249
11.800 5.000 4.915 99.956 -105.312
11.810 5.000 4.911 98.865 -112.770
11.820 5.000 4.926 97.672 -125.851
11.830 5.000 4.959 96.511 -106.444
11.840 5.000 4.966 95.459 -104.073
11.850 5.000 4.925 94.439 -99.828
11.860 5.000 4.955 93.383 -111.321
11.870 5.000 4.957 92.268 -111.650
11.880 5.000 4.961 91.163 -109.420
11.890 5.000 4.955 90.055 -112.138
11.900 5.000 4.927 88.931 -112.712
11.910 5.000 4.944 87.794 -114.639
11.920 5.000 4.927 86.643 -115.634
11.930 5.000 4.949 85.483 -116.282
11.940 5.000 4.921 84.345 -111.321
11.950 5.000 4.915 83.229 -111.878
11.960 5.000 4.926 82.065 -120.930
11.970 5.000 4.893 80.787 -134.847
11.980 5.000 4.922 79.398 -142.823
11.990 5.000 4.923 78.149 -107.074
12.000 5.000 4.962 77.033 -116.037
12.010 5.000 4.946 75.803 -130.050
12.020 5.000 4.936 74.547 -121.134
12.030 5.000 4.933 73.345 -119.323
12.040 5.000 4.965 72.157 -118.148
12.050 5.000 4.964 70.969 -119.457
12.060 5.000 4.963 69.787 -117.065
12.070 5.000 4.953 68.630 -114.326
12.080 5.000 4.924 67.507 -110.223
12.090 5.000 4.967 66.367 -117.784
12.100 5.000 5.006 65.183 -119.007
12.110 5.000 4.968 64.018 -113.838
12.120 5.000 4.971 62.889 -112.152
12.130 5.000 4.967 61.721 -121.410
12.140 5.000 5.000 60.548 -113.279
12.150 5.000 5.003 59.347 -126.841
12.160 5.000 4.992 58.141 -114.440
12.170 5.000 5.051 56.965 -120.570
12.180 5.000 5.043 55.694 -133.765
12.190 5.000 5.027 54.343 -136.312
12.200 5.000 5.042 53.022 -128.007
12.210 5.000 5.046 51.768 -122.796
12.220 5.000 5.061 50.576 -115.568
12.230 5.000 5.046 49.405 -118.486
12.240 5.000 5.045 48.240 -114.722
12.250 5.000 5.074 47.102 -112.866
12.260 5.000 5.060 45.946 -118.254
12.270 5.000 5.080 44.791 -112.774
12.280 5.000 5.096 43.646 -116.148
12.290 5.000 5.096 42.438 -125.589
12.300 5.000 5.063 41.205 -120.912
12.310 5.000 5.102 40.003 -119.601
12.320 5.000 5.060 38.860 -108.949
12.330 5.000 5.040 37.694 -124.314
12.340 5.000 5.029 36.449 -124.519
12.350 5.000 5.061 35.274 -110.537
12.360 5.000 5.004 34.141 -116.173
12.370 5.000 5.003 33.025 -106.957
12.380 5.000 5.050 31.894 -119.309
12.390 5.000 5.001 30.720 -115.340
12.400 5.000 5.006 29.581 -112.569
12.410 5.000 5.034 28.395 -124.568
12.420 5.000 4.997 27.174 -119.645
12.430 5.000 4.977 25.977 -119.776
12.440 5.000 4.999 24.820 -111.628
12.450 5.000 5.016 23.696 -113.175
12.460 5.000 4.975 22.605 -104.950
12.470 5.000 4.986 21.512 -113.682
12.480 5.000 5.035 20.404 -107.850
12.490 5.000 4.973 19.286 -115.818
12.500 5.000 4.984 18.151 -111.322
12.510 5.000 5.012 17.059 -106.928
12.520 5.000 4.995 15.954 -114.088
12.530 5.000 4.982 14.820 -112.797
12.540 5.000 5.011 13.619 -127.208
12.550 5.000 4.982 12.373 -122.229
12.560 5.000 5.041 11.199 -112.597
12.570 5.000 5.026 10.103 -106.510
12.580 5.000 5.007 8.995 -115.074
12.590 5.000 4.990 7.814 -121.103
12.600 5.000 5.030 6.670 -107.685
12.610 5.000 4.996 5.551 -116.124
12.620 5.000 5.001 4.447 -104.863
12.630 5.000 5.030 3.347 -114.981
12.640 5.000 5.025 2.212 -112.148
12.650 5.000 4.981 1.028 -124.675
12.660 5.000 4.994 -0.227 -126.128
12.670 8.000 5.022 -1.421 -112.843
12.680 11.000 5.175 -2.546 -111.993
12.690 14.001 6.398 -4.143 -207.285
12.700 17.000 10.118 -6.014 -167.106
12.710 20.000 16.982 -7.739 -177.974
12.720 23.000 27.229 -9.761 -226.414
12.730 26.000 36.453 -10.773 24.129
12.740 29.000 39.626 -9.646 201.297
12.750 32.001 35.804 -7.243 279.117
12.760 34.999 25.581 -4.594 250.799
12.770 35.000 18.487 -2.581 151.892
12.780 35.000 18.813 -1.972 -30.101
12.790 35.000 29.103 -2.412 -58.034
12.800 35.000 38.146 -3.625 -184.554
12.810 35.000 39.807 -4.418 26.023
12.820 35.000 39.820 -4.419 -26.237
12.830 35.000 39.827 -3.208 268.345
12.840 35.000 39.827 -0.496 274.133
12.850 35.000 39.829 2.041 233.247
12.860 35.000 38.180 4.937 346.008
12.870 35.000 29.823 8.494 365.323
12.880 35.000 23.075 11.451 226.187
12.890 35.000 22.040 12.785 40.505
12.900 35.000 27.866 12.523 -92.788
12.910 35.000 38.062 11.216 -168.723
12.920 35.000 39.809 10.367 -1.030
12.930 35.000 39.827 9.848 -102.709
12.940 35.000 39.819 10.192 171.397
12.950 35.000 39.830 12.516 293.316
12.960 35.000 39.822 15.266 256.901
12.970 35.000 38.653 18.132 316.262
12.980 35.000 30.653 21.534 364.062
12.990 35.000 24.104 24.694 267.983
13.000 35.000 22.671 26.046 2.460
13.010 35.000 27.617 25.539 -103.828
13.020 35.000 37.938 24.386 -126.937
13.030 35.000 39.811 23.165 -117.177
13.040 35.000 39.825 21.938 -128.231
13.050 35.000 39.820 22.606 261.814
13.060 35.000 39.803 25.458 308.673
13.070 35.000 39.799 29.006 400.796
13.080 35.000 39.673 32.948 387.739
13.090 35.000 32.518 36.581 338.510
13.100 35.000 25.350 39.341 213.547
13.110 35.000 22.794 40.799 78.116
13.120 35.000 26.062 41.404 43.009
13.130 35.000 35.652 41.176 -88.723
13.140 35.000 39.793 39.925 -161.441
13.150 35.000 39.810 39.380 52.518
13.160 35.000 39.807 40.537 178.948
13.170 35.000 39.801 42.092 132.060
13.180 35.000 39.816 44.315 312.477
13.190 35.000 39.826 47.430 310.548
13.200 35.000 38.700 51.095 422.442
13.210 35.000 31.640 55.300 418.569
13.220 35.000 24.394 58.795 280.438
13.230 35.000 23.741 60.608 82.147
13.240 35.000 28.164 60.966 -10.520
13.250 35.000 37.663 60.385 -105.800
13.260 35.000 39.812 59.390 -93.251
13.270 35.000 39.787 59.371 89.454
13.280 35.000 39.827 61.003 236.991
13.290 35.000 39.835 62.801 122.612
13.300 35.000 39.823 65.486 414.461
13.310 35.000 39.829 69.650 418.396
13.320 35.000 35.213 73.590 369.381
13.330 35.000 27.627 77.086 329.635
13.340 35.000 25.162 79.766 206.735
13.350 35.000 28.465 81.175 74.951
13.360 35.000 34.445 81.581 6.335
13.370 35.000 39.582 81.740 25.363
13.380 35.000 39.823 82.769 180.452
13.390 35.000 39.830 84.443 154.273
13.400 35.000 39.824 87.004 358.119
13.410 35.000 38.323 90.476 336.218
13.420 35.000 32.310 93.914 351.434
13.430 35.000 27.934 97.136 292.981
13.440 35.000 28.868 99.381 156.084
13.450 35.000 31.914 100.798 127.312
13.460 35.000 36.961 101.576 28.290
13.470 35.000 39.738 102.723 201.010
13.480 35.000 39.828 104.830 220.348
13.490 35.000 39.608 107.354 284.539
13.500 35.000 35.583 110.609 366.409
13.510 35.000 31.157 114.158 343.460
13.520 35.000 29.822 117.289 282.687
13.530 35.000 31.514 119.513 162.160
13.540 35.000 34.774 120.853 105.763
13.550 35.000 36.817 121.702 64.025
13.560 35.000 38.073 122.543 104.267
13.570 35.000 37.818 124.352 257.617
13.580 35.000 36.268 126.629 197.738
13.590 35.000 34.097 128.614 199.301
13.600 35.000 33.505 130.360 149.752
13.610 35.000 33.140 131.969 172.154
13.620 35.000 33.699 133.766 187.172
13.630 35.000 34.773 135.976 254.821
13.640 35.000 35.412 138.533 256.245
13.650 35.000 35.780 141.112 260.056
13.660 35.000 35.785 143.271 171.650
13.670 5.000 35.655 145.617 297.586
13.680 5.000 35.274 148.715 321.885
13.690 5.000 20.129 152.463 427.807
13.700 5.000 17.967 155.811 241.785
13.710 5.000 12.160 158.120 220.125
13.720 5.000 10.706 160.066 169.102
13.730 5.000 9.348 161.311 79.775
13.740 5.000 8.506 162.143 86.635
13.750 5.000 8.274 162.917 68.304
13.760 5.000 7.878 163.663 80.765
13.770 5.000 7.686 164.483 83.277
13.780 5.000 7.437 165.208 61.590
13.790 5.000 7.255 165.830 62.819
13.800 5.000 7.135 166.443 59.920
13.810 5.000 6.996 167.018 54.980
13.820 5.000 6.830 167.442 29.947
13.830 5.000 6.686 167.759 33.403
13.840 5.000 6.544 167.997 14.272
13.850 5.000 6.403 168.157 17.675
13.860 5.000 6.273 168.097 -29.608
13.870 5.000 6.182 168.054 20.988
13.880 5.000 6.034 168.287 25.481
13.890 5.000 5.964 168.393 -4.308
13.900 5.000 5.898 168.428 11.419
13.910 5.000 5.809 168.512 5.365
13.920 5.000 5.696 168.457 -16.328
13.930 5.000 5.573 168.375 -0.181
13.940 5.000 5.426 168.405 6.159
13.950 5.000 5.395 168.440 0.953
13.960 5.000 5.309 168.451 1.163
13.970 5.000 5.176 168.356 -20.109
13.980 5.000 5.085 168.103 -30.567
13.990 5.000 4.990 167.756 -38.686
14.000 5.000 4.947 167.403 -32.038
14.010 5.000 4.887 167.107 -27.036
14.020 5.000 4.784 166.784 -37.633
14.030 5.000 4.696 166.368 -45.520
14.040 5.000 4.606 165.977 -32.775
14.050 5.000 4.525 165.594 -43.756
14.060 5.000 4.523 165.093 -56.379
14.070 5.000 4.426 164.519 -58.485
14.080 5.000 4.458 164.011 -43.140
14.090 5.000 4.369 163.577 -43.654
14.100 5.000 4.373 163.068 -58.160
14.110 5.000 4.381 162.407 -73.992
14.120 5.000 4.396 161.655 -76.399
14.130 5.000 4.470 160.922 -70.258
14.140 5.000 4.480 160.205 -73.169
14.150 5.000 4.487 159.483 -71.267
14.160 5.000 4.479 158.747 -75.941
14.170 5.000 4.473 157.992 -75.099
14.180 5.000 4.444 157.218 -79.531
14.190 5.000 4.385 156.397 -84.689
14.200 5.000 4.335 155.515 -91.739
14.210 5.000 4.358 154.608 -89.609
14.220 5.000 4.341 153.691 -93.966
14.230 5.000 4.363 152.758 -92.540
14.240 5.000 4.497 151.779 -103.188
14.250 5.000 4.543 150.719 -108.924
14.260 5.000 4.627 149.486 -137.732
14.270 5.000 4.731 148.326 -94.145
14.280 5.000 4.739 147.397 -91.597
14.290 5.000 4.809 146.488 -90.376
14.300 5.000 4.848 145.567 -93.698
14.310 5.000 4.885 144.364 -146.957
14.320 5.000 4.898 143.151 -95.656
14.330 5.000 4.897 142.208 -92.973
14.340 5.000 4.904 141.147 -119.263
14.350 5.000 4.869 140.019 -106.217
14.360 5.000 4.912 138.973 -102.950
14.370 5.000 4.901 137.896 -112.568
14.380 5.000 4.913 136.742 -118.120
14.390 5.000 4.919 135.663 -97.884
14.400 5.000 4.889 134.685 -97.578
14.410 5.000 4.918 133.683 -102.902
14.420 5.000 4.872 132.653 -102.969
14.430 5.000 4.880 131.572 -113.369
14.440 5.000 4.860 130.426 -115.708
14.450 5.000 4.889 129.130 -143.670
14.460 5.000 4.852 127.695 -143.221
14.470 5.000 4.875 126.378 -120.112
14.480 5.000 4.867 125.241 -107.329
14.490 5.000 4.856 123.972 -146.585
14.500 5.000 4.811 122.616 -124.522
14.510 5.000 4.830 121.438 -110.989
14.520 5.000 4.827 120.321 -112.386
14.530 5.000 4.800 119.197 -112.649
14.540 5.000 4.784 118.079 -110.784
14.550 5.000 4.807 116.905 -124.191
14.560 5.000 4.808 115.741 -108.574
14.570 5.000 4.796 114.662 -107.253
14.580 5.000 4.815 113.548 -115.336
14.590 5.000 4.845 112.326 -129.160
14.600 5.000 4.852 111.088 -118.392
14.610 5.000 4.839 109.883 -122.639
14.620 5.000 4.831 108.689 -116.175
14.630 5.000 4.819 107.549 -111.886
14.640 5.000 4.827 106.467 -104.413
14.650 5.000 4.886 105.344 -120.344
14.660 5.000 4.888 104.166 -115.278
14.670 5.000 4.905 103.019 -114.073
14.680 5.000 4.929 101.839 -121.950
14.690 5.000 4.877 100.674 -111.029
14.700 5.000 4.900 99.615 -100.659
14.710 5.000 4.883 98.508 -120.824
14.720 5.000 4.869 97.345 -111.868
14.730 5.000 4.878 96.233 -110.467
14.740 5.000 4.831 95.118 -112.519
14.750 5.000 4.903 94.004 -110.362
14.760 5.000 4.930 92.897 -111.020
14.770 5.000 4.981 91.729 -122.605
14.780 5.000 4.962 90.568 -109.445
14.790 5.000 4.958 89.460 -112.182
14.800 5.000 4.939 88.330 -113.788
14.810 5.000 4.889 86.961 -160.138
14.820 5.000 4.906 85.615 -109.005
14.830 5.000 4.927 84.310 -152.032
14.840 5.000 4.960 82.990 -112.035
14.850 5.000 4.971 81.850 -115.773
14.860 5.000 4.956 80.706 -113.211
14.870 5.000 4.980 79.631 -101.755
14.880 5.000 4.972 78.647 -95.085
14.890 5.000 4.953 77.541 -126.038
14.900 5.000 4.940 76.332 -115.784
14.910 5.000 4.902 75.159 -118.861
14.920 5.000 4.969 74.040 -104.939
14.930 5.000 4.935 72.987 -105.594
14.940 5.000 4.961 71.805 -130.727
14.950 5.000 4.948 70.543 -121.722
14.960 5.000 4.927 69.303 -126.351
14.970 5.000 4.943 67.992 -135.864
14.980 5.000 4.914 66.684 -125.618
14.990 5.000 4.897 65.419 -127.371
15.000 5.000 4.923 64.176 -121.302
15.010 5.000 4.934 62.951 -123.650
15.020 5.000 4.936 61.714 -123.734
15.030 5.000 4.929 60.538 -111.494
15.040 5.000 4.944 59.412 -113.786
15.050 5.000 4.929 58.258 -117.092
15.060 5.000 4.939 57.079 -118.561
15.070 5.000 4.963 55.864 -124.549
15.080 5.000 4.941 54.496 -148.950
15.090 5.000 4.954 53.134 -123.418
15.100 5.000 5.009 51.946 -114.091
15.110 5.000 4.955 50.791 -117.048
15.120 5.000 4.971 49.515 -138.010
15.130 5.000 4.973 48.215 -122.148
15.140 5.000 4.986 46.981 -124.620
15.150 5.000 5.008 45.799 -111.816
15.160 5.000 4.969 44.545 -138.853
15.170 5.000 5.030 43.166 -137.145
15.180 5.000 4.989 41.823 -131.418
15.190 5.000 4.981 40.332 -166.774
15.200 5.000 5.058 38.918 -116.021
15.210 5.000 5.063 37.789 -109.874
15.220 5.000 5.052 36.595 -128.909
15.230 5.000 5.025 35.344 -121.298
15.240 5.000 5.082 34.160 -115.405
15.250 5.000 5.068 33.028 -111.064
15.260 5.000 5.066 31.909 -112.793
15.270 5.000 5.068 30.732 -122.537
15.280 5.000 5.068 29.548 -114.180
15.290 5.000 5.059 28.403 -114.924
15.300 5.000 5.110 27.302 -105.309
15.310 5.000 5.116 26.229 -109.221
15.320 5.000 5.048 25.134 -109.780
15.330 5.000 5.072 24.016 -113.735
15.340 5.000 5.059 22.867 -116.077
15.350 5.000 5.072 21.728 -111.732
15.360 5.000 5.044 20.654 -103.246
15.370 5.000 5.073 19.566 -114.252
15.380 5.000 5.051 18.477 -103.584
15.390 5.000 4.988 17.440 -103.777
15.400 5.000 4.993 16.364 -111.539
15.410 5.000 5.004 15.283 -104.519
15.420 5.000 5.010 14.148 -122.599
15.430 5.000 5.017 12.879 -131.059
15.440 5.000 4.965 11.646 -115.660
15.450 5.000 4.962 10.490 -115.575
15.460 5.000 4.978 9.374 -107.598
15.470 5.000 4.987 8.186 -129.941
15.480 5.000 5.001 6.939 -119.422
15.490 5.000 4.979 5.752 -118.097
15.500 5.000 4.999 4.610 -110.158
15.510 5.000 5.015 3.511 -109.783
15.520 5.000 4.988 2.342 -124.065
15.530 5.000 5.009 0.997 -144.786
15.540 5.000 4.984 -0.321 -118.810
15.550 5.000 4.999 -1.526 -122.183
15.560 5.000 4.972 -2.717 -116.031
15.570 5.000 4.999 -3.872 -115.015
15.580 5.000 5.043 -4.990 -108.548
15.590 5.000 5.027 -6.099 -113.214
15.600 5.000 5.016 -7.176 -102.201
15.610 5.000 5.004 -8.247 -112.175
15.620 5.000 5.018 -9.360 -110.261
15.630 5.000 5.012 -10.479 -113.700
15.640 5.000 4.983 -11.588 -107.950
15.650 5.000 5.062 -12.662 -106.838
15.660 5.000 5.029 -13.690 -98.860
15.670 5.000 5.013 -14.711 -105.265
15.680 8.002 5.012 -15.763 -105.051
15.690 11.000 5.167 -16.797 -101.849
15.700 14.000 6.404 -18.252 -189.075
15.710 17.000 10.152 -19.989 -158.475
15.720 20.000 17.005 -21.428 -129.400
15.730 23.000 27.221 -22.331 -51.019
15.740 26.001 36.452 -22.398 37.464
15.750 29.000 39.590 -21.288 184.668
15.760 32.000 35.644 -19.143 244.412
15.770 35.000 25.468 -16.348 314.322
15.780 35.000 18.599 -14.135 128.433
15.790 35.000 18.855 -13.740 -49.407
15.800 35.000 29.265 -14.416 -85.889
15.810 35.000 38.288 -15.794 -189.579
15.820 35.000 39.830 -16.064 135.401
15.830 35.000 39.825 -14.688 139.710
15.840 35.000 39.822 -12.579 282.234
15.850 35.000 39.853 -10.391 155.483
15.860 35.000 39.843 -8.496 223.387
15.870 35.000 37.884 -6.208 234.308
15.880 35.000 29.576 -3.741 259.177
15.890 35.000 23.163 -1.568 175.258
15.900 35.000 22.150 -0.439 50.560
15.910 35.000 28.349 -0.412 -44.991
15.920 35.000 38.361 -0.928 -58.283
15.930 35.000 39.837 -0.860 71.929
15.940 35.000 39.827 -0.660 -31.989
15.950 35.000 39.848 -0.281 107.899
15.960 35.000 39.850 1.107 169.750
15.970 35.000 39.848 3.773 363.254
15.980 35.000 38.026 7.571 396.324
15.990 35.000 30.174 11.500 389.694
16.000 35.000 23.875 14.421 194.538
16.010 35.000 22.967 15.575 36.140
16.020 35.000 28.489 15.580 -34.991
16.030 35.000 38.657 14.694 -142.282
16.040 35.000 39.815 13.420 -112.485
16.050 35.000 39.844 12.685 -34.486
16.060 35.000 39.846 13.852 267.857
16.070 35.000 39.849 15.968 155.345
16.080 35.000 39.819 18.040 258.983
16.090 35.000 38.474 21.281 389.236
16.100 35.000 30.935 25.186 391.835
16.110 35.000 24.500 28.485 268.105
16.120 35.000 23.547 30.201 75.108
16.130 35.000 28.385 30.549 -5.660
16.140 35.000 38.526 29.969 -110.368
16.150 35.000 39.834 29.320 -19.401
16.160 35.000 39.847 29.833 122.003
16.170 35.000 39.820 31.009 113.256
16.180 35.000 39.850 32.548 194.635
16.190 35.000 39.846 35.786 452.914
16.200 35.000 39.799 40.196 428.789
16.210 35.000 33.680 44.370 406.354
16.220 35.000 26.000 47.531 225.769
16.230 35.000 23.522 49.339 135.783
16.240 35.000 26.470 50.102 16.947
16.250 35.000 35.034 49.875 -62.479
16.260 35.000 39.785 48.869 -138.569
16.270 35.000 39.819 48.420 48.821
16.280 35.000 39.846 49.995 266.182
16.290 35.000 39.830 52.747 284.257
16.300 35.000 39.854 56.246 415.367
16.310 35.000 39.849 60.158 367.232
16.320 35.000 37.494 64.132 427.424
16.330 35.000 30.135 68.076 361.395
16.340 35.000 24.906 71.459 315.149
16.350 35.000 26.504 73.560 104.924
16.360 35.000 31.469 74.315 46.201
16.370 35.000 38.693 75.031 96.979
16.380 35.000 39.827 76.468 190.312
16.390 35.000 39.851 78.647 245.609
16.400 35.000 39.847 81.433 311.587
16.410 35.000 39.849 84.476 296.731
16.420 35.000 36.810 88.011 410.687
16.430 35.000 30.790 91.928 372.447
16.440 35.000 26.990 95.331 308.287
16.450 35.000 29.246 97.596 144.645
16.460 35.000 33.288 98.638 63.813
16.470 35.000 37.928 99.114 31.405
16.480 35.000 39.828 100.253 196.412
16.490 35.000 39.851 102.502 253.358
16.500 35.000 39.419 105.516 349.432
16.510 35.000 34.614 109.332 413.845
16.520 35.000 30.484 113.322 384.131
16.530 35.000 29.826 116.615 274.327
16.540 35.000 32.001 118.641 131.079
16.550 35.000 35.485 119.643 69.319
16.560 35.000 37.237 120.543 110.583
16.570 35.000 38.194 121.940 168.874
16.580 35.000 37.495 124.332 309.427
16.590 35.000 35.564 126.908 205.673
16.600 35.000 33.841 129.423 297.432
16.610 35.000 33.411 132.267 271.488
16.620 35.000 33.346 135.117 298.598
16.630 35.000 33.878 138.206 319.178
16.640 35.000 34.711 140.746 188.781
16.650 35.000 35.607 142.984 258.821
16.660 35.000 36.009 145.191 182.585
16.670 35.000 35.924 147.509 280.914
16.680 5.000 35.633 149.994 216.260
16.690 5.000 34.934 152.541 292.909
16.700 5.000 20.228 156.088 416.687
16.710 5.000 17.972 159.297 225.112
16.720 5.000 12.124 161.696 254.782
16.730 5.000 10.823 163.980 202.012
16.740 5.000 9.416 165.706 143.024
16.750 5.000 8.619 166.967 109.222
16.760 5.000 8.331 168.018 101.092
16.770 5.000 7.968 169.030 101.307
16.780 5.000 7.773 170.002 92.986
16.790 5.000 7.534 170.886 83.911
16.800 5.000 7.305 171.681 75.075
16.810 5.000 7.164 172.368 62.307
16.820 5.000 7.033 172.978 59.679
16.830 5.000 6.857 173.570 58.610
16.840 5.000 6.736 174.043 36.173
16.850 5.000 6.588 174.256 6.345
16.860 5.000 6.517 174.431 28.573
16.870 5.000 6.347 174.680 21.358
16.880 5.000 6.187 174.990 40.612
16.890 5.000 6.097 175.364 34.135
16.900 5.000 5.961 175.712 35.481
16.910 5.000 5.906 176.037 29.490
16.920 5.000 5.805 176.256 14.418
16.930 5.000 5.703 176.343 2.851
16.940 5.000 5.569 176.372 3.014
16.950 5.000 5.497 176.392 1.052
16.960 5.000 5.408 176.412 2.872
16.970 5.000 5.287 176.404 -4.428
16.980 5.000 5.217 176.329 -10.642
16.990 5.000 5.108 176.219 -11.403
17.000 5.000 5.018 176.136 -5.123
17.010 5.000 4.921 176.022 -17.736
17.020 5.000 4.860 175.806 -25.477
17.030 5.000 4.747 175.493 -37.064
17.040 5.000 4.643 175.176 -26.368
17.050 5.000 4.617 174.862 -36.293
17.060 5.000 4.555 174.454 -45.409
17.070 5.000 4.534 173.914 -62.642
17.080 5.000 4.448 173.379 -44.260
17.090 5.000 4.419 172.933 -44.952
17.100 5.000 4.412 172.505 -40.763
17.110 5.000 4.428 172.062 -47.641
17.120 5.000 4.430 171.564 -52.174
17.130 5.000 4.435 171.036 -53.401
17.140 5.000 4.452 170.517 -50.412
17.150 5.000 4.498 169.981 -56.751
17.160 5.000 4.515 169.388 -61.882
17.170 5.000 4.518 168.747 -66.205
17.180 5.000 4.468 168.000 -83.151
17.190 5.000 4.432 167.222 -72.511
17.200 5.000 4.385 166.461 -79.670
17.210 5.000 4.409 165.659 -80.833
17.220 5.000 4.349 164.843 -82.190
17.230 5.000 4.354 164.079 -70.655
17.240 5.000 4.389 163.384 -68.368
17.250 5.000 4.430 162.650 -78.423
17.260 5.000 4.504 161.825 -86.623
17.270 5.000 4.596 160.974 -83.559
17.280 5.000 4.682 160.189 -73.519
17.290 5.000 4.681 159.426 -78.977
17.300 5.000 4.790 158.629 -80.540
17.310 5.000 4.848 157.810 -83.235
17.320 5.000 4.911 156.994 -79.826
17.330 5.000 4.926 156.204 -78.273
17.340 5.000 4.909 155.397 -83.151
17.350 5.000 4.937 154.597 -76.767
17.360 5.000 4.886 153.812 -80.215
17.370 5.000 4.863 152.917 -98.789
17.380 5.000 4.868 151.928 -99.089
17.390 5.000 4.855 150.983 -89.914
17.400 5.000 4.864 150.104 -85.929
17.410 5.000 4.915 149.258 -83.201
17.420 5.000 4.911 148.439 -80.628
17.430 5.000 4.926 147.560 -95.090
17.440 5.000 4.919 146.616 -93.793
17.450 5.000 4.860 145.665 -96.452
17.460 5.000 4.877 144.751 -86.352
17.470 5.000 4.903 143.895 -84.796
17.480 5.000 4.899 142.907 -112.843
17.490 5.000 4.859 141.897 -89.178
17.500 5.000 4.841 140.945 -101.202
17.510 5.000 4.836 139.872 -113.383
17.520 5.000 4.825 138.790 -103.079
17.530 5.000 4.779 137.720 -110.788
17.540 5.000 4.783 136.628 -107.532
17.550 5.000 4.776 135.628 -92.566
17.560 5.000 4.771 134.611 -110.811
17.570 5.000 4.754 133.507 -110.145
17.580 5.000 4.821 132.244 -142.471
17.590 5.000 4.836 130.939 -118.420
17.600 5.000 4.884 129.875 -94.375
17.610 5.000 4.889 128.885 -103.645
17.620 5.000 4.875 127.802 -113.021
17.630 5.000 4.833 126.674 -112.345
17.640 5.000 4.821 125.470 -128.667
17.650 5.000 4.823 124.262 -112.868
17.660 5.000 4.861 123.137 -112.228
17.670 5.000 4.884 122.012 -112.732
17.680 5.000 4.917 120.941 -101.468
17.690 5.000 4.913 119.924 -101.819
17.700 5.000 4.909 118.975 -88.135
17.710 5.000 4.906 118.090 -88.872
17.720 5.000 4.890 117.155 -98.051
17.730 5.000 4.894 116.110 -111.075
17.740 5.000 4.877 115.043 -102.321
17.750 5.000 4.936 114.001 -106.036
17.760 5.000 4.920 112.984 -97.385
17.770 5.000 4.914 112.008 -97.750
17.780 5.000 4.908 111.041 -95.521
17.790 5.000 4.905 110.079 -97.000
17.800 5.000 4.919 109.140 -90.836
17.810 5.000 4.911 108.183 -100.545
17.820 5.000 4.932 107.115 -113.016
17.830 5.000 4.911 106.089 -92.333
17.840 5.000 4.912 105.150 -95.382
17.850 5.000 4.976 104.195 -95.564
17.860 5.000 4.941 103.187 -106.155
17.870 5.000 4.931 102.182 -94.677
17.880 5.000 4.977 101.257 -90.366
17.890 5.000 5.001 100.331 -94.810
17.900 5.000 4.952 99.386 -94.215
17.910 5.000 4.975 98.419 -99.149
17.920 5.000 4.944 97.426 -99.633
17.930 5.000 4.936 96.459 -93.687
17.940 5.000 4.926 95.487 -100.708
17.950 5.000 4.908 94.437 -109.257
17.960 5.000 4.922 93.348 -108.601
17.970 5.000 4.907 92.251 -110.844
17.980 5.000 4.915 91.168 -105.611
17.990 5.000 4.933 90.151 -97.850
18.000 5.000 4.938 89.120 -108.229
18.010 5.000 4.910 88.017 -112.515
18.020 5.000 4.932 86.884 -114.046
18.030 5.000 4.959 85.773 -108.151
18.040 5.000 4.936 84.694 -107.598
18.050 5.000 4.965 83.608 -109.717
18.060 5.000 4.930 82.448 -122.272
18.070 5.000 4.952 81.040 -159.329
18.080 5.000 4.958 79.677 -113.345
18.090 5.000 4.975 78.531 -115.769
18.100 5.000 4.948 77.375 -115.408
18.110 5.000 4.904 76.258 -108.049
18.120 5.000 4.967 75.170 -109.377
18.130 5.000 5.012 74.059 -113.021
18.140 5.000 5.000 72.993 -100.153
18.150 5.000 4.966 71.910 -116.441
18.160 5.000 4.950 70.783 -108.918
18.170 5.000 5.004 69.649 -117.933
18.180 5.000 5.030 68.545 -102.778
18.190 5.000 5.015 67.479 -110.591
18.200 5.000 5.050 66.391 -106.980
18.210 5.000 5.056 65.289 -113.231
18.220 5.000 5.046 64.199 -104.817
18.230 5.000 5.053 63.135 -108.044
18.240 5.000 5.069 62.047 -109.610
18.250 5.000 5.082 61.006 -98.646
18.260 5.000 5.073 60.011 -100.171
18.270 5.000 5.074 58.953 -111.491
18.280 5.000 5.015 57.789 -121.339
18.290 5.000 5.092 56.623 -111.885
18.300 5.000 5.054 55.512 -110.234
18.310 5.000 5.053 54.396 -113.130
18.320 5.000 5.084 53.309 -104.110
18.330 5.000 5.073 52.270 -103.680
18.340 5.000 5.049 51.205 -109.325
18.350 5.000 5.057 50.122 -107.357
18.360 5.000 5.028 49.018 -113.397
18.370 5.000 5.016 47.831 -124.083
18.380 5.000 5.038 46.659 -110.228
18.390 5.000 5.011 45.507 -120.267
18.400 5.000 5.047 44.335 -114.214
18.410 5.000 4.995 43.010 -150.698
18.420 5.000 5.052 41.752 -100.789
18.430 5.000 5.005 40.768 -96.004
18.440 5.000 5.018 39.761 -105.407
18.450 5.000 5.021 38.637 -119.511
18.460 5.000 4.964 37.517 -104.428
18.470 5.000 5.002 36.416 -115.716
18.480 5.000 5.017 35.096 -148.359
18.490 5.000 5.004 33.834 -104.132
18.500 5.000 4.981 32.726 -117.446
18.510 5.000 5.011 31.603 -107.031
18.520 5.000 5.016 30.544 -104.770
18.530 5.000 4.999 29.525 -99.132
18.540 5.000 4.984 28.540 -97.879
18.550 5.000 4.992 27.507 -108.621
18.560 5.000 4.973 26.465 -99.909
18.570 5.000 4.996 25.447 -103.594
18.580 5.000 4.974 24.363 -113.280
18.590 5.000 5.026 23.263 -106.598
18.600 5.000 5.000 22.277 -90.600
18.610 5.000 4.982 21.316 -101.791
18.620 5.000 5.024 20.328 -95.797
18.630 5.000 4.996 19.346 -100.540
18.640 5.000 4.999 18.302 -108.296
18.650 5.000 5.018 17.244 -103.167
18.660 5.000 5.018 16.119 -121.843
18.670 5.000 4.994 14.922 -117.718
18.680 5.000 5.026 13.798 -107.106
18.690 8.001 5.005 12.675 -117.374
18.700 11.000 5.157 11.555 -106.626
18.710 14.000 6.458 10.285 -147.358
18.720 17.000 10.184 8.711 -167.366
18.730 20.000 17.063 6.911 -192.758
18.740 23.000 27.140 4.897 -210.056
18.750 26.000 36.248 3.798 -9.753
18.760 29.000 39.581 4.667 183.648
18.770 32.000 35.774 7.026 288.081
18.780 35.000 25.859 10.130 332.595
18.790 35.000 18.670 12.713 183.802
18.800 35.000 18.932 13.344 -57.401
18.810 35.000 29.147 12.788 -53.854
18.820 35.000 38.220 12.194 -64.864
18.830 35.000 39.789 11.359 -102.307
18.840 35.000 39.849 10.404 -88.617
18.850 35.000 39.833 10.869 181.681
18.860 35.000 39.850 12.301 104.591
18.870 35.000 39.846 14.599 355.083
18.880 35.000 37.937 18.148 354.395
18.890 35.000 29.715 21.643 344.985
18.900 35.000 23.237 24.673 261.072
18.910 35.000 22.161 26.106 25.465
18.920 35.000 28.012 25.715 -103.547
18.930 35.000 38.234 24.335 -172.545
18.940 35.000 39.824 23.736 52.814
18.950 35.000 39.851 23.492 -101.785
18.960 35.000 39.850 23.939 191.313
18.970 35.000 39.852 26.431 306.981
18.980 35.000 39.845 29.144 235.615
18.990 35.000 37.990 31.214 178.400
19.000 35.000 30.165 33.302 239.327
19.010 35.000 24.172 35.284 156.907
19.020 35.000 23.069 36.252 36.832
19.030 35.000 28.411 36.037 -79.825
19.040 35.000 38.507 34.606 -206.389
19.050 35.000 39.836 32.798 -155.202
19.060 35.000 39.849 32.508 97.114
19.070 35.000 39.849 33.619 125.134
19.080 35.000 39.855 34.830 117.117
19.090 35.000 39.825 37.565 429.513
19.100 35.000 38.868 41.729 403.803
19.110 35.000 31.604 45.541 358.622
19.120 35.000 24.674 48.126 158.411
19.130 35.000 23.357 49.224 61.004
19.140 35.000 27.139 49.369 -31.934
19.150 35.000 37.388 48.546 -132.639
19.160 35.000 39.835 48.004 24.157
19.170 35.000 39.852 48.380 51.173
19.180 35.000 39.848 49.830 238.661
19.190 35.000 39.828 52.504 296.306
19.200 35.000 39.840 55.293 261.427
19.210 35.000 39.851 58.549 389.937
19.220 35.000 35.407 62.748 449.771
19.230 35.000 28.003 66.939 388.363
19.240 35.000 23.974 70.073 238.487
19.250 35.000 25.856 71.770 101.070
19.260 35.000 32.782 72.031 -48.976
19.270 35.000 39.750 71.084 -140.356
19.280 35.000 39.817 70.555 34.420
19.290 35.000 39.830 72.108 276.239
19.300 35.000 39.835 74.817 265.605
19.310 35.000 39.839 78.244 419.818
19.320 35.000 39.853 82.520 435.298
19.330 35.000 36.278 86.870 434.733
19.340 35.000 29.136 90.877 366.624
19.350 35.000 25.114 93.619 181.908
19.360 35.000 27.607 94.868 67.755
19.370 35.000 32.935 95.135 -14.213
19.380 35.000 39.439 94.796 -53.636
19.390 35.000 39.842 94.429 -19.752
19.400 35.000 39.834 95.807 295.241
19.410 35.000 39.843 99.430 429.455
19.420 35.000 39.803 103.514 387.449
19.430 35.000 34.299 107.324 374.540
19.440 35.000 28.414 110.741 308.821
19.450 35.000 27.659 113.344 211.772
19.460 35.000 30.732 115.042 127.803
19.470 35.000 35.849 116.369 137.762
19.480 35.000 39.265 117.882 164.672
19.490 35.000 39.829 119.974 253.681
19.500 35.000 39.747 122.766 304.834
19.510 35.000 36.760 125.332 208.493
19.520 35.000 31.830 128.057 336.387
19.530 35.000 29.755 130.784 209.140
19.540 35.000 31.088 132.507 135.400
19.550 35.000 33.793 133.537 70.548
19.560 35.000 36.797 133.911 4.251
19.570 35.000 38.407 134.416 96.788
19.580 35.000 38.433 136.399 299.752
19.590 35.000 36.858 139.593 339.135
19.600 35.000 33.963 142.769 296.103
19.610 35.000 32.822 145.529 255.815
19.620 35.000 32.541 148.182 274.758
19.630 35.000 33.474 150.891 267.086
19.640 35.000 34.764 152.887 132.119
19.650 35.000 35.832 154.446 179.619
19.660 35.000 36.393 156.757 282.530
19.670 35.000 36.164 159.468 259.723
19.680 35.000 35.684 161.819 210.606
19.690 5.000 35.069 164.110 247.514
19.700 5.000 34.482 166.880 306.197
19.710 5.000 19.836 170.587 435.558
19.720 5.000 17.403 173.987 244.466
19.730 5.000 11.632 176.295 217.190
19.740 5.000 10.145 178.130 149.739
19.750 5.000 8.820 179.452 114.730
19.760 5.000 8.160 180.593 113.279
19.770 5.000 7.953 181.715 111.172
19.780 5.000 7.628 182.679 81.789
19.790 5.000 7.388 183.474 77.183
19.800 5.000 7.188 184.133 54.599
19.810 5.000 7.035 184.600 38.758
19.820 5.000 6.902 185.056 52.362
19.830 5.000 6.747 185.460 28.619
19.840 5.000 6.506 185.560 -8.671
19.850 5.000 6.425 185.315 -40.347
19.860 5.000 6.250 185.005 -21.689
19.870 5.000 6.165 185.001 20.821
19.880 5.000 6.015 185.179 14.898
19.890 5.000 6.010 185.339 17.017
19.900 5.000 5.932 185.525 20.294
19.910 5.000 5.923 185.685 11.718
19.920 5.000 5.820 185.720 -4.817
19.930 5.000 5.787 185.743 9.359
19.940 5.000 5.673 185.853 12.722
19.950 5.000 5.567 185.833 -16.757
19.960 5.000 5.466 185.700 -9.768
19.970 5.000 5.330 185.595 -11.216
19.980 5.000 5.259 185.446 -18.603
19.990 5.000 5.229 185.293 -12.037
20.000 5.000 5.130 185.183 -10.040
20.010 5.000 5.026 185.000 -26.533
20.020 5.000 4.953 184.702 -33.005
20.030 5.000 4.885 184.296 -48.219
20.040 5.000 4.789 183.861 -38.742
20.050 5.000 4.707 183.453 -42.949
20.060 5.000 4.618 182.976 -52.454
20.070 5.000 4.557 182.382 -66.318
20.080 5.000 4.465 181.718 -66.379
20.090 5.000 4.422 181.125 -52.247
20.100 5.000 4.388 180.577 -57.453
20.110 5.000 4.412 179.989 -60.088
20.120 5.000 4.400 179.277 -82.325
20.130 5.000 4.402 178.500 -72.918
20.140 5.000 4.360 177.785 -70.125
20.150 5.000 4.405 177.060 -74.946
20.160 5.000 4.434 176.308 -75.495
20.170 5.000 4.484 175.579 -70.304
20.180 5.000 4.445 174.880 -69.593
20.190 5.000 4.484 174.106 -84.974
20.200 5.000 4.452 173.146 -107.214
20.210 5.000 4.395 172.161 -89.695
20.220 5.000 4.352 171.299 -82.752
20.230 5.000 4.322 170.471 -82.893
20.240 5.000 4.347 169.569 -97.402
20.250 5.000 4.387 168.596 -97.243
20.260 5.000 4.492 167.606 -100.795
20.270 5.000 4.571 166.616 -97.163
20.280 5.000 4.603 165.678 -90.388
20.290 5.000 4.675 164.736 -98.007
20.300 5.000 4.770 163.776 -94.059
20.310 5.000 4.822 162.787 -103.729
20.320 5.000 4.843 161.728 -108.049
20.330 5.000 4.900 160.680 -101.521
20.340 5.000 4.902 159.670 -100.464
20.350 5.000 4.911 158.692 -95.301
20.360 5.000 4.907 157.665 -109.903
20.370 5.000 4.916 156.588 -105.667
20.380 5.000 4.909 155.541 -103.712
20.390 5.000 4.874 154.523 -99.959
20.400 5.000 4.898 153.527 -99.132
20.410 5.000 4.896 152.497 -106.920
20.420 5.000 4.911 151.391 -114.361
20.430 5.000 4.904 150.262 -111.284
20.440 5.000 4.900 149.153 -110.573
20.450 5.000 4.905 148.079 -104.205
20.460 5.000 4.900 146.994 -112.819
20.470 5.000 4.918 145.936 -98.785
20.480 5.000 4.872 144.942 -100.060
20.490 5.000 4.874 143.875 -113.209
20.500 5.000 4.883 142.721 -117.759
20.510 5.000 4.857 141.551 -116.130
20.520 5.000 4.822 140.397 -114.630
20.530 5.000 4.803 139.270 -110.812
20.540 5.000 4.792 138.181 -107.002
20.550 5.000 4.798 137.085 -112.167
20.560 5.000 4.812 135.924 -120.184
20.570 5.000 4.783 134.739 -116.777
20.580 5.000 4.800 133.649 -101.142
20.590 5.000 4.817 132.609 -106.832
20.600 5.000 4.836 131.538 -107.413
20.610 5.000 4.819 130.464 -107.349
20.620 5.000 4.846 129.336 -118.293
20.630 5.000 4.836 128.213 -106.381
20.640 5.000 4.862 127.151 -105.958
20.650 5.000 4.855 126.028 -118.671
20.660 5.000 4.868 124.813 -124.318
20.670 5.000 4.826 123.517 -134.895
20.680 5.000 4.843 122.268 -114.736
20.690 5.000 4.863 121.086 -121.803
20.700 5.000 4.903 119.936 -108.205
20.710 5.000 4.925 118.772 -124.555
20.720 5.000 4.924 117.547 -120.591
20.730 5.000 4.888 116.327 -123.337
20.740 5.000 4.878 115.051 -131.844
20.750 5.000 4.894 113.836 -111.212
20.760 5.000 4.877 112.732 -109.580
20.770 5.000 4.920 111.660 -104.731
20.780 5.000 4.938 110.536 -120.096
20.790 5.000 4.950 109.388 -109.463
20.800 5.000 4.942 108.265 -115.155
20.810 5.000 4.911 107.150 -107.859
20.820 5.000 4.921 106.036 -114.906
20.830 5.000 4.930 104.900 -112.375
20.840 5.000 4.918 103.684 -130.904
20.850 5.000 4.931 102.471 -111.558
20.860 5.000 4.949 101.354 -111.845
20.870 5.000 4.938 100.235 -111.871
20.880 5.000 4.979 99.100 -115.296
20.890 5.000 4.969 97.991 -106.501
20.900 5.000 4.966 96.919 -108.008
20.910 5.000 4.973 95.875 -100.461
20.920 5.000 4.957 94.799 -114.867
20.930 5.000 4.930 93.619 -121.300
20.940 5.000 4.927 92.451 -112.272
20.950 5.000 4.899 91.298 -118.264
20.960 5.000 4.959 90.100 -121.401
20.970 5.000 4.924 88.936 -111.263
20.980 5.000 4.924 87.758 -124.497
20.990 5.000 4.914 86.545 -117.901
21.000 5.000 4.921 85.264 -138.378
21.010 5.000 4.935 83.958 -122.863
21.020 5.000 4.939 82.700 -128.759
21.030 5.000 4.935 81.459 -119.313
21.040 5.000 4.946 80.266 -119.537
21.050 5.000 4.944 79.116 -110.397
21.060 5.000 4.933 78.005 -111.824
21.070 5.000 4.979 76.895 -110.005
21.080 5.000 4.945 75.691 -130.839
21.090 5.000 4.943 74.468 -113.833
21.100 5.000 4.961 73.313 -117.139
21.110 5.000 4.965 72.071 -131.408
21.120 5.000 4.959 70.790 -124.810
21.130 5.000 4.989 69.542 -124.648
21.140 5.000 4.988 68.294 -124.948
21.150 5.000 4.981 67.050 -123.825
21.160 5.000 4.978 65.808 -124.720
21.170 5.000 4.973 64.567 -123.355
21.180 5.000 4.975 63.292 -131.821
21.190 5.000 5.024 62.015 -123.434
21.200 5.000 4.984 60.736 -132.398
21.210 5.000 5.024 59.503 -114.040
21.220 5.000 5.025 58.363 -114.119
21.230 5.000 5.071 57.235 -111.575
21.240 5.000 5.030 56.041 -127.060
21.250 5.000 5.053 54.751 -130.891
21.260 5.000 5.058 53.524 -114.484
21.270 5.000 5.035 52.401 -110.327
21.280 5.000 5.070 51.286 -112.694
21.290 5.000 5.057 50.131 -118.323
21.300 5.000 5.060 48.991 -109.454
21.310 5.000 5.094 47.888 -111.186
21.320 5.000 5.032 46.752 -116.066
21.330 5.000 5.072 45.580 -118.479
21.340 5.000 5.093 44.427 -112.031
21.350 5.000 5.074 43.318 -109.616
21.360 5.000 5.052 42.206 -112.916
21.370 5.000 5.061 41.121 -104.188
21.380 5.000 5.065 39.924 -135.042
