# covent_pc_8
# Captured 2021-01-24 19:37:00.468643 by unknown user
# Built at revision ba9d3656 (dirty)
time(sec) pc_setpoint pressure volume net_flow
0.000 10.000 10.127 75.918 -78.630
0.010 10.000 10.175 75.159 -73.134
0.020 10.000 10.203 74.460 -66.680
0.030 10.000 10.078 73.714 -82.390
0.040 10.000 10.083 72.907 -79.146
0.050 10.000 10.051 71.799 -142.288
0.060 10.000 10.164 70.540 -109.596
0.070 10.000 10.161 69.570 -84.379
0.080 10.000 10.092 68.617 -106.358
0.090 10.000 10.080 67.585 -99.963
0.100 10.000 9.960 66.676 -81.706
0.110 10.000 9.964 65.909 -71.820
0.120 10.000 10.041 65.151 -79.812
0.130 10.000 10.028 64.401 -70.195
0.140 10.000 9.982 63.660 -77.910
0.150 10.000 9.960 62.785 -97.178
0.160 10.000 9.939 61.918 -76.139
0.170 10.000 9.886 61.154 -76.640
0.180 10.000 9.935 60.412 -71.836
0.190 10.000 9.997 59.710 -68.577
0.200 10.000 10.022 58.970 -79.336
0.210 10.000 9.931 58.117 -91.174
0.220 10.000 9.839 57.119 -108.650
0.230 10.000 9.884 56.149 -85.299
0.240 10.000 9.972 55.180 -108.527
0.250 10.000 9.994 53.910 -145.458
0.260 10.000 10.033 52.586 -119.320
0.270 10.000 9.948 51.579 -81.929
0.280 10.000 9.952 50.765 -81.033
0.290 10.000 9.966 49.937 -84.465
0.300 10.000 10.023 49.028 -97.333
0.310 10.000 10.124 48.105 -87.404
0.320 10.000 10.041 47.214 -90.688
0.330 10.000 10.027 46.434 -65.324
0.340 10.000 9.983 45.757 -70.041
0.350 10.000 10.071 45.009 -79.576
0.360 10.000 10.132 44.278 -66.795
0.370 10.000 10.073 43.528 -83.032
0.380 10.000 10.072 42.738 -74.996
0.390 10.000 9.955 41.852 -102.257
0.400 10.000 10.056 40.929 -82.383
0.410 10.000 10.118 40.048 -93.863
0.420 10.000 10.032 39.101 -95.459
0.430 10.000 10.099 38.261 -72.567
0.440 10.000 9.960 37.515 -76.668
0.450 10.000 9.956 36.639 -98.506
0.460 10.000 10.075 35.769 -75.533
0.470 10.000 10.004 34.996 -79.049
0.480 10.000 10.017 34.213 -77.406
0.490 10.000 9.950 33.443 -76.759
0.500 10.000 9.891 32.699 -71.917
0.510 10.000 9.992 31.978 -72.250
0.520 10.000 9.994 31.178 -87.756
0.530 10.000 10.022 30.400 -67.953
0.540 10.000 9.878 29.660 -80.106
0.550 10.000 9.883 28.772 -97.481
0.560 10.000 10.000 27.805 -95.851
0.570 10.000 9.983 26.878 -89.599
0.580 10.000 9.998 25.978 -90.446
0.590 10.000 9.905 25.004 -104.187
0.600 10.000 9.891 23.952 -106.217
0.610 10.000 9.974 22.996 -84.953
0.620 10.000 10.066 21.891 -136.162
0.630 10.000 10.055 20.812 -79.538
0.640 10.000 9.886 19.986 -85.733
0.650 10.000 10.022 19.189 -73.662
0.660 10.000 10.046 18.364 -91.375
0.670 10.000 10.048 17.395 -102.469
0.680 10.000 10.017 16.406 -95.274
0.690 10.000 9.972 15.457 -94.583
0.700 10.000 9.953 14.498 -97.080
0.710 10.000 10.139 13.663 -70.034
0.720 10.000 10.056 12.818 -98.931
0.730 10.000 10.068 11.958 -72.993
0.740 10.000 9.992 11.205 -77.683
0.750 10.000 10.017 10.140 -135.247
0.760 10.000 10.086 8.943 -104.151
0.770 10.000 10.020 7.745 -135.552
0.780 10.000 10.028 6.634 -86.629
0.790 10.000 9.985 5.717 -96.829
0.800 10.000 9.965 4.770 -92.544
0.810 10.000 10.123 3.950 -71.406
0.820 10.000 10.082 3.107 -97.298
0.830 10.000 9.960 2.128 -98.397
0.840 10.000 9.924 1.284 -70.456
0.850 10.000 9.993 0.521 -82.009
0.860 10.000 9.993 -0.647 -151.665
0.870 10.000 10.008 -1.877 -94.524
0.880 10.000 9.926 -2.790 -88.070
0.890 10.000 9.920 -3.641 -82.076
0.900 12.500 9.935 -4.471 -83.790
0.910 15.001 10.209 -5.434 -108.882
0.920 17.500 10.883 -7.013 -207.013
0.930 20.000 12.884 -9.160 -222.268
0.940 22.500 16.536 -11.534 -252.581
0.950 25.001 23.269 -13.407 -121.899
0.960 27.500 27.345 -14.667 -130.257
0.970 30.000 31.155 -16.883 -312.912
0.980 32.500 32.287 -19.018 -114.067
0.990 35.000 33.960 -21.024 -287.294
1.000 35.000 34.999 -23.741 -256.018
1.010 35.000 36.043 -25.597 -115.204
1.020 35.000 36.370 -27.918 -349.004
1.030 35.000 37.123 -30.953 -257.922
1.040 35.000 37.343 -32.432 -37.924
1.050 35.000 36.651 -32.778 -31.341
1.060 35.000 35.261 -33.527 -118.289
1.070 35.000 34.204 -34.187 -13.795
1.080 35.000 34.419 -34.796 -107.991
1.090 35.000 34.688 -35.376 -7.962
1.100 35.000 35.460 -35.545 -25.906
1.110 35.000 36.109 -36.216 -108.348
1.120 35.000 35.947 -37.572 -162.802
1.130 35.000 36.088 -38.213 34.669
1.140 35.000 35.893 -38.417 -75.444
1.150 35.000 35.971 -38.654 28.045
1.160 35.000 36.265 -38.183 66.149
1.170 35.000 36.530 -37.691 32.077
1.180 35.000 35.863 -36.799 146.502
1.190 35.000 35.547 -35.238 165.562
1.200 35.000 35.237 -33.673 147.446
1.210 35.000 35.282 -32.496 87.961
1.220 35.000 35.299 -31.560 99.335
1.230 35.000 35.238 -30.345 143.658
1.240 35.000 35.479 -29.617 1.992
1.250 35.000 35.586 -29.463 28.705
1.260 35.000 35.498 -28.291 205.791
1.270 35.000 35.291 -26.392 174.040
1.280 35.000 35.275 -24.610 182.187
1.290 35.000 35.530 -22.645 210.964
1.300 35.000 35.338 -20.627 192.619
1.310 35.000 35.481 -19.221 88.615
1.320 35.000 35.611 -18.199 115.675
1.330 35.000 35.582 -16.501 223.904
1.340 35.000 35.658 -14.230 230.120
1.350 35.000 35.618 -11.869 242.436
1.360 35.000 35.701 -9.554 220.487
1.370 35.000 35.597 -7.703 149.686
1.380 35.000 35.424 -6.001 190.708
1.390 35.000 35.353 -3.948 219.929
1.400 35.000 35.290 -1.696 230.218
1.410 35.000 35.263 0.381 185.229
1.420 35.000 35.407 2.132 165.079
1.430 35.000 35.240 3.615 131.509
1.440 35.000 34.938 4.913 128.074
1.450 35.000 35.151 6.430 175.441
1.460 35.000 34.959 8.229 184.279
1.470 35.000 34.911 10.213 212.568
1.480 35.000 34.766 12.479 240.588
1.490 35.000 34.939 14.619 187.447
1.500 35.000 34.757 16.215 131.855
1.510 35.000 34.876 17.615 148.083
1.520 35.000 34.673 19.558 240.296
1.530 35.000 34.953 21.963 240.916
1.540 35.000 34.636 24.541 274.854
1.550 35.000 34.791 27.062 229.314
1.560 35.000 34.824 29.305 219.280
1.570 35.000 34.929 31.713 262.157
1.580 35.000 34.797 33.950 185.316
1.590 35.000 34.843 35.577 140.197
1.600 35.000 35.012 37.274 199.102
1.610 35.000 35.014 39.232 192.622
1.620 35.000 35.038 41.289 218.629
1.630 35.000 34.963 43.115 146.709
1.640 35.000 35.145 45.038 237.887
1.650 35.000 35.209 47.310 216.467
1.660 35.000 35.071 49.097 141.032
1.670 35.000 35.037 50.839 207.179
1.680 35.000 35.314 53.077 240.648
1.690 35.000 34.994 55.497 243.265
1.700 35.000 35.167 58.185 294.244
1.710 35.000 35.177 60.998 268.245
1.720 35.000 35.112 63.761 284.546
1.730 35.000 35.043 66.624 288.071
1.740 35.000 34.924 69.496 286.252
1.750 35.000 35.123 72.277 270.000
1.760 35.000 35.088 74.948 264.248
1.770 35.000 34.690 77.381 222.359
1.780 35.000 34.970 79.772 255.821
1.790 35.000 34.994 82.212 232.225
1.800 35.000 34.753 84.498 224.925
1.810 35.000 34.890 86.762 227.827
1.820 35.000 35.003 88.592 138.303
1.830 35.000 34.778 89.974 138.018
1.840 35.000 34.829 91.441 155.461
1.850 35.000 35.083 93.002 156.589
1.860 35.000 34.965 94.494 141.908
1.870 35.000 34.816 95.680 95.350
1.880 35.000 35.073 96.808 130.200
1.890 35.000 35.016 98.601 228.337
1.900 10.000 35.152 100.788 209.021
1.910 10.000 34.375 103.066 246.635
1.920 10.000 23.855 106.656 471.471
1.930 10.000 23.526 111.111 419.277
1.940 10.000 20.846 115.010 360.699
1.950 10.000 20.419 118.434 323.972
1.960 10.000 19.835 121.542 297.818
1.970 10.000 19.288 124.400 273.659
1.980 10.000 18.746 127.086 263.568
1.990 10.000 18.126 129.385 196.313
2.000 10.000 17.739 131.581 242.846
2.010 10.000 17.194 134.047 250.157
2.020 10.000 16.783 136.440 228.730
2.030 10.000 16.300 138.429 169.078
2.040 10.000 15.891 140.270 199.104
2.050 10.000 15.456 142.258 198.501
2.060 10.000 15.068 144.357 221.300
2.070 10.000 14.566 146.494 205.985
2.080 10.000 14.127 148.508 196.813
2.090 10.000 13.801 150.406 182.883
2.100 10.000 13.473 152.099 155.704
2.110 10.000 13.062 153.768 178.059
2.120 10.000 12.802 155.431 154.676
2.130 10.000 12.432 156.915 141.996
2.140 10.000 12.080 158.233 121.544
2.150 10.000 11.669 159.371 106.141
2.160 10.000 11.360 160.451 109.762
2.170 10.000 10.970 161.563 112.791
2.180 10.000 10.641 162.488 72.234
2.190 10.000 10.295 163.290 88.153
2.200 10.000 9.954 164.058 65.341
2.210 10.000 9.595 164.652 53.481
2.220 10.000 9.387 165.204 56.861
2.230 10.000 9.065 165.694 41.245
2.240 10.000 8.825 166.117 43.240
2.250 10.000 8.617 166.477 28.830
2.260 10.000 8.475 166.684 12.546
2.270 10.000 8.476 166.751 0.975
2.280 10.000 8.309 166.670 -17.169
2.290 10.000 8.264 166.475 -21.906
2.300 10.000 8.207 166.178 -37.479
2.310 10.000 8.349 165.777 -42.673
2.320 10.000 8.461 165.317 -49.332
2.330 10.000 8.709 164.763 -61.619
2.340 10.000 8.881 164.176 -55.641
2.350 10.000 8.905 163.580 -63.664
2.360 10.000 9.037 162.929 -66.442
2.370 10.000 9.239 162.249 -69.618
2.380 10.000 9.376 161.562 -67.700
2.390 10.000 9.429 160.552 -134.369
2.400 10.000 9.487 159.183 -139.395
2.410 10.000 9.613 157.990 -99.162
2.420 10.000 9.675 157.029 -93.117
2.430 10.000 9.708 156.165 -79.673
2.440 10.000 9.765 155.391 -75.193
2.450 10.000 9.752 154.563 -90.331
2.460 10.000 9.702 153.619 -98.611
2.470 10.000 9.833 152.595 -106.056
2.480 10.000 9.748 151.315 -149.885
2.490 10.000 9.751 150.023 -108.622
2.500 10.000 9.740 148.893 -117.430
2.510 10.000 9.679 147.724 -116.417
2.520 10.000 9.801 146.487 -130.848
2.530 10.000 9.876 145.154 -135.814
2.540 10.000 9.855 143.872 -120.430
2.550 10.000 9.711 142.604 -133.276
2.560 10.000 9.799 141.269 -133.668
2.570 10.000 9.957 140.062 -107.855
2.580 10.000 9.987 138.974 -109.801
2.590 10.000 10.002 137.890 -106.843
2.600 10.000 10.011 136.768 -117.601
2.610 10.000 10.024 135.571 -121.784
2.620 10.000 10.140 134.351 -122.271
2.630 10.000 10.246 133.142 -119.605
2.640 10.000 10.290 131.971 -114.395
2.650 10.000 10.183 130.834 -113.124
2.660 10.000 10.163 129.786 -96.438
2.670 10.000 10.213 128.688 -123.093
2.680 10.000 10.296 127.552 -104.201
2.690 10.000 10.330 126.609 -84.404
2.700 10.000 10.261 125.761 -85.142
2.710 10.000 10.149 124.849 -97.295
2.720 10.000 10.201 123.827 -107.062
2.730 10.000 10.237 122.760 -106.463
2.740 10.000 10.264 121.786 -88.372
2.750 10.000 10.172 120.916 -85.458
2.760 10.000 10.105 120.145 -68.850
2.770 10.000 10.005 119.395 -81.132
2.780 10.000 10.012 118.505 -96.824
2.790 10.000 10.031 117.470 -110.263
2.800 10.000 10.045 116.272 -129.262
2.810 10.000 9.967 115.121 -101.007
2.820 10.000 9.927 114.072 -108.727
2.830 10.000 9.866 113.031 -99.556
2.840 10.000 9.891 111.857 -135.111
2.850 10.000 9.963 110.704 -95.680
2.860 10.000 10.013 109.727 -99.580
2.870 10.000 9.822 108.458 -154.259
2.880 10.000 9.835 107.087 -120.042
2.890 10.000 9.879 105.909 -115.450
2.900 10.000 9.886 104.897 -86.954
2.910 10.000 10.010 103.980 -96.578
2.920 10.000 9.918 102.997 -99.847
2.930 10.000 9.941 102.021 -95.503
2.940 10.000 9.910 100.935 -121.657
2.950 10.000 10.026 99.545 -156.323
2.960 10.000 10.001 98.061 -140.310
2.970 10.000 10.105 96.780 -116.136
2.980 10.000 10.143 95.424 -154.978
2.990 10.000 10.087 93.910 -147.891
3.000 10.000 10.051 92.652 -103.544
3.010 10.000 10.063 91.711 -84.710
3.020 10.000 10.158 90.810 -95.524
3.030 10.000 10.154 89.958 -74.973
3.040 10.000 10.157 89.143 -87.876
3.050 10.000 10.193 88.277 -85.338
3.060 10.000 10.043 87.421 -85.817
3.070 10.000 10.009 86.627 -73.146
3.080 10.000 10.071 85.908 -70.667
3.090 10.000 10.188 85.153 -80.232
3.100 10.000 10.122 84.385 -73.333
3.110 10.000 9.996 83.465 -110.793
3.120 10.000 9.936 82.437 -94.811
3.130 10.000 10.044 81.532 -86.060
3.140 10.000 9.964 80.634 -93.537
3.150 10.000 10.000 79.738 -85.642
3.160 10.000 10.043 78.862 -89.598
3.170 10.000 9.973 77.997 -83.356
3.180 10.000 9.857 77.101 -95.965
3.190 10.000 9.884 75.864 -151.425
3.200 10.000 9.965 74.495 -122.299
3.210 10.000 9.991 73.534 -69.958
3.220 10.000 10.000 72.867 -63.494
3.230 10.000 9.817 72.188 -72.158
3.240 10.000 9.918 71.442 -77.214
3.250 10.000 9.950 70.666 -77.880
3.260 10.000 9.964 69.540 -147.334
3.270 10.000 10.048 68.376 -85.500
3.280 10.000 9.979 67.510 -87.677
3.290 10.000 9.990 66.667 -80.883
3.300 10.000 9.944 65.779 -96.732
3.310 10.000 9.997 64.494 -160.406
3.320 10.000 10.094 62.879 -162.484
3.330 10.000 10.086 61.506 -112.177
3.340 10.000 10.047 60.581 -72.758
3.350 10.000 9.968 59.828 -77.813
3.360 10.000 10.026 58.706 -146.655
3.370 10.000 10.116 57.528 -88.964
3.380 10.000 10.110 56.677 -81.176
3.390 10.000 10.064 55.933 -67.628
3.400 10.000 10.046 55.205 -78.013
3.410 10.000 10.004 54.290 -104.993
3.420 10.000 10.076 53.055 -142.066
3.430 10.000 10.102 51.697 -129.426
3.440 10.000 10.158 50.678 -74.200
3.450 10.000 9.952 49.876 -86.412
3.460 10.000 9.981 49.077 -73.266
3.470 10.000 10.017 48.070 -128.177
3.480 10.000 10.002 47.037 -78.491
3.490 10.000 10.020 46.274 -74.168
3.500 10.000 9.975 45.520 -76.592
3.510 10.000 9.938 44.697 -87.916
3.520 10.000 9.897 43.824 -86.785
3.530 10.000 9.871 42.911 -95.720
3.540 10.000 10.036 42.037 -79.109
3.550 10.000 10.017 41.225 -83.386
3.560 10.000 9.884 40.291 -103.274
3.570 10.000 9.859 39.029 -149.341
3.580 10.000 9.915 37.804 -95.521
3.590 10.000 9.990 36.603 -144.784
3.600 10.000 9.993 35.358 -104.101
3.610 10.000 9.947 34.396 -88.303
3.620 10.000 9.858 33.393 -112.393
3.630 10.000 10.022 32.119 -142.378
3.640 10.000 10.085 30.942 -92.950
3.650 10.000 9.999 29.720 -151.443
3.660 10.000 9.983 28.456 -101.392
3.670 10.000 9.962 27.194 -151.026
3.680 10.000 10.081 25.938 -100.242
3.690 10.000 10.128 24.718 -143.739
3.700 10.000 10.070 23.259 -148.114
3.710 10.000 10.059 21.769 -149.895
3.720 10.000 9.997 20.246 -154.610
3.730 10.000 10.010 19.092 -76.118
3.740 10.000 10.165 18.383 -65.858
3.750 10.000 10.094 17.651 -80.493
3.760 10.000 10.013 16.858 -78.121
3.770 10.000 9.983 16.017 -90.111
3.780 10.000 10.074 15.095 -94.240
3.790 10.000 10.071 14.199 -84.940
3.800 10.000 10.004 13.024 -150.144
3.810 10.000 9.954 11.864 -81.787
3.820 10.000 9.867 10.998 -91.420
3.830 10.000 10.043 9.921 -123.929
3.840 10.000 10.111 8.886 -83.175
3.850 10.000 9.871 7.787 -136.583
3.860 10.000 9.867 6.670 -86.801
3.870 10.000 9.949 5.618 -123.666
3.880 10.000 9.924 4.240 -151.819
3.890 10.000 9.977 3.088 -78.610
3.900 10.000 9.959 2.191 -100.877
3.910 12.500 9.916 1.146 -108.055
3.920 15.000 10.208 0.095 -102.141
3.930 17.501 10.927 -1.442 -205.062
3.940 20.000 13.007 -3.621 -230.919
3.950 22.501 16.703 -6.040 -252.773
3.960 25.000 23.267 -9.078 -355.029
3.970 27.500 27.398 -11.857 -200.865
3.980 30.000 30.826 -14.326 -292.903
3.990 32.500 32.464 -16.547 -151.156
4.000 35.000 33.789 -18.123 -164.109
4.010 35.000 35.186 -20.415 -294.336
4.020 35.000 36.122 -23.151 -252.599
4.030 35.000 36.504 -25.506 -218.620
4.040 35.000 37.227 -26.955 -71.173
4.050 35.000 37.279 -27.693 -76.503
4.060 35.000 35.934 -28.335 -51.845
4.070 35.000 35.127 -29.468 -174.697
4.080 35.000 34.002 -31.024 -136.528
4.090 35.000 34.835 -32.585 -175.769
4.100 35.000 35.095 -33.703 -47.880
4.110 35.000 35.433 -34.773 -166.068
4.120 35.000 35.764 -36.227 -124.692
4.130 35.000 35.934 -36.643 41.397
4.140 35.000 35.912 -36.090 69.341
4.150 35.000 36.016 -35.359 76.785
4.160 35.000 36.242 -34.605 74.070
4.170 35.000 36.264 -33.955 56.001
4.180 35.000 36.337 -33.533 28.408
4.190 35.000 35.988 -33.154 47.279
4.200 35.000 35.521 -32.427 98.125
4.210 35.000 35.360 -31.222 142.982
4.220 35.000 35.233 -29.944 112.506
4.230 35.000 35.239 -29.214 33.646
4.240 35.000 35.288 -28.291 150.816
4.250 35.000 35.597 -26.763 154.757
4.260 35.000 35.447 -25.401 117.735
4.270 35.000 35.594 -24.649 32.576
4.280 35.000 35.395 -23.670 163.245
4.290 35.000 35.325 -22.412 88.466
4.300 35.000 35.332 -21.637 66.545
4.310 35.000 35.518 -20.694 121.931
4.320 35.000 35.391 -19.419 133.199
4.330 35.000 35.318 -18.544 41.765
4.340 35.000 35.737 -17.903 86.395
4.350 35.000 35.649 -16.347 224.804
4.360 35.000 35.530 -14.096 225.535
4.370 35.000 35.672 -11.989 195.772
4.380 35.000 35.528 -10.074 187.308
4.390 35.000 35.494 -8.702 87.018
4.400 35.000 35.317 -7.869 79.627
4.410 35.000 35.348 -6.694 155.305
4.420 35.000 35.375 -4.888 205.997
4.430 35.000 35.345 -2.704 230.768
4.440 35.000 35.031 -0.195 270.982
4.450 35.000 35.152 2.504 268.956
4.460 35.000 35.240 5.170 263.955
4.470 35.000 34.896 7.968 295.909
4.480 35.000 34.757 10.788 267.962
4.490 35.000 35.078 13.016 177.738
4.500 35.000 34.857 14.873 193.603
4.510 35.000 34.728 17.042 240.308
4.520 35.000 34.671 19.113 173.821
4.530 35.000 34.930 20.773 158.049
4.540 35.000 34.902 22.506 188.729
4.550 35.000 34.654 24.107 131.463
4.560 35.000 34.604 25.339 114.932
4.570 35.000 35.031 26.938 204.643
4.580 35.000 34.791 29.208 249.748
4.590 35.000 34.810 31.126 133.740
4.600 35.000 34.943 32.362 113.468
4.610 35.000 35.067 33.772 168.536
4.620 35.000 34.894 35.262 129.399
4.630 35.000 35.155 37.082 234.498
4.640 35.000 35.114 39.385 226.285
4.650 35.000 35.018 41.575 211.827
4.660 35.000 35.127 43.177 108.429
4.670 35.000 35.167 44.316 119.400
4.680 35.000 35.148 46.157 248.935
4.690 35.000 35.024 48.413 201.981
4.700 35.000 35.179 50.561 227.746
4.710 35.000 35.175 53.051 270.394
4.720 35.000 34.986 55.614 242.209
4.730 35.000 34.880 58.065 247.940
4.740 35.000 35.327 60.656 270.189
4.750 35.000 34.813 63.377 273.934
4.760 35.000 35.026 66.070 264.849
4.770 35.000 34.954 68.766 274.405
4.780 35.000 34.960 70.946 161.437
4.790 35.000 34.902 72.895 228.424
4.800 35.000 34.953 75.139 220.474
4.810 35.000 34.953 77.249 201.445
4.820 35.000 34.955 79.455 239.810
4.830 35.000 34.867 81.858 240.761
4.840 35.000 35.061 84.172 221.873
4.850 35.000 34.837 86.475 238.835
4.860 35.000 35.010 88.916 249.471
4.870 35.000 34.943 91.241 215.553
4.880 35.000 34.912 93.525 241.193
4.890 35.000 35.012 95.824 218.672
4.900 35.000 35.029 98.135 243.429
4.910 10.000 34.959 100.550 239.471
4.920 10.000 34.224 102.720 194.627
4.930 10.000 23.942 105.952 451.839
4.940 10.000 23.555 110.241 405.889
4.950 10.000 20.947 114.038 353.630
4.960 10.000 20.741 117.472 333.012
4.970 10.000 19.889 120.664 305.402
4.980 10.000 19.325 123.798 321.554
4.990 10.000 18.780 126.919 302.564
5.000 10.000 18.196 129.694 252.558
5.010 10.000 17.702 132.021 212.813
5.020 10.000 17.117 134.387 260.200
5.030 10.000 16.854 137.025 267.651
5.040 10.000 16.368 139.619 250.976
5.050 10.000 15.976 142.044 234.159
5.060 10.000 15.453 144.261 209.211
5.070 10.000 15.153 146.393 217.163
5.080 10.000 14.658 148.367 177.591
5.090 10.000 14.190 149.806 110.339
5.100 10.000 13.838 150.901 108.516
5.110 10.000 13.456 152.306 172.522
5.120 10.000 13.130 153.916 149.623
5.130 10.000 12.756 155.291 125.218
5.140 10.000 12.329 156.548 126.323
5.150 10.000 11.920 157.504 64.676
5.160 10.000 11.610 158.238 82.275
5.170 10.000 11.294 159.118 93.657
5.180 10.000 10.951 159.997 82.092
5.190 10.000 10.589 160.803 79.145
5.200 10.000 10.315 161.583 76.804
5.210 10.000 9.933 162.333 73.214
5.220 10.000 9.762 163.057 71.690
5.230 10.000 9.394 163.773 71.388
5.240 10.000 9.056 164.375 49.158
5.250 10.000 8.814 164.720 19.797
5.260 10.000 8.646 164.831 2.503
5.270 10.000 8.556 164.596 -49.598
5.280 10.000 8.403 164.235 -22.679
5.290 10.000 8.374 164.052 -13.884
5.300 10.000 8.287 163.903 -15.944
5.310 10.000 8.237 163.671 -30.494
5.320 10.000 8.227 163.316 -40.399
5.330 10.000 8.355 162.849 -53.081
5.340 10.000 8.721 162.266 -63.512
5.350 10.000 8.877 161.621 -65.404
5.360 10.000 8.919 160.900 -78.842
5.370 10.000 9.049 159.917 -117.853
5.380 10.000 9.166 158.603 -144.912
5.390 10.000 9.326 157.268 -122.082
5.400 10.000 9.404 156.295 -72.476
5.410 10.000 9.515 155.494 -87.762
5.420 10.000 9.592 154.593 -92.375
5.430 10.000 9.669 153.689 -88.423
5.440 10.000 9.694 152.774 -94.545
5.450 10.000 9.768 151.821 -96.081
5.460 10.000 9.765 150.823 -103.561
5.470 10.000 9.698 149.786 -103.761
5.480 10.000 9.769 148.656 -122.300
5.490 10.000 9.780 147.412 -126.584
5.500 10.000 9.736 146.176 -120.557
5.510 10.000 9.765 144.728 -168.901
5.520 10.000 9.723 143.278 -121.282
5.530 10.000 9.821 142.075 -119.309
5.540 10.000 9.880 140.521 -191.380
5.550 10.000 9.851 138.905 -132.014
5.560 10.000 9.671 137.559 -137.118
5.570 10.000 9.808 136.235 -127.565
5.580 10.000 9.950 134.864 -146.630
5.590 10.000 10.035 133.493 -127.598
5.600 10.000 10.023 132.294 -112.336
5.610 10.000 9.936 131.021 -142.146
5.620 10.000 10.005 129.336 -194.849
5.630 10.000 10.195 127.432 -186.058
5.640 10.000 10.278 125.658 -168.684
5.650 10.000 10.218 123.950 -172.965
5.660 10.000 10.202 122.389 -139.230
5.670 10.000 10.159 121.068 -124.956
5.680 10.000 10.219 119.516 -185.502
5.690 10.000 10.353 117.719 -173.944
5.700 10.000 10.336 116.350 -99.738
5.710 10.000 10.210 115.055 -159.389
5.720 10.000 10.157 113.631 -125.329
5.730 10.000 10.188 112.256 -149.700
5.740 10.000 10.309 111.006 -100.179
5.750 10.000 10.240 110.001 -100.857
5.760 10.000 10.210 108.994 -100.555
5.770 10.000 10.105 108.067 -84.841
5.780 10.000 10.039 107.193 -90.083
5.790 10.000 10.000 106.064 -135.576
5.800 10.000 10.053 104.679 -141.584
5.810 10.000 10.058 103.458 -102.438
5.820 10.000 9.952 102.418 -105.611
5.830 10.000 9.837 101.440 -89.943
5.840 10.000 9.870 100.460 -106.129
5.850 10.000 9.972 99.202 -145.461
5.860 10.000 9.926 98.035 -87.985
5.870 10.000 9.931 97.215 -76.039
5.880 10.000 9.822 96.316 -103.727
5.890 10.000 9.801 95.344 -90.590
5.900 10.000 9.833 94.329 -112.503
5.910 10.000 10.010 93.310 -91.343
5.920 10.000 9.998 92.324 -105.867
5.930 10.000 9.928 91.028 -153.211
5.940 10.000 9.905 89.767 -98.913
5.950 10.000 9.891 88.708 -112.973
5.960 10.000 10.087 87.632 -102.218
5.970 10.000 10.097 86.309 -162.396
5.980 10.000 10.056 84.629 -173.695
5.990 10.000 10.041 83.145 -123.092
6.000 10.000 10.015 82.000 -105.881
6.010 10.000 10.031 80.958 -102.589
6.020 10.000 10.147 79.966 -95.770
6.030 10.000 10.155 79.036 -90.294
6.040 10.000 10.218 78.201 -76.653
6.050 10.000 10.090 77.235 -116.556
6.060 10.000 10.131 76.260 -78.341
6.070 10.000 10.025 75.402 -93.395
6.080 10.000 10.122 74.579 -71.163
6.090 10.000 10.235 73.863 -72.109
6.100 10.000 10.125 73.039 -92.602
6.110 10.000 10.037 72.142 -86.816
6.120 10.000 10.007 71.285 -84.643
6.130 10.000 9.977 70.360 -100.259
6.140 10.000 10.066 69.425 -86.824
6.150 10.000 10.032 68.301 -137.748
6.160 10.000 10.045 67.114 -99.768
6.170 10.000 9.855 65.866 -149.942
6.180 10.000 9.946 64.568 -109.663
6.190 10.000 9.949 63.282 -147.436
6.200 10.000 9.951 61.756 -157.846
6.210 10.000 9.970 60.276 -138.170
6.220 10.000 9.944 59.085 -99.991
6.230 10.000 9.928 58.201 -76.774
6.240 10.000 9.839 56.987 -166.157
6.250 10.000 9.889 55.344 -162.247
6.260 10.000 9.961 54.116 -83.438
6.270 10.000 10.004 53.248 -90.224
6.280 10.000 10.023 52.345 -90.346
6.290 10.000 9.886 51.434 -91.737
6.300 10.000 9.899 50.559 -83.295
6.310 10.000 10.043 49.683 -92.057
6.320 10.000 10.022 48.670 -110.533
6.330 10.000 10.093 47.637 -95.996
6.340 10.000 10.076 46.687 -94.015
6.350 10.000 9.966 45.776 -88.224
6.360 10.000 9.997 44.980 -70.875
6.370 10.000 10.051 44.258 -73.635
6.380 10.000 10.165 43.489 -80.036
6.390 10.000 10.049 42.732 -71.439
6.400 10.000 10.074 42.030 -68.980
6.410 10.000 10.031 41.311 -74.803
6.420 10.000 10.036 40.395 -108.366
6.430 10.000 10.145 39.404 -89.753
6.440 10.000 10.034 38.599 -71.356
6.450 10.000 10.055 37.923 -63.921
6.460 10.000 9.959 37.173 -85.954
6.470 10.000 9.961 36.253 -98.026
6.480 10.000 10.083 35.001 -152.377
6.490 10.000 10.095 33.514 -145.115
6.500 10.000 9.992 32.356 -86.442
6.510 10.000 9.921 31.557 -73.310
6.520 10.000 9.872 30.787 -80.695
6.530 10.000 10.012 29.855 -105.827
6.540 10.000 10.053 28.678 -129.532
6.550 10.000 9.964 27.645 -76.993
6.560 10.000 9.905 26.809 -90.357
6.570 10.000 9.951 25.933 -84.872
6.580 10.000 9.921 24.838 -133.952
6.590 10.000 10.011 23.689 -95.921
6.600 10.000 10.044 22.895 -62.843
6.610 10.000 9.871 22.194 -77.314
6.620 10.000 9.933 21.320 -97.554
6.630 10.000 10.057 20.375 -91.523
6.640 10.000 9.948 19.522 -79.008
6.650 10.000 10.045 18.812 -63.030
6.660 10.000 9.927 18.142 -70.937
6.670 10.000 9.886 17.059 -145.661
6.680 10.000 10.082 15.665 -133.171
6.690 10.000 10.034 14.545 -90.820
6.700 10.000 10.101 13.645 -89.098
6.710 10.000 9.964 12.643 -111.283
6.720 10.000 9.915 11.277 -162.040
6.730 10.000 10.086 9.646 -164.180
6.740 10.000 10.125 8.083 -148.324
6.750 10.000 10.073 6.669 -134.496
6.760 10.000 10.014 5.447 -110.043
6.770 10.000 10.013 4.512 -76.868
6.780 10.000 9.995 3.777 -70.183
6.790 10.000 9.988 3.100 -65.169
6.800 10.000 10.060 2.454 -64.003
6.810 10.000 9.988 1.706 -85.594
6.820 10.000 10.056 0.915 -72.609
6.830 10.000 9.933 0.126 -85.273
6.840 10.000 9.917 -0.735 -86.935
6.850 10.000 10.001 -1.571 -80.262
6.860 10.000 10.005 -2.701 -145.675
6.870 10.000 10.043 -3.933 -100.778
6.880 10.000 9.929 -4.920 -96.514
6.890 10.000 9.875 -5.829 -85.275
6.900 10.000 10.032 -6.731 -95.243
6.910 10.000 10.025 -7.628 -84.059
6.920 12.500 10.004 -8.351 -60.524
6.930 15.001 10.219 -9.042 -77.623
6.940 17.500 10.809 -10.396 -193.323
6.950 20.000 12.869 -12.310 -189.449
6.960 22.500 16.736 -14.492 -247.056
6.970 25.001 23.404 -17.603 -374.824
6.980 27.500 27.526 -20.360 -176.962
6.990 30.000 30.782 -22.020 -155.051
7.000 32.500 32.536 -23.494 -139.593
7.010 35.000 33.812 -24.705 -102.716
7.020 35.000 35.023 -26.605 -277.246
7.030 35.000 36.015 -28.822 -166.206
7.040 35.000 36.473 -30.212 -111.705
7.050 35.000 37.204 -31.289 -103.624
7.060 35.000 37.291 -32.458 -130.187
7.070 35.000 36.014 -33.575 -93.161
7.080 35.000 35.265 -34.741 -140.229
7.090 35.000 34.294 -35.733 -58.079
7.100 35.000 34.450 -36.739 -143.156
7.110 35.000 34.938 -38.197 -148.531
7.120 35.000 35.686 -38.682 51.655
7.130 35.000 36.011 -38.316 21.425
7.140 35.000 36.158 -38.138 14.302
7.150 35.000 35.859 -37.958 21.536
7.160 35.000 35.880 -38.498 -129.523
7.170 35.000 35.836 -39.662 -103.232
7.180 35.000 36.011 -40.007 34.263
7.190 35.000 36.302 -39.752 16.628
7.200 35.000 36.319 -39.171 99.759
7.210 35.000 35.870 -38.613 11.832
7.220 35.000 35.467 -38.503 10.103
7.230 35.000 35.127 -37.517 187.081
7.240 35.000 34.868 -35.678 180.690
7.250 35.000 35.419 -34.511 52.717
7.260 35.000 35.677 -33.491 151.327
7.270 35.000 35.582 -31.795 187.833
7.280 35.000 35.336 -29.900 191.267
7.290 35.000 35.269 -27.994 189.920
7.300 35.000 35.448 -25.995 209.764
7.310 35.000 35.321 -24.684 52.357
7.320 35.000 35.472 -23.170 250.691
7.330 35.000 35.467 -20.646 253.969
7.340 35.000 35.534 -18.185 238.019
7.350 35.000 35.574 -16.430 113.237
7.360 35.000 35.741 -15.272 118.257
7.370 35.000 35.698 -13.488 238.702
7.380 35.000 35.629 -11.701 118.641
7.390 35.000 35.378 -9.969 227.736
7.400 35.000 35.546 -7.438 278.198
7.410 35.000 35.273 -4.660 277.803
7.420 35.000 35.413 -2.032 247.698
7.430 35.000 35.179 0.284 215.553
7.440 35.000 35.373 2.639 255.357
7.450 35.000 35.133 5.146 246.025
7.460 35.000 35.168 7.739 272.344
7.470 35.000 35.178 9.933 166.752
7.480 35.000 34.897 11.621 170.846
7.490 35.000 34.883 13.731 251.086
7.500 35.000 34.859 16.185 239.815
7.510 35.000 34.812 18.806 284.351
7.520 35.000 34.719 21.489 252.255
7.530 35.000 34.766 23.511 152.241
7.540 35.000 34.799 25.107 166.845
7.550 35.000 34.803 27.243 260.328
7.560 35.000 34.762 29.719 234.984
7.570 35.000 34.714 31.620 145.207
7.580 35.000 34.921 33.426 215.904
7.590 35.000 34.928 35.563 211.518
7.600 35.000 34.949 37.693 214.458
7.610 35.000 34.926 39.955 237.958
7.620 35.000 34.939 41.846 140.285
7.630 35.000 35.017 43.069 104.261
7.640 35.000 35.042 44.139 109.780
7.650 35.000 35.108 45.379 138.219
7.660 35.000 35.032 47.183 222.435
7.670 35.000 35.137 49.441 229.438
7.680 35.000 35.056 51.244 131.110
7.690 35.000 35.234 53.062 232.516
7.700 35.000 35.053 55.522 259.461
7.710 35.000 35.005 57.691 174.323
7.720 35.000 35.245 59.042 95.962
7.730 35.000 35.024 60.071 109.822
7.740 35.000 35.075 61.247 125.132
7.750 35.000 35.044 62.534 132.405
7.760 35.000 35.142 63.816 124.092
7.770 35.000 34.898 65.239 160.556
7.780 35.000 34.984 66.812 153.978
7.790 35.000 35.033 68.261 135.856
7.800 35.000 34.883 69.795 170.870
7.810 35.000 34.812 71.807 231.575
7.820 35.000 34.949 74.144 235.782
7.830 35.000 34.879 76.236 182.652
7.840 35.000 34.793 78.213 212.698
7.850 35.000 35.111 80.493 243.393
7.860 35.000 34.936 83.056 269.078
7.870 35.000 35.001 85.736 267.161
7.880 35.000 35.022 88.146 214.791
7.890 35.000 34.987 89.754 106.865
7.900 35.000 34.910 90.923 126.774
7.910 35.000 34.999 92.208 130.345
7.920 10.000 35.169 93.632 154.333
7.930 10.000 34.306 95.672 253.777
7.940 10.000 23.915 99.251 462.130
7.950 10.000 23.458 103.660 419.521
7.960 10.000 20.818 107.512 350.904
7.970 10.000 20.584 110.512 249.098
7.980 10.000 19.840 113.274 303.316
7.990 10.000 19.291 116.379 317.688
8.000 10.000 18.728 119.504 307.431
8.010 10.000 18.245 122.120 215.585
8.020 10.000 17.754 124.473 255.080
8.030 10.000 17.332 127.120 274.264
8.040 10.000 16.741 129.760 253.925
8.050 10.000 16.361 132.203 234.631
8.060 10.000 15.834 134.454 215.528
8.070 10.000 15.521 136.517 197.109
8.080 10.000 15.051 138.419 183.260
8.090 10.000 14.574 140.348 202.566
8.100 10.000 14.215 142.409 209.596
8.110 10.000 13.871 144.299 168.411
8.120 10.000 13.406 145.701 111.946
8.130 10.000 13.132 146.736 95.133
8.140 10.000 12.705 147.797 117.155
8.150 10.000 12.353 148.782 79.639
8.160 10.000 11.915 149.445 53.066
8.170 10.000 11.609 149.942 46.409
8.180 10.000 11.285 150.461 57.391
8.190 10.000 10.891 151.168 83.896
8.200 10.000 10.630 151.989 80.434
8.210 10.000 10.370 152.713 64.250
8.220 10.000 10.029 153.153 23.690
8.230 10.000 9.739 153.591 63.949
8.240 10.000 9.294 154.111 40.142
8.250 10.000 9.053 154.613 60.237
8.260 10.000 8.757 155.084 33.874
8.270 10.000 8.634 155.352 19.826
8.280 10.000 8.488 155.501 10.001
8.290 10.000 8.487 155.577 5.169
8.300 10.000 8.349 155.487 -23.180
8.310 10.000 8.249 155.214 -31.353
8.320 10.000 8.179 154.901 -31.284
8.330 10.000 8.311 154.585 -31.904
8.340 10.000 8.483 154.049 -75.317
8.350 10.000 8.737 153.024 -129.783
8.360 10.000 8.784 152.131 -48.722
8.370 10.000 8.939 151.557 -66.094
8.380 10.000 9.080 150.750 -95.187
8.390 10.000 9.165 149.909 -73.150
8.400 10.000 9.298 149.156 -77.451
8.410 10.000 9.424 148.476 -58.603
8.420 10.000 9.552 147.867 -63.225
8.430 10.000 9.606 147.199 -70.345
8.440 10.000 9.641 146.470 -75.419
8.450 10.000 9.714 145.576 -103.449
8.460 10.000 9.769 144.656 -80.565
8.470 10.000 9.758 143.829 -84.731
8.480 10.000 9.639 142.920 -97.139
8.490 10.000 9.742 141.907 -105.430
8.500 10.000 9.823 140.858 -104.228
8.510 10.000 9.798 139.831 -101.337
8.520 10.000 9.745 138.790 -106.770
8.530 10.000 9.687 137.693 -112.708
8.540 10.000 9.835 136.605 -104.890
8.550 10.000 9.871 135.460 -124.189
8.560 10.000 9.843 134.318 -104.127
8.570 10.000 9.791 133.182 -122.991
8.580 10.000 9.885 131.974 -118.791
8.590 10.000 9.817 130.690 -137.986
8.600 10.000 10.021 129.360 -127.902
8.610 10.000 10.127 128.212 -101.631
8.620 10.000 10.019 127.193 -102.314
8.630 10.000 10.034 126.194 -97.493
8.640 10.000 10.084 125.221 -96.989
8.650 10.000 10.243 124.193 -108.703
8.660 10.000 10.331 123.145 -100.879
8.670 10.000 10.229 122.126 -102.878
8.680 10.000 10.164 121.067 -108.884
8.690 10.000 10.159 119.963 -112.057
8.700 10.000 10.301 118.850 -110.579
8.710 10.000 10.321 117.801 -99.154
8.720 10.000 10.268 116.767 -107.581
8.730 10.000 10.246 115.801 -85.583
8.740 10.000 10.193 114.965 -81.696
8.750 10.000 10.099 114.164 -78.473
8.760 10.000 10.238 113.429 -68.622
8.770 10.000 10.193 112.801 -56.865
8.780 10.000 10.133 112.196 -64.197
8.790 10.000 9.950 111.558 -63.480
8.800 10.000 9.948 110.915 -65.130
8.810 10.000 10.024 110.192 -79.328
8.820 10.000 10.012 109.131 -132.971
8.830 10.000 9.999 108.028 -87.640
8.840 10.000 9.852 107.083 -101.331
8.850 10.000 9.867 106.208 -73.664
8.860 10.000 9.858 105.352 -97.485
8.870 10.000 9.904 104.461 -80.857
8.880 10.000 9.976 103.604 -90.338
8.890 10.000 9.887 102.714 -87.767
8.900 10.000 9.890 101.779 -99.276
8.910 10.000 9.888 100.899 -76.765
8.920 10.000 9.845 99.954 -112.073
8.930 10.000 10.031 98.919 -95.015
8.940 10.000 9.997 97.857 -117.269
8.950 10.000 10.049 96.816 -91.079
8.960 10.000 9.921 95.920 -88.131
8.970 10.000 10.001 95.049 -86.019
8.980 10.000 10.025 94.008 -122.160
8.990 10.000 10.172 92.926 -94.293
9.000 10.000 10.161 92.037 -83.414
9.010 10.000 10.146 91.161 -91.841
9.020 10.000 10.026 90.298 -80.892
9.030 10.000 10.059 89.462 -86.168
9.040 10.000 10.136 88.616 -83.155
9.050 10.000 10.146 87.776 -84.818
9.060 10.000 10.132 86.910 -88.358
9.070 10.000 10.190 86.031 -87.370
9.080 10.000 10.042 85.149 -88.925
9.090 10.000 9.989 84.260 -88.988
9.100 10.000 10.031 83.490 -65.017
9.110 10.000 10.136 82.730 -86.977
9.120 10.000 10.152 81.843 -90.376
9.130 10.000 10.057 81.023 -73.590
9.140 10.000 10.006 80.344 -62.275
9.150 10.000 9.920 79.611 -84.310
9.160 10.000 9.971 78.698 -98.401
9.170 10.000 9.997 77.808 -79.555
9.180 10.000 9.941 77.030 -76.133
9.190 10.000 10.042 76.319 -65.885
9.200 10.000 9.911 75.638 -70.461
9.210 10.000 9.905 74.946 -67.824
9.220 10.000 9.819 73.948 -131.706
9.230 10.000 9.950 72.575 -142.969
9.240 10.000 10.046 71.348 -102.501
9.250 10.000 9.927 70.097 -147.721
9.260 10.000 9.951 68.899 -91.938
9.270 10.000 9.833 68.098 -68.306
9.280 10.000 9.942 67.380 -75.137
9.290 10.000 10.012 66.517 -97.374
9.300 10.000 9.973 65.607 -84.785
9.310 10.000 10.053 64.767 -83.227
9.320 10.000 9.980 64.015 -67.214
9.330 10.000 9.938 63.324 -71.007
9.340 10.000 10.016 62.603 -73.123
9.350 10.000 10.078 61.553 -136.711
9.360 10.000 10.127 60.493 -75.452
9.370 10.000 10.048 59.781 -66.950
9.380 10.000 10.052 59.090 -71.281
9.390 10.000 9.993 58.057 -135.320
9.400 10.000 10.145 56.913 -93.369
9.410 10.000 10.185 56.113 -66.714
9.420 10.000 10.081 55.391 -77.647
9.430 10.000 10.066 54.660 -68.544
9.440 10.000 10.024 53.901 -83.305
9.450 10.000 10.037 53.002 -96.593
9.460 10.000 10.100 51.913 -121.101
9.470 10.000 10.093 50.734 -114.634
9.480 10.000 9.996 49.725 -87.230
9.490 10.000 9.898 48.946 -68.534
9.500 10.000 9.922 48.278 -65.070
9.510 10.000 10.060 47.674 -55.736
9.520 10.000 9.956 47.085 -62.179
9.530 10.000 9.981 46.434 -67.966
9.540 10.000 9.854 45.621 -94.575
9.550 10.000 9.887 44.526 -124.396
9.560 10.000 9.958 43.277 -125.561
9.570 10.000 10.037 42.255 -78.840
9.580 10.000 9.879 41.540 -64.150
9.590 10.000 9.897 40.880 -67.825
9.600 10.000 9.895 40.169 -74.290
9.610 10.000 9.896 39.388 -81.910
9.620 10.000 10.016 38.582 -79.433
9.630 10.000 10.036 37.474 -142.022
9.640 10.000 9.915 36.249 -103.052
9.650 10.000 9.929 35.297 -87.404
9.660 10.000 10.021 34.158 -140.345
9.670 10.000 10.006 32.749 -141.505
9.680 10.000 10.067 31.389 -130.490
9.690 10.000 10.029 30.326 -81.993
9.700 10.000 10.062 29.560 -71.323
9.710 10.000 9.986 28.776 -85.310
9.720 10.000 10.048 27.879 -94.194
9.730 10.000 10.111 27.070 -67.612
9.740 10.000 10.146 26.297 -87.024
9.750 10.000 10.094 25.483 -75.691
9.760 10.000 10.001 24.674 -86.200
9.770 10.000 10.002 23.880 -72.520
9.780 10.000 10.091 23.177 -68.156
9.790 10.000 10.078 22.355 -96.312
9.800 10.000 10.095 21.484 -77.769
9.810 10.000 9.931 20.637 -91.727
9.820 10.000 9.933 19.810 -73.590
9.830 10.000 10.044 19.026 -83.286
9.840 10.000 10.082 17.952 -131.445
9.850 10.000 10.048 16.946 -69.712
9.860 10.000 9.938 16.071 -105.409
9.870 10.000 9.905 15.195 -69.627
9.880 10.000 9.903 14.147 -140.046
9.890 10.000 10.015 12.800 -129.392
9.900 10.000 9.975 11.612 -108.304
9.910 10.000 9.842 10.606 -92.831
9.920 10.000 9.918 9.719 -84.674
9.930 12.501 9.932 8.735 -112.037
9.940 15.000 10.214 7.684 -98.192
9.950 17.500 10.910 6.325 -173.568
9.960 20.000 12.869 4.167 -257.944
9.970 22.500 16.772 1.520 -271.606
9.980 25.000 23.348 -1.368 -305.897
9.990 27.500 27.477 -3.804 -181.314
10.000 30.000 30.960 -5.508 -159.517
10.010 32.500 32.501 -7.462 -231.355
10.020 35.000 33.966 -9.930 -262.116
10.030 35.000 34.808 -12.484 -248.771
10.040 35.000 35.931 -14.639 -182.314
10.050 35.000 36.621 -17.008 -291.474
10.060 35.000 37.110 -18.864 -79.788
10.070 35.000 37.310 -19.849 -117.174
10.080 35.000 36.550 -21.288 -170.534
10.090 35.000 35.270 -21.817 64.633
10.100 35.000 34.275 -21.310 36.821
10.110 35.000 34.084 -21.668 -108.506
10.120 35.000 34.384 -23.123 -182.329
10.130 35.000 35.644 -24.980 -189.205
10.140 35.000 36.079 -26.060 -26.685
10.150 35.000 36.352 -25.869 64.788
10.160 35.000 36.201 -25.215 66.126
10.170 35.000 36.267 -24.499 77.060
10.180 35.000 36.011 -24.578 -92.918
10.190 35.000 36.136 -25.714 -134.360
10.200 35.000 35.949 -26.762 -75.191
10.210 35.000 35.934 -26.753 76.955
10.220 35.000 35.704 -25.620 149.686
10.230 35.000 35.329 -24.256 123.172
10.240 35.000 35.223 -23.776 -27.298
10.250 35.000 35.316 -23.656 51.316
10.260 35.000 35.346 -23.337 12.444
10.270 35.000 35.310 -23.227 9.684
10.280 35.000 35.524 -22.417 152.304
10.290 35.000 35.454 -20.743 182.489
10.300 35.000 35.258 -19.612 43.690
10.310 35.000 35.583 -18.853 108.122
10.320 35.000 35.476 -17.746 113.200
10.330 35.000 35.315 -16.066 222.837
10.340 35.000 35.540 -14.458 98.741
10.350 35.000 35.611 -12.875 217.882
10.360 35.000 35.489 -11.296 97.779
10.370 35.000 35.640 -10.168 127.980
10.380 35.000 35.709 -8.459 213.770
10.390 35.000 35.570 -6.174 243.201
10.400 35.000 35.490 -3.899 211.910
10.410 35.000 35.495 -2.124 143.154
10.420 35.000 35.191 -0.931 95.272
10.430 35.000 35.448 0.130 117.044
10.440 35.000 35.294 2.131 283.141
10.450 35.000 35.196 5.019 294.109
10.460 35.000 35.180 7.849 272.249
10.470 35.000 35.099 10.466 251.091
10.480 35.000 35.067 13.196 294.932
10.490 35.000 34.983 16.052 276.292
10.500 35.000 35.041 18.720 257.238
10.510 35.000 34.875 21.337 266.161
10.520 35.000 34.861 24.188 304.125
10.530 35.000 34.883 27.272 312.634
10.540 35.000 34.803 30.054 243.876
10.550 35.000 34.722 32.135 172.187
10.560 35.000 34.701 33.680 136.816
10.570 35.000 34.942 35.421 211.392
10.580 35.000 34.735 37.737 251.843
10.590 35.000 34.808 39.994 199.477
10.600 35.000 34.841 41.609 123.546
10.610 35.000 34.977 43.259 206.496
10.620 35.000 34.804 44.930 127.687
10.630 35.000 34.977 46.205 127.331
10.640 35.000 34.903 48.039 239.629
10.650 35.000 35.151 50.607 273.845
10.660 35.000 34.849 53.335 271.476
10.670 35.000 35.382 55.948 251.346
10.680 35.000 35.082 58.289 216.906
10.690 35.000 35.039 59.982 121.744
10.700 35.000 35.226 61.633 208.382
10.710 35.000 35.249 63.859 236.981
10.720 35.000 35.088 66.444 279.925
10.730 35.000 34.957 69.136 258.439
10.740 35.000 35.113 71.536 221.522
10.750 35.000 35.098 73.550 181.421
10.760 35.000 34.952 75.683 245.114
10.770 35.000 35.003 78.295 277.311
10.780 35.000 34.981 80.910 245.670
10.790 35.000 34.897 83.365 245.343
10.800 35.000 34.983 85.834 248.424
10.810 35.000 34.940 88.310 246.735
10.820 35.000 34.996 90.764 244.045
10.830 35.000 34.725 93.094 221.915
10.840 35.000 34.902 94.898 139.079
10.850 35.000 35.161 96.232 127.571
10.860 35.000 34.851 97.521 130.240
10.870 35.000 34.994 99.204 206.496
10.880 35.000 35.004 100.934 139.436
10.890 35.000 34.851 102.664 206.579
10.900 35.000 34.991 104.681 196.771
10.910 35.000 34.984 106.306 128.288
10.920 35.000 35.037 107.585 127.497
10.930 10.000 34.867 108.729 101.279
10.940 10.000 34.398 109.910 134.867
10.950 10.000 23.925 112.869 456.924
10.960 10.000 23.427 117.215 412.548
10.970 10.000 20.920 121.091 362.447
10.980 10.000 20.533 124.578 335.037
10.990 10.000 19.745 127.633 275.913
11.000 10.000 19.175 130.502 297.598
11.010 10.000 18.806 133.346 271.563
11.020 10.000 18.237 135.801 219.419
11.030 10.000 17.658 138.100 240.504
11.040 10.000 17.301 140.213 181.938
11.050 10.000 16.839 142.207 217.044
11.060 10.000 16.265 144.409 222.977
11.070 10.000 15.910 146.623 220.195
11.080 10.000 15.473 148.794 213.872
11.090 10.000 15.120 150.915 210.407
11.100 10.000 14.685 152.993 205.151
11.110 10.000 14.225 155.055 207.230
11.120 10.000 13.871 157.032 188.305
11.130 10.000 13.428 158.839 173.134
11.140 10.000 13.060 160.449 148.875
11.150 10.000 12.750 161.925 146.110
11.160 10.000 12.363 163.298 128.532
11.170 10.000 12.015 164.483 108.427
11.180 10.000 11.666 165.579 110.965
11.190 10.000 11.285 166.628 98.797
11.200 10.000 10.906 167.633 102.062
11.210 10.000 10.587 168.542 79.861
11.220 10.000 10.294 169.362 84.022
11.230 10.000 9.963 170.152 74.099
11.240 10.000 9.644 170.753 46.033
11.250 10.000 9.334 171.216 46.634
11.260 10.000 9.028 171.706 51.318
11.270 10.000 8.849 172.230 53.418
11.280 10.000 8.613 172.579 16.534
11.290 10.000 8.469 172.607 -10.908
11.300 10.000 8.443 172.516 -7.365
11.310 10.000 8.329 172.357 -24.388
11.320 10.000 8.264 172.125 -22.094
11.330 10.000 8.224 171.900 -22.798
11.340 10.000 8.319 171.604 -36.439
11.350 10.000 8.452 171.084 -67.639
11.360 10.000 8.654 170.433 -62.468
11.370 10.000 8.897 169.832 -57.783
11.380 10.000 9.015 169.175 -73.583
11.390 10.000 9.052 168.408 -79.794
11.400 10.000 9.147 167.626 -76.699
11.410 10.000 9.266 166.896 -69.238
11.420 10.000 9.429 166.106 -88.741
11.430 10.000 9.559 165.197 -93.213
11.440 10.000 9.628 164.319 -82.305
11.450 10.000 9.696 163.467 -88.099
11.460 10.000 9.711 162.565 -92.320
11.470 10.000 9.757 161.700 -80.603
11.480 10.000 9.780 160.794 -100.677
11.490 10.000 9.701 159.781 -101.812
11.500 10.000 9.764 158.723 -109.863
11.510 10.000 9.811 157.559 -122.951
11.520 10.000 9.743 156.420 -104.735
11.530 10.000 9.680 155.332 -112.927
11.540 10.000 9.763 154.179 -117.804
11.550 10.000 9.868 152.803 -157.249
11.560 10.000 9.838 151.271 -149.335
11.570 10.000 9.756 149.769 -151.049
11.580 10.000 9.798 148.259 -150.852
11.590 10.000 9.785 146.781 -144.761
11.600 10.000 10.001 145.435 -124.398
11.610 10.000 9.991 144.164 -129.783
11.620 10.000 9.939 142.914 -120.220
11.630 10.000 9.952 141.527 -157.333
11.640 10.000 10.090 139.764 -195.295
11.650 10.000 10.203 138.135 -130.486
11.660 10.000 10.216 136.900 -116.524
11.670 10.000 10.232 135.759 -111.509
11.680 10.000 10.169 134.674 -105.484
11.690 10.000 10.215 133.567 -116.067
11.700 10.000 10.330 132.424 -112.506
11.710 10.000 10.374 131.293 -113.640
11.720 10.000 10.318 130.214 -102.186
11.730 10.000 10.175 129.194 -101.733
11.740 10.000 10.169 128.163 -104.509
11.750 10.000 10.285 127.168 -94.477
11.760 10.000 10.217 126.246 -89.978
11.770 10.000 10.250 125.313 -96.720
11.780 10.000 10.135 124.062 -153.344
11.790 10.000 10.067 122.623 -134.424
11.800 10.000 10.000 121.215 -147.170
11.810 10.000 10.094 120.086 -78.794
11.820 10.000 10.050 119.244 -89.547
11.830 10.000 9.937 118.336 -92.034
11.840 10.000 9.916 117.367 -101.718
11.850 10.000 9.905 116.303 -111.194
11.860 10.000 9.919 115.265 -96.319
11.870 10.000 9.977 114.242 -108.356
11.880 10.000 9.986 113.252 -89.491
11.890 10.000 9.876 112.356 -89.761
11.900 10.000 9.835 111.342 -113.031
11.910 10.000 9.828 110.220 -111.413
11.920 10.000 9.914 108.920 -148.584
11.930 10.000 9.963 107.565 -122.454
11.940 10.000 9.986 106.517 -87.023
11.950 10.000 9.883 105.625 -91.529
11.960 10.000 9.887 104.805 -72.505
11.970 10.000 9.979 103.962 -96.073
11.980 10.000 9.971 103.004 -95.510
11.990 10.000 10.107 102.045 -96.288
12.000 10.000 10.106 100.978 -117.039
12.010 10.000 10.021 99.938 -90.983
12.020 10.000 9.993 98.999 -96.945
12.030 10.000 10.063 98.069 -88.950
12.040 10.000 10.153 97.131 -98.675
12.050 10.000 10.163 96.025 -122.599
12.060 10.000 10.137 94.993 -83.699
12.070 10.000 10.096 94.149 -85.198
12.080 10.000 10.066 93.256 -93.313
12.090 10.000 10.081 92.381 -81.681
12.100 10.000 10.094 91.469 -100.670
12.110 10.000 10.209 90.514 -90.469
12.120 10.000 10.132 89.669 -78.495
12.130 10.000 10.025 88.920 -71.198
12.140 10.000 9.999 88.136 -85.704
12.150 10.000 10.011 86.981 -145.395
12.160 10.000 10.049 85.521 -146.440
12.170 10.000 10.041 84.347 -88.342
12.180 10.000 10.078 83.502 -80.758
12.190 10.000 9.930 82.720 -75.554
12.200 10.000 9.910 81.883 -91.912
12.210 10.000 9.964 80.759 -132.847
12.220 10.000 9.976 79.577 -103.452
12.230 10.000 10.013 78.633 -85.342
12.240 10.000 9.923 77.805 -80.379
12.250 10.000 9.875 77.010 -78.667
12.260 10.000 9.887 76.135 -96.274
12.270 10.000 9.906 75.228 -85.233
12.280 10.000 9.986 74.392 -81.842
12.290 10.000 9.952 73.544 -87.827
12.300 10.000 10.019 72.716 -77.789
12.310 10.000 9.927 71.910 -83.399
12.320 10.000 9.927 71.055 -87.560
12.330 10.000 9.968 70.140 -95.575
12.340 10.000 10.123 69.135 -105.351
12.350 10.000 10.077 68.187 -84.194
12.360 10.000 10.001 67.303 -92.695
12.370 10.000 9.936 66.335 -100.938
12.380 10.000 10.046 65.285 -108.918
12.390 10.000 10.123 64.265 -95.229
12.400 10.000 10.128 63.302 -97.265
12.410 10.000 10.086 62.348 -93.472
12.420 10.000 9.992 61.408 -94.711
12.430 10.000 10.006 60.426 -101.572
12.440 10.000 10.047 59.465 -90.712
12.450 10.000 10.145 58.543 -93.620
12.460 10.000 10.047 57.313 -152.356
12.470 10.000 9.946 56.135 -83.383
12.480 10.000 9.974 55.247 -94.196
12.490 10.000 10.038 54.373 -80.493
12.500 10.000 10.044 53.631 -67.939
12.510 10.000 9.994 52.918 -74.597
12.520 10.000 9.928 52.177 -73.709
12.530 10.000 9.893 51.347 -92.182
12.540 10.000 10.043 50.372 -102.942
12.550 10.000 10.082 49.443 -82.785
12.560 10.000 9.904 48.626 -80.579
12.570 10.000 9.898 47.622 -120.234
12.580 10.000 9.950 46.644 -75.431
12.590 10.000 9.977 45.777 -98.018
12.600 10.000 10.073 44.837 -89.912
12.610 10.000 9.957 43.987 -80.069
12.620 10.000 9.913 43.215 -74.333
12.630 10.000 9.945 42.446 -79.597
12.640 10.000 10.019 41.691 -71.320
12.650 10.000 10.081 41.000 -66.845
12.660 10.000 9.893 40.241 -84.918
12.670 10.000 10.009 39.482 -66.947
12.680 10.000 9.942 38.763 -76.933
12.690 10.000 10.051 37.876 -100.326
12.700 10.000 10.112 36.918 -91.414
12.710 10.000 10.008 35.983 -95.587
12.720 10.000 9.932 35.060 -88.975
12.730 10.000 10.001 34.166 -89.698
12.740 10.000 10.033 32.984 -146.728
12.750 10.000 10.031 31.768 -96.483
12.760 10.000 10.084 30.818 -93.593
12.770 10.000 10.067 29.996 -70.791
12.780 10.000 9.887 29.240 -80.430
12.790 10.000 9.980 28.443 -78.802
12.800 10.000 10.048 27.693 -71.262
12.810 10.000 10.100 27.001 -67.169
12.820 10.000 10.043 26.303 -72.415
12.830 10.000 9.967 25.219 -144.470
12.840 10.000 9.951 23.766 -146.083
12.850 10.000 10.044 22.707 -65.715
12.860 10.000 10.042 21.976 -80.573
12.870 10.000 10.061 21.174 -79.745
12.880 10.000 9.920 20.287 -97.721
12.890 10.000 9.955 19.038 -151.869
12.900 10.000 10.004 17.863 -83.227
12.910 10.000 10.020 16.982 -92.983
12.920 10.000 10.005 16.098 -83.858
12.930 10.000 9.897 15.346 -66.643
12.940 12.500 9.905 14.610 -80.463
12.950 15.000 10.229 13.697 -102.043
12.960 17.500 10.885 12.187 -200.083
12.970 20.000 12.932 10.009 -235.516
12.980 22.500 16.588 7.473 -271.604
12.990 24.999 23.203 4.771 -268.936
13.000 27.499 27.656 1.857 -313.857
13.010 29.999 30.825 -1.613 -380.095
13.020 32.499 32.320 -5.269 -351.292
13.030 34.999 34.000 -7.639 -122.653
13.040 35.000 35.056 -9.208 -191.074
13.050 35.000 35.940 -10.777 -122.751
13.060 35.000 36.689 -12.240 -169.840
13.070 35.000 37.323 -13.592 -100.540
13.080 35.000 37.168 -15.182 -217.466
13.090 35.000 36.089 -17.212 -188.514
13.100 35.000 35.468 -17.979 35.050
13.110 35.000 33.936 -17.613 38.248
13.120 35.000 34.455 -18.314 -178.370
13.130 35.000 34.806 -19.511 -61.088
13.140 35.000 35.660 -20.750 -186.828
13.150 35.000 35.961 -21.903 -43.792
13.160 35.000 35.922 -22.678 -111.083
13.170 35.000 36.213 -23.130 20.747
13.180 35.000 35.941 -22.631 79.040
13.190 35.000 35.941 -22.070 33.195
13.200 35.000 36.191 -22.597 -138.731
13.210 35.000 36.331 -23.971 -136.113
13.220 35.000 35.924 -24.890 -47.593
13.230 35.000 35.818 -25.365 -47.432
13.240 35.000 35.384 -25.515 17.568
13.250 35.000 35.099 -25.532 -20.993
13.260 35.000 35.291 -25.720 -16.617
13.270 35.000 35.495 -25.165 127.559
13.280 35.000 35.385 -23.783 148.936
13.290 35.000 35.605 -22.178 171.981
13.300 35.000 35.324 -20.407 182.101
13.310 35.000 35.393 -19.199 59.568
13.320 35.000 35.358 -18.448 90.707
13.330 35.000 35.352 -17.544 90.043
13.340 35.000 35.434 -16.661 86.547
13.350 35.000 35.429 -15.497 146.256
13.360 35.000 35.705 -13.600 233.090
13.370 35.000 35.592 -11.363 214.416
13.380 35.000 35.637 -9.293 199.642
13.390 35.000 35.647 -7.306 197.622
13.400 35.000 35.574 -5.465 170.529
13.410 35.000 35.559 -4.070 108.539
13.420 35.000 35.336 -2.213 262.818
13.430 35.000 35.395 -0.170 145.881
13.440 35.000 35.351 1.230 133.983
13.450 35.000 35.365 3.039 227.920
13.460 35.000 35.208 5.344 233.065
13.470 35.000 35.131 7.395 177.155
13.480 35.000 35.099 9.098 163.585
13.490 35.000 34.991 10.606 137.992
13.500 35.000 34.905 12.204 181.432
13.510 35.000 34.873 14.365 250.758
13.520 35.000 34.946 16.768 230.065
13.530 35.000 34.963 19.144 245.078
13.540 35.000 34.745 21.527 231.557
13.550 35.000 34.927 23.308 124.434
13.560 35.000 34.765 24.589 131.866
13.570 35.000 34.723 26.308 211.990
13.580 35.000 34.849 28.468 220.034
13.590 35.000 34.719 30.745 235.468
13.600 35.000 34.906 33.167 248.865
13.610 35.000 34.845 35.593 236.288
13.620 35.000 34.851 37.475 140.208
13.630 35.000 34.954 38.663 97.396
13.640 35.000 34.945 39.963 162.435
13.650 35.000 35.119 41.843 213.476
13.660 35.000 34.985 43.580 134.159
13.670 35.000 35.060 45.453 240.424
13.680 35.000 35.124 47.752 219.375
13.690 35.000 35.214 49.928 215.887
13.700 35.000 35.100 51.784 155.176
13.710 35.000 35.135 53.197 127.399
13.720 35.000 35.113 55.032 239.675
13.730 35.000 35.129 57.359 225.811
13.740 35.000 35.044 59.299 162.286
13.750 35.000 35.031 61.323 242.327
13.760 35.000 35.132 63.592 211.553
13.770 35.000 35.009 65.785 226.966
13.780 35.000 34.959 67.712 158.506
13.790 35.000 35.024 69.087 116.545
13.800 35.000 34.960 70.312 128.305
13.810 35.000 35.055 71.708 150.982
13.820 35.000 34.680 73.694 246.288
13.830 35.000 34.954 75.964 207.773
13.840 35.000 34.957 78.073 213.900
13.850 35.000 34.853 80.049 181.434
13.860 35.000 34.934 82.146 237.666
13.870 35.000 35.017 84.587 250.822
13.880 35.000 34.868 86.993 230.281
13.890 35.000 34.890 89.267 224.678
13.900 35.000 35.017 91.336 189.101
13.910 35.000 34.977 93.531 249.802
13.920 35.000 34.945 95.979 239.858
13.930 35.000 34.951 98.176 199.556
13.940 10.000 35.083 99.772 119.576
13.950 10.000 34.445 101.042 134.564
13.960 10.000 23.788 103.858 428.485
13.970 10.000 23.456 107.956 391.201
13.980 10.000 20.856 111.608 339.171
13.990 10.000 20.534 114.586 256.448
14.000 10.000 19.872 117.081 242.592
14.010 10.000 19.305 119.507 242.618
14.020 10.000 18.784 122.106 277.115
14.030 10.000 18.220 124.436 188.883
14.040 10.000 17.782 126.341 192.128
14.050 10.000 17.235 128.529 245.571
14.060 10.000 16.720 131.014 251.355
14.070 10.000 16.406 133.497 245.285
14.080 10.000 15.916 135.957 246.559
14.090 10.000 15.565 138.346 231.302
14.100 10.000 15.020 140.490 197.665
14.110 10.000 14.643 142.305 165.307
14.120 10.000 14.260 144.014 176.459
14.130 10.000 13.792 145.675 155.792
14.140 10.000 13.485 147.270 163.116
14.150 10.000 13.153 148.869 156.668
14.160 10.000 12.806 150.365 142.608
14.170 10.000 12.428 151.723 128.871
14.180 10.000 11.941 153.022 131.092
14.190 10.000 11.643 154.345 133.491
14.200 10.000 11.276 155.559 109.306
14.210 10.000 10.929 156.579 94.694
14.220 10.000 10.593 157.407 70.901
14.230 10.000 10.349 158.157 79.039
14.240 10.000 10.028 158.833 56.163
14.250 10.000 9.602 159.239 25.062
14.260 10.000 9.379 159.328 -7.303
14.270 10.000 9.078 159.390 19.724
14.280 10.000 8.767 159.606 23.511
14.290 10.000 8.614 159.827 20.760
14.300 10.000 8.448 159.970 7.655
14.310 10.000 8.420 159.963 -8.874
14.320 10.000 8.359 159.716 -40.544
14.330 10.000 8.250 159.394 -23.987
14.340 10.000 8.287 159.122 -30.334
14.350 10.000 8.264 158.689 -56.245
14.360 10.000 8.409 158.041 -73.379
14.370 10.000 8.695 157.324 -70.075
14.380 10.000 8.881 156.591 -76.394
14.390 10.000 8.975 155.650 -111.920
14.400 10.000 9.019 154.472 -123.711
14.410 10.000 9.207 153.445 -81.671
14.420 10.000 9.345 152.644 -78.477
14.430 10.000 9.397 151.852 -79.968
14.440 10.000 9.546 150.927 -105.075
14.450 10.000 9.636 149.843 -111.756
14.460 10.000 9.691 148.789 -99.095
14.470 10.000 9.712 147.794 -99.846
14.480 10.000 9.708 146.769 -105.193
14.490 10.000 9.745 145.729 -102.675
14.500 10.000 9.746 144.690 -105.258
14.510 10.000 9.790 143.598 -113.117
14.520 10.000 9.783 142.426 -121.199
14.530 10.000 9.752 141.293 -105.375
14.540 10.000 9.668 140.096 -134.134
14.550 10.000 9.763 138.832 -118.661
14.560 10.000 9.944 137.644 -118.893
14.570 10.000 9.811 136.431 -123.709
14.580 10.000 9.737 135.206 -121.285
14.590 10.000 9.787 133.979 -124.071
14.600 10.000 9.881 132.714 -128.940
14.610 10.000 9.966 131.321 -149.642
14.620 10.000 9.979 129.899 -134.802
14.630 10.000 9.965 128.610 -123.045
14.640 10.000 10.029 127.209 -157.253
14.650 10.000 10.077 125.460 -192.445
14.660 10.000 10.173 123.818 -136.059
14.670 10.000 10.279 122.539 -119.705
14.680 10.000 10.218 121.298 -128.380
14.690 10.000 10.095 120.092 -112.899
14.700 10.000 10.211 119.030 -99.554
14.710 10.000 10.342 118.029 -100.578
14.720 10.000 10.293 117.041 -97.012
14.730 10.000 10.316 116.114 -88.457
14.740 10.000 10.231 115.185 -97.271
14.750 10.000 10.170 114.200 -99.732
14.760 10.000 10.213 113.189 -102.477
14.770 10.000 10.283 112.169 -101.481
14.780 10.000 10.299 111.124 -107.519
14.790 10.000 10.139 110.072 -102.918
14.800 10.000 10.026 109.182 -75.116
14.810 10.000 10.009 108.340 -93.177
14.820 10.000 10.030 107.394 -96.206
14.830 10.000 10.089 106.421 -98.243
14.840 10.000 9.981 105.180 -149.966
14.850 10.000 9.882 103.901 -106.020
14.860 10.000 9.843 102.881 -97.815
14.870 10.000 9.936 101.888 -100.787
14.880 10.000 9.914 100.952 -86.429
14.890 10.000 9.903 100.069 -90.218
14.900 10.000 9.967 99.187 -86.069
14.910 10.000 9.790 98.273 -96.873
14.920 10.000 9.842 97.313 -95.058
14.930 10.000 9.894 96.288 -110.063
14.940 10.000 9.894 94.975 -152.376
14.950 10.000 10.021 93.608 -121.111
14.960 10.000 9.838 92.457 -109.071
14.970 10.000 9.983 91.408 -100.665
14.980 10.000 9.956 90.350 -111.025
14.990 10.000 9.967 89.095 -139.845
15.000 10.000 10.139 87.560 -167.362
15.010 10.000 10.102 86.191 -106.464
15.020 10.000 10.123 85.078 -115.989
15.030 10.000 10.005 83.926 -114.553
15.040 10.000 10.108 82.790 -112.552
15.050 10.000 10.190 81.709 -103.671
15.060 10.000 10.165 80.704 -97.318
15.070 10.000 10.212 79.751 -93.312
15.080 10.000 10.082 78.853 -86.185
15.090 10.000 10.100 77.951 -94.233
15.100 10.000 10.108 77.047 -86.652
15.110 10.000 10.083 76.092 -104.197
15.120 10.000 10.150 75.083 -97.829
15.130 10.000 10.106 74.071 -104.455
15.140 10.000 10.070 73.078 -94.152
15.150 10.000 9.945 72.063 -108.834
15.160 10.000 9.966 70.993 -105.153
15.170 10.000 10.036 70.105 -72.428
15.180 10.000 9.970 69.358 -77.004
15.190 10.000 10.026 68.575 -79.607
15.200 10.000 9.886 67.729 -89.641
15.210 10.000 9.905 66.454 -165.375
15.220 10.000 9.888 64.890 -147.466
15.230 10.000 9.936 63.722 -86.063
15.240 10.000 9.984 62.814 -95.592
15.250 10.000 9.968 61.930 -81.163
15.260 10.000 9.882 61.131 -78.670
15.270 10.000 9.838 60.249 -97.680
15.280 10.000 9.908 59.294 -93.301
15.290 10.000 10.004 58.344 -96.681
15.300 10.000 9.979 57.381 -95.997
15.310 10.000 9.965 56.413 -97.502
15.320 10.000 10.017 55.443 -96.524
15.330 10.000 9.930 54.332 -125.755
15.340 10.000 9.993 52.955 -149.698
15.350 10.000 10.117 51.643 -112.608
15.360 10.000 10.090 50.547 -106.653
15.370 10.000 10.041 49.540 -94.739
15.380 10.000 10.067 48.568 -99.705
15.390 10.000 10.066 47.272 -159.432
15.400 10.000 10.058 45.591 -176.748
15.410 10.000 10.170 43.934 -154.649
15.420 10.000 10.118 42.568 -118.584
15.430 10.000 10.040 41.578 -79.521
15.440 10.000 9.999 40.818 -72.460
15.450 10.000 10.079 40.109 -69.298
15.460 10.000 10.148 39.429 -66.793
15.470 10.000 10.038 38.611 -96.789
15.480 10.000 10.012 37.655 -94.221
15.490 10.000 9.946 36.698 -97.227
15.500 10.000 9.952 35.731 -96.162
15.510 10.000 10.066 34.880 -74.134
15.520 10.000 10.027 34.132 -75.555
15.530 10.000 9.977 33.363 -78.148
15.540 10.000 9.884 32.526 -89.214
15.550 10.000 9.886 31.626 -90.810
15.560 10.000 9.987 30.597 -114.992
15.570 10.000 10.018 29.566 -91.243
15.580 10.000 9.910 28.645 -92.889
15.590 10.000 9.866 27.745 -87.129
15.600 10.000 9.899 26.837 -94.565
15.610 10.000 10.042 25.829 -106.917
15.620 10.000 9.889 24.763 -106.448
15.630 10.000 10.002 23.783 -89.363
15.640 10.000 9.949 22.789 -109.622
15.650 10.000 9.915 21.752 -97.731
15.660 10.000 9.922 20.763 -100.035
15.670 10.000 10.011 19.680 -116.581
15.680 10.000 10.103 18.596 -100.286
15.690 10.000 9.972 17.580 -102.686
15.700 10.000 9.981 16.621 -89.273
15.710 10.000 9.971 15.716 -91.742
15.720 10.000 10.057 14.718 -107.914
15.730 10.000 10.070 13.731 -89.279
15.740 10.000 10.057 12.844 -88.152
15.750 10.000 10.077 11.953 -89.983
15.760 10.000 9.997 10.962 -108.379
15.770 10.000 10.010 9.901 -103.877
15.780 10.000 10.053 8.852 -105.863
15.790 10.000 10.140 7.508 -162.889
15.800 10.000 10.097 6.142 -110.357
15.810 10.000 10.024 4.878 -142.433
15.820 10.000 9.950 3.585 -116.143
15.830 10.000 10.043 2.571 -86.678
15.840 10.000 10.102 1.699 -87.785
15.850 10.000 10.023 0.864 -79.275
15.860 10.000 9.949 0.017 -89.966
15.870 10.000 9.963 -0.895 -92.547
15.880 10.000 9.964 -2.098 -147.984
15.890 10.000 10.026 -3.628 -158.073
15.900 10.000 10.039 -4.899 -96.084
15.910 10.000 9.908 -5.826 -89.386
15.920 10.000 9.839 -6.784 -102.150
15.930 10.000 10.004 -7.733 -87.606
15.940 10.000 10.009 -8.640 -93.951
15.950 12.500 9.955 -9.511 -80.250
15.960 15.000 10.189 -10.365 -90.528
15.970 17.500 10.781 -11.644 -165.164
15.980 20.000 12.828 -13.708 -247.668
15.990 22.500 16.616 -16.475 -305.678
16.000 25.000 23.259 -19.620 -323.509
16.010 27.500 27.342 -22.864 -325.211
16.020 30.000 30.640 -26.130 -327.893
16.030 32.501 32.455 -28.537 -153.354
16.040 35.000 33.877 -30.568 -253.183
16.050 35.000 35.000 -33.535 -340.140
16.060 35.000 35.897 -35.986 -150.076
16.070 35.000 36.389 -37.435 -139.686
16.080 35.000 37.024 -38.636 -100.530
16.090 35.000 37.329 -39.715 -115.313
16.100 35.000 36.681 -41.421 -225.801
16.110 35.000 35.496 -43.167 -123.217
16.120 35.000 34.303 -43.671 22.337
16.130 35.000 34.288 -43.439 24.027
16.140 35.000 34.667 -44.207 -177.551
16.150 35.000 35.302 -45.957 -172.445
16.160 35.000 35.888 -47.001 -36.377
16.170 35.000 36.270 -47.245 -12.396
16.180 35.000 35.791 -47.020 57.227
16.190 35.000 36.239 -47.034 -60.013
16.200 35.000 36.093 -47.119 43.009
16.210 35.000 36.188 -46.847 11.449
16.220 35.000 36.326 -46.671 23.817
16.230 35.000 35.954 -46.108 88.643
16.240 35.000 35.703 -45.491 34.745
16.250 35.000 35.342 -44.812 101.055
16.260 35.000 35.146 -44.297 2.016
16.270 35.000 35.275 -43.716 114.313
16.280 35.000 35.303 -43.212 -13.633
16.290 35.000 35.632 -42.944 67.186
16.300 35.000 35.401 -42.355 50.730
16.310 35.000 35.481 -41.614 97.376
16.320 35.000 35.109 -40.855 54.510
16.330 35.000 35.404 -40.092 98.116
16.340 35.000 35.463 -38.446 231.097
16.350 35.000 35.547 -36.726 112.888
16.360 35.000 35.558 -35.743 83.539
16.370 35.000 35.507 -35.076 49.970
16.380 35.000 35.629 -34.406 83.951
16.390 35.000 35.609 -33.317 133.957
16.400 35.000 35.555 -31.494 230.701
16.410 35.000 35.619 -29.297 208.596
16.420 35.000 35.491 -27.767 97.469
16.430 35.000 35.520 -26.373 181.331
16.440 35.000 35.415 -24.963 100.511
16.450 35.000 35.321 -23.846 123.088
16.460 35.000 35.200 -22.572 131.558
16.470 35.000 35.410 -20.801 222.712
16.480 35.000 35.061 -18.454 246.744
16.490 35.000 35.084 -15.829 278.265
16.500 35.000 35.102 -13.137 260.057
16.510 35.000 34.997 -10.489 269.574
16.520 35.000 34.886 -8.238 180.655
16.530 35.000 34.785 -6.362 194.588
16.540 35.000 34.914 -4.196 238.471
16.550 35.000 34.837 -1.713 258.253
16.560 35.000 34.772 0.759 236.119
16.570 35.000 34.809 3.039 219.859
16.580 35.000 34.682 5.452 262.666
16.590 35.000 34.900 7.418 130.677
16.600 35.000 34.807 9.269 239.444
16.610 35.000 34.850 11.437 194.234
16.620 35.000 34.775 13.531 224.409
16.630 35.000 34.892 15.423 154.026
16.640 35.000 34.963 16.783 117.940
16.650 35.000 35.048 18.460 217.568
16.660 35.000 35.062 20.711 232.644
16.670 35.000 34.898 22.566 138.452
16.680 35.000 35.140 23.884 125.106
16.690 35.000 35.158 25.648 227.536
16.700 35.000 35.130 27.438 130.540
16.710 35.000 35.019 28.925 166.919
16.720 35.000 35.229 30.914 230.853
16.730 35.000 35.212 32.833 152.870
16.740 35.000 35.078 34.284 137.525
16.750 35.000 35.107 36.171 239.806
16.760 35.000 35.028 38.451 216.109
16.770 35.000 35.134 40.781 249.983
16.780 35.000 34.987 43.527 299.197
16.790 35.000 34.901 46.296 254.292
16.800 35.000 35.025 48.292 145.109
16.810 35.000 34.904 50.105 217.440
16.820 35.000 34.884 52.455 252.691
16.830 35.000 34.948 54.922 240.730
16.840 35.000 34.932 57.265 227.943
16.850 35.000 34.863 59.135 145.750
16.860 35.000 34.965 61.000 227.398
16.870 35.000 34.840 63.232 219.087
16.880 35.000 34.824 65.487 231.966
16.890 35.000 35.003 67.768 224.192
16.900 35.000 34.955 69.521 126.415
16.910 35.000 34.935 71.459 261.223
16.920 35.000 35.032 73.987 244.248
16.930 35.000 35.059 75.983 155.071
16.940 35.000 34.877 77.788 205.762
16.950 10.000 35.151 79.784 193.665
16.960 10.000 34.336 81.635 176.482
16.970 10.000 23.934 84.784 453.190
16.980 10.000 23.516 89.093 408.850
16.990 10.000 20.981 92.936 359.692
17.000 10.000 20.519 96.006 254.034
17.010 10.000 20.004 98.548 254.594
17.020 10.000 19.241 101.196 275.071
17.030 10.000 18.768 103.740 233.725
17.040 10.000 18.167 105.921 202.315
17.050 10.000 17.710 108.173 248.081
17.060 10.000 17.200 110.649 247.232
17.070 10.000 16.643 113.098 242.524
17.080 10.000 16.380 115.351 208.074
17.090 10.000 15.876 117.543 230.314
17.100 10.000 15.641 119.838 228.822
17.110 10.000 15.272 122.056 214.769
17.120 10.000 14.688 124.001 174.169
17.130 10.000 14.247 125.574 140.349
17.140 10.000 13.855 127.159 176.740
17.150 10.000 13.530 128.871 165.735
17.160 10.000 13.125 130.506 161.039
17.170 10.000 12.695 131.982 134.218
17.180 10.000 12.315 133.273 124.035
17.190 10.000 11.953 134.195 60.459
17.200 10.000 11.581 135.016 103.680
17.210 10.000 11.222 136.052 103.476
17.220 10.000 10.932 137.008 87.830
17.230 10.000 10.518 137.612 32.808
17.240 10.000 10.303 137.797 4.360
17.250 10.000 9.902 138.044 44.955
17.260 10.000 9.608 138.537 53.619
17.270 10.000 9.268 139.045 47.899
17.280 10.000 9.064 139.564 56.074
17.290 10.000 8.830 140.069 44.790
17.300 10.000 8.610 140.395 20.546
17.310 10.000 8.492 140.491 -1.394
17.320 10.000 8.347 140.421 -12.667
17.330 10.000 8.363 140.210 -29.559
17.340 10.000 8.249 139.924 -27.579
17.350 10.000 8.244 139.615 -34.235
17.360 10.000 8.309 139.247 -39.270
17.370 10.000 8.439 138.743 -61.578
17.380 10.000 8.806 138.168 -53.409
17.390 10.000 8.997 137.513 -77.670
17.400 10.000 8.905 136.481 -128.771
17.410 10.000 9.030 135.402 -86.893
17.420 10.000 9.232 134.567 -80.168
17.430 10.000 9.313 133.487 -135.852
17.440 10.000 9.380 132.342 -93.155
17.450 10.000 9.499 131.433 -88.667
17.460 10.000 9.643 130.477 -102.411
17.470 10.000 9.635 129.466 -99.891
17.480 10.000 9.738 128.499 -93.521
17.490 10.000 9.765 127.587 -88.957
17.500 10.000 9.705 126.652 -97.912
17.510 10.000 9.689 125.542 -124.056
17.520 10.000 9.830 124.425 -99.321
17.530 10.000 9.739 123.331 -119.565
17.540 10.000 9.719 122.173 -112.027
17.550 10.000 9.756 120.955 -131.555
17.560 10.000 9.844 119.416 -176.280
17.570 10.000 9.919 117.918 -123.262
17.580 10.000 9.781 116.631 -134.241
17.590 10.000 9.661 115.272 -137.542
17.600 10.000 9.855 113.916 -133.671
17.610 10.000 9.982 112.347 -180.107
17.620 10.000 9.952 110.771 -135.151
17.630 10.000 9.927 109.426 -133.796
17.640 10.000 9.952 108.208 -109.756
17.650 10.000 10.029 107.031 -125.758
17.660 10.000 10.114 105.836 -113.226
17.670 10.000 10.241 104.623 -129.219
17.680 10.000 10.211 103.333 -128.921
17.690 10.000 10.167 102.117 -114.270
17.700 10.000 10.174 101.026 -103.962
17.710 10.000 10.232 99.950 -111.184
17.720 10.000 10.444 98.761 -126.522
17.730 10.000 10.286 97.523 -121.229
17.740 10.000 10.170 96.434 -96.631
17.750 10.000 10.172 95.456 -98.801
17.760 10.000 10.278 94.538 -84.776
17.770 10.000 10.293 93.718 -79.263
17.780 10.000 10.237 92.926 -79.163
17.790 10.000 10.187 92.179 -70.301
17.800 10.000 10.028 91.402 -84.990
17.810 10.000 10.021 90.465 -102.584
17.820 10.000 10.105 89.504 -89.513
17.830 10.000 10.073 88.539 -103.562
17.840 10.000 10.027 87.612 -81.781
17.850 10.000 9.854 86.798 -80.984
17.860 10.000 9.902 85.968 -85.011
17.870 10.000 9.921 85.110 -86.638
17.880 10.000 9.956 84.134 -108.546
17.890 10.000 9.973 83.219 -74.563
17.900 10.000 9.841 82.444 -80.245
17.910 10.000 9.861 81.568 -94.977
17.920 10.000 9.887 80.610 -96.626
17.930 10.000 9.949 79.682 -89.035
17.940 10.000 9.995 78.765 -94.360
17.950 10.000 9.831 77.767 -105.373
17.960 10.000 9.882 76.825 -82.857
17.970 10.000 9.943 76.000 -82.186
17.980 10.000 9.946 75.112 -95.430
17.990 10.000 10.031 74.228 -81.308
18.000 10.000 10.065 73.366 -91.215
18.010 10.000 10.055 72.406 -100.652
18.020 10.000 9.946 71.142 -152.263
18.030 10.000 10.037 69.834 -109.277
18.040 10.000 10.160 68.741 -109.310
18.050 10.000 10.157 67.819 -75.079
18.060 10.000 10.154 67.032 -82.383
18.070 10.000 10.117 66.226 -78.792
18.080 10.000 10.065 65.400 -86.329
18.090 10.000 10.131 64.594 -74.985
18.100 10.000 10.121 63.874 -68.979
18.110 10.000 10.226 63.163 -73.256
18.120 10.000 10.115 62.417 -75.896
18.130 10.000 10.093 61.752 -57.091
18.140 10.000 10.044 61.133 -66.851
18.150 10.000 10.039 60.398 -80.101
18.160 10.000 10.025 59.372 -124.949
18.170 10.000 10.113 58.314 -86.745
18.180 10.000 10.060 57.485 -79.075
18.190 10.000 9.956 56.623 -93.365
18.200 10.000 9.861 55.723 -86.558
18.210 10.000 9.933 54.651 -127.851
18.220 10.000 9.967 53.552 -91.953
18.230 10.000 9.996 52.656 -87.200
18.240 10.000 9.965 51.785 -87.025
18.250 10.000 9.930 50.958 -78.345
18.260 10.000 9.770 50.176 -78.057
18.270 10.000 9.934 49.333 -90.535
18.280 10.000 9.960 48.477 -80.607
18.290 10.000 9.961 47.565 -101.969
18.300 10.000 9.984 46.635 -83.950
18.310 10.000 9.920 45.792 -84.750
18.320 10.000 9.895 44.846 -104.399
18.330 10.000 9.879 43.852 -94.413
18.340 10.000 10.069 42.914 -93.185
18.350 10.000 10.135 41.734 -142.832
18.360 10.000 9.963 40.537 -96.528
18.370 10.000 10.036 39.581 -94.758
18.380 10.000 10.014 38.695 -82.376
18.390 10.000 10.046 37.879 -80.925
18.400 10.000 10.146 37.114 -72.021
18.410 10.000 10.089 35.986 -153.533
18.420 10.000 10.001 34.757 -92.315
18.430 10.000 10.047 33.843 -90.449
18.440 10.000 10.140 33.050 -68.165
18.450 10.000 10.143 32.389 -64.064
18.460 10.000 10.065 31.648 -84.073
18.470 10.000 9.969 30.850 -75.562
18.480 10.000 10.009 29.960 -102.488
18.490 10.000 10.136 28.749 -139.705
18.500 10.000 10.082 27.648 -80.432
18.510 10.000 9.991 26.888 -71.619
18.520 10.000 9.990 26.222 -61.557
18.530 10.000 9.920 25.560 -70.792
18.540 10.000 10.014 24.894 -62.307
18.550 10.000 10.102 24.243 -68.010
18.560 10.000 9.904 23.477 -85.287
18.570 10.000 9.889 22.698 -70.496
18.580 10.000 9.909 21.954 -78.241
18.590 10.000 9.942 21.040 -104.499
18.600 10.000 9.998 20.148 -73.924
18.610 10.000 9.946 19.345 -86.737
18.620 10.000 9.971 18.550 -72.151
18.630 10.000 9.851 17.831 -71.845
18.640 10.000 9.899 17.019 -90.516
18.650 10.000 10.015 16.056 -101.997
18.660 10.000 9.952 15.049 -99.390
18.670 10.000 10.012 14.190 -72.486
18.680 10.000 9.967 13.460 -73.451
18.690 10.000 9.887 12.683 -81.933
18.700 10.000 10.023 11.892 -76.295
18.710 10.000 10.072 11.170 -68.120
18.720 10.000 10.096 10.471 -71.648
18.730 10.000 9.975 9.733 -76.080
18.740 10.000 9.980 8.943 -81.765
18.750 10.000 9.994 8.218 -63.220
18.760 10.000 10.046 7.551 -70.285
18.770 10.000 10.163 6.847 -70.442
18.780 10.000 10.010 6.098 -79.410
18.790 10.000 9.927 5.309 -78.481
18.800 10.000 10.042 4.253 -132.463
18.810 10.000 10.119 3.216 -75.077
18.820 10.000 10.132 2.479 -72.449
18.830 10.000 10.018 1.666 -90.039
18.840 10.000 9.988 0.829 -77.462
18.850 10.000 9.975 0.020 -84.325
18.860 10.000 10.032 -0.840 -87.460
18.870 10.000 10.098 -1.678 -80.274
18.880 10.000 9.978 -2.457 -75.418
18.890 10.000 9.916 -3.205 -74.274
18.900 10.000 9.970 -3.952 -75.261
18.910 10.000 9.982 -4.826 -99.448
18.920 10.000 10.100 -5.688 -72.816
18.930 10.000 9.887 -6.462 -82.064
18.940 10.000 9.939 -7.284 -82.318
18.950 10.000 9.921 -8.155 -91.966
18.960 12.500 9.995 -9.016 -80.269
18.970 15.000 10.333 -9.935 -103.457
18.980 17.501 10.831 -11.601 -229.647
18.990 20.000 12.763 -14.080 -266.307
19.000 22.500 16.636 -16.585 -234.821
19.010 25.000 23.371 -19.363 -320.761
19.020 27.501 27.520 -22.521 -310.519
19.030 30.000 30.784 -25.627 -311.014
19.040 32.500 32.715 -28.714 -306.314
19.050 35.000 33.722 -31.011 -152.996
19.060 35.000 35.268 -32.342 -113.268
19.070 35.000 36.033 -33.582 -134.672
19.080 35.000 36.083 -35.655 -280.096
19.090 35.000 37.083 -38.281 -245.002
19.100 35.000 37.396 -40.277 -154.292
19.110 35.000 36.493 -41.844 -159.150
19.120 35.000 35.428 -43.258 -123.498
19.130 35.000 34.301 -43.753 24.348
19.140 35.000 34.020 -44.322 -138.008
19.150 35.000 34.892 -45.776 -152.887
19.160 35.000 35.277 -46.670 -25.892
19.170 35.000 35.903 -46.577 44.419
19.180 35.000 36.100 -46.979 -124.773
19.190 35.000 36.199 -47.447 31.202
19.200 35.000 36.133 -47.830 -107.866
19.210 35.000 36.360 -48.763 -78.618
19.220 35.000 36.157 -49.506 -69.970
19.230 35.000 35.966 -50.047 -38.241
19.240 35.000 35.975 -49.961 55.489
19.250 35.000 35.613 -49.092 118.276
19.260 35.000 35.437 -47.950 110.222
19.270 35.000 35.345 -47.097 60.160
19.280 35.000 35.315 -45.982 162.942
19.290 35.000 35.229 -44.541 125.220
19.300 35.000 35.511 -43.985 -13.983
19.310 35.000 35.400 -43.836 43.724
19.320 35.000 35.453 -43.198 83.860
19.330 35.000 35.369 -42.365 82.811
19.340 35.000 35.302 -40.886 212.951
19.350 35.000 35.419 -38.795 205.333
19.360 35.000 35.478 -37.299 93.839
19.370 35.000 35.447 -36.310 104.016
19.380 35.000 35.650 -35.345 88.913
19.390 35.000 35.588 -34.208 138.553
19.400 35.000 35.668 -32.485 206.001
19.410 35.000 35.686 -30.410 209.047
19.420 35.000 35.654 -28.441 184.797
19.430 35.000 35.409 -27.088 85.728
19.440 35.000 35.390 -26.114 108.967
19.450 35.000 35.360 -24.840 145.897
19.460 35.000 35.358 -23.547 112.678
19.470 35.000 35.380 -22.270 142.724
19.480 35.000 35.179 -20.810 149.358
19.490 35.000 35.154 -19.265 159.630
19.500 35.000 35.168 -17.688 155.818
19.510 35.000 35.068 -16.090 163.889
19.520 35.000 34.891 -14.441 165.780
19.530 35.000 34.832 -12.620 198.247
19.540 35.000 35.010 -10.190 287.885
19.550 35.000 34.755 -7.313 287.704
19.560 35.000 34.821 -4.526 269.726
19.570 35.000 34.808 -1.752 284.926
19.580 35.000 34.736 0.888 242.986
19.590 35.000 34.800 2.761 131.754
19.600 35.000 34.576 4.445 205.112
19.610 35.000 34.947 6.690 243.584
19.620 35.000 34.798 8.529 124.451
19.630 35.000 34.820 9.689 107.519
19.640 35.000 34.924 10.979 150.487
19.650 35.000 35.135 12.977 249.082
19.660 35.000 34.972 15.336 222.788
19.670 35.000 34.992 17.022 114.435
19.680 35.000 35.100 18.032 87.355
19.690 35.000 35.022 18.899 86.195
19.700 35.000 35.287 20.126 159.178
19.710 35.000 35.167 22.116 238.851
19.720 35.000 35.190 24.513 240.492
19.730 35.000 34.999 26.773 211.456
19.740 35.000 35.157 28.943 222.557
19.750 35.000 35.234 31.235 235.879
19.760 35.000 34.934 33.620 241.200
19.770 35.000 35.060 36.078 250.436
19.780 35.000 34.891 38.212 176.259
19.790 35.000 35.099 39.807 142.785
19.800 35.000 34.906 41.273 150.363
19.810 35.000 34.887 43.394 273.899
19.820 35.000 35.010 46.170 281.158
19.830 35.000 34.939 48.920 268.967
19.840 35.000 34.876 51.662 279.264
19.850 35.000 34.850 54.261 240.662
19.860 35.000 34.951 56.733 253.724
19.870 35.000 35.004 58.670 133.800
19.880 35.000 34.835 60.444 221.022
19.890 35.000 35.101 62.877 265.466
19.900 35.000 34.963 65.480 255.074
19.910 35.000 34.997 68.213 291.513
19.920 35.000 35.012 70.921 250.181
19.930 35.000 35.029 73.404 246.392
19.940 35.000 34.847 75.702 213.321
19.950 35.000 35.141 77.829 212.032
19.960 10.000 34.952 80.141 250.476
19.970 10.000 34.171 82.566 234.510
19.980 10.000 24.005 86.073 466.901
19.990 10.000 23.419 90.521 422.225
20.000 10.000 20.808 94.439 361.742
20.010 10.000 20.540 97.922 334.923
20.020 10.000 19.746 101.042 289.018
20.030 10.000 19.250 104.022 307.009
20.040 10.000 18.758 106.941 276.507
20.050 10.000 18.179 109.701 275.604
20.060 10.000 17.677 112.413 266.873
20.070 10.000 17.177 115.074 265.446
20.080 10.000 16.859 117.731 265.910
20.090 10.000 16.298 120.199 227.644
20.100 10.000 16.015 122.442 221.014
20.110 10.000 15.627 124.247 139.881
20.120 10.000 15.178 125.900 190.718
20.130 10.000 14.688 127.829 195.086
20.140 10.000 14.347 129.715 182.262
20.150 10.000 13.887 131.523 179.207
20.160 10.000 13.474 133.256 167.429
20.170 10.000 13.169 134.805 142.373
20.180 10.000 12.744 136.231 142.780
20.190 10.000 12.362 137.687 148.505
20.200 10.000 11.990 139.052 124.438
20.210 10.000 11.646 140.298 124.906
20.220 10.000 11.272 141.449 105.210
20.230 10.000 10.917 142.464 97.639
20.240 10.000 10.647 143.428 95.324
20.250 10.000 10.320 143.997 18.539
20.260 10.000 10.019 144.243 30.657
20.270 10.000 9.645 144.578 36.167
20.280 10.000 9.337 144.701 -11.390
20.290 10.000 9.036 144.820 35.056
20.300 10.000 8.762 145.231 47.261
20.310 10.000 8.644 145.614 29.181
20.320 10.000 8.480 145.799 7.859
20.330 10.000 8.385 145.772 -13.189
20.340 10.000 8.333 145.599 -21.391
20.350 10.000 8.250 145.421 -14.307
20.360 10.000 8.203 145.205 -28.798
20.370 10.000 8.307 144.917 -28.774
20.380 10.000 8.483 144.518 -50.993
20.390 10.000 8.731 143.946 -63.581
20.400 10.000 8.876 143.291 -67.271
20.410 10.000 8.987 142.609 -69.252
20.420 10.000 9.033 141.809 -90.722
20.430 10.000 9.165 140.956 -79.894
20.440 10.000 9.300 140.088 -93.659
20.450 10.000 9.399 138.986 -126.832
20.460 10.000 9.532 137.882 -93.898
20.470 10.000 9.678 137.012 -80.021
20.480 10.000 9.725 135.921 -138.149
20.490 10.000 9.677 134.744 -97.473
20.500 10.000 9.735 133.830 -85.180
20.510 10.000 9.675 132.935 -93.754
20.520 10.000 9.705 131.999 -93.569
20.530 10.000 9.829 130.984 -109.511
20.540 10.000 9.819 129.941 -99.009
20.550 10.000 9.761 128.982 -92.705
20.560 10.000 9.685 128.007 -102.303
20.570 10.000 9.803 126.987 -101.668
20.580 10.000 9.876 125.909 -114.003
20.590 10.000 9.886 124.750 -117.876
20.600 10.000 9.770 123.558 -120.375
20.610 10.000 9.739 122.180 -155.305
20.620 10.000 9.819 120.644 -152.032
20.630 10.000 9.994 119.191 -138.441
20.640 10.000 10.053 117.912 -117.392
20.650 10.000 10.023 116.786 -107.758
20.660 10.000 9.922 115.520 -145.250
20.670 10.000 10.052 114.226 -113.774
20.680 10.000 10.276 113.099 -111.673
20.690 10.000 10.208 112.002 -107.487
20.700 10.000 10.257 110.960 -100.978
20.710 10.000 10.110 109.909 -109.350
20.720 10.000 10.185 108.677 -137.140
20.730 10.000 10.270 107.410 -116.132
20.740 10.000 10.395 106.328 -100.207
20.750 10.000 10.308 105.384 -88.632
20.760 10.000 10.197 104.582 -71.706
20.770 10.000 10.207 103.837 -77.328
20.780 10.000 10.256 103.034 -83.428
20.790 10.000 10.233 102.230 -77.292
20.800 10.000 10.257 101.420 -84.622
20.810 10.000 10.099 100.531 -93.180
20.820 10.000 9.983 99.682 -76.717
20.830 10.000 9.968 98.906 -78.499
20.840 10.000 10.084 98.168 -69.136
20.850 10.000 10.055 97.291 -106.262
20.860 10.000 9.990 96.291 -93.535
20.870 10.000 9.879 95.349 -94.989
20.880 10.000 9.841 94.289 -116.971
20.890 10.000 9.919 93.292 -82.495
20.900 10.000 9.947 92.404 -94.967
20.910 10.000 9.946 91.403 -105.330
20.920 10.000 9.894 90.416 -92.119
20.930 10.000 9.862 89.590 -72.960
20.940 10.000 9.834 88.775 -90.249
20.950 10.000 9.884 87.896 -85.324
20.960 10.000 10.022 87.059 -82.163
20.970 10.000 9.985 86.158 -98.097
20.980 10.000 9.931 85.123 -108.878
20.990 10.000 9.900 84.084 -98.894
21.000 10.000 10.002 82.806 -156.743
21.010 10.000 10.057 81.590 -86.307
21.020 10.000 10.097 80.713 -89.287
21.030 10.000 10.032 79.588 -135.507
21.040 10.000 10.119 78.308 -120.565
21.050 10.000 10.029 77.287 -83.718
21.060 10.000 10.021 76.148 -143.983
21.070 10.000 10.168 74.933 -99.122
21.080 10.000 10.170 73.733 -140.855
21.090 10.000 10.131 72.576 -90.458
21.100 10.000 10.081 71.738 -77.297
21.110 10.000 10.125 70.924 -85.427
21.120 10.000 10.026 70.098 -79.798
21.130 10.000 10.078 69.303 -79.218
21.140 10.000 10.231 68.579 -65.520
21.150 10.000 10.077 67.833 -83.637
21.160 10.000 9.973 67.041 -74.941
21.170 10.000 10.016 66.356 -61.945
21.180 10.000 10.004 65.702 -68.889
21.190 10.000 10.083 65.006 -70.381
21.200 10.000 10.037 64.279 -75.002
21.210 10.000 9.984 63.532 -74.408
21.220 10.000 9.904 62.788 -74.347
21.230 10.000 9.893 62.048 -73.500
21.240 10.000 9.862 61.224 -91.446
21.250 10.000 10.025 60.307 -91.855
21.260 10.000 10.023 59.392 -91.169
21.270 10.000 9.912 58.580 -71.216
21.280 10.000 9.891 57.902 -64.515
21.290 10.000 9.892 57.219 -71.966
21.300 10.000 9.992 56.457 -80.379
21.310 10.000 10.086 55.668 -77.473
21.320 10.000 9.984 54.843 -87.508
21.330 10.000 9.887 53.942 -92.700
21.340 10.000 9.894 53.074 -80.964
21.350 10.000 10.028 52.234 -86.954
21.360 10.000 10.059 51.289 -102.130
21.370 10.000 10.034 50.441 -67.515
21.380 10.000 10.053 49.790 -62.560
