# covent_pc_2
# Captured 2020-06-21 01:09:53.969300 by unknown user
# Built at revision 3df8cc3 (dirty)
time(sec)  pc_setpoint  pressure  volume
0.000  25.000  25.401  503.642
0.010  25.000  25.437  507.903
0.020  25.000  25.171  512.005
0.030  25.000  25.150  515.785
0.040  25.000  24.956  519.433
0.050  25.000  25.630  522.873
0.060  25.000  24.869  526.390
0.070  25.000  25.092  529.966
0.080  10.000  25.647  533.485
0.090  10.000  24.426  536.743
0.100  10.000  22.252  538.992
0.110  10.000  19.052  539.603
0.120  10.000  16.775  538.392
0.130  10.000  15.876  535.302
0.140  10.000  15.022  529.918
0.150  10.000  14.314  523.329
0.160  10.000  13.563  516.763
0.170  10.000  13.202  510.181
0.180  10.000  12.933  503.659
0.190  10.000  12.645  497.595
0.200  10.000  12.296  491.883
0.210  10.000  12.039  485.762
0.220  10.000  11.903  479.330
0.230  10.000  11.594  473.457
0.240  10.000  11.704  467.256
0.250  10.000  11.556  460.527
0.260  10.000  11.689  454.013
0.270  10.000  11.670  448.029
0.280  10.000  11.475  442.572
0.290  10.000  11.484  437.172
0.300  10.000  11.213  431.336
0.310  10.000  11.219  425.603
0.320  10.000  11.146  419.968
0.330  10.000  11.043  414.302
0.340  10.000  10.918  409.087
0.350  10.000  10.877  403.371
0.360  10.000  10.756  397.319
0.370  10.000  10.767  391.841
0.380  10.000  10.788  386.630
0.390  10.000  10.745  381.185
0.400  10.000  10.669  375.807
0.410  10.000  10.560  370.513
0.420  10.000  10.369  364.732
0.430  10.000  10.354  359.054
0.440  10.000  10.190  354.069
0.450  10.000  10.124  348.683
0.460  10.000  10.166  343.235
0.470  10.000  10.163  337.963
0.480  10.000  10.095  332.528
0.490  10.000  9.914  327.296
0.500  10.000  9.897  321.872
0.510  10.000  9.784  316.579
0.520  10.000  9.687  311.272
0.530  10.000  9.587  305.289
0.540  10.000  9.482  299.250
0.550  10.000  9.482  293.847
0.560  10.000  9.455  288.405
0.570  10.000  9.485  282.459
0.580  10.000  9.490  277.161
0.590  10.000  9.404  272.342
0.600  10.000  9.370  267.482
0.610  10.000  9.307  262.270
0.620  10.000  9.379  257.146
0.630  10.000  9.299  252.077
0.640  10.000  9.294  247.151
0.650  10.000  9.245  242.717
0.660  10.000  9.296  238.192
0.670  10.000  9.317  233.788
0.680  10.000  9.299  228.782
0.690  10.000  9.326  223.761
0.700  10.000  9.337  219.218
0.710  10.000  9.280  214.249
0.720  10.000  9.270  209.388
0.730  10.000  9.275  205.019
0.740  10.000  9.412  200.574
0.750  10.000  9.351  196.262
0.760  10.000  9.425  192.032
0.770  10.000  9.312  187.846
0.780  10.000  9.285  183.584
0.790  10.000  9.334  179.172
0.800  10.000  9.335  175.076
0.810  10.000  9.345  170.932
0.820  10.000  9.271  166.764
0.830  10.000  9.320  162.300
0.840  10.000  9.294  157.770
0.850  10.000  9.106  153.646
0.860  10.000  9.145  149.767
0.870  10.000  9.040  145.448
0.880  10.000  9.224  141.167
0.890  10.000  9.154  137.499
0.900  10.000  9.132  134.037
0.910  10.000  9.288  130.661
0.920  10.000  9.340  127.313
0.930  10.000  9.565  124.056
0.940  10.000  9.721  120.562
0.950  10.000  9.864  116.951
0.960  10.000  9.713  113.632
0.970  10.000  9.732  110.401
0.980  10.000  9.897  107.127
0.990  10.000  9.792  104.133
1.000  10.000  9.739  101.132
1.010  10.000  9.825  97.984
1.020  10.000  9.847  94.872
1.030  10.000  9.738  91.965
1.040  10.000  9.719  89.176
1.050  10.000  9.686  86.399
1.060  10.000  9.707  83.536
1.070  10.000  9.735  80.826
1.080  10.000  9.671  78.400
1.090  10.000  9.807  75.765
1.100  10.000  9.700  73.066
1.110  10.000  9.943  70.552
1.120  10.000  9.828  67.952
1.130  10.000  9.644  65.352
1.140  10.000  9.613  62.884
1.150  10.000  9.559  60.488
1.160  10.000  9.591  58.160
1.170  10.000  9.718  55.892
1.180  10.000  9.596  53.619
1.190  10.000  9.708  51.375
1.200  10.000  9.488  49.011
1.210  10.000  9.668  46.559
1.220  10.000  9.500  44.161
1.230  10.000  9.607  41.661
1.240  10.000  9.440  39.138
1.250  10.000  9.407  36.838
1.260  10.000  9.657  34.666
1.270  10.000  9.706  32.557
1.280  10.000  9.786  30.642
1.290  10.000  9.745  28.761
1.300  10.000  9.520  26.969
1.310  10.000  9.735  25.304
1.320  10.000  10.004  23.649
1.330  10.000  9.817  21.857
1.340  10.000  10.065  20.065
1.350  10.000  9.723  18.503
1.360  10.000  9.786  17.078
1.370  10.000  9.568  15.805
1.380  10.000  9.717  14.525
1.390  10.000  9.930  13.184
1.400  10.000  9.888  11.909
1.410  10.000  9.876  10.565
1.420  10.000  9.679  9.334
1.430  10.000  9.757  8.300
1.440  10.000  9.828  7.211
1.450  10.000  10.031  6.120
1.460  10.000  9.933  5.103
1.470  10.000  9.913  4.083
1.480  10.000  9.845  2.961
1.490  10.000  9.909  1.969
1.500  10.000  9.889  1.146
1.510  10.000  9.975  0.220
1.520  10.000  9.803  -0.863
1.530  10.000  9.845  -1.825
1.540  10.000  9.950  -2.601
1.550  10.000  9.892  -3.486
1.560  10.000  9.855  -4.238
1.570  10.000  9.877  -5.014
1.580  10.000  9.868  -5.888
1.590  10.000  9.793  -6.803
1.600  10.000  9.928  -7.623
1.610  10.000  9.880  -8.205
1.620  10.000  9.868  -8.725
1.630  10.000  9.732  -9.206
1.640  10.000  9.808  -9.742
1.650  10.000  9.716  -10.467
1.660  10.000  9.928  -11.252
1.670  10.000  9.891  -11.989
1.680  10.000  9.783  -12.846
1.690  10.000  9.866  -13.664
1.700  10.000  9.866  -14.429
1.710  10.000  9.978  -15.160
1.720  10.000  9.855  -15.890
1.730  10.000  9.957  -16.681
1.740  10.000  9.722  -17.536
1.750  10.000  9.601  -18.170
1.760  10.000  9.829  -18.565
1.770  10.000  9.658  -18.980
1.780  10.000  9.750  -19.526
1.790  10.000  9.745  -20.186
1.800  10.000  9.638  -20.690
1.810  10.000  9.732  -21.047
1.820  10.000  9.696  -21.464
1.830  10.000  9.728  -21.962
1.840  10.000  9.888  -22.265
1.850  10.000  9.898  -22.490
1.860  10.000  9.777  -22.795
1.870  10.000  9.830  -23.003
1.880  10.000  9.930  -23.124
1.890  10.000  9.936  -23.347
1.900  10.000  9.983  -23.633
1.910  10.000  9.880  -23.852
1.920  10.000  9.703  -23.775
1.930  10.000  9.741  -23.485
1.940  10.000  10.020  -23.301
1.950  10.000  9.928  -23.202
1.960  10.000  10.092  -23.061
1.970  10.000  9.825  -22.797
1.980  10.000  9.847  -22.542
1.990  10.000  9.880  -22.299
2.000  10.000  9.879  -21.941
2.010  10.000  9.988  -21.520
2.020  10.000  9.969  -21.263
2.030  10.000  10.009  -21.114
2.040  10.000  9.803  -20.891
2.050  10.000  9.759  -20.520
2.060  10.000  9.835  -19.887
2.070  10.000  10.174  -19.314
2.080  10.000  10.212  -18.885
2.090  10.000  10.016  -18.399
2.100  10.000  9.883  -17.984
2.110  10.000  9.836  -17.582
2.120  10.000  10.087  -17.119
2.130  10.000  9.941  -16.625
2.140  10.000  10.102  -16.212
2.150  10.000  10.156  -15.863
2.160  10.000  9.997  -15.634
2.170  10.000  10.105  -15.481
2.180  10.000  9.876  -15.265
2.190  10.000  10.148  -14.891
2.200  10.000  10.050  -14.223
2.210  10.000  9.883  -13.552
2.220  10.000  9.988  -13.113
2.230  10.000  10.234  -12.785
2.240  10.000  10.091  -12.477
2.250  10.000  10.082  -12.155
2.260  10.000  10.061  -11.889
2.270  10.000  10.170  -11.689
2.280  10.000  10.123  -11.516
2.290  10.000  10.097  -11.321
2.300  10.000  10.131  -11.158
2.310  10.000  10.162  -11.193
2.320  10.000  10.075  -11.278
2.330  10.000  10.179  -11.383
2.340  10.000  10.001  -11.404
2.350  10.000  9.918  -11.258
2.360  10.000  9.949  -11.220
2.370  10.000  10.198  -11.229
2.380  10.000  9.936  -11.198
2.390  10.000  9.834  -11.120
2.400  10.000  9.949  -11.076
2.410  10.000  9.962  -11.142
2.420  10.000  10.166  -11.136
2.430  10.000  9.915  -11.122
2.440  10.000  9.999  -11.126
2.450  10.000  10.058  -11.313
2.460  10.000  10.307  -11.609
2.470  10.000  9.966  -11.822
2.480  10.000  10.064  -11.999
2.490  10.000  10.087  -12.177
2.500  10.000  9.796  -12.290
2.510  10.000  10.015  -12.303
2.520  10.000  9.998  -12.441
2.530  10.000  9.988  -12.602
2.540  10.000  9.919  -12.713
2.550  10.000  9.826  -12.837
2.560  10.000  10.112  -12.992
2.570  10.000  10.080  -13.165
2.580  10.000  9.999  -13.259
2.590  10.000  9.941  -13.282
2.600  10.000  10.018  -13.383
2.610  10.000  10.117  -13.560
2.620  10.000  9.832  -13.710
2.630  10.000  10.202  -13.885
2.640  10.000  9.920  -13.979
2.650  10.000  9.992  -13.999
2.660  10.000  9.859  -14.066
2.670  10.000  9.989  -14.153
2.680  10.000  10.136  -14.225
2.690  10.000  9.983  -14.296
2.700  10.000  9.850  -14.200
2.710  10.000  10.077  -14.112
2.720  10.000  9.837  -14.086
2.730  10.000  9.779  -13.971
2.740  10.000  9.938  -13.989
2.750  10.000  9.931  -14.089
2.760  10.000  9.983  -14.150
2.770  10.000  10.012  -14.170
2.780  10.000  10.064  -14.066
2.790  10.000  9.778  -13.890
2.800  10.000  9.952  -13.719
2.810  10.000  10.241  -13.569
2.820  10.000  9.688  -13.420
2.830  10.000  10.135  -13.359
2.840  10.000  10.025  -13.389
2.850  10.000  9.984  -13.358
2.860  10.000  9.930  -13.276
2.870  10.000  9.861  -13.220
2.880  10.000  10.017  -12.979
2.890  10.000  10.061  -12.649
2.900  10.000  10.081  -12.636
2.910  10.000  9.925  -12.699
2.920  10.000  10.018  -12.719
2.930  10.000  10.071  -12.757
2.940  10.000  10.075  -12.731
2.950  10.000  10.069  -12.722
2.960  10.000  10.070  -12.760
2.970  10.000  9.859  -12.686
2.980  10.000  10.040  -12.568
2.990  10.000  10.227  -12.554
3.000  10.000  9.972  -12.457
3.010  10.000  9.682  -12.104
3.020  10.000  9.807  -11.624
3.030  10.000  10.059  -11.240
3.040  10.000  9.985  -11.036
3.050  10.000  10.028  -10.953
3.060  10.000  10.018  -10.837
3.070  10.000  9.988  -10.599
3.080  10.000  10.018  -10.285
3.090  10.000  10.035  -9.867
3.100  10.000  10.060  -9.460
3.110  10.000  10.038  -9.186
3.120  10.000  10.156  -9.089
3.130  10.000  10.001  -9.005
3.140  10.000  9.692  -8.694
3.150  10.000  10.143  -8.459
3.160  10.000  10.148  -8.391
3.170  10.000  9.886  -8.156
3.180  10.000  9.937  -7.802
3.190  10.000  9.992  -7.618
3.200  10.000  10.232  -7.674
3.210  10.000  10.097  -7.830
3.220  10.000  10.072  -7.966
3.230  10.000  9.930  -8.070
3.240  10.000  10.255  -8.205
3.250  10.000  9.948  -8.319
3.260  10.000  10.009  -8.341
3.270  10.000  9.902  -8.287
3.280  10.000  9.820  -8.219
3.290  10.000  10.034  -8.166
3.300  10.000  9.932  -8.146
3.310  10.000  10.012  -8.136
3.320  10.000  10.022  -8.147
3.330  10.000  9.816  -8.020
3.340  10.000  9.998  -7.911
3.350  10.000  10.064  -7.831
3.360  10.000  9.834  -7.529
3.370  10.000  9.764  -7.170
3.380  10.000  9.985  -6.885
3.390  10.000  9.990  -6.760
3.400  10.000  10.351  -6.695
3.410  10.000  10.020  -6.437
3.420  10.000  9.972  -6.124
3.430  10.000  9.921  -5.903
3.440  10.000  10.111  -5.750
3.450  10.000  10.120  -5.583
3.460  10.000  10.015  -5.467
3.470  10.000  10.005  -5.530
3.480  10.000  9.881  -5.552
3.490  10.000  10.089  -5.525
3.500  10.000  10.098  -5.468
3.510  10.000  9.990  -5.372
3.520  10.000  10.180  -5.300
3.530  10.000  9.967  -5.375
3.540  10.000  10.198  -5.527
3.550  10.000  9.975  -5.576
3.560  10.000  9.919  -5.649
3.570  10.000  9.991  -5.666
3.580  10.000  9.916  -5.635
3.590  10.000  9.946  -5.907
3.600  10.000  10.121  -6.281
3.610  10.000  9.888  -6.469
3.620  10.000  9.777  -6.515
3.630  10.000  9.861  -6.588
3.640  10.000  9.948  -6.628
3.650  10.000  10.273  -6.589
3.660  10.000  9.902  -6.562
3.670  10.000  9.662  -6.274
3.680  10.000  9.787  -5.932
3.690  10.000  10.085  -5.638
3.700  10.000  10.137  -5.555
3.710  10.000  10.072  -5.620
3.720  10.000  9.820  -5.380
3.730  10.000  9.903  -4.995
3.740  10.000  9.966  -4.569
3.750  10.000  10.128  -4.295
3.760  10.000  10.160  -4.143
3.770  10.000  9.838  -3.840
3.780  10.000  9.789  -3.358
3.790  10.000  9.880  -2.726
3.800  10.000  10.103  -2.359
3.810  10.000  10.100  -2.162
3.820  10.000  10.093  -1.842
3.830  10.000  10.153  -1.666
3.840  10.000  10.006  -1.565
3.850  10.000  10.063  -1.403
3.860  10.000  9.998  -1.142
3.870  10.000  10.149  -0.986
3.880  10.000  10.009  -1.040
3.890  10.000  9.929  -1.036
3.900  10.000  9.909  -0.967
3.910  10.000  10.084  -0.801
3.920  10.000  10.276  -0.616
3.930  10.000  9.920  -0.435
3.940  10.000  10.054  -0.388
3.950  10.000  10.169  -0.503
3.960  10.000  10.048  -0.560
3.970  10.000  10.023  -0.491
3.980  10.000  10.003  -0.325
3.990  10.000  9.842  -0.204
4.000  10.000  10.088  -0.109
4.010  10.000  9.983  -0.120
4.020  10.000  10.082  -0.134
4.030  10.000  9.894  0.000
4.040  10.000  9.949  0.144
4.050  10.000  9.916  0.373
4.060  10.000  10.165  0.576
4.070  10.000  9.922  0.517
4.080  10.000  9.853  0.515
4.090  11.500  9.939  0.582
4.100  13.000  10.446  0.735
4.110  14.500  10.785  1.392
4.120  16.000  11.714  2.563
4.130  17.500  11.697  4.326
4.140  19.000  12.547  7.031
4.150  20.500  14.568  10.610
4.160  22.000  16.157  15.263
4.170  23.500  18.176  20.871
4.180  25.000  20.051  27.185
4.190  25.000  21.349  34.437
4.200  25.000  23.338  42.248
4.210  25.000  24.064  50.208
4.220  25.000  24.366  58.840
4.230  25.000  25.536  67.763
4.240  25.000  25.936  76.277
4.250  25.000  25.406  85.131
4.260  25.000  26.045  94.150
4.270  25.000  26.618  102.224
4.280  25.000  25.303  109.705
4.290  25.000  25.228  117.396
4.300  25.000  25.801  124.830
4.310  25.000  24.646  132.330
4.320  25.000  25.177  140.031
4.330  25.000  24.985  147.536
4.340  25.000  25.683  155.247
4.350  25.000  24.834  162.957
4.360  25.000  25.621  170.145
4.370  25.000  25.086  176.970
4.380  25.000  25.408  184.204
4.390  25.000  24.425  191.740
4.400  25.000  25.241  199.499
4.410  25.000  24.842  207.218
4.420  25.000  25.874  214.305
4.430  25.000  24.867  221.345
4.440  25.000  25.399  228.638
4.450  25.000  24.858  235.941
4.460  25.000  25.396  243.252
4.470  25.000  26.101  250.422
4.480  25.000  24.251  257.806
4.490  25.000  25.868  264.682
4.500  25.000  25.092  271.132
4.510  25.000  25.607  277.720
4.520  25.000  25.239  284.110
4.530  25.000  25.173  290.674
4.540  25.000  25.839  297.081
4.550  25.000  25.373  303.322
4.560  25.000  26.678  309.464
4.570  25.000  25.101  315.736
4.580  25.000  25.131  322.310
4.590  25.000  25.485  328.406
4.600  25.000  25.573  334.121
4.610  25.000  25.040  340.049
4.620  25.000  25.081  345.768
4.630  25.000  25.238  351.016
4.640  25.000  24.392  356.393
4.650  25.000  25.128  361.783
4.660  25.000  25.266  367.275
4.670  25.000  25.276  373.023
4.680  25.000  24.868  378.531
4.690  25.000  24.425  383.991
4.700  25.000  25.226  389.468
4.710  25.000  25.725  394.905
4.720  25.000  25.820  400.052
4.730  25.000  25.277  405.140
4.740  25.000  24.712  410.378
4.750  25.000  24.547  415.621
4.760  25.000  24.905  421.134
4.770  25.000  25.303  426.399
4.780  25.000  25.099  431.536
4.790  25.000  25.167  436.922
4.800  25.000  25.690  442.076
4.810  25.000  25.451  447.224
4.820  25.000  25.165  452.515
4.830  25.000  25.443  457.759
4.840  25.000  24.745  462.914
4.850  25.000  25.500  467.836
4.860  25.000  25.584  472.786
4.870  25.000  25.431  477.942
4.880  25.000  25.966  482.672
4.890  25.000  25.557  487.063
4.900  25.000  25.774  491.302
4.910  25.000  24.816  495.706
4.920  25.000  25.462  500.423
4.930  25.000  25.061  504.844
4.940  25.000  25.573  508.901
4.950  25.000  25.162  512.904
4.960  25.000  25.290  516.671
4.970  25.000  24.587  520.454
4.980  25.000  25.259  524.600
4.990  25.000  25.058  528.630
5.000  25.000  25.278  532.449
5.010  25.000  25.223  536.375
5.020  25.000  24.850  540.342
5.030  25.000  25.318  544.069
5.040  25.000  25.301  547.795
5.050  25.000  25.171  551.440
5.060  25.000  25.251  554.858
5.070  25.000  25.076  558.179
5.080  25.000  25.441  561.357
5.090  10.000  24.447  564.812
5.100  10.000  24.513  568.003
5.110  10.000  21.776  569.929
5.120  10.000  18.883  570.357
5.130  10.000  17.487  568.951
5.140  10.000  16.019  565.516
5.150  10.000  14.943  560.369
5.160  10.000  14.244  554.695
5.170  10.000  13.706  548.278
5.180  10.000  13.176  541.581
5.190  10.000  12.890  535.198
5.200  10.000  12.643  528.841
5.210  10.000  12.502  522.924
5.220  10.000  12.439  516.644
5.230  10.000  12.342  510.138
5.240  10.000  12.164  503.885
5.250  10.000  12.237  497.339
5.260  10.000  12.090  490.655
5.270  10.000  12.007  483.936
5.280  10.000  11.997  477.190
5.290  10.000  11.760  470.946
5.300  10.000  11.700  464.805
5.310  10.000  11.652  458.760
5.320  10.000  11.477  452.896
5.330  10.000  11.259  446.597
5.340  10.000  11.228  440.241
5.350  10.000  11.144  433.978
5.360  10.000  11.075  428.047
5.370  10.000  11.034  422.031
5.380  10.000  10.934  416.154
5.390  10.000  10.940  410.531
5.400  10.000  10.801  404.803
5.410  10.000  10.684  398.914
5.420  10.000  10.643  392.581
5.430  10.000  10.610  386.412
5.440  10.000  10.369  380.740
5.450  10.000  10.269  375.241
5.460  10.000  10.037  369.139
5.470  10.000  10.038  363.467
5.480  10.000  9.799  358.058
5.490  10.000  9.875  352.473
5.500  10.000  9.778  346.979
5.510  10.000  9.743  341.082
5.520  10.000  9.479  335.458
5.530  10.000  9.497  330.325
5.540  10.000  9.313  324.678
5.550  10.000  9.356  319.139
5.560  10.000  9.369  313.801
5.570  10.000  9.423  308.540
5.580  10.000  9.418  303.318
5.590  10.000  9.364  298.031
5.600  10.000  9.386  292.702
5.610  10.000  9.493  286.931
5.620  10.000  9.507  281.573
5.630  10.000  9.515  276.250
5.640  10.000  9.446  271.080
5.650  10.000  9.485  266.290
5.660  10.000  9.467  261.427
5.670  10.000  9.477  256.677
5.680  10.000  9.429  251.604
5.690  10.000  9.538  246.552
5.700  10.000  9.462  242.131
5.710  10.000  9.531  237.600
5.720  10.000  9.528  232.847
5.730  10.000  9.660  227.647
5.740  10.000  9.632  222.568
5.750  10.000  9.577  217.885
5.760  10.000  9.566  213.105
5.770  10.000  9.574  208.501
5.780  10.000  9.491  204.002
5.790  10.000  9.490  199.481
5.800  10.000  9.543  194.957
5.810  10.000  9.506  190.588
5.820  10.000  9.505  186.339
5.830  10.000  9.398  182.093
5.840  10.000  9.360  177.981
5.850  10.000  9.393  173.848
5.860  10.000  9.337  169.687
5.870  10.000  9.332  165.738
5.880  10.000  9.311  161.268
5.890  10.000  9.257  156.689
5.900  10.000  9.071  152.745
5.910  10.000  9.190  148.598
5.920  10.000  9.058  144.407
5.930  10.000  9.247  139.942
5.940  10.000  9.237  135.567
5.950  10.000  9.230  131.721
5.960  10.000  9.295  128.024
5.970  10.000  9.328  124.566
5.980  10.000  9.420  121.012
5.990  10.000  9.441  117.543
6.000  10.000  9.560  114.344
6.010  10.000  9.553  111.038
6.020  10.000  9.797  107.693
6.030  10.000  9.816  104.394
6.040  10.000  9.682  101.173
6.050  10.000  9.676  98.077
6.060  10.000  9.823  95.020
6.070  10.000  9.699  92.030
6.080  10.000  9.646  89.115
6.090  10.000  9.650  86.434
6.100  10.000  9.697  83.679
6.110  10.000  9.597  81.011
6.120  10.000  9.588  78.430
6.130  10.000  9.596  75.778
6.140  10.000  9.640  73.289
6.150  10.000  9.581  70.874
6.160  10.000  9.651  68.420
6.170  10.000  9.513  65.923
6.180  10.000  9.647  63.426
6.190  10.000  9.472  60.992
6.200  10.000  9.535  58.588
6.210  10.000  9.404  56.231
6.220  10.000  9.420  53.859
6.230  10.000  9.551  51.629
6.240  10.000  9.582  49.598
6.250  10.000  9.528  47.452
6.260  10.000  9.838  45.399
6.270  10.000  9.867  43.504
6.280  10.000  9.597  41.629
6.290  10.000  9.696  39.743
6.300  10.000  9.872  37.773
6.310  10.000  9.803  35.877
6.320  10.000  9.723  34.228
6.330  10.000  9.882  32.634
6.340  10.000  9.915  30.902
6.350  10.000  9.944  29.211
6.360  10.000  9.809  27.486
6.370  10.000  9.739  25.892
6.380  10.000  9.816  24.426
6.390  10.000  9.864  22.887
6.400  10.000  9.941  21.349
6.410  10.000  10.028  19.845
6.420  10.000  9.870  18.584
6.430  10.000  9.785  17.247
6.440  10.000  9.843  15.850
6.450  10.000  9.856  14.656
6.460  10.000  10.099  13.399
6.470  10.000  9.829  12.140
6.480  10.000  10.010  10.856
6.490  10.000  9.953  9.586
6.500  10.000  9.991  8.360
6.510  10.000  9.822  7.299
6.520  10.000  9.807  6.340
6.530  10.000  9.820  5.280
6.540  10.000  9.879  4.284
6.550  10.000  9.856  3.286
6.560  10.000  9.841  2.344
6.570  10.000  9.813  1.417
6.580  10.000  9.893  0.550
6.590  10.000  9.938  -0.304
6.600  10.000  9.969  -1.233
6.610  10.000  9.585  -2.116
6.620  10.000  9.722  -3.003
6.630  10.000  9.832  -3.859
6.640  10.000  9.840  -4.683
6.650  10.000  9.960  -5.620
6.660  10.000  9.712  -6.490
6.670  10.000  9.926  -7.313
6.680  10.000  9.643  -8.007
6.690  10.000  9.921  -8.601
6.700  10.000  9.834  -9.276
6.710  10.000  9.686  -9.827
6.720  10.000  9.650  -10.472
6.730  10.000  9.720  -11.238
6.740  10.000  9.796  -11.957
6.750  10.000  9.662  -12.658
6.760  10.000  9.649  -13.340
6.770  10.000  9.814  -13.956
6.780  10.000  9.673  -14.594
6.790  10.000  9.840  -15.381
6.800  10.000  9.720  -16.166
6.810  10.000  9.894  -16.789
6.820  10.000  9.659  -17.249
6.830  10.000  9.865  -17.575
6.840  10.000  9.788  -17.927
6.850  10.000  9.989  -18.378
6.860  10.000  9.872  -18.758
6.870  10.000  9.613  -18.970
6.880  10.000  9.691  -19.004
6.890  10.000  9.875  -19.118
6.900  10.000  10.109  -19.263
6.910  10.000  9.835  -19.306
6.920  10.000  9.755  -19.255
6.930  10.000  9.876  -19.070
6.940  10.000  10.209  -19.081
6.950  10.000  10.090  -19.106
6.960  10.000  9.871  -19.036
6.970  10.000  9.898  -19.069
6.980  10.000  9.922  -18.956
6.990  10.000  9.783  -18.492
7.000  10.000  10.012  -18.046
7.010  10.000  10.063  -17.784
7.020  10.000  9.893  -17.348
7.030  10.000  9.968  -16.802
7.040  10.000  9.870  -16.345
7.050  10.000  10.108  -15.995
7.060  10.000  10.073  -15.772
7.070  10.000  10.067  -15.506
7.080  10.000  9.980  -15.107
7.090  10.000  9.670  -14.660
7.100  10.000  10.112  -14.276
7.110  10.000  10.164  -13.997
7.120  10.000  10.203  -13.724
7.130  10.000  9.965  -13.354
7.140  10.000  9.932  -12.819
7.150  10.000  9.919  -12.227
7.160  10.000  10.212  -11.791
7.170  10.000  9.981  -11.488
7.180  10.000  9.974  -11.076
7.190  10.000  9.999  -10.649
7.200  10.000  10.083  -10.529
7.210  10.000  10.208  -10.571
7.220  10.000  10.196  -10.670
7.230  10.000  10.082  -10.694
7.240  10.000  9.901  -10.512
7.250  10.000  10.187  -10.447
7.260  10.000  10.194  -10.585
7.270  10.000  10.216  -10.728
7.280  10.000  10.000  -10.772
7.290  10.000  9.839  -10.597
7.300  10.000  10.019  -10.652
7.310  10.000  10.213  -11.171
7.320  10.000  10.144  -11.526
7.330  10.000  10.045  -11.605
7.340  10.000  10.052  -11.785
7.350  10.000  10.110  -11.939
7.360  10.000  10.062  -12.039
7.370  10.000  10.167  -12.282
7.380  10.000  9.897  -12.509
7.390  10.000  9.981  -12.652
7.400  10.000  9.672  -12.782
7.410  10.000  10.213  -12.997
7.420  10.000  9.985  -13.274
7.430  10.000  10.023  -13.478
7.440  10.000  9.948  -13.651
7.450  10.000  9.972  -13.858
7.460  10.000  9.900  -13.969
7.470  10.000  9.840  -13.957
7.480  10.000  10.253  -13.944
7.490  10.000  9.995  -14.100
7.500  10.000  9.849  -14.296
7.510  10.000  9.910  -14.335
7.520  10.000  9.984  -14.504
7.530  10.000  9.954  -14.777
7.540  10.000  10.202  -15.031
7.550  10.000  9.834  -15.086
7.560  10.000  9.929  -15.011
7.570  10.000  9.871  -15.027
7.580  10.000  9.775  -14.956
7.590  10.000  9.990  -14.889
7.600  10.000  10.184  -14.810
7.610  10.000  9.853  -14.614
7.620  10.000  9.853  -14.502
7.630  10.000  10.035  -14.357
7.640  10.000  10.071  -14.276
7.650  10.000  9.720  -14.193
7.660  10.000  10.087  -13.928
7.670  10.000  10.071  -13.805
7.680  10.000  9.947  -13.886
7.690  10.000  9.925  -14.005
7.700  10.000  10.069  -14.010
7.710  10.000  9.961  -13.840
7.720  10.000  9.887  -13.627
7.730  10.000  9.933  -13.407
7.740  10.000  9.834  -13.082
7.750  10.000  9.938  -12.797
7.760  10.000  10.037  -12.667
7.770  10.000  10.154  -12.625
7.780  10.000  9.909  -12.532
7.790  10.000  10.012  -12.436
7.800  10.000  9.913  -12.382
7.810  10.000  9.938  -12.271
7.820  10.000  10.079  -12.108
7.830  10.000  10.103  -12.055
7.840  10.000  9.997  -11.942
7.850  10.000  10.048  -11.710
7.860  10.000  10.056  -11.569
7.870  10.000  10.087  -11.557
7.880  10.000  10.099  -11.585
7.890  10.000  9.956  -11.468
7.900  10.000  9.885  -11.378
7.910  10.000  9.904  -11.341
7.920  10.000  10.073  -11.245
7.930  10.000  10.142  -11.243
7.940  10.000  10.158  -11.259
7.950  10.000  9.824  -11.089
7.960  10.000  9.918  -10.782
7.970  10.000  9.884  -10.552
7.980  10.000  10.211  -10.368
7.990  10.000  9.819  -10.073
8.000  10.000  9.947  -9.650
8.010  10.000  10.142  -9.456
8.020  10.000  10.149  -9.341
8.030  10.000  10.144  -9.100
8.040  10.000  10.136  -9.093
8.050  10.000  9.891  -9.039
8.060  10.000  10.040  -9.157
8.070  10.000  10.196  -9.447
8.080  10.000  9.986  -9.458
8.090  10.000  9.887  -9.539
8.100  10.000  9.939  -9.773
8.110  10.000  10.196  -9.929
8.120  10.000  10.083  -9.918
8.130  10.000  10.221  -9.922
8.140  10.000  9.956  -10.106
8.150  10.000  10.073  -10.249
8.160  10.000  9.951  -10.241
8.170  10.000  10.055  -10.218
8.180  10.000  10.168  -10.276
8.190  10.000  9.905  -10.281
8.200  10.000  10.082  -10.326
8.210  10.000  9.766  -10.495
8.220  10.000  10.009  -10.664
8.230  10.000  10.108  -10.879
8.240  10.000  10.131  -11.089
8.250  10.000  9.864  -11.194
8.260  10.000  9.957  -11.336
8.270  10.000  10.040  -11.566
8.280  10.000  10.075  -11.900
8.290  10.000  10.000  -12.368
8.300  10.000  10.047  -12.770
8.310  10.000  10.045  -13.082
8.320  10.000  9.740  -13.200
8.330  10.000  10.115  -13.367
8.340  10.000  9.936  -13.598
8.350  10.000  9.860  -13.679
8.360  10.000  9.928  -13.804
8.370  10.000  9.940  -13.898
8.380  10.000  9.969  -13.805
8.390  10.000  10.077  -13.737
8.400  10.000  9.915  -13.782
8.410  10.000  9.777  -13.825
8.420  10.000  9.955  -13.879
8.430  10.000  9.888  -14.014
8.440  10.000  10.231  -14.145
8.450  10.000  9.817  -14.136
8.460  10.000  10.004  -14.125
8.470  10.000  9.896  -14.262
8.480  10.000  9.888  -14.367
8.490  10.000  10.033  -14.428
8.500  10.000  10.091  -14.644
8.510  10.000  10.152  -14.964
8.520  10.000  10.003  -15.194
8.530  10.000  10.004  -15.285
8.540  10.000  9.859  -15.309
8.550  10.000  9.899  -15.200
8.560  10.000  10.170  -15.057
8.570  10.000  9.986  -15.220
8.580  10.000  10.084  -15.488
8.590  10.000  9.863  -15.496
8.600  10.000  10.042  -15.474
8.610  10.000  9.808  -15.373
8.620  10.000  9.966  -15.348
8.630  10.000  9.977  -15.461
8.640  10.000  10.127  -15.438
8.650  10.000  10.262  -15.424
8.660  10.000  9.974  -15.487
8.670  10.000  10.116  -15.541
8.680  10.000  9.955  -15.515
8.690  10.000  9.961  -15.441
8.700  10.000  9.934  -15.338
8.710  10.000  9.773  -15.179
8.720  10.000  10.073  -15.101
8.730  10.000  9.885  -15.119
8.740  10.000  10.018  -15.098
8.750  10.000  9.875  -15.152
8.760  10.000  10.039  -15.285
8.770  10.000  9.968  -15.295
8.780  10.000  9.883  -15.226
8.790  10.000  9.838  -15.303
8.800  10.000  10.000  -15.330
8.810  10.000  9.924  -15.170
8.820  10.000  9.937  -14.807
8.830  10.000  10.000  -14.371
8.840  10.000  9.932  -14.221
8.850  10.000  10.046  -14.043
8.860  10.000  10.020  -13.672
8.870  10.000  10.215  -13.444
8.880  10.000  10.220  -13.366
8.890  10.000  10.033  -13.324
8.900  10.000  10.351  -13.344
8.910  10.000  10.021  -13.283
8.920  10.000  9.928  -13.208
8.930  10.000  9.996  -13.171
8.940  10.000  10.040  -13.126
8.950  10.000  10.024  -13.261
8.960  10.000  10.268  -13.560
8.970  10.000  9.959  -13.769
8.980  10.000  9.946  -13.860
8.990  10.000  10.020  -14.004
9.000  10.000  10.075  -14.116
9.010  10.000  9.962  -14.145
9.020  10.000  9.986  -14.159
9.030  10.000  9.952  -14.205
9.040  10.000  10.177  -14.340
9.050  10.000  9.966  -14.542
9.060  10.000  9.715  -14.601
9.070  10.000  9.809  -14.491
9.080  10.000  10.039  -14.351
9.090  10.000  10.025  -14.163
9.100  11.500  9.893  -14.022
9.110  13.000  10.327  -13.898
9.120  14.500  10.701  -13.051
9.130  16.000  11.654  -11.672
9.140  17.500  12.015  -9.992
9.150  19.000  12.647  -7.349
9.160  20.500  14.752  -3.675
9.170  22.000  16.206  1.019
9.180  23.500  17.582  6.735
9.190  25.000  19.295  13.529
9.200  25.000  21.119  21.413
9.210  25.000  22.912  29.999
9.220  25.000  23.830  38.757
9.230  25.000  25.141  47.477
9.240  25.000  24.734  56.520
9.250  25.000  25.300  65.708
9.260  25.000  25.795  74.433
9.270  25.000  24.836  83.321
9.280  25.000  25.858  91.962
9.290  25.000  25.558  99.983
9.300  25.000  25.338  107.997
9.310  25.000  25.832  116.017
9.320  25.000  25.752  124.021
9.330  25.000  25.315  132.112
9.340  25.000  25.410  140.224
9.350  25.000  25.671  147.734
9.360  25.000  24.926  155.000
9.370  25.000  25.422  162.577
9.380  25.000  25.219  170.096
9.390  25.000  25.774  177.546
9.400  25.000  25.311  185.222
9.410  25.000  24.664  192.945
9.420  25.000  25.179  200.361
9.430  25.000  25.511  207.414
9.440  25.000  25.493  214.513
9.450  25.000  25.464  221.758
9.460  25.000  24.928  228.943
9.470  25.000  25.532  236.123
9.480  25.000  25.412  243.266
9.490  25.000  24.907  250.556
9.500  25.000  25.173  257.700
9.510  25.000  25.678  264.312
9.520  25.000  24.832  271.019
9.530  25.000  25.275  278.174
9.540  25.000  25.610  285.208
9.550  25.000  25.041  291.925
9.560  25.000  25.506  298.581
9.570  25.000  25.768  305.297
9.580  25.000  25.480  311.864
9.590  25.000  25.209  318.273
9.600  25.000  25.650  324.513
9.610  25.000  25.510  330.470
9.620  25.000  25.601  336.464
9.630  25.000  25.091  342.558
9.640  25.000  24.910  348.759
9.650  25.000  25.080  354.495
9.660  25.000  24.775  359.934
9.670  25.000  24.578  365.642
9.680  25.000  24.869  371.425
9.690  25.000  24.993  377.361
9.700  25.000  25.642  383.399
9.710  25.000  25.806  389.323
9.720  25.000  25.359  394.974
9.730  25.000  24.667  400.572
9.740  25.000  25.002  406.150
9.750  25.000  25.090  411.517
9.760  25.000  25.192  416.736
9.770  25.000  25.074  421.939
9.780  25.000  25.047  427.364
9.790  25.000  25.678  432.683
9.800  25.000  25.769  437.760
9.810  25.000  25.495  442.554
9.820  25.000  25.492  447.230
9.830  25.000  25.157  452.271
9.840  25.000  25.162  457.452
9.850  25.000  25.438  462.320
9.860  25.000  25.301  466.965
9.870  25.000  25.457  471.622
9.880  25.000  25.926  476.037
9.890  25.000  25.488  480.572
9.900  25.000  25.448  485.030
9.910  25.000  25.328  489.292
9.920  25.000  25.005  493.839
9.930  25.000  24.800  498.229
9.940  25.000  25.207  502.570
9.950  25.000  24.799  507.025
9.960  25.000  25.515  511.373
9.970  25.000  24.889  515.729
9.980  25.000  25.149  520.235
9.990  25.000  25.347  524.549
10.000  25.000  25.165  528.569
10.010  25.000  25.454  532.520
10.020  25.000  25.263  536.222
10.030  25.000  25.390  539.713
10.040  25.000  24.396  543.397
10.050  25.000  25.506  547.080
10.060  25.000  25.170  550.468
10.070  25.000  24.796  553.949
10.080  25.000  25.167  557.446
10.090  25.000  25.375  560.989
10.100  10.000  25.229  564.585
10.110  10.000  24.264  567.843
10.120  10.000  21.687  570.251
10.130  10.000  19.332  570.873
10.140  10.000  17.247  569.409
10.150  10.000  16.224  566.141
10.160  10.000  15.025  561.321
10.170  10.000  14.138  555.721
10.180  10.000  13.523  549.831
10.190  10.000  13.191  543.201
10.200  10.000  12.741  536.860
10.210  10.000  12.288  531.267
10.220  10.000  12.271  524.987
10.230  10.000  12.115  518.664
10.240  10.000  11.924  512.868
10.250  10.000  11.803  507.153
10.260  10.000  11.766  501.543
10.270  10.000  11.773  495.292
10.280  10.000  11.802  488.635
10.290  10.000  11.684  482.585
10.300  10.000  11.524  476.812
10.310  10.000  11.482  471.082
10.320  10.000  11.342  465.601
10.330  10.000  11.279  460.009
10.340  10.000  11.112  454.492
10.350  10.000  11.036  448.584
10.360  10.000  10.893  442.181
10.370  10.000  10.860  435.974
10.380  10.000  10.841  429.638
10.390  10.000  10.769  423.929
10.400  10.000  10.822  418.195
10.410  10.000  10.600  411.749
10.420  10.000  10.635  405.781
10.430  10.000  10.574  399.945
10.440  10.000  10.531  393.756
10.450  10.000  10.459  388.085
10.460  10.000  10.261  382.419
10.470  10.000  10.301  376.160
10.480  10.000  10.305  370.498
10.490  10.000  10.155  365.394
10.500  10.000  10.030  359.834
10.510  10.000  9.857  354.364
10.520  10.000  9.904  348.961
10.530  10.000  9.716  343.587
10.540  10.000  9.631  338.423
10.550  10.000  9.480  332.724
10.560  10.000  9.494  327.433
10.570  10.000  9.502  322.143
10.580  10.000  9.614  316.753
10.590  10.000  9.561  311.811
10.600  10.000  9.422  306.797
10.610  10.000  9.443  301.554
10.620  10.000  9.485  295.728
10.630  10.000  9.374  290.197
10.640  10.000  9.293  284.983
10.650  10.000  9.457  279.477
10.660  10.000  9.558  274.279
10.670  10.000  9.527  269.479
10.680  10.000  9.553  264.665
10.690  10.000  9.628  259.423
10.700  10.000  9.608  254.130
10.710  10.000  9.598  248.705
10.720  10.000  9.643  243.404
10.730  10.000  9.464  238.185
10.740  10.000  9.448  233.059
10.750  10.000  9.452  228.131
10.760  10.000  9.379  223.142
10.770  10.000  9.452  218.160
10.780  10.000  9.405  213.169
10.790  10.000  9.427  208.285
10.800  10.000  9.345  203.534
10.810  10.000  9.442  199.177
10.820  10.000  9.454  194.533
10.830  10.000  9.473  189.244
10.840  10.000  9.417  184.510
10.850  10.000  9.428  180.395
10.860  10.000  9.304  176.233
10.870  10.000  9.378  172.106
10.880  10.000  9.241  168.011
10.890  10.000  9.224  164.082
10.900  10.000  9.300  159.967
10.910  10.000  9.268  155.784
10.920  10.000  9.136  151.909
10.930  10.000  9.034  147.974
10.940  10.000  9.140  144.081
10.950  10.000  9.104  140.254
10.960  10.000  9.172  136.275
10.970  10.000  9.121  132.501
10.980  10.000  9.276  128.846
10.990  10.000  9.257  125.231
11.000  10.000  9.385  121.828
11.010  10.000  9.537  118.620
11.020  10.000  9.494  115.370
11.030  10.000  9.725  112.345
11.040  10.000  9.683  109.323
11.050  10.000  9.719  106.133
11.060  10.000  9.650  103.139
11.070  10.000  9.663  100.330
11.080  10.000  9.745  97.622
11.090  10.000  9.636  94.984
11.100  10.000  9.732  92.409
11.110  10.000  9.771  89.770
11.120  10.000  9.732  87.238
11.130  10.000  9.658  84.677
11.140  10.000  9.711  82.036
11.150  10.000  9.662  79.380
11.160  10.000  9.603  76.805
11.170  10.000  9.623  74.116
11.180  10.000  9.461  71.448
11.190  10.000  9.520  69.049
11.200  10.000  9.572  66.682
11.210  10.000  9.577  64.135
11.220  10.000  9.529  61.393
11.230  10.000  9.477  58.902
11.240  10.000  9.411  56.534
11.250  10.000  9.532  54.203
11.260  10.000  9.667  51.965
11.270  10.000  9.714  49.827
11.280  10.000  9.713  47.910
11.290  10.000  9.730  46.024
11.300  10.000  9.737  44.159
11.310  10.000  9.882  42.369
11.320  10.000  9.733  40.653
11.330  10.000  9.764  39.127
11.340  10.000  9.796  37.647
11.350  10.000  9.843  36.181
11.360  10.000  9.749  34.817
11.370  10.000  9.760  33.431
11.380  10.000  9.947  32.030
11.390  10.000  9.955  30.629
11.400  10.000  9.902  29.228
11.410  10.000  9.948  27.744
11.420  10.000  10.054  26.282
11.430  10.000  9.994  24.829
11.440  10.000  9.744  23.452
11.450  10.000  9.778  22.252
11.460  10.000  9.712  21.173
11.470  10.000  9.885  20.158
11.480  10.000  9.843  19.144
11.490  10.000  9.897  18.172
11.500  10.000  9.818  17.159
11.510  10.000  9.925  16.238
11.520  10.000  9.865  15.315
11.530  10.000  9.824  14.376
11.540  10.000  9.788  13.569
11.550  10.000  10.000  12.749
11.560  10.000  9.828  11.830
11.570  10.000  9.883  10.924
11.580  10.000  9.987  10.187
11.590  10.000  9.800  9.432
11.600  10.000  9.939  8.648
11.610  10.000  9.738  7.999
11.620  10.000  9.860  7.272
11.630  10.000  9.981  6.541
11.640  10.000  9.880  5.879
11.650  10.000  9.855  5.129
11.660  10.000  9.607  4.520
11.670  10.000  9.894  4.113
11.680  10.000  9.864  3.568
11.690  10.000  9.897  2.834
11.700  10.000  9.734  2.100
11.710  10.000  9.798  1.401
11.720  10.000  9.543  0.876
11.730  10.000  9.766  0.288
11.740  10.000  9.915  -0.491
11.750  10.000  9.846  -1.066
11.760  10.000  9.670  -1.534
11.770  10.000  9.724  -2.008
11.780  10.000  9.785  -2.478
11.790  10.000  9.751  -3.040
11.800  10.000  9.781  -3.609
11.810  10.000  9.717  -4.139
11.820  10.000  9.724  -4.683
11.830  10.000  9.670  -5.066
11.840  10.000  9.895  -5.402
11.850  10.000  9.962  -5.825
11.860  10.000  9.850  -6.163
11.870  10.000  9.780  -6.487
11.880  10.000  9.792  -6.810
11.890  10.000  9.866  -6.860
11.900  10.000  9.893  -6.791
11.910  10.000  10.143  -6.847
11.920  10.000  9.906  -7.007
11.930  10.000  9.678  -7.224
11.940  10.000  9.796  -7.394
11.950  10.000  9.665  -7.303
11.960  10.000  9.969  -6.985
11.970  10.000  10.059  -6.720
11.980  10.000  10.058  -6.530
11.990  10.000  9.657  -6.379
12.000  10.000  9.877  -6.240
12.010  10.000  10.021  -6.061
12.020  10.000  9.928  -5.779
12.030  10.000  10.193  -5.428
12.040  10.000  9.904  -4.960
12.050  10.000  9.779  -4.498
12.060  10.000  9.931  -4.156
12.070  10.000  10.115  -3.785
12.080  10.000  10.176  -3.361
12.090  10.000  9.849  -2.967
12.100  10.000  10.027  -2.678
12.110  10.000  10.036  -2.375
12.120  10.000  9.983  -2.037
12.130  10.000  10.205  -1.684
12.140  10.000  10.074  -1.258
12.150  10.000  9.911  -0.914
12.160  10.000  9.767  -0.574
12.170  10.000  10.077  -0.114
12.180  10.000  10.161  0.253
12.190  10.000  9.933  0.523
12.200  10.000  10.059  0.701
12.210  10.000  9.979  0.871
12.220  10.000  10.198  1.055
12.230  10.000  10.251  1.270
12.240  10.000  9.861  1.548
12.250  10.000  9.877  1.782
12.260  10.000  10.268  1.939
12.270  10.000  10.203  1.991
12.280  10.000  9.986  1.827
12.290  10.000  10.112  1.476
12.300  10.000  10.066  1.304
12.310  10.000  10.141  1.234
12.320  10.000  10.192  1.015
12.330  10.000  9.979  0.765
12.340  10.000  9.897  0.676
12.350  10.000  9.996  0.772
12.360  10.000  9.952  0.839
12.370  10.000  10.291  0.737
12.380  10.000  10.042  0.659
12.390  10.000  10.134  0.607
12.400  10.000  10.084  0.505
12.410  10.000  10.130  0.434
12.420  10.000  9.971  0.458
12.430  10.000  9.813  0.404
12.440  10.000  10.051  0.095
12.450  10.000  9.947  -0.288
12.460  10.000  9.931  -0.544
12.470  10.000  10.119  -0.791
12.480  10.000  9.934  -1.029
12.490  10.000  9.971  -1.048
12.500  10.000  9.992  -0.982
12.510  10.000  9.895  -0.939
12.520  10.000  9.958  -1.017
12.530  10.000  10.074  -1.244
12.540  10.000  9.998  -1.365
12.550  10.000  10.004  -1.455
12.560  10.000  9.755  -1.496
12.570  10.000  10.149  -1.523
12.580  10.000  9.829  -1.678
12.590  10.000  10.040  -1.715
12.600  10.000  9.798  -1.494
12.610  10.000  9.763  -1.127
12.620  10.000  9.977  -0.887
12.630  10.000  10.003  -0.883
12.640  10.000  10.167  -0.951
12.650  10.000  9.828  -0.949
12.660  10.000  9.836  -0.843
12.670  10.000  9.942  -0.697
12.680  10.000  10.025  -0.430
12.690  10.000  9.900  -0.147
12.700  10.000  10.006  0.041
12.710  10.000  10.049  0.258
12.720  10.000  9.964  0.598
12.730  10.000  10.061  0.824
12.740  10.000  10.105  0.773
12.750  10.000  10.013  0.864
12.760  10.000  10.199  1.045
12.770  10.000  9.873  1.336
12.780  10.000  9.884  1.657
12.790  10.000  10.161  1.737
12.800  10.000  10.120  1.889
12.810  10.000  9.855  1.995
12.820  10.000  9.841  2.077
12.830  10.000  10.130  2.299
12.840  10.000  10.176  2.411
12.850  10.000  9.993  2.414
12.860  10.000  9.945  2.568
12.870  10.000  9.799  2.819
12.880  10.000  10.029  2.929
12.890  10.000  10.057  2.888
12.900  10.000  10.136  2.903
12.910  10.000  9.785  3.119
12.920  10.000  10.015  3.391
12.930  10.000  10.098  3.586
12.940  10.000  10.325  3.504
12.950  10.000  9.986  3.425
12.960  10.000  9.999  3.552
12.970  10.000  9.939  3.755
12.980  10.000  10.112  3.907
12.990  10.000  9.986  3.881
13.000  10.000  10.099  3.914
13.010  10.000  9.948  3.919
13.020  10.000  10.012  3.752
13.030  10.000  10.149  3.707
13.040  10.000  9.921  3.718
13.050  10.000  9.852  3.628
13.060  10.000  10.075  3.595
13.070  10.000  9.761  3.642
13.080  10.000  10.095  3.602
13.090  10.000  9.959  3.506
13.100  10.000  10.005  3.533
13.110  10.000  9.903  3.585
13.120  10.000  9.875  3.712
13.130  10.000  10.077  3.692
13.140  10.000  10.121  3.357
13.150  10.000  10.076  3.034
13.160  10.000  9.762  3.025
13.170  10.000  9.804  3.288
13.180  10.000  9.998  3.461
13.190  10.000  9.932  3.549
13.200  10.000  10.007  3.649
13.210  10.000  10.130  3.703
13.220  10.000  10.010  3.813
13.230  10.000  9.811  4.170
13.240  10.000  9.930  4.416
13.250  10.000  10.085  4.340
13.260  10.000  9.813  4.472
13.270  10.000  9.917  4.752
13.280  10.000  10.005  5.046
13.290  10.000  10.037  5.479
13.300  10.000  10.104  5.778
13.310  10.000  10.014  5.945
13.320  10.000  9.913  6.070
13.330  10.000  10.199  6.105
13.340  10.000  10.174  6.144
13.350  10.000  9.922  6.347
13.360  10.000  9.837  6.775
13.370  10.000  9.983  7.102
13.380  10.000  10.145  7.165
13.390  10.000  10.038  7.339
13.400  10.000  10.174  7.716
13.410  10.000  10.007  7.949
13.420  10.000  10.025  7.913
13.430  10.000  10.001  7.818
13.440  10.000  10.072  7.821
13.450  10.000  10.222  7.836
13.460  10.000  9.841  7.912
13.470  10.000  9.965  8.116
13.480  10.000  10.016  8.355
13.490  10.000  9.942  8.531
13.500  10.000  10.099  8.704
13.510  10.000  9.818  8.975
13.520  10.000  10.204  9.223
13.530  10.000  9.952  9.396
13.540  10.000  10.161  9.646
13.550  10.000  10.089  9.808
13.560  10.000  10.102  9.720
13.570  10.000  10.125  9.618
13.580  10.000  9.837  9.679
13.590  10.000  10.185  9.709
13.600  10.000  10.032  9.560
13.610  10.000  10.035  9.453
13.620  10.000  9.803  9.497
13.630  10.000  10.086  9.501
13.640  10.000  10.047  9.364
13.650  10.000  9.772  9.218
13.660  10.000  9.919  9.075
13.670  10.000  10.122  8.917
13.680  10.000  9.938  8.776
13.690  10.000  9.906  8.805
13.700  10.000  10.011  8.843
13.710  10.000  10.113  8.813
13.720  10.000  10.018  8.808
13.730  10.000  9.994  8.683
13.740  10.000  10.020  8.678
13.750  10.000  10.015  8.713
13.760  10.000  9.783  8.592
13.770  10.000  10.086  8.450
13.780  10.000  10.126  8.355
13.790  10.000  9.978  8.226
13.800  10.000  9.786  8.124
13.810  10.000  9.813  8.104
13.820  10.000  9.864  8.006
13.830  10.000  10.007  7.873
13.840  10.000  9.962  7.870
13.850  10.000  9.906  7.927
13.860  10.000  9.886  8.093
13.870  10.000  10.046  8.320
13.880  10.000  10.003  8.473
13.890  10.000  9.912  8.699
13.900  10.000  10.071  8.840
13.910  10.000  9.802  8.962
13.920  10.000  9.906  9.231
13.930  10.000  9.969  9.385
13.940  10.000  10.034  9.596
13.950  10.000  10.028  9.871
13.960  10.000  10.098  10.095
13.970  10.000  9.885  10.280
13.980  10.000  9.927  10.476
13.990  10.000  10.165  10.731
14.000  10.000  10.193  10.917
14.010  10.000  9.969  11.040
14.020  10.000  10.144  11.151
14.030  10.000  9.789  11.371
14.040  10.000  10.257  11.682
14.050  10.000  9.762  12.079
14.060  10.000  10.112  12.465
14.070  10.000  9.954  12.759
14.080  10.000  10.132  13.024
14.090  10.000  10.097  13.308
14.100  10.000  10.268  13.473
14.110  11.500  10.023  13.461
14.120  13.000  10.063  13.668
14.130  14.500  10.672  14.550
14.140  16.000  11.808  15.964
14.150  17.500  11.971  17.837
14.160  19.000  12.630  20.561
14.170  20.500  14.677  24.145
14.180  22.000  16.002  28.900
14.190  23.500  17.686  34.674
14.200  25.000  19.482  41.093
14.210  25.000  21.532  48.220
14.220  25.000  22.569  56.764
14.230  25.000  24.215  65.832
14.240  25.000  24.661  74.387
14.250  25.000  25.737  82.749
14.260  25.000  25.366  90.606
14.270  25.000  25.069  98.645
14.280  25.000  26.043  107.050
14.290  25.000  25.134  115.561
14.300  25.000  26.280  123.661
14.310  25.000  26.092  131.317
14.320  25.000  25.672  139.156
14.330  25.000  25.172  147.150
14.340  25.000  25.482  154.544
14.350  25.000  25.462  161.335
14.360  25.000  25.551  168.374
14.370  25.000  25.188  175.590
14.380  25.000  25.097  183.108
14.390  25.000  25.586  190.777
14.400  25.000  24.384  198.318
14.410  25.000  25.170  206.062
14.420  25.000  25.041  213.546
14.430  25.000  24.657  220.611
14.440  25.000  25.364  227.757
14.450  25.000  25.758  234.666
14.460  25.000  25.586  241.630
14.470  25.000  25.337  248.459
14.480  25.000  25.700  254.943
14.490  25.000  25.255  261.570
14.500  25.000  25.776  268.190
14.510  25.000  25.166  274.598
14.520  25.000  25.415  280.948
14.530  25.000  24.873  287.517
14.540  25.000  25.950  293.619
14.550  25.000  25.408  299.496
14.560  25.000  24.846  305.821
14.570  25.000  25.063  312.076
14.580  25.000  24.995  318.536
14.590  25.000  24.995  325.075
14.600  25.000  24.710  331.309
14.610  25.000  24.662  337.615
14.620  25.000  25.086  343.981
14.630  25.000  25.009  350.207
14.640  25.000  25.897  356.264
14.650  25.000  25.626  362.260
14.660  25.000  25.605  368.271
14.670  25.000  25.509  374.049
14.680  25.000  25.823  379.291
14.690  25.000  25.263  384.099
14.700  25.000  25.431  388.718
14.710  25.000  24.780  393.602
14.720  25.000  24.872  398.811
14.730  25.000  24.525  404.260
14.740  25.000  25.010  409.666
14.750  25.000  25.312  414.893
14.760  25.000  25.032  420.103
14.770  25.000  24.815  425.397
14.780  25.000  25.178  430.783
14.790  25.000  24.567  436.461
14.800  25.000  25.346  442.142
14.810  25.000  25.128  447.558
14.820  25.000  25.655  452.600
14.830  25.000  25.928  457.216
14.840  25.000  25.921  462.001
14.850  25.000  25.209  466.966
14.860  25.000  25.888  471.529
14.870  25.000  26.139  475.754
14.880  25.000  24.812  480.405
14.890  25.000  25.300  484.816
14.900  25.000  25.022  489.009
14.910  25.000  25.267  493.288
14.920  25.000  24.941  497.388
14.930  25.000  25.131  501.683
14.940  25.000  24.952  506.202
14.950  25.000  25.083  510.634
14.960  25.000  25.829  514.713
14.970  25.000  25.522  518.764
14.980  25.000  25.246  522.928
14.990  25.000  24.835  527.005
15.000  25.000  25.413  530.893
15.010  25.000  25.210  534.782
15.020  25.000  25.318  538.684
15.030  25.000  24.889  542.561
15.040  25.000  24.720  546.593
15.050  25.000  24.580  550.896
15.060  25.000  25.389  555.073
15.070  25.000  25.222  559.048
15.080  25.000  25.539  562.947
15.090  25.000  24.756  566.675
15.100  25.000  25.393  570.245
15.110  10.000  25.032  573.678
15.120  10.000  24.378  576.729
15.130  10.000  22.207  578.924
15.140  10.000  19.633  579.749
15.150  10.000  16.832  578.623
15.160  10.000  16.127  575.267
15.170  10.000  15.165  570.254
15.180  10.000  14.364  563.996
15.190  10.000  13.628  556.887
15.200  10.000  13.262  550.367
15.210  10.000  13.084  543.886
15.220  10.000  12.766  537.267
15.230  10.000  12.657  531.367
15.240  10.000  12.474  525.195
15.250  10.000  12.228  518.453
15.260  10.000  12.138  512.041
15.270  10.000  12.019  506.250
15.280  10.000  11.711  500.274
15.290  10.000  11.659  493.748
15.300  10.000  11.495  487.146
15.310  10.000  11.474  480.495
15.320  10.000  11.522  474.387
15.330  10.000  11.468  468.451
15.340  10.000  11.463  462.014
15.350  10.000  11.236  456.014
15.360  10.000  11.157  449.812
15.370  10.000  10.983  443.796
15.380  10.000  10.837  438.085
15.390  10.000  10.858  432.326
15.400  10.000  10.629  426.674
15.410  10.000  10.715  420.575
15.420  10.000  10.649  414.806
15.430  10.000  10.543  408.952
15.440  10.000  10.448  403.408
15.450  10.000  10.493  397.806
15.460  10.000  10.332  391.567
15.470  10.000  10.311  385.789
15.480  10.000  10.250  379.895
15.490  10.000  10.155  373.710
15.500  10.000  10.029  368.417
15.510  10.000  9.904  363.539
15.520  10.000  9.827  358.553
15.530  10.000  9.936  353.086
15.540  10.000  9.799  347.312
15.550  10.000  9.656  342.016
15.560  10.000  9.668  336.382
15.570  10.000  9.554  330.941
15.580  10.000  9.585  325.934
15.590  10.000  9.482  321.041
15.600  10.000  9.298  315.749
15.610  10.000  9.506  310.241
15.620  10.000  9.385  305.154
15.630  10.000  9.507  299.664
15.640  10.000  9.512  293.921
15.650  10.000  9.437  288.766
15.660  10.000  9.307  284.008
15.670  10.000  9.392  279.170
15.680  10.000  9.301  273.910
15.690  10.000  9.401  268.618
15.700  10.000  9.376  263.713
15.710  10.000  9.253  258.834
15.720  10.000  9.371  254.180
15.730  10.000  9.380  249.095
15.740  10.000  9.467  243.602
15.750  10.000  9.367  238.741
15.760  10.000  9.251  234.227
15.770  10.000  9.332  229.793
15.780  10.000  9.331  224.911
15.790  10.000  9.358  220.120
15.800  10.000  9.182  216.061
15.810  10.000  9.340  212.100
15.820  10.000  9.220  207.403
15.830  10.000  9.259  202.813
15.840  10.000  9.286  198.716
15.850  10.000  9.335  194.265
15.860  10.000  9.247  190.035
15.870  10.000  9.275  185.974
15.880  10.000  9.225  182.001
15.890  10.000  9.234  178.074
15.900  10.000  9.149  174.009
15.910  10.000  9.248  169.909
15.920  10.000  9.126  165.899
15.930  10.000  9.175  162.046
15.940  10.000  9.296  158.382
15.950  10.000  9.238  154.650
15.960  10.000  9.328  150.867
15.970  10.000  9.445  147.455
15.980  10.000  9.598  143.915
15.990  10.000  9.671  140.322
16.000  10.000  9.657  137.056
16.010  10.000  9.762  133.644
16.020  10.000  9.985  130.148
16.030  10.000  9.935  126.933
16.040  10.000  9.773  123.933
16.050  10.000  9.793  120.694
16.060  10.000  9.801  117.407
16.070  10.000  9.855  114.261
16.080  10.000  9.739  111.255
16.090  10.000  9.880  108.446
16.100  10.000  9.721  105.493
16.110  10.000  9.812  102.633
16.120  10.000  9.859  99.688
16.130  10.000  9.844  96.554
16.140  10.000  9.744  93.831
16.150  10.000  9.755  91.265
16.160  10.000  9.725  88.591
16.170  10.000  9.698  85.850
16.180  10.000  9.686  83.101
16.190  10.000  9.618  80.442
16.200  10.000  9.622  77.914
16.210  10.000  9.551  75.385
16.220  10.000  9.518  72.666
16.230  10.000  9.525  70.121
16.240  10.000  9.418  67.751
16.250  10.000  9.358  65.330
16.260  10.000  9.344  62.838
16.270  10.000  9.495  60.337
16.280  10.000  9.604  57.949
16.290  10.000  9.471  55.694
16.300  10.000  9.625  53.557
16.310  10.000  9.758  51.487
16.320  10.000  9.759  49.515
16.330  10.000  9.724  47.534
16.340  10.000  9.779  45.531
16.350  10.000  9.885  43.667
16.360  10.000  9.680  41.946
16.370  10.000  9.882  40.208
16.380  10.000  9.918  38.403
16.390  10.000  9.581  36.809
16.400  10.000  9.792  35.440
16.410  10.000  9.745  34.069
16.420  10.000  10.055  32.600
16.430  10.000  9.979  31.112
16.440  10.000  9.848  29.766
16.450  10.000  9.714  28.422
16.460  10.000  9.940  27.062
16.470  10.000  10.042  25.601
16.480  10.000  9.885  24.251
16.490  10.000  9.838  23.050
16.500  10.000  9.773  22.058
16.510  10.000  9.890  21.002
16.520  10.000  9.875  19.747
16.530  10.000  9.865  18.607
16.540  10.000  9.673  17.539
16.550  10.000  9.757  16.541
16.560  10.000  9.873  15.531
16.570  10.000  9.986  14.519
16.580  10.000  9.877  13.576
16.590  10.000  9.882  12.725
16.600  10.000  9.970  11.821
16.610  10.000  10.089  10.828
16.620  10.000  9.806  9.920
16.630  10.000  9.791  9.187
16.640  10.000  9.771  8.305
16.650  10.000  10.038  7.321
16.660  10.000  9.778  6.517
16.670  10.000  9.870  5.644
16.680  10.000  9.981  4.649
16.690  10.000  9.931  3.766
16.700  10.000  9.946  3.026
16.710  10.000  9.555  2.405
16.720  10.000  9.798  1.613
16.730  10.000  9.853  0.735
16.740  10.000  9.630  0.044
16.750  10.000  9.756  -0.553
16.760  10.000  9.749  -1.129
16.770  10.000  9.758  -1.914
16.780  10.000  9.829  -2.852
16.790  10.000  9.957  -3.642
16.800  10.000  9.758  -4.232
16.810  10.000  9.519  -4.606
16.820  10.000  9.661  -4.955
16.830  10.000  9.799  -5.545
16.840  10.000  9.755  -6.058
16.850  10.000  9.551  -6.544
16.860  10.000  9.731  -7.250
16.870  10.000  10.063  -8.013
16.880  10.000  9.953  -8.493
16.890  10.000  9.856  -8.787
16.900  10.000  9.858  -9.124
16.910  10.000  9.799  -9.335
16.920  10.000  9.630  -9.365
16.930  10.000  10.055  -9.369
16.940  10.000  9.979  -9.513
16.950  10.000  9.676  -9.593
16.960  10.000  9.780  -9.562
16.970  10.000  9.774  -9.287
16.980  10.000  9.841  -8.849
16.990  10.000  10.014  -8.572
17.000  10.000  9.744  -8.273
17.010  10.000  9.691  -7.800
17.020  10.000  10.085  -7.392
17.030  10.000  9.949  -7.018
17.040  10.000  10.130  -6.620
17.050  10.000  9.841  -6.227
17.060  10.000  9.812  -5.751
17.070  10.000  9.920  -5.298
17.080  10.000  10.002  -4.800
17.090  10.000  10.014  -4.314
17.100  10.000  10.185  -3.851
17.110  10.000  10.055  -3.325
17.120  10.000  9.970  -2.909
17.130  10.000  10.084  -2.563
17.140  10.000  10.057  -2.095
17.150  10.000  9.941  -1.558
17.160  10.000  10.132  -1.047
17.170  10.000  10.114  -0.615
17.180  10.000  9.988  -0.288
17.190  10.000  9.881  -0.003
17.200  10.000  9.815  0.346
17.210  10.000  10.246  0.818
17.220  10.000  10.110  1.060
17.230  10.000  10.060  1.362
17.240  10.000  10.036  1.839
17.250  10.000  10.196  2.116
17.260  10.000  10.007  2.508
17.270  10.000  10.187  2.891
17.280  10.000  10.039  3.118
17.290  10.000  10.063  3.357
17.300  10.000  9.987  3.658
17.310  10.000  10.159  3.843
17.320  10.000  10.200  3.972
17.330  10.000  10.011  4.025
17.340  10.000  10.058  3.939
17.350  10.000  10.079  3.898
17.360  10.000  9.975  3.982
17.370  10.000  10.001  4.038
17.380  10.000  10.124  3.786
17.390  10.000  9.933  3.566
17.400  10.000  10.375  3.309
17.410  10.000  10.077  2.841
17.420  10.000  9.784  2.658
17.430  10.000  10.094  2.552
17.440  10.000  10.138  2.402
17.450  10.000  10.110  2.308
17.460  10.000  9.951  2.050
17.470  10.000  10.050  1.747
17.480  10.000  9.996  1.503
17.490  10.000  9.950  1.286
17.500  10.000  10.237  0.786
17.510  10.000  9.895  0.380
17.520  10.000  9.958  0.214
17.530  10.000  9.896  -0.026
17.540  10.000  10.036  -0.209
17.550  10.000  9.965  -0.458
17.560  10.000  10.128  -0.873
17.570  10.000  9.970  -1.014
17.580  10.000  10.007  -1.009
17.590  10.000  9.783  -1.181
17.600  10.000  10.151  -1.323
17.610  10.000  9.957  -1.552
17.620  10.000  9.981  -1.812
17.630  10.000  9.953  -2.076
17.640  10.000  9.921  -2.355
17.650  10.000  9.938  -2.541
17.660  10.000  10.115  -2.729
17.670  10.000  9.940  -2.902
17.680  10.000  10.089  -2.935
17.690  10.000  9.931  -3.090
17.700  10.000  9.801  -3.339
17.710  10.000  9.796  -3.510
17.720  10.000  10.064  -3.709
17.730  10.000  10.060  -3.938
17.740  10.000  10.053  -4.103
17.750  10.000  9.984  -4.287
17.760  10.000  9.934  -4.518
17.770  10.000  9.787  -4.532
17.780  10.000  9.952  -4.493
17.790  10.000  10.049  -4.715
17.800  10.000  10.037  -5.154
17.810  10.000  9.818  -5.380
17.820  10.000  9.931  -5.424
17.830  10.000  9.956  -5.539
17.840  10.000  10.114  -5.697
17.850  10.000  9.897  -5.937
17.860  10.000  9.796  -5.955
17.870  10.000  9.932  -5.763
17.880  10.000  9.992  -5.582
17.890  10.000  9.951  -5.428
17.900  10.000  10.029  -5.318
17.910  10.000  9.831  -5.039
17.920  10.000  9.940  -4.625
17.930  10.000  9.834  -4.348
17.940  10.000  10.137  -4.123
17.950  10.000  10.088  -3.805
17.960  10.000  10.100  -3.487
17.970  10.000  10.034  -3.215
17.980  10.000  9.823  -2.845
17.990  10.000  9.975  -2.425
18.000  10.000  10.092  -2.099
18.010  10.000  10.223  -1.978
18.020  10.000  10.154  -1.961
18.030  10.000  9.798  -1.933
18.040  10.000  10.059  -1.830
18.050  10.000  10.073  -1.689
18.060  10.000  10.224  -1.753
18.070  10.000  9.998  -1.782
18.080  10.000  9.963  -1.838
18.090  10.000  9.930  -2.001
18.100  10.000  10.077  -2.049
18.110  10.000  10.303  -2.066
18.120  10.000  10.051  -2.124
18.130  10.000  10.002  -2.184
18.140  10.000  9.831  -2.262
18.150  10.000  10.039  -2.346
18.160  10.000  10.106  -2.630
18.170  10.000  9.972  -2.941
18.180  10.000  10.095  -3.083
18.190  10.000  10.002  -3.242
18.200  10.000  10.156  -3.478
18.210  10.000  10.239  -3.851
18.220  10.000  9.977  -4.263
18.230  10.000  10.018  -4.570
18.240  10.000  9.671  -4.471
18.250  10.000  9.919  -4.355
18.260  10.000  10.117  -4.503
18.270  10.000  10.025  -4.643
18.280  10.000  9.740  -4.737
18.290  10.000  9.965  -4.851
18.300  10.000  10.063  -5.062
18.310  10.000  10.115  -5.279
18.320  10.000  9.954  -5.479
18.330  10.000  10.049  -5.634
18.340  10.000  9.925  -5.639
18.350  10.000  9.962  -5.644
18.360  10.000  9.915  -5.674
18.370  10.000  10.127  -5.801
18.380  10.000  10.160  -6.117
18.390  10.000  10.160  -6.509
18.400  10.000  9.803  -6.800
18.410  10.000  10.003  -7.122
18.420  10.000  9.996  -7.504
18.430  10.000  10.098  -7.648
18.440  10.000  9.942  -7.748
18.450  10.000  9.894  -7.793
18.460  10.000  10.057  -7.744
18.470  10.000  9.922  -7.658
18.480  10.000  9.880  -7.611
18.490  10.000  10.085  -7.785
18.500  10.000  10.081  -7.965
18.510  10.000  9.961  -7.890
18.520  10.000  9.955  -7.946
18.530  10.000  10.044  -8.273
18.540  10.000  9.991  -8.488
18.550  10.000  9.904  -8.609
18.560  10.000  9.798  -8.583
18.570  10.000  10.151  -8.332
18.580  10.000  10.033  -8.150
18.590  10.000  9.870  -8.087
18.600  10.000  10.083  -8.194
18.610  10.000  10.040  -8.337
18.620  10.000  9.959  -8.342
18.630  10.000  9.989  -8.492
18.640  10.000  9.969  -8.711
18.650  10.000  10.059  -8.887
18.660  10.000  9.853  -8.893
18.670  10.000  10.054  -8.844
18.680  10.000  10.103  -8.990
18.690  10.000  9.996  -9.240
18.700  10.000  9.936  -9.467
18.710  10.000  10.059  -9.615
18.720  10.000  9.746  -9.500
18.730  10.000  9.977  -9.285
18.740  10.000  9.789  -9.168
18.750  10.000  9.969  -8.981
18.760  10.000  9.925  -8.857
18.770  10.000  9.815  -8.672
18.780  10.000  9.996  -8.371
18.790  10.000  9.870  -8.158
18.800  10.000  10.119  -7.982
18.810  10.000  10.019  -7.785
18.820  10.000  10.016  -7.476
18.830  10.000  9.933  -7.143
18.840  10.000  10.332  -7.074
18.850  10.000  10.026  -7.103
18.860  10.000  10.145  -7.094
18.870  10.000  10.091  -7.118
18.880  10.000  9.928  -7.090
18.890  10.000  9.846  -6.890
18.900  10.000  10.037  -6.739
18.910  10.000  9.974  -6.660
18.920  10.000  10.049  -6.421
18.930  10.000  10.128  -6.348
18.940  10.000  10.125  -6.412
18.950  10.000  9.794  -6.389
18.960  10.000  10.034  -6.312
18.970  10.000  10.006  -6.196
18.980  10.000  10.242  -6.127
18.990  10.000  9.991  -6.073
19.000  10.000  9.819  -5.969
19.010  10.000  9.940  -5.839
19.020  10.000  9.891  -5.723
19.030  10.000  10.178  -5.834
19.040  10.000  9.882  -5.962
19.050  10.000  10.055  -5.910
19.060  10.000  9.969  -5.808
19.070  10.000  10.024  -5.703
19.080  10.000  9.975  -5.567
19.090  10.000  9.988  -5.482
19.100  10.000  10.155  -5.502
19.110  10.000  10.117  -5.532
19.120  11.500  9.955  -5.472
19.130  13.000  9.987  -5.078
19.140  14.500  10.921  -4.211
19.150  16.000  11.711  -2.838
19.160  17.500  11.643  -0.799
19.170  19.000  12.733  2.023
19.180  20.500  14.575  5.695
19.190  22.000  16.542  10.316
19.200  23.500  17.658  16.078
19.210  25.000  19.373  22.690
19.220  25.000  21.614  29.752
19.230  25.000  22.802  37.795
19.240  25.000  23.793  47.071
19.250  25.000  24.699  56.277
19.260  25.000  25.324  64.789
19.270  25.000  25.305  73.216
19.280  25.000  25.429  81.698
19.290  25.000  26.015  90.098
19.300  25.000  25.912  98.140
19.310  25.000  25.158  106.326
19.320  25.000  25.617  114.419
19.330  25.000  25.910  122.124
19.340  25.000  25.356  129.986
19.350  25.000  24.868  137.917
19.360  25.000  25.792  145.891
19.370  25.000  25.398  153.548
19.380  25.000  25.473  160.764
19.390  25.000  26.007  167.978
19.400  25.000  24.742  175.215
19.410  25.000  25.298  182.074
19.420  25.000  25.211  188.739
19.430  25.000  25.535  195.664
19.440  25.000  25.039  202.959
19.450  25.000  24.431  210.337
19.460  25.000  25.586  217.290
19.470  25.000  25.405  224.015
19.480  25.000  25.464  230.903
19.490  25.000  25.066  237.748
19.500  25.000  25.490  244.400
19.510  25.000  25.073  251.204
19.520  25.000  25.420  258.040
19.530  25.000  24.880  264.973
19.540  25.000  25.097  271.820
19.550  25.000  25.623  278.494
19.560  25.000  25.492  285.052
19.570  25.000  25.533  291.320
19.580  25.000  25.374  297.641
19.590  25.000  25.476  303.713
19.600  25.000  25.667  309.690
19.610  25.000  25.296  316.061
19.620  25.000  25.262  322.240
19.630  25.000  25.592  328.248
19.640  25.000  24.786  334.560
19.650  25.000  25.080  340.877
19.660  25.000  25.047  346.997
19.670  25.000  24.560  353.097
19.680  25.000  24.990  358.968
19.690  25.000  25.435  364.987
19.700  25.000  25.540  371.099
19.710  25.000  25.205  376.817
19.720  25.000  25.222  382.356
19.730  25.000  24.735  387.855
19.740  25.000  24.837  393.431
19.750  25.000  25.445  398.984
19.760  25.000  25.218  404.577
19.770  25.000  25.079  410.101
19.780  25.000  24.811  415.447
19.790  25.000  25.299  420.832
19.800  25.000  25.769  426.071
19.810  25.000  25.398  431.132
19.820  25.000  25.505  436.126
19.830  25.000  24.827  441.320
19.840  25.000  24.960  446.788
19.850  25.000  25.346  452.117
19.860  25.000  25.173  457.389
19.870  25.000  25.805  462.523
19.880  25.000  25.365  467.607
19.890  25.000  25.963  472.298
19.900  25.000  25.496  476.589
19.910  25.000  25.456  480.634
19.920  25.000  25.189  484.532
19.930  25.000  24.879  488.883
19.940  25.000  25.386  493.357
19.950  25.000  25.032  497.742
19.960  25.000  24.753  502.208
19.970  25.000  25.050  506.735
19.980  25.000  25.404  511.277
19.990  25.000  25.210  515.877
20.000  25.000  25.542  520.250
20.010  25.000  25.238  524.215
20.020  25.000  25.153  528.305
20.030  25.000  25.197  532.283
20.040  25.000  25.312  536.089
20.050  25.000  25.110  539.877
20.060  25.000  25.331  543.614
20.070  25.000  25.256  547.294
20.080  25.000  25.205  550.734
20.090  25.000  24.980  554.205
20.100  25.000  24.755  557.865
20.110  25.000  24.890  561.547
20.120  10.000  25.428  565.046
20.130  10.000  24.455  568.247
20.140  10.000  22.599  570.423
20.150  10.000  20.129  570.911
20.160  10.000  17.104  569.576
20.170  10.000  15.788  566.516
20.180  10.000  14.930  560.940
20.190  10.000  14.168  554.582
20.200  10.000  13.542  548.808
20.210  10.000  13.131  542.452
20.220  10.000  12.973  535.710
20.230  10.000  12.584  528.761
20.240  10.000  12.479  522.342
20.250  10.000  12.244  516.605
20.260  10.000  12.233  510.362
20.270  10.000  12.095  503.675
20.280  10.000  12.035  497.648
20.290  10.000  11.779  492.265
20.300  10.000  11.937  486.216
20.310  10.000  11.777  479.962
20.320  10.000  11.800  474.334
20.330  10.000  11.760  468.158
20.340  10.000  11.611  461.910
20.350  10.000  11.660  455.872
20.360  10.000  11.527  449.411
20.370  10.000  11.374  443.290
20.380  10.000  11.328  437.693
20.390  10.000  11.221  432.037
20.400  10.000  11.186  425.971
20.410  10.000  11.077  419.993
20.420  10.000  11.039  414.618
20.430  10.000  10.954  408.968
20.440  10.000  10.885  403.042
20.450  10.000  10.808  397.162
20.460  10.000  10.752  391.312
20.470  10.000  10.656  385.498
20.480  10.000  10.582  379.479
20.490  10.000  10.547  373.483
20.500  10.000  10.465  367.884
20.510  10.000  10.363  362.495
20.520  10.000  10.441  357.118
20.530  10.000  10.211  351.954
20.540  10.000  10.181  346.724
20.550  10.000  10.080  340.980
20.560  10.000  9.968  335.090
20.570  10.000  9.916  329.362
20.580  10.000  9.830  323.887
20.590  10.000  9.768  318.358
20.600  10.000  9.740  312.370
20.610  10.000  9.690  306.846
20.620  10.000  9.587  301.335
20.630  10.000  9.564  295.858
20.640  10.000  9.443  290.452
20.650  10.000  9.435  284.892
20.660  10.000  9.405  279.866
20.670  10.000  9.407  274.985
20.680  10.000  9.408  269.646
20.690  10.000  9.328  264.260
20.700  10.000  9.410  259.292
20.710  10.000  9.394  254.501
20.720  10.000  9.409  249.450
20.730  10.000  9.326  243.999
20.740  10.000  9.386  239.039
20.750  10.000  9.296  234.157
20.760  10.000  9.353  228.772
20.770  10.000  9.287  223.335
20.780  10.000  9.350  218.316
20.790  10.000  9.298  213.533
20.800  10.000  9.219  208.857
20.810  10.000  9.258  204.447
20.820  10.000  9.225  199.935
20.830  10.000  9.281  194.917
20.840  10.000  9.280  190.015
20.850  10.000  9.325  185.715
20.860  10.000  9.367  181.267
20.870  10.000  9.252  176.948
20.880  10.000  9.248  172.921
20.890  10.000  9.294  168.160
20.900  10.000  9.204  163.563
20.910  10.000  9.230  159.480
20.920  10.000  9.176  155.340
20.930  10.000  9.089  150.870
20.940  10.000  9.106  146.603
20.950  10.000  9.129  142.681
20.960  10.000  9.127  138.659
20.970  10.000  9.185  134.602
20.980  10.000  9.194  130.522
20.990  10.000  9.308  126.788
21.000  10.000  9.446  123.046
21.010  10.000  9.529  119.484
21.020  10.000  9.499  116.070
21.030  10.000  9.525  112.702
21.040  10.000  9.691  109.362
21.050  10.000  9.713  105.895
21.060  10.000  9.679  102.579
21.070  10.000  9.687  99.593
21.080  10.000  9.692  96.627
21.090  10.000  9.743  93.756
21.100  10.000  9.722  90.986
21.110  10.000  9.569  88.197
21.120  10.000  9.624  85.666
21.130  10.000  9.697  83.217
21.140  10.000  9.663  80.660
21.150  10.000  9.687  78.230
21.160  10.000  9.525  75.848
21.170  10.000  9.527  73.224
21.180  10.000  9.657  70.569
21.190  10.000  9.670  67.919
21.200  10.000  9.652  65.431
21.210  10.000  9.500  63.018
21.220  10.000  9.620  60.635
21.230  10.000  9.510  58.206
21.240  10.000  9.533  55.619
21.250  10.000  9.430  53.214
21.260  10.000  9.565  50.893
21.270  10.000  9.602  48.768
21.280  10.000  9.597  46.795
21.290  10.000  9.822  44.796
21.300  10.000  9.647  42.995
21.310  10.000  9.672  41.320
21.320  10.000  9.696  39.623
21.330  10.000  9.921  37.821
21.340  10.000  9.891  35.894
21.350  10.000  9.847  34.174
21.360  10.000  9.657  32.552
21.370  10.000  9.710  30.828
21.380  10.000  9.899  29.153
21.390  10.000  9.841  27.717
21.400  10.000  9.795  26.322
21.410  10.000  9.956  24.815
21.420  10.000  9.886  23.339
21.430  10.000  9.861  21.920
21.440  10.000  9.778  20.542
21.450  10.000  10.088  19.127
21.460  10.000  9.891  17.793
21.470  10.000  9.844  16.673
21.480  10.000  9.849  15.497
21.490  10.000  9.854  14.243
21.500  10.000  9.786  13.195
21.510  10.000  9.816  12.150
21.520  10.000  9.657  11.172
21.530  10.000  10.056  10.258
21.540  10.000  10.010  9.298
21.550  10.000  9.783  8.440
21.560  10.000  9.876  7.615
21.570  10.000  9.906  6.796
21.580  10.000  9.724  5.987
21.590  10.000  9.920  5.158
21.600  10.000  9.919  4.233
21.610  10.000  9.927  3.333
21.620  10.000  9.666  2.594
21.630  10.000  9.890  1.823
21.640  10.000  9.936  0.995
21.650  10.000  9.764  0.208
21.660  10.000  9.873  -0.540
21.670  10.000  9.849  -1.217
21.680  10.000  9.794  -1.925
21.690  10.000  9.695  -2.654
21.700  10.000  9.760  -3.495
21.710  10.000  9.786  -4.308
21.720  10.000  9.713  -4.957
21.730  10.000  9.811  -5.620
21.740  10.000  9.567  -6.202
21.750  10.000  9.807  -6.793
21.760  10.000  9.748  -7.401
21.770  10.000  9.823  -7.981
21.780  10.000  9.730  -8.548
21.790  10.000  9.758  -9.024
21.800  10.000  9.696  -9.559
21.810  10.000  9.854  -10.116
21.820  10.000  10.034  -10.656
21.830  10.000  9.746  -11.063
21.840  10.000  9.805  -11.460
21.850  10.000  9.730  -11.764
21.860  10.000  9.921  -11.814
21.870  10.000  10.018  -12.062
21.880  10.000  9.745  -12.322
21.890  10.000  9.951  -12.528
21.900  10.000  9.856  -12.751
21.910  10.000  10.084  -12.974
21.920  10.000  9.729  -13.144
21.930  10.000  9.749  -13.136
21.940  10.000  9.887  -13.152
21.950  10.000  9.956  -13.071
21.960  10.000  9.800  -12.907
21.970  10.000  9.817  -12.732
21.980  10.000  9.912  -12.531
21.990  10.000  10.087  -12.357
22.000  10.000  10.018  -12.106
22.010  10.000  9.918  -11.769
22.020  10.000  9.746  -11.270
22.030  10.000  10.013  -10.828
22.040  10.000  10.037  -10.612
22.050  10.000  9.984  -10.281
22.060  10.000  10.064  -9.842
22.070  10.000  9.862  -9.512
22.080  10.000  9.853  -9.323
22.090  10.000  10.004  -9.146
22.100  10.000  10.008  -8.935
22.110  10.000  10.092  -8.711
22.120  10.000  9.903  -8.314
22.130  10.000  10.017  -7.745
22.140  10.000  9.816  -7.160
22.150  10.000  10.199  -6.723
22.160  10.000  9.928  -6.441
22.170  10.000  10.168  -6.190
22.180  10.000  10.216  -5.947
22.190  10.000  9.897  -5.543
22.200  10.000  9.997  -5.049
22.210  10.000  9.962  -4.606
22.220  10.000  10.120  -4.122
22.230  10.000  10.342  -3.947
22.240  10.000  10.147  -3.851
22.250  10.000  9.922  -3.513
22.260  10.000  9.901  -3.179
22.270  10.000  10.200  -3.026
22.280  10.000  10.104  -3.146
22.290  10.000  10.143  -3.316
22.300  10.000  10.070  -3.373
22.310  10.000  10.270  -3.426
22.320  10.000  10.043  -3.337
22.330  10.000  10.057  -3.309
22.340  10.000  10.035  -3.537
22.350  10.000  10.049  -3.754
22.360  10.000  9.999  -4.008
22.370  10.000  10.076  -4.140
22.380  10.000  10.049  -4.192
22.390  10.000  10.114  -4.424
22.400  10.000  9.935  -4.580
22.410  10.000  9.982  -4.651
22.420  10.000  10.149  -4.986
22.430  10.000  9.976  -5.290
22.440  10.000  10.170  -5.526
22.450  10.000  10.037  -5.787
22.460  10.000  9.893  -5.942
22.470  10.000  10.052  -5.961
22.480  10.000  9.944  -5.908
22.490  10.000  9.974  -5.964
22.500  10.000  10.123  -6.198
22.510  10.000  9.723  -6.457
22.520  10.000  10.002  -6.658
22.530  10.000  9.798  -6.826
22.540  10.000  10.038  -7.010
22.550  10.000  10.134  -7.278
22.560  10.000  9.890  -7.474
22.570  10.000  9.842  -7.577
22.580  10.000  9.865  -7.589
22.590  10.000  10.151  -7.761
22.600  10.000  9.811  -8.044
22.610  10.000  9.899  -8.284
22.620  10.000  9.859  -8.469
22.630  10.000  10.122  -8.545
22.640  10.000  10.002  -8.664
22.650  10.000  9.963  -8.739
22.660  10.000  9.804  -8.585
22.670  10.000  9.920  -8.252
22.680  10.000  10.180  -7.980
22.690  10.000  9.862  -7.767
22.700  10.000  10.030  -7.511
22.710  10.000  9.625  -7.275
22.720  10.000  10.154  -7.135
22.730  10.000  10.027  -6.843
22.740  10.000  10.079  -6.464
22.750  10.000  9.925  -6.159
22.760  10.000  9.828  -5.721
22.770  10.000  9.884  -5.342
22.780  10.000  10.070  -5.268
22.790  10.000  10.122  -5.166
22.800  10.000  9.837  -4.851
22.810  10.000  10.008  -4.660
22.820  10.000  9.855  -4.466
22.830  10.000  10.245  -4.251
22.840  10.000  10.091  -4.067
22.850  10.000  9.972  -3.709
22.860  10.000  9.877  -3.270
22.870  10.000  10.089  -3.018
22.880  10.000  10.081  -2.934
22.890  10.000  10.060  -2.709
22.900  10.000  10.044  -2.466
22.910  10.000  9.931  -2.171
22.920  10.000  9.973  -1.830
22.930  10.000  10.234  -1.610
22.940  10.000  10.130  -1.431
22.950  10.000  9.931  -1.429
22.960  10.000  10.118  -1.508
22.970  10.000  10.137  -1.581
22.980  10.000  10.031  -1.747
22.990  10.000  10.009  -1.860
23.000  10.000  10.033  -1.975
23.010  10.000  10.121  -2.093
23.020  10.000  9.989  -2.112
23.030  10.000  9.878  -1.989
23.040  10.000  10.102  -1.826
23.050  10.000  9.997  -1.897
23.060  10.000  10.066  -2.072
23.070  10.000  10.122  -2.304
23.080  10.000  10.065  -2.519
23.090  10.000  9.913  -2.602
23.100  10.000  9.921  -2.585
23.110  10.000  9.996  -2.539
23.120  10.000  10.099  -2.671
23.130  10.000  10.014  -2.871
23.140  10.000  10.054  -2.940
23.150  10.000  10.145  -3.168
23.160  10.000  9.878  -3.464
23.170  10.000  10.109  -3.682
23.180  10.000  9.906  -3.832
23.190  10.000  9.976  -3.874
23.200  10.000  10.073  -3.992
23.210  10.000  9.980  -4.094
23.220  10.000  9.989  -4.296
23.230  10.000  9.924  -4.444
23.240  10.000  9.934  -4.545
23.250  10.000  10.047  -4.595
23.260  10.000  9.844  -4.544
23.270  10.000  9.855  -4.562
23.280  10.000  9.989  -4.672
23.290  10.000  10.155  -4.850
23.300  10.000  9.992  -5.105
23.310  10.000  9.761  -5.314
23.320  10.000  9.864  -5.249
23.330  10.000  10.072  -5.269
23.340  10.000  10.078  -5.318
23.350  10.000  10.102  -5.262
23.360  10.000  9.674  -5.205
23.370  10.000  9.973  -5.077
23.380  10.000  9.944  -4.939
23.390  10.000  10.014  -4.893
23.400  10.000  10.012  -4.932
23.410  10.000  10.025  -4.901
23.420  10.000  9.906  -4.715
23.430  10.000  9.867  -4.372
23.440  10.000  10.032  -4.190
23.450  10.000  10.038  -4.382
23.460  10.000  10.034  -4.506
23.470  10.000  9.719  -4.279
23.480  10.000  10.074  -3.906
23.490  10.000  9.997  -3.623
23.500  10.000  10.236  -3.415
23.510  10.000  10.096  -3.275
23.520  10.000  9.807  -3.164
23.530  10.000  10.228  -3.109
23.540  10.000  9.972  -3.115
23.550  10.000  10.223  -3.180
23.560  10.000  9.793  -3.100
23.570  10.000  9.960  -2.702
23.580  10.000  9.774  -2.405
23.590  10.000  10.173  -2.202
23.600  10.000  10.112  -1.909
23.610  10.000  9.892  -1.605
23.620  10.000  9.998  -1.458
23.630  10.000  10.126  -1.383
23.640  10.000  9.997  -1.294
23.650  10.000  10.047  -1.167
23.660  10.000  9.872  -0.950
23.670  10.000  9.897  -0.648
23.680  10.000  9.890  -0.385
23.690  10.000  10.182  -0.287
23.700  10.000  9.844  -0.036
23.710  10.000  10.059  0.265
23.720  10.000  10.042  0.337
23.730  10.000  10.183  0.436
23.740  10.000  9.864  0.663
23.750  10.000  10.154  0.771
23.760  10.000  10.210  0.750
23.770  10.000  10.011  0.618
23.780  10.000  9.697  0.557
23.790  10.000  9.967  0.640
23.800  10.000  10.056  0.866
23.810  10.000  10.124  1.160
23.820  10.000  9.981  1.253
23.830  10.000  9.995  1.351
23.840  10.000  9.901  1.466
23.850  10.000  9.986  1.412
23.860  10.000  9.990  1.360
23.870  10.000  9.963  1.540
23.880  10.000  9.951  1.753
23.890  10.000  9.996  1.925
23.900  10.000  10.063  2.085
23.910  10.000  9.973  2.185
23.920  10.000  9.933  2.349
23.930  10.000  10.017  2.517
23.940  10.000  10.139  2.531
23.950  10.000  9.953  2.449
23.960  10.000  10.162  2.390
23.970  10.000  9.884  2.404
23.980  10.000  9.924  2.457
23.990  10.000  9.999  2.480
24.000  10.000  9.971  2.554
24.010  10.000  9.925  2.709
24.020  10.000  9.937  2.796
24.030  10.000  10.086  2.734
24.040  10.000  10.276  2.646
24.050  10.000  9.927  2.742
24.060  10.000  9.995  2.721
24.070  10.000  10.122  2.521
24.080  10.000  10.115  2.350
24.090  10.000  10.051  2.150
24.100  10.000  10.119  1.979
24.110  10.000  9.974  1.808
24.120  10.000  9.994  1.654
24.130  11.500  10.006  1.533
24.140  13.000  10.216  1.775
24.150  14.500  10.638  2.593
24.160  16.000  11.606  3.782
24.170  17.500  11.818  5.383
24.180  19.000  12.882  7.762
24.190  20.500  14.658  11.204
24.200  22.000  15.868  16.050
24.210  23.500  17.145  22.263
24.220  25.000  19.752  28.913
24.230  25.000  20.759  36.618
24.240  25.000  22.685  45.466
24.250  25.000  23.812  54.410
24.260  25.000  23.903  64.192
24.270  25.000  25.568  73.694
24.280  25.000  25.085  82.516
24.290  25.000  25.431  91.344
24.300  25.000  25.515  99.613
24.310  25.000  25.942  107.381
24.320  25.000  26.069  115.145
24.330  25.000  25.711  123.027
24.340  25.000  25.031  130.974
24.350  25.000  25.821  138.650
24.360  25.000  25.190  146.211
24.370  25.000  24.904  154.265
24.380  25.000  26.294  161.740
24.390  25.000  25.040  168.804
24.400  25.000  24.364  176.357
24.410  25.000  24.887  184.177
24.420  25.000  25.961  191.579
24.430  25.000  24.711  199.082
24.440  25.000  25.678  206.803
24.450  25.000  25.109  214.128
24.460  25.000  24.899  221.215
24.470  25.000  25.422  228.290
24.480  25.000  25.046  235.452
24.490  25.000  24.651  242.685
24.500  25.000  25.946  249.835
24.510  25.000  25.630  256.778
24.520  25.000  25.461  263.516
24.530  25.000  25.102  270.255
24.540  25.000  25.562  276.708
24.550  25.000  25.641  283.059
24.560  25.000  25.004  289.598
24.570  25.000  26.379  295.926
24.580  25.000  24.613  302.882
24.590  25.000  26.185  309.804
24.600  25.000  26.051  316.045
24.610  25.000  25.172  322.466
24.620  25.000  25.243  328.649
24.630  25.000  25.248  334.743
24.640  25.000  24.602  340.887
24.650  25.000  25.211  346.754
24.660  25.000  25.245  352.616
24.670  25.000  24.964  358.399
24.680  25.000  24.953  363.904
24.690  25.000  25.281  369.543
24.700  25.000  24.971  375.552
24.710  25.000  25.526  381.170
24.720  25.000  25.064  386.387
24.730  25.000  24.642  391.681
24.740  25.000  24.900  397.013
24.750  25.000  25.385  402.323
24.760  25.000  25.456  407.766
24.770  25.000  24.975  413.401
24.780  25.000  25.258  418.853
24.790  25.000  25.738  423.832
24.800  25.000  25.207  428.804
24.810  25.000  24.130  434.268
24.820  25.000  24.915  439.693
24.830  25.000  25.447  444.844
24.840  25.000  25.595  449.889
24.850  25.000  25.512  454.914
24.860  25.000  24.865  459.975
24.870  25.000  25.983  464.826
24.880  25.000  25.487  469.870
24.890  25.000  25.075  475.178
24.900  25.000  24.619  480.300
24.910  25.000  25.755  485.164
24.920  25.000  25.440  489.934
24.930  25.000  25.442  494.682
24.940  25.000  25.297  499.327
24.950  25.000  25.702  503.713
24.960  25.000  25.472  507.998
24.970  25.000  25.357  512.206
24.980  25.000  25.018  516.394
24.990  25.000  25.082  520.694
25.000  25.000  25.388  524.877
25.010  25.000  25.194  529.135
25.020  25.000  25.286  533.251
25.030  25.000  25.221  537.197
25.040  25.000  25.042  541.174
25.050  25.000  24.874  545.127
25.060  25.000  25.063  549.073
25.070  25.000  25.269  552.937
25.080  25.000  25.133  556.832
25.090  25.000  24.753  560.533
25.100  25.000  25.324  564.066
25.110  25.000  25.055  567.683
25.120  25.000  25.520  571.192
25.130  10.000  24.925  574.692
25.140  10.000  24.579  577.726
25.150  10.000  22.172  579.788
25.160  10.000  19.032  580.336
25.170  10.000  17.103  578.905
25.180  10.000  16.060  575.484
25.190  10.000  15.163  570.540
25.200  10.000  14.149  564.947
25.210  10.000  13.659  558.519
25.220  10.000  13.252  551.541
25.230  10.000  13.085  544.496
25.240  10.000  12.699  538.120
25.250  10.000  12.369  531.829
25.260  10.000  12.206  525.607
25.270  10.000  12.100  519.362
25.280  10.000  11.865  513.139
25.290  10.000  11.716  506.863
25.300  10.000  11.717  499.994
25.310  10.000  11.450  494.123
25.320  10.000  11.413  488.633
25.330  10.000  11.355  483.132
25.340  10.000  11.435  477.882
25.350  10.000  11.192  472.267
25.360  10.000  11.122  466.005
25.370  10.000  11.100  460.038
25.380  10.000  10.890  453.998
25.390  10.000  10.853  448.232
25.400  10.000  10.808  442.591
25.410  10.000  10.733  436.056
25.420  10.000  10.784  430.169
25.430  10.000  10.788  424.411
25.440  10.000  10.684  418.278
25.450  10.000  10.641  412.146
25.460  10.000  10.514  406.264
25.470  10.000  10.421  400.354
25.480  10.000  10.336  394.708
25.490  10.000  10.229  389.533
25.500  10.000  10.227  383.696
25.510  10.000  10.258  377.919
25.520  10.000  10.104  372.308
25.530  10.000  10.081  366.356
25.540  10.000  9.923  360.424
25.550  10.000  9.910  354.821
25.560  10.000  9.729  349.746
25.570  10.000  9.770  344.152
25.580  10.000  9.651  338.127
25.590  10.000  9.670  332.372
25.600  10.000  9.650  326.415
25.610  10.000  9.549  320.547
25.620  10.000  9.436  315.366
25.630  10.000  9.522  309.836
25.640  10.000  9.366  304.083
25.650  10.000  9.358  298.957
25.660  10.000  9.354  293.888
25.670  10.000  9.223  289.006
25.680  10.000  9.365  283.810
25.690  10.000  9.391  278.592
25.700  10.000  9.310  273.976
25.710  10.000  9.279  269.373
25.720  10.000  9.371  264.135
25.730  10.000  9.447  258.900
25.740  10.000  9.336  253.782
25.750  10.000  9.355  248.745
25.760  10.000  9.299  244.189
25.770  10.000  9.347  239.203
25.780  10.000  9.296  233.967
25.790  10.000  9.337  229.359
25.800  10.000  9.317  224.671
25.810  10.000  9.394  220.042
25.820  10.000  9.357  215.297
25.830  10.000  9.296  210.453
25.840  10.000  9.250  206.220
25.850  10.000  9.286  201.444
25.860  10.000  9.289  196.918
25.870  10.000  9.198  193.001
25.880  10.000  9.275  188.704
25.890  10.000  9.252  184.398
25.900  10.000  9.207  180.415
25.910  10.000  9.211  176.385
25.920  10.000  9.086  172.296
25.930  10.000  9.080  168.391
25.940  10.000  9.084  164.452
25.950  10.000  9.132  160.114
25.960  10.000  9.239  155.965
25.970  10.000  9.455  152.310
25.980  10.000  9.415  148.703
25.990  10.000  9.478  145.270
26.000  10.000  9.611  141.792
26.010  10.000  9.528  138.286
26.020  10.000  9.695  135.160
26.030  10.000  9.701  131.942
26.040  10.000  9.823  128.634
26.050  10.000  9.719  125.513
26.060  10.000  9.711  122.474
26.070  10.000  9.699  119.509
26.080  10.000  9.799  116.444
26.090  10.000  9.831  113.601
26.100  10.000  9.867  110.779
26.110  10.000  9.757  107.752
26.120  10.000  9.786  105.016
26.130  10.000  9.604  102.360
26.140  10.000  9.765  99.690
26.150  10.000  9.714  96.936
26.160  10.000  9.814  94.122
26.170  10.000  9.745  91.412
26.180  10.000  9.629  88.698
26.190  10.000  9.656  85.966
26.200  10.000  9.733  83.186
26.210  10.000  9.607  80.705
26.220  10.000  9.617  78.150
26.230  10.000  9.568  75.531
26.240  10.000  9.487  73.039
26.250  10.000  9.595  70.373
26.260  10.000  9.582  67.730
26.270  10.000  9.482  65.262
26.280  10.000  9.447  62.923
26.290  10.000  9.561  60.650
26.300  10.000  9.757  58.458
26.310  10.000  9.649  56.339
26.320  10.000  9.810  54.230
26.330  10.000  9.773  52.110
26.340  10.000  9.602  49.966
26.350  10.000  9.789  47.889
26.360  10.000  9.853  45.933
26.370  10.000  9.776  44.023
26.380  10.000  9.793  42.255
26.390  10.000  9.851  40.723
26.400  10.000  10.003  39.178
26.410  10.000  9.854  37.525
26.420  10.000  9.888  35.807
26.430  10.000  9.834  34.116
26.440  10.000  9.701  32.675
26.450  10.000  9.768  31.264
26.460  10.000  9.814  29.936
26.470  10.000  9.712  28.643
26.480  10.000  9.891  27.242
26.490  10.000  10.007  25.921
26.500  10.000  9.798  24.724
26.510  10.000  9.796  23.581
26.520  10.000  9.932  22.570
26.530  10.000  9.847  21.557
26.540  10.000  9.878  20.362
26.550  10.000  9.971  19.222
26.560  10.000  9.868  18.133
26.570  10.000  9.994  16.944
26.580  10.000  9.884  15.628
26.590  10.000  9.859  14.445
26.600  10.000  9.796  13.351
26.610  10.000  9.899  12.258
26.620  10.000  9.930  11.257
26.630  10.000  9.949  10.338
26.640  10.000  9.877  9.497
