# covent_pc_8
# Captured 2020-06-21 01:16:02.090240 by unknown user
# Built at revision 3df8cc3 (dirty)
time(sec)  pc_setpoint  pressure  volume
0.000  10.000  10.053  -9.268
0.010  10.000  9.807  -9.490
0.020  10.000  9.976  -9.648
0.030  10.000  10.010  -9.751
0.040  10.000  9.845  -9.747
0.050  10.000  9.888  -9.748
0.060  10.000  10.042  -9.819
0.070  10.000  10.114  -9.849
0.080  10.000  10.027  -10.052
0.090  10.000  9.680  -10.198
0.100  10.000  10.073  -10.315
0.110  10.000  10.228  -10.520
0.120  10.000  10.152  -10.603
0.130  10.000  9.628  -10.613
0.140  12.500  9.754  -10.497
0.150  15.000  10.563  -10.102
0.160  17.500  11.815  -9.127
0.170  20.000  14.103  -7.160
0.180  22.500  16.490  -3.650
0.190  25.000  18.149  1.692
0.200  27.500  20.373  8.784
0.210  30.000  23.136  17.332
0.220  32.500  24.812  26.574
0.230  35.000  26.365  35.644
0.240  35.000  26.995  44.318
0.250  35.000  27.586  52.762
0.260  35.000  27.904  60.597
0.270  35.000  28.346  67.850
0.280  35.000  28.745  75.181
0.290  35.000  29.197  82.776
0.300  35.000  29.692  90.133
0.310  35.000  29.349  97.281
0.320  35.000  30.460  104.526
0.330  35.000  30.723  111.549
0.340  35.000  31.825  118.174
0.350  35.000  30.880  125.138
0.360  35.000  32.494  131.677
0.370  35.000  32.676  137.470
0.380  35.000  33.438  143.154
0.390  35.000  34.105  148.615
0.400  35.000  33.951  154.116
0.410  35.000  34.485  159.683
0.420  35.000  34.652  165.201
0.430  35.000  34.452  171.137
0.440  35.000  34.354  177.520
0.450  35.000  36.215  182.907
0.460  35.000  35.445  187.764
0.470  35.000  36.265  192.557
0.480  35.000  34.983  197.169
0.490  35.000  36.476  201.635
0.500  35.000  35.357  205.654
0.510  35.000  36.067  209.449
0.520  35.000  34.876  213.138
0.530  35.000  35.937  216.599
0.540  35.000  36.617  219.733
0.550  35.000  36.182  222.801
0.560  35.000  36.793  225.857
0.570  35.000  37.112  228.816
0.580  35.000  36.189  231.437
0.590  35.000  36.396  233.389
0.600  35.000  36.831  234.877
0.610  35.000  35.518  236.379
0.620  35.000  35.798  237.703
0.630  35.000  35.846  238.626
0.640  35.000  36.253  239.148
0.650  35.000  36.304  239.295
0.660  35.000  35.143  239.086
0.670  35.000  34.234  238.222
0.680  35.000  34.072  236.462
0.690  35.000  33.195  234.278
0.700  35.000  32.839  232.220
0.710  35.000  34.301  230.267
0.720  35.000  34.647  228.712
0.730  35.000  35.239  227.608
0.740  35.000  34.056  226.822
0.750  35.000  34.321  226.219
0.760  35.000  34.054  225.797
0.770  35.000  34.975  225.707
0.780  35.000  34.895  225.901
0.790  35.000  34.621  226.355
0.800  35.000  34.238  226.785
0.810  35.000  35.020  227.287
0.820  35.000  34.588  228.199
0.830  35.000  35.148  229.301
0.840  35.000  34.537  230.685
0.850  35.000  34.900  232.212
0.860  35.000  35.173  233.460
0.870  35.000  35.549  234.520
0.880  35.000  35.506  235.486
0.890  35.000  35.220  236.357
0.900  35.000  35.445  237.245
0.910  35.000  34.727  238.153
0.920  35.000  35.236  238.850
0.930  35.000  35.127  239.527
0.940  35.000  35.172  240.099
0.950  35.000  34.513  240.580
0.960  35.000  35.497  241.025
0.970  35.000  35.131  241.361
0.980  35.000  35.643  241.501
0.990  35.000  34.758  241.413
1.000  35.000  34.793  241.401
1.010  35.000  35.568  241.574
1.020  35.000  34.774  241.582
1.030  35.000  34.827  241.436
1.040  35.000  34.366  241.520
1.050  35.000  35.187  241.785
1.060  35.000  35.290  242.073
1.070  35.000  35.139  242.254
1.080  35.000  34.866  242.390
1.090  35.000  34.732  242.557
1.100  35.000  35.231  242.631
1.110  35.000  35.362  242.598
1.120  35.000  34.647  242.579
1.130  35.000  34.555  242.765
1.140  10.000  34.619  243.209
1.150  10.000  34.252  243.275
1.160  10.000  32.313  241.666
1.170  10.000  26.786  237.250
1.180  10.000  22.845  231.056
1.190  10.000  21.099  223.028
1.200  10.000  20.476  214.629
1.210  10.000  19.362  206.926
1.220  10.000  18.915  198.603
1.230  10.000  18.333  190.869
1.240  10.000  17.802  183.801
1.250  10.000  17.179  176.433
1.260  10.000  16.700  168.670
1.270  10.000  16.285  161.369
1.280  10.000  15.617  154.246
1.290  10.000  15.055  147.162
1.300  10.000  14.630  140.534
1.310  10.000  14.139  133.584
1.320  10.000  13.660  126.877
1.330  10.000  13.231  120.739
1.340  10.000  12.862  114.023
1.350  10.000  12.432  107.514
1.360  10.000  11.978  101.659
1.370  10.000  11.591  95.516
1.380  10.000  11.192  89.040
1.390  10.000  10.809  83.123
1.400  10.000  10.327  77.834
1.410  10.000  9.836  72.252
1.420  10.000  9.430  66.454
1.430  10.000  9.198  60.648
1.440  10.000  8.928  55.129
1.450  10.000  8.694  50.180
1.460  10.000  8.457  45.649
1.470  10.000  8.366  41.280
1.480  10.000  8.338  36.986
1.490  10.000  8.241  32.466
1.500  10.000  8.069  28.266
1.510  10.000  8.090  24.786
1.520  10.000  8.035  21.626
1.530  10.000  8.469  18.905
1.540  10.000  8.942  16.478
1.550  10.000  8.688  14.479
1.560  10.000  8.710  12.904
1.570  10.000  9.047  11.910
1.580  10.000  9.761  11.146
1.590  10.000  9.698  10.272
1.600  10.000  9.285  9.579
1.610  10.000  9.178  8.996
1.620  10.000  9.271  8.581
1.630  10.000  9.757  8.341
1.640  10.000  10.089  8.360
1.650  10.000  9.834  8.566
1.660  10.000  9.339  9.009
1.670  10.000  9.698  9.791
1.680  10.000  10.073  10.854
1.690  10.000  10.499  11.883
1.700  10.000  9.972  12.696
1.710  10.000  9.862  13.445
1.720  10.000  9.949  14.155
1.730  10.000  10.754  14.778
1.740  10.000  10.428  15.300
1.750  10.000  10.080  15.625
1.760  10.000  9.703  15.747
1.770  10.000  10.310  15.892
1.780  10.000  10.542  15.962
1.790  10.000  10.366  15.746
1.800  10.000  9.823  15.222
1.810  10.000  9.848  14.622
1.820  10.000  10.174  13.969
1.830  10.000  10.106  13.338
1.840  10.000  9.975  12.869
1.850  10.000  9.736  12.456
1.860  10.000  9.824  11.976
1.870  10.000  9.969  11.548
1.880  10.000  9.954  11.325
1.890  10.000  9.839  11.107
1.900  10.000  9.690  10.891
1.910  10.000  9.793  10.673
1.920  10.000  10.107  10.514
1.930  10.000  10.270  10.488
1.940  10.000  9.602  10.611
1.950  10.000  9.679  10.905
1.960  10.000  9.926  11.314
1.970  10.000  10.181  11.718
1.980  10.000  10.191  11.983
1.990  10.000  9.708  12.213
2.000  10.000  9.856  12.548
2.010  10.000  10.027  13.070
2.020  10.000  10.296  13.588
2.030  10.000  10.086  14.032
2.040  10.000  9.870  14.413
2.050  10.000  10.053  14.619
2.060  10.000  10.175  14.805
2.070  10.000  10.356  14.869
2.080  10.000  9.958  14.837
2.090  10.000  10.008  14.954
2.100  10.000  10.199  14.954
2.110  10.000  10.299  14.799
2.120  10.000  9.844  14.444
2.130  10.000  9.983  13.944
2.140  10.000  9.969  13.498
2.150  10.000  10.033  13.039
2.160  10.000  9.945  12.624
2.170  10.000  9.847  12.397
2.180  10.000  9.639  12.333
2.190  10.000  10.010  12.261
2.200  10.000  10.102  12.258
2.210  10.000  9.670  12.409
2.220  10.000  9.796  12.500
2.230  10.000  9.981  12.557
2.240  10.000  10.390  12.584
2.250  10.000  9.911  12.692
2.260  10.000  9.757  12.892
2.270  10.000  9.756  13.059
2.280  10.000  10.160  13.316
2.290  10.000  10.287  13.564
2.300  10.000  9.813  13.771
2.310  10.000  9.881  13.966
2.320  10.000  10.013  14.121
2.330  10.000  10.261  14.407
2.340  10.000  10.228  14.754
2.350  10.000  9.970  14.880
2.360  10.000  9.792  14.924
2.370  10.000  10.202  15.008
2.380  10.000  10.330  15.104
2.390  10.000  10.354  14.988
2.400  10.000  9.770  14.582
2.410  10.000  9.887  14.138
2.420  10.000  10.159  13.754
2.430  10.000  10.149  13.385
2.440  10.000  10.243  12.953
2.450  10.000  9.617  12.452
2.460  10.000  9.872  12.061
2.470  10.000  9.896  11.708
2.480  10.000  10.074  11.313
2.490  10.000  10.032  10.934
2.500  10.000  10.033  10.627
2.510  10.000  9.764  10.297
2.520  10.000  9.720  10.070
2.530  10.000  10.121  10.046
2.540  10.000  9.931  10.112
2.550  10.000  9.938  10.090
2.560  10.000  9.542  10.096
2.570  10.000  9.912  10.448
2.580  10.000  10.208  10.841
2.590  10.000  10.098  11.268
2.600  10.000  9.872  11.658
2.610  10.000  9.809  11.941
2.620  10.000  10.119  12.266
2.630  10.000  10.407  12.461
2.640  10.000  9.884  12.556
2.650  10.000  9.880  12.620
2.660  10.000  10.015  12.800
2.670  10.000  10.273  13.045
2.680  10.000  10.067  13.120
2.690  10.000  9.860  13.149
2.700  10.000  9.981  13.298
2.710  10.000  10.212  13.492
2.720  10.000  10.214  13.601
2.730  10.000  9.985  13.615
2.740  10.000  9.766  13.697
2.750  10.000  10.270  13.740
2.760  10.000  10.049  13.770
2.770  10.000  10.022  13.923
2.780  10.000  9.642  13.993
2.790  10.000  10.010  13.956
2.800  10.000  10.101  13.921
2.810  10.000  10.100  13.930
2.820  10.000  9.954  13.794
2.830  10.000  10.044  13.662
2.840  10.000  9.973  13.677
2.850  10.000  9.954  13.563
2.860  10.000  10.023  13.323
2.870  10.000  9.999  13.202
2.880  10.000  9.889  13.292
2.890  10.000  9.840  13.490
2.900  10.000  10.009  13.571
2.910  10.000  9.957  13.649
2.920  10.000  10.003  13.844
2.930  10.000  10.133  13.907
2.940  10.000  9.791  13.979
2.950  10.000  9.981  14.317
2.960  10.000  9.943  14.578
2.970  10.000  10.230  14.735
2.980  10.000  10.026  14.830
2.990  10.000  10.022  14.804
3.000  10.000  9.731  14.865
3.010  10.000  10.201  14.957
3.020  10.000  10.102  14.995
3.030  10.000  10.001  15.066
3.040  10.000  9.737  15.248
3.050  10.000  9.976  15.479
3.060  10.000  10.339  15.500
3.070  10.000  10.159  15.361
3.080  10.000  9.956  15.225
3.090  10.000  9.746  15.033
3.100  10.000  10.220  14.728
3.110  10.000  10.084  14.377
3.120  10.000  10.011  14.140
3.130  10.000  9.877  14.044
3.140  10.000  10.038  13.953
3.150  12.500  10.025  13.759
3.160  15.000  10.342  13.918
3.170  17.500  11.641  14.884
3.180  20.000  14.387  16.553
3.190  22.500  16.014  19.508
3.200  25.000  17.963  24.214
3.210  27.500  20.187  31.256
3.220  30.000  23.257  40.062
3.230  32.500  24.653  48.530
3.240  35.000  26.297  56.587
3.250  35.000  26.506  65.134
3.260  35.000  27.778  73.417
3.270  35.000  27.626  81.153
3.280  35.000  28.243  88.507
3.290  35.000  28.479  95.774
3.300  35.000  29.045  103.324
3.310  35.000  29.714  110.746
3.320  35.000  30.786  117.927
3.330  35.000  30.669  124.847
3.340  35.000  30.476  131.838
3.350  35.000  32.095  138.569
3.360  35.000  31.774  145.061
3.370  35.000  32.267  151.549
3.380  35.000  32.536  158.016
3.390  35.000  32.769  164.258
3.400  35.000  33.974  169.613
3.410  35.000  34.370  174.517
3.420  35.000  34.319  179.884
3.430  35.000  34.334  185.401
3.440  35.000  35.123  190.498
3.450  35.000  35.156  195.766
3.460  35.000  35.577  201.249
3.470  35.000  36.426  206.115
3.480  35.000  35.774  210.541
3.490  35.000  35.503  214.981
3.500  35.000  36.344  219.120
3.510  35.000  35.969  222.827
3.520  35.000  35.676  226.228
3.530  35.000  36.120  229.421
3.540  35.000  36.049  232.387
3.550  35.000  35.485  235.293
3.560  35.000  37.159  238.078
3.570  35.000  37.509  240.446
3.580  35.000  36.138  242.639
3.590  35.000  35.800  244.819
3.600  35.000  35.607  246.767
3.610  35.000  35.793  248.186
3.620  35.000  35.878  249.145
3.630  35.000  35.971  249.773
3.640  35.000  35.884  250.172
3.650  35.000  35.777  250.404
3.660  35.000  34.610  250.344
3.670  35.000  34.297  249.737
3.680  35.000  33.221  248.498
3.690  35.000  33.967  246.915
3.700  35.000  33.870  245.278
3.710  35.000  34.845  243.805
3.720  35.000  34.793  242.632
3.730  35.000  35.195  241.594
3.740  35.000  34.570  240.623
3.750  35.000  34.576  239.825
3.760  35.000  34.606  239.320
3.770  35.000  34.361  239.086
3.780  35.000  35.085  238.860
3.790  35.000  34.552  238.803
3.800  35.000  34.667  239.089
3.810  35.000  34.429  239.465
3.820  35.000  35.438  239.921
3.830  35.000  34.409  240.621
3.840  35.000  34.766  241.488
3.850  35.000  34.807  242.417
3.860  35.000  35.462  243.290
3.870  35.000  35.188  244.062
3.880  35.000  35.432  244.666
3.890  35.000  34.868  245.233
3.900  35.000  34.857  245.963
3.910  35.000  35.410  246.633
3.920  35.000  35.222  247.132
3.930  35.000  35.470  247.536
3.940  35.000  34.457  248.028
3.950  35.000  35.097  248.523
3.960  35.000  35.380  248.810
3.970  35.000  35.974  248.877
3.980  35.000  34.466  248.891
3.990  35.000  34.814  248.883
4.000  35.000  35.242  248.742
4.010  35.000  35.218  248.560
4.020  35.000  35.333  248.235
4.030  35.000  34.739  247.824
4.040  35.000  34.656  247.550
4.050  35.000  35.294  247.306
4.060  35.000  34.754  246.986
4.070  35.000  35.046  246.575
4.080  35.000  34.858  246.299
4.090  35.000  34.817  246.261
4.100  35.000  35.051  246.351
4.110  35.000  34.709  246.498
4.120  35.000  35.061  246.585
4.130  35.000  35.008  246.613
4.140  35.000  35.124  246.662
4.150  10.000  34.858  246.788
4.160  10.000  33.604  246.517
4.170  10.000  31.713  244.800
4.180  10.000  26.709  240.247
4.190  10.000  22.922  233.899
4.200  10.000  21.078  225.885
4.210  10.000  20.518  217.157
4.220  10.000  19.266  209.860
4.230  10.000  18.849  202.171
4.240  10.000  18.082  194.334
4.250  10.000  17.707  187.216
4.260  10.000  17.136  179.437
4.270  10.000  16.556  171.679
4.280  10.000  16.119  164.202
4.290  10.000  15.640  156.836
4.300  10.000  15.046  149.659
4.310  10.000  14.554  142.400
4.320  10.000  14.028  135.694
4.330  10.000  13.571  128.955
4.340  10.000  13.180  122.318
4.350  10.000  12.807  115.701
4.360  10.000  12.320  109.314
4.370  10.000  11.988  102.968
4.380  10.000  11.538  96.082
4.390  10.000  10.927  90.126
4.400  10.000  10.530  84.371
4.410  10.000  10.142  78.340
4.420  10.000  9.669  73.096
4.430  10.000  9.316  68.109
4.440  10.000  9.066  63.188
4.450  10.000  8.775  57.994
4.460  10.000  8.622  52.854
4.470  10.000  8.492  47.826
4.480  10.000  8.365  42.867
4.490  10.000  8.307  38.786
4.500  10.000  8.197  34.989
4.510  10.000  8.068  31.205
4.520  10.000  7.961  27.442
4.530  10.000  8.171  24.241
4.540  10.000  8.787  21.747
4.550  10.000  8.974  19.393
4.560  10.000  8.845  17.170
4.570  10.000  8.935  15.625
4.580  10.000  9.364  14.635
4.590  10.000  9.586  13.752
4.600  10.000  9.534  12.879
4.610  10.000  9.300  11.876
4.620  10.000  9.111  11.042
4.630  10.000  9.371  10.342
4.640  10.000  9.797  9.979
4.650  10.000  10.074  9.939
4.660  10.000  9.593  9.991
4.670  10.000  9.307  10.390
4.680  10.000  9.728  11.125
4.690  10.000  10.378  11.979
4.700  10.000  10.489  12.846
4.710  10.000  9.912  13.490
4.720  10.000  10.053  13.830
4.730  10.000  10.174  14.220
4.740  10.000  10.202  14.806
4.750  10.000  10.243  15.306
4.760  10.000  10.373  15.519
4.770  10.000  10.223  15.476
4.780  10.000  10.035  15.313
4.790  10.000  9.857  15.084
4.800  10.000  10.165  14.731
4.810  10.000  10.297  14.285
4.820  10.000  9.977  13.919
4.830  10.000  9.749  13.498
4.840  10.000  9.787  12.922
4.850  10.000  10.168  12.299
4.860  10.000  9.994  11.706
4.870  10.000  9.959  11.241
4.880  10.000  9.808  10.878
4.890  10.000  9.838  10.524
4.900  10.000  10.177  10.093
4.910  10.000  10.099  9.721
4.920  10.000  9.755  9.395
4.930  10.000  9.901  9.073
4.940  10.000  9.971  8.874
4.950  10.000  9.887  8.953
4.960  10.000  9.892  9.259
4.970  10.000  9.937  9.339
4.980  10.000  9.907  9.358
4.990  10.000  10.217  9.410
5.000  10.000  10.090  9.349
5.010  10.000  9.860  9.267
5.020  10.000  9.801  9.177
5.030  10.000  10.075  9.230
5.040  10.000  10.259  9.252
5.050  10.000  10.241  8.991
5.060  10.000  9.766  8.616
5.070  10.000  9.688  8.492
5.080  10.000  10.073  8.667
5.090  10.000  10.196  8.902
5.100  10.000  10.006  9.078
5.110  10.000  10.014  9.145
5.120  10.000  9.905  9.076
5.130  10.000  10.376  8.882
5.140  10.000  10.178  8.715
5.150  10.000  9.988  8.516
5.160  10.000  9.636  8.038
5.170  10.000  10.032  7.494
5.180  10.000  10.221  7.099
5.190  10.000  10.059  6.777
5.200  10.000  9.783  6.527
5.210  10.000  9.773  6.285
5.220  10.000  10.010  5.938
5.230  10.000  10.184  5.627
5.240  10.000  10.081  5.385
5.250  10.000  9.965  5.107
5.260  10.000  9.841  4.859
5.270  10.000  9.972  4.618
5.280  10.000  10.130  4.472
5.290  10.000  9.990  4.408
5.300  10.000  10.163  4.253
5.310  10.000  9.787  3.990
5.320  10.000  9.985  3.609
5.330  10.000  10.291  3.106
5.340  10.000  10.207  2.631
5.350  10.000  9.643  2.280
5.360  10.000  9.665  2.191
5.370  10.000  9.841  2.398
5.380  10.000  10.383  2.508
5.390  10.000  10.056  2.484
5.400  10.000  9.729  2.538
5.410  10.000  9.904  2.631
5.420  10.000  10.201  2.602
5.430  10.000  10.103  2.568
5.440  10.000  9.767  2.716
5.450  10.000  9.973  2.750
5.460  10.000  10.089  2.638
5.470  10.000  10.105  2.550
5.480  10.000  9.919  2.415
5.490  10.000  9.781  2.492
5.500  10.000  9.990  2.737
5.510  10.000  10.139  2.742
5.520  10.000  10.151  2.492
5.530  10.000  9.830  2.364
5.540  10.000  9.933  2.529
5.550  10.000  9.886  2.876
5.560  10.000  10.109  3.171
5.570  10.000  10.151  3.147
5.580  10.000  10.442  2.900
5.590  10.000  9.791  2.767
5.600  10.000  9.805  2.680
5.610  10.000  10.114  2.487
5.620  10.000  10.404  2.398
5.630  10.000  10.011  2.336
5.640  10.000  9.859  2.175
5.650  10.000  9.754  1.829
5.660  10.000  9.976  1.525
5.670  10.000  10.335  1.221
5.680  10.000  10.016  0.781
5.690  10.000  9.681  0.281
5.700  10.000  9.900  -0.129
5.710  10.000  10.052  -0.333
5.720  10.000  10.020  -0.535
5.730  10.000  9.895  -0.687
5.740  10.000  9.795  -0.689
5.750  10.000  9.928  -0.645
5.760  10.000  10.196  -0.686
5.770  10.000  9.983  -0.670
5.780  10.000  10.029  -0.522
5.790  10.000  9.664  -0.190
5.800  10.000  9.890  0.056
5.810  10.000  10.235  0.011
5.820  10.000  10.289  -0.044
5.830  10.000  9.859  0.035
5.840  10.000  9.761  0.144
5.850  10.000  10.141  0.253
5.860  10.000  10.402  0.283
5.870  10.000  10.269  0.206
5.880  10.000  9.770  0.099
5.890  10.000  9.581  -0.139
5.900  10.000  10.220  -0.468
5.910  10.000  10.231  -0.935
5.920  10.000  10.134  -1.389
5.930  10.000  9.835  -1.693
5.940  10.000  9.779  -1.877
5.950  10.000  10.078  -1.823
5.960  10.000  10.127  -1.727
5.970  10.000  10.012  -1.797
5.980  10.000  9.844  -1.959
5.990  10.000  9.813  -2.254
6.000  10.000  10.011  -2.566
6.010  10.000  10.103  -2.810
6.020  10.000  10.082  -2.967
6.030  10.000  9.891  -2.936
6.040  10.000  10.074  -2.998
6.050  10.000  9.991  -3.175
6.060  10.000  9.989  -3.209
6.070  10.000  10.117  -3.144
6.080  10.000  9.970  -3.307
6.090  10.000  9.950  -3.524
6.100  10.000  9.956  -3.650
6.110  10.000  9.997  -3.751
6.120  10.000  9.930  -3.771
6.130  10.000  10.131  -3.875
6.140  10.000  10.008  -4.112
6.150  10.000  9.821  -4.172
6.160  12.500  9.696  -4.017
6.170  15.000  10.562  -3.613
6.180  17.500  11.546  -2.299
6.190  20.000  14.064  -0.083
6.200  22.500  16.574  3.290
6.210  25.000  18.119  8.729
6.220  27.500  20.540  16.032
6.230  30.000  23.853  23.829
6.240  32.500  25.533  32.074
6.250  35.000  26.221  40.724
6.260  35.000  27.374  48.769
6.270  35.000  27.179  56.489
6.280  35.000  27.863  64.249
6.290  35.000  27.798  72.592
6.300  35.000  28.330  81.042
6.310  35.000  28.791  88.602
6.320  35.000  29.613  95.708
6.330  35.000  30.052  102.983
6.340  35.000  30.222  110.634
6.350  35.000  30.951  117.890
6.360  35.000  31.627  124.503
6.370  35.000  32.188  131.026
6.380  35.000  32.520  137.656
6.390  35.000  31.906  144.503
6.400  35.000  33.225  150.839
6.410  35.000  34.134  156.428
6.420  35.000  33.847  162.167
6.430  35.000  33.670  168.309
6.440  35.000  35.214  173.900
6.450  35.000  34.430  179.459
6.460  35.000  35.124  185.288
6.470  35.000  35.519  190.467
6.480  35.000  36.379  195.174
6.490  35.000  36.089  199.751
6.500  35.000  35.505  204.175
6.510  35.000  35.566  208.272
6.520  35.000  36.204  211.927
6.530  35.000  35.973  215.234
6.540  35.000  36.009  218.465
6.550  35.000  36.759  221.684
6.560  35.000  36.717  224.608
6.570  35.000  36.226  227.604
6.580  35.000  36.265  230.493
6.590  35.000  36.359  232.614
6.600  35.000  36.442  234.468
6.610  35.000  35.905  236.317
6.620  35.000  35.869  237.749
6.630  35.000  36.042  238.729
6.640  35.000  35.706  239.592
6.650  35.000  35.871  240.179
6.660  35.000  34.957  240.464
6.670  35.000  35.482  240.248
6.680  35.000  34.175  239.401
6.690  35.000  33.931  237.788
6.700  35.000  33.544  235.906
6.710  35.000  33.949  234.164
6.720  35.000  34.152  232.596
6.730  35.000  34.660  231.346
6.740  35.000  35.116  230.251
6.750  35.000  34.063  229.581
6.760  35.000  34.573  229.259
6.770  35.000  34.197  229.055
6.780  35.000  34.937  228.884
6.790  35.000  35.295  228.832
6.800  35.000  34.580  229.115
6.810  35.000  34.317  229.597
6.820  35.000  34.864  230.271
6.830  35.000  35.457  231.016
6.840  35.000  35.078  231.837
6.850  35.000  34.568  232.691
6.860  35.000  34.780  233.445
6.870  35.000  35.607  234.227
6.880  35.000  35.185  235.125
6.890  35.000  34.582  236.145
6.900  35.000  35.106  237.131
6.910  35.000  34.924  237.953
6.920  35.000  35.197  238.635
6.930  35.000  35.081  239.223
6.940  35.000  35.506  239.585
6.950  35.000  35.405  239.747
6.960  35.000  35.035  239.973
6.970  35.000  34.971  240.222
6.980  35.000  35.180  240.202
6.990  35.000  36.120  239.810
7.000  35.000  35.401  239.256
7.010  35.000  34.263  238.919
7.020  35.000  35.096  238.611
7.030  35.000  35.038  238.129
7.040  35.000  34.747  237.694
7.050  35.000  34.450  237.256
7.060  35.000  35.182  236.888
7.070  35.000  34.779  236.710
7.080  35.000  34.915  236.656
7.090  35.000  34.450  236.796
7.100  35.000  34.209  237.228
7.110  35.000  35.691  237.742
7.120  35.000  35.003  238.222
7.130  35.000  35.053  238.748
7.140  35.000  34.237  239.230
7.150  35.000  35.859  239.762
7.160  10.000  35.129  240.317
7.170  10.000  34.322  240.322
7.180  10.000  30.711  239.138
7.190  10.000  26.549  234.826
7.200  10.000  23.195  228.200
7.210  10.000  21.176  219.963
7.220  10.000  20.526  211.159
7.230  10.000  19.366  203.501
7.240  10.000  19.012  195.685
7.250  10.000  18.399  187.793
7.260  10.000  17.636  180.207
7.270  10.000  17.174  172.998
7.280  10.000  16.622  165.648
7.290  10.000  16.210  158.043
7.300  10.000  15.683  150.964
7.310  10.000  15.084  144.346
7.320  10.000  14.579  137.767
7.330  10.000  14.113  131.427
7.340  10.000  13.604  125.018
7.350  10.000  13.204  118.073
7.360  10.000  12.806  111.433
7.370  10.000  12.263  105.050
7.380  10.000  11.829  99.007
7.390  10.000  11.294  93.009
7.400  10.000  10.960  87.062
7.410  10.000  10.609  81.351
7.420  10.000  10.278  74.926
7.430  10.000  9.771  69.001
7.440  10.000  9.432  63.870
7.450  10.000  9.220  58.915
7.460  10.000  8.840  54.066
7.470  10.000  8.726  49.241
7.480  10.000  8.512  44.587
7.490  10.000  8.462  40.134
7.500  10.000  8.343  35.643
7.510  10.000  8.110  31.203
7.520  10.000  8.086  27.343
7.530  10.000  8.023  23.962
7.540  10.000  8.154  20.742
7.550  10.000  8.390  17.899
7.560  10.000  8.874  15.507
7.570  10.000  8.779  13.464
7.580  10.000  8.864  11.775
7.590  10.000  9.173  10.554
7.600  10.000  9.596  9.727
7.610  10.000  9.670  8.921
7.620  10.000  9.312  7.954
7.630  10.000  9.202  7.074
7.640  10.000  9.232  6.476
7.650  10.000  9.519  6.237
7.660  10.000  10.134  6.347
7.670  10.000  10.114  6.596
7.680  10.000  9.297  7.017
7.690  10.000  9.537  7.591
7.700  10.000  10.147  8.314
7.710  10.000  10.537  9.033
7.720  10.000  10.420  9.481
7.730  10.000  9.702  9.907
7.740  10.000  9.829  10.369
7.750  10.000  10.339  10.804
7.760  10.000  10.527  11.139
7.770  10.000  10.107  11.292
7.780  10.000  9.768  11.391
7.790  10.000  9.846  11.600
7.800  10.000  10.738  11.646
7.810  10.000  10.810  11.355
7.820  10.000  9.889  10.898
7.830  10.000  9.465  10.312
7.840  10.000  9.942  9.774
7.850  10.000  10.456  9.166
7.860  10.000  10.432  8.447
7.870  10.000  9.682  7.806
7.880  10.000  9.773  7.295
7.890  10.000  9.871  6.920
7.900  10.000  9.871  6.489
7.910  10.000  9.855  5.984
7.920  10.000  9.785  5.520
7.930  10.000  9.995  5.234
7.940  10.000  9.697  5.176
7.950  10.000  9.879  5.088
7.960  10.000  9.900  5.088
7.970  10.000  9.815  5.167
7.980  10.000  10.093  5.076
7.990  10.000  9.794  5.007
8.000  10.000  9.816  5.214
8.010  10.000  9.970  5.649
8.020  10.000  10.367  6.208
8.030  10.000  10.263  6.721
8.040  10.000  9.704  7.059
8.050  10.000  9.935  7.206
8.060  10.000  10.191  7.184
8.070  10.000  10.418  7.168
8.080  10.000  10.123  7.180
8.090  10.000  9.674  7.345
8.100  10.000  9.630  7.595
8.110  10.000  10.472  7.578
8.120  10.000  10.582  7.321
8.130  10.000  9.879  6.998
8.140  10.000  9.620  6.761
8.150  10.000  9.788  6.506
8.160  10.000  10.434  6.277
8.170  10.000  10.195  6.290
8.180  10.000  9.654  6.266
8.190  10.000  9.655  6.077
8.200  10.000  10.000  5.947
8.210  10.000  10.370  5.912
8.220  10.000  10.156  5.725
8.230  10.000  9.764  5.430
8.240  10.000  9.871  5.169
8.250  10.000  10.035  4.913
8.260  10.000  10.220  4.664
8.270  10.000  9.906  4.403
8.280  10.000  9.880  4.257
8.290  10.000  9.761  4.214
8.300  10.000  10.023  4.183
8.310  10.000  9.896  4.196
8.320  10.000  10.112  4.271
8.330  10.000  9.867  4.475
8.340  10.000  9.862  4.844
8.350  10.000  9.935  5.251
8.360  10.000  10.120  5.473
8.370  10.000  10.026  5.536
8.380  10.000  10.158  5.461
8.390  10.000  9.898  5.431
8.400  10.000  10.125  5.381
8.410  10.000  10.388  5.228
8.420  10.000  10.016  5.157
8.430  10.000  9.850  5.068
8.440  10.000  9.955  5.065
8.450  10.000  10.079  5.058
8.460  10.000  10.069  4.919
8.470  10.000  10.164  4.630
8.480  10.000  10.027  4.375
8.490  10.000  9.690  4.235
8.500  10.000  9.966  4.071
8.510  10.000  10.246  3.748
8.520  10.000  10.112  3.422
8.530  10.000  9.909  3.274
8.540  10.000  9.727  3.230
8.550  10.000  9.824  3.267
8.560  10.000  10.129  3.129
8.570  10.000  10.297  2.861
8.580  10.000  9.772  2.689
8.590  10.000  9.541  2.675
8.600  10.000  9.804  2.781
8.610  10.000  10.270  2.883
8.620  10.000  10.250  2.893
8.630  10.000  9.775  2.845
8.640  10.000  9.650  3.042
8.650  10.000  9.956  3.382
8.660  10.000  10.385  3.758
8.670  10.000  10.256  4.041
8.680  10.000  9.832  4.056
8.690  10.000  9.817  4.048
8.700  10.000  10.090  4.077
8.710  10.000  10.469  4.084
8.720  10.000  10.365  3.967
8.730  10.000  9.787  3.616
8.740  10.000  9.712  3.172
8.750  10.000  10.042  2.960
8.760  10.000  10.202  2.901
8.770  10.000  10.162  2.715
8.780  10.000  9.747  2.499
8.790  10.000  9.810  2.238
8.800  10.000  9.988  2.009
8.810  10.000  10.093  1.839
8.820  10.000  9.947  1.660
8.830  10.000  9.912  1.558
8.840  10.000  9.892  1.383
8.850  10.000  10.000  1.266
8.860  10.000  10.019  1.234
8.870  10.000  10.087  1.164
8.880  10.000  9.931  1.033
8.890  10.000  10.065  0.831
8.900  10.000  9.866  0.827
8.910  10.000  9.911  1.089
8.920  10.000  9.998  1.396
8.930  10.000  10.207  1.516
8.940  10.000  10.058  1.396
8.950  10.000  9.854  1.280
8.960  10.000  9.959  1.138
8.970  10.000  9.991  1.108
8.980  10.000  10.152  1.361
8.990  10.000  9.946  1.517
9.000  10.000  9.932  1.497
9.010  10.000  9.740  1.470
9.020  10.000  10.259  1.512
9.030  10.000  10.258  1.493
9.040  10.000  10.133  1.485
9.050  10.000  9.935  1.440
9.060  10.000  9.721  1.297
9.070  10.000  9.914  1.152
9.080  10.000  10.449  1.083
9.090  10.000  10.244  1.099
9.100  10.000  9.614  1.047
9.110  10.000  9.715  1.054
9.120  10.000  10.098  1.028
9.130  10.000  10.396  0.834
9.140  10.000  9.930  0.612
9.150  10.000  9.600  0.489
9.160  10.000  9.726  0.458
9.170  12.500  10.122  0.395
9.180  15.000  10.743  0.742
9.190  17.500  11.532  1.819
9.200  20.000  14.051  3.778
9.210  22.500  16.170  7.249
9.220  25.000  18.316  12.286
9.230  27.500  20.441  18.758
9.240  30.000  23.404  26.638
9.250  32.500  24.400  35.522
9.260  35.000  25.875  44.410
9.270  35.000  27.405  52.105
9.280  35.000  28.033  59.573
9.290  35.000  27.512  67.842
9.300  35.000  28.561  75.693
9.310  35.000  29.363  82.960
9.320  35.000  29.355  90.593
9.330  35.000  30.364  98.072
9.340  35.000  30.452  105.179
9.350  35.000  30.951  112.213
9.360  35.000  30.860  118.925
9.370  35.000  31.407  125.561
9.380  35.000  31.318  132.221
9.390  35.000  32.133  138.644
9.400  35.000  33.070  144.623
9.410  35.000  32.854  150.359
9.420  35.000  33.858  155.939
9.430  35.000  34.145  161.352
9.440  35.000  34.764  166.696
9.450  35.000  35.100  171.941
9.460  35.000  35.100  177.085
9.470  35.000  35.053  182.402
9.480  35.000  36.139  187.491
9.490  35.000  36.122  192.221
9.500  35.000  35.249  197.046
9.510  35.000  36.201  201.098
9.520  35.000  35.285  204.824
9.530  35.000  36.080  208.697
9.540  35.000  35.411  212.315
9.550  35.000  36.143  215.647
9.560  35.000  36.591  218.518
9.570  35.000  36.098  221.387
9.580  35.000  36.974  224.205
9.590  35.000  36.489  226.907
9.600  35.000  36.030  229.460
9.610  35.000  36.123  231.699
9.620  35.000  35.704  233.632
9.630  35.000  36.192  235.151
9.640  35.000  36.096  236.364
9.650  35.000  35.452  237.348
9.660  35.000  35.924  238.024
9.670  35.000  35.977  238.178
9.680  35.000  35.638  237.917
9.690  35.000  34.915  237.126
9.700  35.000  34.175  235.497
9.710  35.000  33.490  233.525
9.720  35.000  33.466  231.749
9.730  35.000  34.071  229.994
9.740  35.000  34.628  228.219
9.750  35.000  34.597  226.889
9.760  35.000  34.549  226.118
9.770  35.000  34.585  225.553
9.780  35.000  34.382  225.080
9.790  35.000  34.133  224.915
9.800  35.000  35.036  225.045
9.810  35.000  34.913  225.483
9.820  35.000  34.731  226.176
9.830  35.000  34.648  226.970
9.840  35.000  34.422  228.028
9.850  35.000  35.640  229.279
9.860  35.000  35.005  230.527
9.870  35.000  35.078  231.578
9.880  35.000  34.723  232.575
9.890  35.000  35.744  233.391
9.900  35.000  34.852  234.155
9.910  35.000  35.031  235.038
9.920  35.000  34.830  235.709
9.930  35.000  35.555  236.188
9.940  35.000  35.182  236.631
9.950  35.000  35.039  237.072
9.960  35.000  35.022  237.381
9.970  35.000  35.407  237.427
9.980  35.000  35.749  237.305
9.990  35.000  34.888  237.233
10.000  35.000  34.318  237.123
10.010  35.000  34.807  236.844
10.020  35.000  35.620  236.407
10.030  35.000  35.205  236.072
10.040  35.000  34.549  235.925
10.050  35.000  34.454  235.811
10.060  35.000  35.428  235.747
10.070  35.000  34.995  235.646
10.080  35.000  34.802  235.391
10.090  35.000  35.191  235.082
10.100  35.000  34.704  234.985
10.110  35.000  34.851  235.259
10.120  35.000  34.890  235.606
10.130  35.000  34.812  235.933
10.140  35.000  35.599  236.060
10.150  35.000  34.847  236.082
10.160  35.000  35.052  236.238
10.170  10.000  34.521  236.594
10.180  10.000  34.270  236.858
10.190  10.000  31.101  235.735
10.200  10.000  26.654  231.179
10.210  10.000  22.981  224.592
10.220  10.000  21.134  216.562
10.230  10.000  20.393  208.023
10.240  10.000  19.316  200.702
10.250  10.000  18.972  193.291
10.260  10.000  18.319  185.665
10.270  10.000  17.701  178.122
10.280  10.000  17.048  170.955
10.290  10.000  16.381  163.746
10.300  10.000  16.089  156.263
10.310  10.000  15.627  148.537
10.320  10.000  14.901  141.321
10.330  10.000  14.382  134.901
10.340  10.000  13.878  128.232
10.350  10.000  13.408  121.520
10.360  10.000  12.867  115.259
10.370  10.000  12.463  109.275
10.380  10.000  11.978  103.355
10.390  10.000  11.639  97.101
10.400  10.000  11.080  90.545
10.410  10.000  10.787  84.416
10.420  10.000  10.398  78.498
10.430  10.000  10.195  72.742
10.440  10.000  9.841  67.404
10.450  10.000  9.464  62.108
10.460  10.000  9.204  56.851
10.470  10.000  8.820  51.766
10.480  10.000  8.504  47.163
10.490  10.000  8.570  42.162
10.500  10.000  8.463  37.255
10.510  10.000  8.293  33.124
10.520  10.000  8.123  29.190
10.530  10.000  8.035  25.347
10.540  10.000  8.077  21.553
10.550  10.000  8.201  18.222
10.560  10.000  8.489  15.422
10.570  10.000  8.920  13.020
10.580  10.000  8.822  11.131
10.590  10.000  8.748  9.598
10.600  10.000  9.113  8.336
10.610  10.000  9.697  7.555
10.620  10.000  9.652  6.831
10.630  10.000  9.184  6.026
10.640  10.000  9.156  5.513
10.650  10.000  9.185  5.347
10.660  10.000  9.649  5.448
10.670  10.000  10.302  5.657
10.680  10.000  10.040  5.980
10.690  10.000  9.416  6.399
10.700  10.000  9.333  6.976
10.710  10.000  10.201  7.701
10.720  10.000  10.650  8.527
10.730  10.000  10.227  9.357
10.740  10.000  9.723  9.995
10.750  10.000  9.728  10.725
10.760  10.000  10.500  11.417
10.770  10.000  10.789  11.902
10.780  10.000  10.235  12.077
10.790  10.000  9.919  11.782
10.800  10.000  9.544  11.399
10.810  10.000  10.472  11.066
10.820  10.000  10.775  10.680
10.830  10.000  10.253  10.192
10.840  10.000  9.561  9.504
10.850  10.000  9.825  8.676
10.860  10.000  10.049  7.954
10.870  10.000  10.072  7.414
10.880  10.000  9.997  6.871
10.890  10.000  9.720  6.277
10.900  10.000  9.736  5.663
10.910  10.000  9.968  5.273
10.920  10.000  10.031  5.189
10.930  10.000  9.835  4.938
10.940  10.000  9.842  4.504
10.950  10.000  9.780  4.172
10.960  10.000  9.862  3.998
10.970  10.000  9.913  3.940
10.980  10.000  9.904  3.970
10.990  10.000  10.135  4.019
11.000  10.000  9.814  4.237
11.010  10.000  9.978  4.652
11.020  10.000  10.060  5.007
11.030  10.000  9.952  5.315
11.040  10.000  10.100  5.554
11.050  10.000  10.269  5.720
11.060  10.000  10.080  5.813
11.070  10.000  10.030  5.905
11.080  10.000  10.015  6.047
11.090  10.000  10.242  6.106
11.100  10.000  10.188  5.934
11.110  10.000  9.871  5.770
11.120  10.000  9.883  5.643
11.130  10.000  10.223  5.353
11.140  10.000  10.100  5.032
11.150  10.000  9.869  4.673
11.160  10.000  9.784  4.436
11.170  10.000  10.064  4.298
11.180  10.000  10.103  4.078
11.190  10.000  9.897  3.883
11.200  10.000  9.625  3.774
11.210  10.000  9.839  3.829
11.220  10.000  9.963  4.112
11.230  10.000  10.196  4.423
11.240  10.000  9.959  4.625
11.250  10.000  9.922  4.815
11.260  10.000  9.783  4.982
11.270  10.000  9.821  5.104
11.280  10.000  10.290  5.242
11.290  10.000  10.094  5.485
11.300  10.000  9.933  5.755
11.310  10.000  9.834  5.894
11.320  10.000  10.234  5.932
11.330  10.000  10.428  5.883
11.340  10.000  10.042  5.800
11.350  10.000  9.991  5.713
11.360  10.000  9.887  5.520
11.370  10.000  10.135  5.244
11.380  10.000  10.355  4.793
11.390  10.000  10.169  4.148
11.400  10.000  9.756  3.462
11.410  10.000  9.768  2.855
11.420  10.000  10.109  2.255
11.430  10.000  10.193  1.789
11.440  10.000  9.936  1.611
11.450  10.000  9.887  1.527
11.460  10.000  9.620  1.616
11.470  10.000  9.803  1.729
11.480  10.000  10.374  1.607
11.490  10.000  9.960  1.500
11.500  10.000  9.418  1.538
11.510  10.000  9.650  1.705
11.520  10.000  10.352  1.880
11.530  10.000  10.398  1.970
11.540  10.000  10.027  1.889
11.550  10.000  9.629  1.695
11.560  10.000  9.790  1.658
11.570  10.000  10.324  1.790
11.580  10.000  10.424  1.911
11.590  10.000  9.904  1.978
11.600  10.000  9.590  2.123
11.610  10.000  9.831  2.137
11.620  10.000  10.509  2.038
11.630  10.000  10.642  1.959
11.640  10.000  9.975  1.782
11.650  10.000  9.375  1.465
11.660  10.000  9.875  1.218
11.670  10.000  10.531  1.050
11.680  10.000  10.320  0.785
11.690  10.000  9.800  0.435
11.700  10.000  9.528  0.027
11.710  10.000  9.967  -0.300
11.720  10.000  10.268  -0.617
11.730  10.000  9.947  -0.937
11.740  10.000  9.752  -1.117
11.750  10.000  9.640  -1.179
11.760  10.000  10.101  -1.125
11.770  10.000  10.165  -1.064
11.780  10.000  10.013  -1.028
11.790  10.000  9.733  -1.072
11.800  10.000  9.832  -1.036
11.810  10.000  10.200  -0.776
11.820  10.000  10.000  -0.457
11.830  10.000  10.130  -0.391
11.840  10.000  9.869  -0.521
11.850  10.000  10.153  -0.581
11.860  10.000  9.874  -0.742
11.870  10.000  10.316  -0.860
11.880  10.000  10.112  -0.980
11.890  10.000  10.070  -1.196
11.900  10.000  9.679  -1.266
11.910  10.000  9.943  -1.323
11.920  10.000  10.368  -1.464
11.930  10.000  10.038  -1.506
11.940  10.000  9.914  -1.559
11.950  10.000  9.769  -1.633
11.960  10.000  9.920  -1.518
11.970  10.000  10.044  -1.392
11.980  10.000  10.238  -1.517
11.990  10.000  10.011  -1.695
12.000  10.000  9.837  -1.767
12.010  10.000  9.717  -1.705
12.020  10.000  10.198  -1.607
12.030  10.000  10.250  -1.759
12.040  10.000  10.195  -1.965
12.050  10.000  9.694  -2.114
12.060  10.000  9.586  -2.178
12.070  10.000  10.280  -2.200
12.080  10.000  10.387  -2.134
12.090  10.000  10.013  -2.134
12.100  10.000  9.496  -2.300
12.110  10.000  9.721  -2.318
12.120  10.000  10.416  -2.249
12.130  10.000  10.359  -2.295
12.140  10.000  9.894  -2.480
12.150  10.000  9.685  -2.631
12.160  10.000  9.872  -2.701
12.170  10.000  10.378  -2.703
12.180  12.500  10.275  -2.735
12.190  15.000  10.030  -2.466
12.200  17.500  11.346  -1.521
12.210  20.000  14.665  0.385
12.220  22.500  15.683  3.995
12.230  25.000  18.347  9.007
12.240  27.500  20.562  15.590
12.250  30.000  22.877  23.910
12.260  32.500  24.237  33.097
12.270  35.000  26.409  41.701
12.280  35.000  26.838  49.407
12.290  35.000  27.184  57.321
12.300  35.000  28.028  65.418
12.310  35.000  28.480  73.282
12.320  35.000  28.936  80.672
12.330  35.000  29.142  88.123
12.340  35.000  29.403  95.515
12.350  35.000  30.277  102.241
12.360  35.000  30.777  108.566
12.370  35.000  31.307  114.924
12.380  35.000  31.016  121.311
12.390  35.000  31.342  127.822
12.400  35.000  31.763  134.403
12.410  35.000  32.290  140.916
12.420  35.000  33.757  146.704
12.430  35.000  33.775  152.226
12.440  35.000  33.927  157.988
12.450  35.000  33.516  163.564
12.460  35.000  34.030  169.186
12.470  35.000  35.129  174.733
12.480  35.000  35.039  180.590
12.490  35.000  35.283  185.932
12.500  35.000  36.684  190.326
12.510  35.000  35.888  194.726
12.520  35.000  35.746  198.898
12.530  35.000  35.394  202.744
12.540  35.000  36.150  206.305
12.550  35.000  36.066  209.627
12.560  35.000  35.999  212.866
12.570  35.000  36.719  216.035
12.580  35.000  36.452  219.335
12.590  35.000  36.819  222.413
12.600  35.000  36.331  225.039
12.610  35.000  35.539  227.352
12.620  35.000  36.174  229.409
12.630  35.000  35.748  231.217
12.640  35.000  36.370  232.763
12.650  35.000  35.484  234.174
12.660  35.000  36.120  235.194
12.670  35.000  36.187  235.705
12.680  35.000  35.527  235.939
12.690  35.000  35.639  235.721
12.700  35.000  34.320  235.033
12.710  35.000  33.583  233.611
12.720  35.000  33.769  231.722
12.730  35.000  33.883  229.943
12.740  35.000  34.045  228.480
12.750  35.000  33.788  227.549
12.760  35.000  35.248  226.672
12.770  35.000  34.843  225.687
12.780  35.000  34.489  225.005
12.790  35.000  34.000  224.615
12.800  35.000  34.911  224.385
12.810  35.000  34.916  224.587
12.820  35.000  34.697  225.139
12.830  35.000  34.848  225.642
12.840  35.000  34.641  226.238
12.850  35.000  34.620  227.081
12.860  35.000  34.790  228.139
12.870  35.000  35.227  229.090
12.880  35.000  35.232  229.950
12.890  35.000  34.885  230.932
12.900  35.000  35.163  231.833
12.910  35.000  35.460  232.657
12.920  35.000  35.280  233.348
12.930  35.000  35.198  233.884
12.940  35.000  35.172  234.417
12.950  35.000  35.316  234.924
12.960  35.000  35.488  235.287
12.970  35.000  34.788  235.614
12.980  35.000  34.846  235.825
12.990  35.000  34.888  235.852
13.000  35.000  34.900  235.744
13.010  35.000  36.002  235.490
13.020  35.000  34.919  235.228
13.030  35.000  35.264  234.900
13.040  35.000  34.319  234.569
13.050  35.000  34.923  234.400
13.060  35.000  34.971  234.370
13.070  35.000  34.859  234.233
13.080  35.000  35.085  234.080
13.090  35.000  34.341  234.082
13.100  35.000  34.686  234.157
13.110  35.000  35.021  234.545
13.120  35.000  35.236  235.167
13.130  35.000  34.581  235.784
13.140  35.000  35.117  236.419
13.150  35.000  34.517  237.089
13.160  35.000  35.949  237.671
13.170  35.000  35.154  238.187
13.180  10.000  34.641  238.690
13.190  10.000  33.403  238.905
13.200  10.000  31.032  237.712
13.210  10.000  26.939  233.256
13.220  10.000  23.190  226.741
13.230  10.000  21.258  218.606
13.240  10.000  20.674  210.113
13.250  10.000  19.465  202.761
13.260  10.000  19.043  194.828
13.270  10.000  18.321  187.220
13.280  10.000  17.677  180.157
13.290  10.000  17.251  172.984
13.300  10.000  16.777  165.342
13.310  10.000  16.269  157.848
13.320  10.000  15.723  150.578
13.330  10.000  15.086  143.106
13.340  10.000  14.585  136.351
13.350  10.000  14.196  129.930
13.360  10.000  13.689  123.684
13.370  10.000  13.193  117.187
13.380  10.000  12.600  110.807
13.390  10.000  12.226  104.892
13.400  10.000  11.657  98.413
13.410  10.000  11.275  92.171
13.420  10.000  10.852  86.645
13.430  10.000  10.604  81.146
13.440  10.000  10.155  75.207
13.450  10.000  9.803  69.683
13.460  10.000  9.460  64.107
13.470  10.000  9.212  58.345
13.480  10.000  8.760  53.232
13.490  10.000  8.554  48.288
13.500  10.000  8.492  43.456
13.510  10.000  8.536  38.308
13.520  10.000  8.292  33.678
13.530  10.000  8.214  29.882
13.540  10.000  7.969  26.243
13.550  10.000  7.978  22.665
13.560  10.000  8.203  19.381
13.570  10.000  8.724  16.540
13.580  10.000  8.983  14.042
13.590  10.000  8.789  11.761
13.600  10.000  8.747  10.041
13.610  10.000  9.151  8.936
13.620  10.000  9.461  8.101
13.630  10.000  9.847  7.240
13.640  10.000  9.278  6.399
13.650  10.000  9.299  5.769
13.660  10.000  9.219  5.254
13.670  10.000  9.630  4.933
13.680  10.000  9.949  4.899
13.690  10.000  9.885  5.071
13.700  10.000  9.542  5.424
13.710  10.000  9.712  5.959
13.720  10.000  9.923  6.690
13.730  10.000  10.240  7.697
13.740  10.000  9.973  8.709
13.750  10.000  9.931  9.649
13.760  10.000  10.164  10.377
13.770  10.000  10.443  10.952
13.780  10.000  10.087  11.605
13.790  10.000  10.029  12.109
13.800  10.000  10.235  12.340
13.810  10.000  10.477  12.451
13.820  10.000  10.443  12.421
13.830  10.000  9.878  12.126
13.840  10.000  10.052  11.593
13.850  10.000  10.137  11.060
13.860  10.000  10.323  10.542
13.870  10.000  10.150  9.934
13.880  10.000  9.864  9.264
13.890  10.000  9.806  8.487
13.900  10.000  9.859  7.672
13.910  10.000  9.988  6.888
13.920  10.000  9.969  6.197
13.930  10.000  9.952  5.589
13.940  10.000  9.556  5.060
13.950  10.000  9.652  4.709
13.960  10.000  9.994  4.393
13.970  10.000  10.091  4.101
13.980  10.000  9.727  4.016
13.990  10.000  9.462  4.219
14.000  10.000  9.772  4.675
14.010  10.000  10.363  5.246
14.020  10.000  10.096  5.800
14.030  10.000  9.651  6.283
14.040  10.000  9.950  6.655
14.050  10.000  10.098  7.007
14.060  10.000  10.378  7.385
14.070  10.000  10.230  7.640
14.080  10.000  9.899  7.768
14.090  10.000  10.013  7.781
14.100  10.000  10.169  7.781
14.110  10.000  10.328  7.822
14.120  10.000  10.185  7.721
14.130  10.000  9.823  7.515
14.140  10.000  10.011  7.305
14.150  10.000  10.245  7.129
14.160  10.000  10.470  6.848
14.170  10.000  9.778  6.485
14.180  10.000  9.748  6.008
14.190  10.000  9.919  5.381
14.200  10.000  10.235  4.993
14.210  10.000  9.805  4.755
14.220  10.000  9.845  4.250
14.230  10.000  9.876  3.777
14.240  10.000  9.971  3.449
14.250  10.000  9.980  3.234
14.260  10.000  9.972  3.111
14.270  10.000  9.720  2.839
14.280  10.000  10.104  2.647
14.290  10.000  9.716  2.675
14.300  10.000  9.675  2.844
14.310  10.000  9.991  3.043
14.320  10.000  10.358  3.215
14.330  10.000  9.983  3.407
14.340  10.000  9.718  3.819
14.350  10.000  9.799  4.261
14.360  10.000  10.679  4.516
14.370  10.000  10.276  4.767
14.380  10.000  9.848  4.909
14.390  10.000  9.613  4.904
14.400  10.000  10.182  4.959
14.410  10.000  10.567  5.040
14.420  10.000  10.285  5.053
14.430  10.000  9.574  4.943
14.440  10.000  9.574  4.831
14.450  10.000  10.292  4.756
14.460  10.000  10.578  4.546
14.470  10.000  9.938  4.252
14.480  10.000  9.534  3.983
14.490  10.000  9.718  3.712
14.500  10.000  10.285  3.484
14.510  10.000  10.170  3.296
14.520  10.000  9.975  3.053
14.530  10.000  9.562  2.883
14.540  10.000  9.900  2.915
14.550  10.000  10.323  2.928
14.560  10.000  10.124  2.881
14.570  10.000  9.763  2.827
14.580  10.000  9.813  2.786
14.590  10.000  9.967  2.856
14.600  10.000  10.047  3.021
14.610  10.000  10.002  3.241
14.620  10.000  9.973  3.359
14.630  10.000  9.921  3.412
14.640  10.000  9.964  3.500
14.650  10.000  9.990  3.578
14.660  10.000  10.112  3.634
14.670  10.000  10.296  3.611
14.680  10.000  10.062  3.548
14.690  10.000  9.853  3.573
14.700  10.000  9.920  3.596
14.710  10.000  10.307  3.445
14.720  10.000  10.152  3.320
14.730  10.000  9.980  3.181
14.740  10.000  9.865  2.887
14.750  10.000  10.000  2.479
14.760  10.000  10.223  2.139
14.770  10.000  9.901  2.018
14.780  10.000  9.687  1.906
14.790  10.000  9.808  1.761
14.800  10.000  10.162  1.675
14.810  10.000  10.229  1.600
14.820  10.000  9.828  1.384
14.830  10.000  9.731  1.088
14.840  10.000  10.017  1.013
14.850  10.000  10.311  0.946
14.860  10.000  10.059  0.810
14.870  10.000  9.598  0.757
14.880  10.000  9.652  0.761
14.890  10.000  10.138  1.014
14.900  10.000  10.495  1.095
14.910  10.000  10.323  0.982
14.920  10.000  9.439  1.087
14.930  10.000  9.861  1.194
14.940  10.000  10.323  1.369
14.950  10.000  10.548  1.556
14.960  10.000  9.882  1.447
14.970  10.000  9.663  1.167
14.980  10.000  9.618  1.110
14.990  10.000  10.336  1.330
15.000  10.000  10.545  1.282
15.010  10.000  9.901  0.827
15.020  10.000  9.371  0.396
15.030  10.000  9.830  0.256
15.040  10.000  10.473  0.435
15.050  10.000  10.295  0.546
15.060  10.000  9.745  0.395
15.070  10.000  9.525  0.232
15.080  10.000  9.897  0.154
15.090  10.000  10.314  0.205
15.100  10.000  10.277  0.262
15.110  10.000  9.616  0.277
15.120  10.000  9.566  0.260
15.130  10.000  10.173  0.419
15.140  10.000  10.464  0.833
15.150  10.000  9.915  1.062
15.160  10.000  9.683  0.994
15.170  10.000  9.928  0.945
15.180  10.000  10.300  0.995
15.190  12.501  10.198  1.142
15.200  15.000  10.059  1.800
15.210  17.500  11.140  3.073
15.220  20.000  14.454  5.101
15.230  22.500  16.237  8.734
15.240  25.000  18.471  14.241
15.250  27.500  20.706  21.604
15.260  30.000  22.747  30.820
15.270  32.500  24.597  39.983
15.280  35.000  25.912  48.703
15.290  35.000  26.005  57.726
15.300  35.000  27.633  65.657
15.310  35.000  28.079  72.912
15.320  35.000  28.363  80.696
15.330  35.000  28.935  88.439
15.340  35.000  29.381  96.097
15.350  35.000  29.766  103.393
15.360  35.000  30.614  110.008
15.370  35.000  30.089  116.824
15.380  35.000  31.143  123.911
15.390  35.000  30.826  131.043
15.400  35.000  31.936  137.542
15.410  35.000  32.344  143.283
15.420  35.000  32.578  149.219
15.430  35.000  33.381  155.137
15.440  35.000  33.375  161.045
15.450  35.000  33.747  167.040
15.460  35.000  34.646  172.894
15.470  35.000  34.199  178.804
15.480  35.000  35.050  184.256
15.490  35.000  35.563  189.172
15.500  35.000  35.847  194.345
15.510  35.000  35.096  199.869
15.520  35.000  35.717  204.983
15.530  35.000  35.201  209.643
15.540  35.000  36.186  214.312
15.550  35.000  35.872  218.596
15.560  35.000  35.730  222.396
15.570  35.000  35.987  225.937
15.580  35.000  36.108  229.434
15.590  35.000  36.307  232.560
15.600  35.000  36.810  235.343
15.610  35.000  36.883  238.160
15.620  35.000  36.802  240.770
15.630  35.000  36.189  243.106
15.640  35.000  36.202  244.995
15.650  35.000  35.449  246.638
15.660  35.000  35.931  248.048
15.670  35.000  36.436  248.953
15.680  35.000  36.985  249.604
15.690  35.000  36.022  250.294
15.700  35.000  36.330  250.688
15.710  35.000  34.997  250.566
15.720  35.000  35.285  249.965
15.730  35.000  34.028  248.836
15.740  35.000  33.569  246.868
15.750  35.000  32.710  244.370
15.760  35.000  32.969  242.065
15.770  35.000  34.280  239.989
15.780  35.000  34.471  238.142
15.790  35.000  34.429  236.730
15.800  35.000  34.832  235.759
15.810  35.000  34.218  235.113
15.820  35.000  34.170  234.868
15.830  35.000  34.382  234.870
15.840  35.000  34.893  234.846
15.850  35.000  35.275  234.912
15.860  35.000  34.551  235.258
15.870  35.000  34.311  235.761
15.880  35.000  34.605  236.636
15.890  35.000  34.944  237.822
15.900  35.000  35.335  238.904
15.910  35.000  35.154  239.913
15.920  35.000  34.983  240.985
15.930  35.000  34.784  242.164
15.940  35.000  35.239  243.232
15.950  35.000  35.675  244.068
15.960  35.000  35.734  244.519
15.970  35.000  34.959  244.746
15.980  35.000  34.875  245.108
15.990  35.000  35.086  245.411
16.000  35.000  35.707  245.644
16.010  35.000  35.702  245.725
16.020  35.000  34.630  245.624
16.030  35.000  35.011  245.413
16.040  35.000  35.193  245.054
16.050  35.000  35.418  244.531
16.060  35.000  34.638  244.170
16.070  35.000  34.575  243.986
16.080  35.000  34.907  243.764
16.090  35.000  35.006  243.505
16.100  35.000  34.817  243.257
16.110  35.000  34.675  243.232
16.120  35.000  34.596  243.280
16.130  35.000  35.519  243.237
16.140  35.000  34.855  243.253
16.150  35.000  34.852  243.336
16.160  35.000  34.403  243.608
16.170  35.000  34.901  244.259
16.180  35.000  35.314  245.022
16.190  10.000  35.064  245.775
16.200  10.000  33.972  246.165
16.210  10.000  31.386  245.059
16.220  10.000  26.838  240.960
16.230  10.000  22.905  234.393
16.240  10.000  21.380  226.270
16.250  10.000  20.616  218.113
16.260  10.000  19.470  210.174
16.270  10.000  19.070  201.876
16.280  10.000  18.209  193.942
16.290  10.000  17.731  186.425
16.300  10.000  17.152  178.738
16.310  10.000  16.713  171.311
16.320  10.000  16.180  164.250
16.330  10.000  15.652  156.785
16.340  10.000  15.160  149.931
16.350  10.000  14.550  143.061
16.360  10.000  14.024  135.753
16.370  10.000  13.578  129.148
16.380  10.000  13.059  122.714
16.390  10.000  12.812  116.297
16.400  10.000  12.466  109.728
16.410  10.000  12.054  102.890
16.420  10.000  11.638  96.911
16.430  10.000  11.244  91.378
16.440  10.000  10.788  85.810
16.450  10.000  10.448  79.836
16.460  10.000  10.180  73.912
16.470  10.000  9.729  68.578
16.480  10.000  9.401  63.089
16.490  10.000  9.032  57.681
16.500  10.000  8.772  52.791
16.510  10.000  8.563  48.046
16.520  10.000  8.498  43.499
16.530  10.000  8.357  39.051
16.540  10.000  8.325  34.571
16.550  10.000  8.121  30.479
16.560  10.000  8.043  26.599
16.570  10.000  8.036  22.824
16.580  10.000  8.193  19.572
16.590  10.000  8.511  16.916
16.600  10.000  8.772  14.753
16.610  10.000  8.541  12.883
16.620  10.000  8.893  11.515
16.630  10.000  9.198  10.786
16.640  10.000  9.687  10.147
16.650  10.000  8.946  9.588
16.660  10.000  9.023  9.140
16.670  10.000  9.158  9.065
16.680  10.000  10.060  9.544
16.690  10.000  9.936  10.208
16.700  10.000  9.814  10.907
16.710  10.000  9.645  11.605
16.720  10.000  9.926  12.299
16.730  10.000  10.338  13.014
16.740  10.000  10.261  13.907
16.750  10.000  10.156  14.933
16.760  10.000  10.162  15.775
16.770  10.000  10.042  16.419
16.780  10.000  10.552  16.885
16.790  10.000  10.322  17.214
16.800  10.000  10.120  17.328
16.810  10.000  9.918  17.321
16.820  10.000  10.442  17.246
16.830  10.000  10.460  16.879
16.840  10.000  10.326  16.282
16.850  10.000  9.707  15.719
16.860  10.000  10.115  15.161
16.870  10.000  10.101  14.412
16.880  10.000  10.084  13.716
16.890  10.000  9.905  13.092
16.900  10.000  9.840  12.481
16.910  10.000  9.679  11.829
16.920  10.000  9.716  11.207
16.930  10.000  9.756  10.739
16.940  10.000  9.718  10.469
16.950  10.000  9.872  10.408
16.960  10.000  9.945  10.366
16.970  10.000  9.784  10.418
16.980  10.000  9.844  10.627
16.990  10.000  9.979  10.786
17.000  10.000  10.079  11.066
17.010  10.000  9.883  11.474
17.020  10.000  10.050  11.777
17.030  10.000  9.993  11.940
17.040  10.000  10.092  12.122
17.050  10.000  9.983  12.426
17.060  10.000  10.021  12.716
17.070  10.000  10.322  12.878
17.080  10.000  10.197  13.004
17.090  10.000  9.829  13.200
17.100  10.000  10.043  13.212
17.110  10.000  10.249  13.028
17.120  10.000  10.203  12.938
17.130  10.000  9.883  12.963
17.140  10.000  9.884  12.818
17.150  10.000  10.024  12.560
17.160  10.000  10.089  12.194
17.170  10.000  10.107  11.650
17.180  10.000  10.063  11.262
17.190  10.000  9.957  10.949
17.200  10.000  9.858  10.730
17.210  10.000  9.903  10.686
17.220  10.000  9.865  10.398
17.230  10.000  9.974  9.976
17.240  10.000  10.114  9.739
17.250  10.000  9.922  9.569
17.260  10.000  9.803  9.441
17.270  10.000  10.157  9.206
17.280  10.000  9.937  8.902
17.290  10.000  9.965  8.663
17.300  10.000  10.019  8.565
17.310  10.000  9.932  8.627
17.320  10.000  9.957  8.652
17.330  10.000  10.034  8.669
17.340  10.000  9.896  8.823
17.350  10.000  10.039  8.994
17.360  10.000  9.808  9.082
17.370  10.000  10.131  8.961
17.380  10.000  10.004  8.729
17.390  10.000  10.160  8.719
17.400  10.000  9.817  8.767
17.410  10.000  10.224  8.744
17.420  10.000  10.212  8.732
17.430  10.000  10.008  8.698
17.440  10.000  9.819  8.684
17.450  10.000  9.943  8.727
17.460  10.000  10.101  8.724
17.470  10.000  10.218  8.499
17.480  10.000  10.047  8.157
17.490  10.000  9.711  7.984
17.500  10.000  9.957  7.951
17.510  10.000  10.155  7.908
17.520  10.000  10.133  7.762
17.530  10.000  9.699  7.572
17.540  10.000  9.968  7.492
17.550  10.000  9.916  7.598
17.560  10.000  9.947  7.727
17.570  10.000  9.886  7.808
17.580  10.000  10.016  7.751
17.590  10.000  10.091  7.559
17.600  10.000  9.930  7.427
17.610  10.000  9.945  7.368
17.620  10.000  10.054  7.480
17.630  10.000  9.956  7.561
17.640  10.000  10.131  7.482
17.650  10.000  10.262  7.422
17.660  10.000  10.007  7.526
17.670  10.000  9.875  7.588
17.680  10.000  10.205  7.462
17.690  10.000  10.281  7.121
17.700  10.000  9.943  6.666
17.710  10.000  9.877  6.272
17.720  10.000  9.885  6.020
17.730  10.000  9.955  5.884
17.740  10.000  10.250  5.429
17.750  10.000  10.100  4.974
17.760  10.000  9.631  4.884
17.770  10.000  9.686  5.033
17.780  10.000  10.056  5.213
17.790  10.000  10.096  5.251
17.800  10.000  9.846  5.412
17.810  10.000  9.882  5.563
17.820  10.000  9.981  5.485
17.830  10.000  9.984  5.535
17.840  10.000  10.024  5.698
17.850  10.000  9.927  5.858
17.860  10.000  10.026  6.001
17.870  10.000  10.258  6.114
17.880  10.000  9.681  6.454
17.890  10.000  9.964  6.751
17.900  10.000  10.113  7.046
17.910  10.000  10.378  7.444
17.920  10.000  9.778  7.810
17.930  10.000  9.881  8.009
17.940  10.000  10.279  8.006
17.950  10.000  10.346  7.836
17.960  10.000  10.287  7.564
17.970  10.000  9.855  7.178
17.980  10.000  9.751  6.827
17.990  10.000  10.081  6.621
18.000  10.000  10.204  6.318
18.010  10.000  10.038  5.965
18.020  10.000  9.593  5.676
18.030  10.000  9.849  5.501
18.040  10.000  10.104  5.407
18.050  10.000  10.037  5.251
18.060  10.000  9.994  5.227
18.070  10.000  9.795  5.253
18.080  10.000  9.922  5.181
18.090  10.000  9.913  5.309
18.100  10.000  10.151  5.367
18.110  10.000  10.111  5.307
18.120  10.000  9.945  5.316
18.130  10.000  9.744  5.361
18.140  10.000  9.979  5.299
18.150  10.000  10.138  5.115
18.160  10.000  10.292  4.940
18.170  10.000  9.853  4.904
18.180  10.000  9.749  5.026
18.190  10.000  9.806  5.289
18.200  12.500  10.265  5.552
18.210  15.000  10.707  6.053
18.220  17.501  11.231  7.234
18.230  20.000  14.099  9.251
18.240  22.500  16.116  12.620
18.250  25.000  18.079  17.780
18.260  27.500  20.447  24.607
18.270  30.000  23.080  32.552
18.280  32.500  25.623  40.755
18.290  35.000  26.132  49.053
18.300  35.000  27.039  57.769
18.310  35.000  27.252  66.071
18.320  35.000  28.221  73.682
18.330  35.000  28.676  81.063
18.340  35.000  28.796  88.134
18.350  35.000  29.027  95.357
18.360  35.000  29.833  102.619
18.370  35.000  30.441  109.529
18.380  35.000  30.487  116.295
18.390  35.000  31.883  122.796
18.400  35.000  31.414  129.129
18.410  35.000  31.743  135.603
18.420  35.000  31.761  142.226
18.430  35.000  32.111  148.912
18.440  35.000  33.220  154.944
18.450  35.000  33.765  160.386
18.460  35.000  33.015  166.243
18.470  35.000  34.539  172.228
18.480  35.000  34.684  177.667
18.490  35.000  35.683  182.622
18.500  35.000  35.188  187.621
18.510  35.000  35.255  192.962
18.520  35.000  35.588  198.269
18.530  35.000  36.118  202.940
18.540  35.000  35.556  207.218
18.550  35.000  35.520  211.360
18.560  35.000  36.213  215.192
18.570  35.000  35.074  218.970
18.580  35.000  36.262  222.674
18.590  35.000  36.042  226.056
18.600  35.000  37.071  229.110
18.610  35.000  36.930  232.018
18.620  35.000  37.092  234.808
18.630  35.000  36.790  236.976
18.640  35.000  35.925  238.751
18.650  35.000  36.427  240.268
18.660  35.000  35.811  241.437
18.670  35.000  36.595  242.307
18.680  35.000  36.680  242.851
18.690  35.000  35.553  243.371
18.700  35.000  35.667  243.752
18.710  35.000  34.111  243.754
18.720  35.000  35.210  242.812
18.730  35.000  33.844  240.823
18.740  35.000  32.458  238.459
18.750  35.000  33.255  236.123
18.760  35.000  33.809  234.111
18.770  35.000  34.630  232.634
18.780  35.000  35.115  231.518
18.790  35.000  34.530  230.635
18.800  35.000  33.903  229.990
18.810  35.000  34.598  229.728
18.820  35.000  34.468  229.736
18.830  35.000  34.977  230.036
18.840  35.000  34.511  230.671
18.850  35.000  35.091  231.510
18.860  35.000  34.196  232.584
18.870  35.000  35.600  233.473
18.880  35.000  34.677  234.178
18.890  35.000  35.234  234.853
18.900  35.000  35.001  235.395
18.910  35.000  35.049  236.103
18.920  35.000  35.446  236.865
18.930  35.000  34.918  237.616
18.940  35.000  34.952  238.387
18.950  35.000  35.617  239.043
18.960  35.000  35.264  239.682
18.970  35.000  34.963  240.310
18.980  35.000  35.210  240.465
18.990  35.000  35.825  240.220
19.000  35.000  34.913  239.914
19.010  35.000  35.252  239.480
19.020  35.000  34.462  239.100
19.030  35.000  35.423  238.671
19.040  35.000  35.148  238.141
19.050  35.000  34.559  237.776
19.060  35.000  34.581  237.625
19.070  35.000  35.051  237.467
19.080  35.000  35.327  237.346
19.090  35.000  34.771  237.136
19.100  35.000  34.807  236.909
19.110  35.000  35.023  236.911
19.120  35.000  35.041  237.009
19.130  35.000  34.915  236.999
19.140  35.000  35.208  236.902
19.150  35.000  34.301  236.993
19.160  35.000  34.913  237.131
19.170  35.000  34.963  237.425
19.180  35.000  35.088  237.931
19.190  35.000  34.730  238.443
19.200  10.000  34.833  239.046
19.210  10.000  34.131  239.210
19.220  10.000  31.402  237.960
19.230  10.000  27.032  233.978
19.240  10.000  22.646  227.404
19.250  10.000  21.323  218.998
19.260  10.000  20.594  210.817
19.270  10.000  19.414  203.179
19.280  10.000  19.149  194.814
19.290  10.000  18.354  186.662
19.300  10.000  17.732  178.741
19.310  10.000  17.286  171.210
19.320  10.000  16.689  164.083
19.330  10.000  16.204  156.650
19.340  10.000  15.737  149.504
19.350  10.000  15.138  142.468
19.360  10.000  14.610  135.487
19.370  10.000  14.141  128.627
19.380  10.000  13.639  121.691
19.390  10.000  13.087  115.268
19.400  10.000  12.550  109.233
19.410  10.000  11.974  102.871
19.420  10.000  11.729  96.624
19.430  10.000  11.293  91.215
19.440  10.000  10.872  85.826
19.450  10.000  10.537  80.466
19.460  10.000  9.986  74.892
19.470  10.000  9.834  68.756
19.480  10.000  9.435  63.076
19.490  10.000  9.131  58.149
19.500  10.000  8.797  52.696
19.510  10.000  8.570  47.403
19.520  10.000  8.563  42.888
19.530  10.000  8.431  38.263
19.540  10.000  8.334  33.842
19.550  10.000  8.148  29.728
19.560  10.000  8.070  25.813
19.570  10.000  8.072  22.297
19.580  10.000  8.061  19.040
19.590  10.000  8.633  16.170
19.600  10.000  8.881  13.838
19.610  10.000  8.733  11.698
19.620  10.000  8.683  10.031
19.630  10.000  9.276  9.047
19.640  10.000  9.821  8.170
19.650  10.000  9.660  7.234
19.660  10.000  9.324  6.457
19.670  10.000  9.209  5.803
19.680  10.000  9.338  5.400
19.690  10.000  9.547  5.242
19.700  10.000  10.000  5.120
19.710  10.000  10.016  5.208
19.720  10.000  9.696  5.461
19.730  10.000  9.412  5.922
19.740  10.000  9.767  6.660
19.750  10.000  10.548  7.648
19.760  10.000  10.465  8.504
19.770  10.000  10.020  8.815
19.780  10.000  9.662  9.031
19.790  10.000  10.032  9.285
19.800  10.000  10.429  9.444
19.810  10.000  10.480  9.442
19.820  10.000  9.824  9.315
19.830  10.000  9.822  9.211
19.840  10.000  10.142  9.208
19.850  10.000  10.596  9.203
19.860  10.000  10.208  9.017
19.870  10.000  9.855  8.735
19.880  10.000  9.745  8.545
19.890  10.000  10.403  8.264
19.900  10.000  10.066  7.827
19.910  10.000  10.034  7.335
19.920  10.000  9.687  6.739
19.930  10.000  10.030  6.162
19.940  10.000  10.104  5.634
19.950  10.000  9.664  5.440
19.960  10.000  9.892  5.274
19.970  10.000  10.055  4.935
19.980  10.000  9.927  4.581
19.990  10.000  9.808  4.281
20.000  10.000  9.647  4.315
20.010  10.000  9.965  4.464
20.020  10.000  10.023  4.571
20.030  10.000  9.939  4.688
20.040  10.000  9.967  4.710
20.050  10.000  9.963  4.726
20.060  10.000  10.198  4.876
20.070  10.000  10.078  5.074
20.080  10.000  9.902  5.196
20.090  10.000  10.023  5.190
20.100  10.000  10.177  5.148
20.110  10.000  10.057  5.121
20.120  10.000  9.960  5.052
20.130  10.000  10.106  4.970
20.140  10.000  10.194  4.900
20.150  10.000  9.940  4.663
20.160  10.000  9.784  4.319
20.170  10.000  10.078  3.948
20.180  10.000  10.251  3.593
20.190  10.000  10.248  3.345
20.200  10.000  9.732  3.194
20.210  10.000  9.630  3.053
20.220  10.000  9.893  2.737
20.230  10.000  10.360  2.380
20.240  10.000  10.184  2.137
20.250  10.000  9.760  1.992
20.260  10.000  9.480  2.083
20.270  10.000  9.939  2.398
20.280  10.000  10.366  2.683
20.290  10.000  10.080  2.924
20.300  10.000  9.583  3.005
20.310  10.000  9.612  3.121
20.320  10.000  10.263  3.359
20.330  10.000  10.531  3.481
20.340  10.000  10.248  3.516
20.350  10.000  9.826  3.350
20.360  10.000  9.641  3.220
20.370  10.000  10.170  3.232
20.380  10.000  10.341  3.151
20.390  10.000  10.189  2.985
20.400  10.000  9.744  2.686
20.410  10.000  9.713  2.500
20.420  10.000  10.045  2.601
20.430  10.000  10.332  2.677
20.440  10.000  10.123  2.468
20.450  10.000  9.657  2.084
20.460  10.000  9.762  1.863
20.470  10.000  10.203  1.849
20.480  10.000  10.147  1.891
20.490  10.000  10.054  1.742
20.500  10.000  9.620  1.614
20.510  10.000  9.894  1.552
20.520  10.000  10.138  1.356
20.530  10.000  10.087  1.103
20.540  10.000  9.979  0.927
20.550  10.000  9.954  0.830
20.560  10.000  9.978  0.777
20.570  10.000  9.938  0.744
20.580  10.000  10.177  0.706
20.590  10.000  9.989  0.642
20.600  10.000  9.871  0.590
20.610  10.000  9.871  0.541
20.620  10.000  10.209  0.424
20.630  10.000  10.141  0.357
20.640  10.000  10.095  0.191
20.650  10.000  9.940  -0.060
20.660  10.000  9.920  -0.366
20.670  10.000  10.250  -0.845
20.680  10.000  10.158  -1.279
20.690  10.000  9.925  -1.582
20.700  10.000  9.763  -1.786
20.710  10.000  9.952  -1.952
20.720  10.000  9.879  -2.260
20.730  10.000  10.134  -2.462
20.740  10.000  9.773  -2.518
20.750  10.000  9.801  -2.501
20.760  10.000  10.088  -2.513
20.770  10.000  10.087  -2.621
20.780  10.000  10.040  -2.660
20.790  10.000  9.763  -2.500
20.800  10.000  10.026  -2.354
20.810  10.000  10.188  -2.415
20.820  10.000  10.305  -2.542
20.830  10.000  9.827  -2.686
20.840  10.000  10.140  -2.849
20.850  10.000  9.907  -3.082
20.860  10.000  10.077  -3.433
20.870  10.000  9.979  -3.760
20.880  10.000  10.289  -4.048
20.890  10.000  9.973  -4.382
20.900  10.000  9.815  -4.679
20.910  10.000  10.006  -4.918
20.920  10.000  9.779  -5.076
20.930  10.000  9.995  -5.211
20.940  10.000  9.986  -5.431
20.950  10.000  9.825  -5.710
20.960  10.000  9.912  -5.790
20.970  10.000  9.885  -5.654
20.980  10.000  9.890  -5.435
20.990  10.000  10.013  -5.186
21.000  10.000  10.454  -5.025
21.010  10.000  9.890  -4.861
21.020  10.000  10.034  -4.848
21.030  10.000  9.919  -4.973
21.040  10.000  10.180  -4.977
21.050  10.000  9.939  -4.930
21.060  10.000  10.115  -5.093
21.070  10.000  10.080  -5.314
21.080  10.000  10.146  -5.441
21.090  10.000  9.726  -5.572
21.100  10.000  9.949  -5.659
21.110  10.000  10.093  -5.762
21.120  10.000  10.193  -5.897
21.130  10.000  9.776  -6.202
21.140  10.000  10.009  -6.567
21.150  10.000  9.866  -6.716
21.160  10.000  10.366  -6.868
21.170  10.000  9.990  -7.076
21.180  10.000  9.938  -7.300
21.190  10.000  9.757  -7.479
21.200  10.000  10.019  -7.531
21.210  12.500  10.198  -7.564
21.220  15.000  10.516  -7.243
21.230  17.500  11.430  -6.295
21.240  20.000  14.099  -4.354
21.250  22.500  15.975  -0.870
21.260  25.000  17.716  4.257
21.270  27.500  20.480  11.258
21.280  30.000  22.976  19.855
21.290  32.500  24.494  28.561
21.300  35.000  26.622  36.810
21.310  35.000  27.110  45.191
21.320  35.000  28.005  53.433
21.330  35.000  28.007  61.326
21.340  35.000  28.446  69.067
21.350  35.000  28.853  76.589
21.360  35.000  29.401  84.030
21.370  35.000  30.049  91.388
21.380  35.000  29.865  98.588
21.390  35.000  31.048  105.341
21.400  35.000  30.347  112.144
21.410  35.000  31.388  119.040
21.420  35.000  31.667  125.553
21.430  35.000  32.113  131.766
21.440  35.000  33.246  137.761
21.450  35.000  32.801  143.931
21.460  35.000  33.760  149.717
21.470  35.000  34.317  155.009
21.480  35.000  34.010  161.004
21.490  35.000  34.645  167.183
21.500  35.000  35.036  172.626
21.510  35.000  35.305  177.637
21.520  35.000  36.547  182.554
21.530  35.000  36.192  187.291
21.540  35.000  36.294  191.419
21.550  35.000  35.032  195.484
21.560  35.000  36.323  199.301
21.570  35.000  35.276  202.828
21.580  35.000  36.835  206.158
21.590  35.000  36.334  209.145
21.600  35.000  36.549  212.191
21.610  35.000  36.422  215.212
21.620  35.000  36.317  218.152
21.630  35.000  35.672  220.718
21.640  35.000  36.026  222.728
21.650  35.000  36.071  224.502
21.660  35.000  36.071  225.970
21.670  35.000  35.881  227.081
21.680  35.000  35.181  228.153
21.690  35.000  35.241  229.069
21.700  35.000  35.706  229.394
21.710  35.000  34.617  229.273
21.720  35.000  34.530  228.584
21.730  35.000  33.405  227.200
21.740  35.000  34.520  225.467
21.750  35.000  34.741  223.775
21.760  35.000  35.059  222.471
21.770  35.000  34.641  221.316
21.780  35.000  34.407  220.276
21.790  35.000  35.019  219.414
21.800  35.000  34.155  218.864
21.810  35.000  34.461  218.705
21.820  35.000  34.380  218.782
21.830  35.000  34.291  219.207
21.840  35.000  35.030  219.819
21.850  35.000  34.939  220.509
21.860  35.000  34.461  221.587
21.870  35.000  34.700  222.741
21.880  35.000  35.632  223.611
21.890  35.000  35.778  224.327
21.900  35.000  34.800  225.144
21.910  35.000  35.203  225.888
21.920  35.000  35.197  226.511
21.930  35.000  34.943  227.103
21.940  35.000  35.164  227.623
21.950  35.000  35.453  227.854
21.960  35.000  34.800  227.923
21.970  35.000  35.448  227.921
21.980  35.000  34.707  227.966
21.990  35.000  35.132  228.043
22.000  35.000  34.842  228.057
22.010  35.000  35.153  228.121
22.020  35.000  34.999  228.106
22.030  35.000  35.339  228.093
22.040  35.000  34.832  227.857
22.050  35.000  34.680  227.675
22.060  35.000  35.340  227.565
22.070  35.000  34.918  227.459
22.080  35.000  34.898  227.351
22.090  35.000  34.497  227.230
22.100  35.000  35.266  227.353
22.110  35.000  35.247  227.532
22.120  35.000  34.964  227.735
22.130  35.000  34.626  227.906
22.140  35.000  34.724  228.159
22.150  35.000  34.964  228.626
22.160  35.000  34.757  229.264
22.170  35.000  35.003  230.030
22.180  35.000  34.623  230.964
22.190  35.000  35.178  231.979
22.200  35.000  35.681  232.683
22.210  10.000  35.449  233.062
22.220  10.000  34.100  232.994
22.230  10.000  31.804  231.630
22.240  10.000  27.044  227.278
22.250  10.000  23.091  220.883
22.260  10.000  21.557  212.860
22.270  10.000  20.750  204.430
22.280  10.000  19.615  197.130
22.290  10.000  19.146  189.220
22.300  10.000  18.375  181.307
22.310  10.000  17.735  174.150
22.320  10.000  17.380  166.722
22.330  10.000  16.910  158.685
22.340  10.000  16.360  151.270
22.350  10.000  15.774  144.121
22.360  10.000  15.274  137.168
22.370  10.000  14.729  130.395
22.380  10.000  14.328  123.621
22.390  10.000  13.780  117.466
22.400  10.000  13.208  111.427
22.410  10.000  12.713  105.511
22.420  10.000  12.285  99.043
22.430  10.000  11.929  92.300
22.440  10.000  11.469  85.948
22.450  10.000  11.088  79.399
22.460  10.000  10.742  73.064
22.470  10.000  10.248  66.939
22.480  10.000  10.019  61.220
22.490  10.000  9.607  56.027
22.500  10.000  9.288  50.928
22.510  10.000  8.874  45.701
22.520  10.000  8.641  40.632
22.530  10.000  8.459  36.257
22.540  10.000  8.407  32.014
22.550  10.000  8.373  27.709
22.560  10.000  8.206  22.938
22.570  10.000  8.173  18.524
22.580  10.000  8.041  15.121
22.590  10.000  8.111  11.893
22.600  10.000  8.394  9.017
22.610  10.000  8.861  6.549
22.620  10.000  8.724  4.279
22.630  10.000  8.789  2.317
22.640  10.000  9.025  0.835
22.650  10.000  9.476  -0.171
22.660  10.000  9.663  -0.922
22.670  10.000  9.200  -1.642
22.680  10.000  9.090  -2.326
22.690  10.000  9.419  -2.929
22.700  10.000  9.661  -3.171
22.710  10.000  9.934  -3.010
22.720  10.000  9.816  -2.760
22.730  10.000  9.652  -2.450
22.740  10.000  9.760  -1.889
22.750  10.000  9.895  -1.021
22.760  10.000  10.068  0.009
22.770  10.000  10.255  1.023
22.780  10.000  10.344  1.696
22.790  10.000  10.032  2.087
22.800  10.000  10.034  2.378
22.810  10.000  10.383  2.542
22.820  10.000  10.557  2.730
22.830  10.000  10.060  2.740
22.840  10.000  9.908  2.493
22.850  10.000  10.239  2.150
22.860  10.000  10.528  1.851
22.870  10.000  10.002  1.507
22.880  10.000  9.884  0.994
22.890  10.000  9.996  0.473
22.900  10.000  10.034  -0.046
22.910  10.000  10.134  -0.705
22.920  10.000  9.807  -1.295
22.930  10.000  9.832  -1.748
22.940  10.000  10.005  -2.316
22.950  10.000  9.766  -2.811
22.960  10.000  9.735  -3.185
22.970  10.000  9.807  -3.614
22.980  10.000  9.966  -3.999
22.990  10.000  10.006  -4.262
23.000  10.000  9.638  -4.355
23.010  10.000  9.887  -4.309
23.020  10.000  10.020  -3.973
23.030  10.000  9.905  -3.393
23.040  10.000  9.969  -2.929
23.050  10.000  9.909  -2.633
23.060  10.000  9.850  -2.232
23.070  10.000  10.135  -1.734
23.080  10.000  10.401  -1.377
23.090  10.000  10.024  -0.995
23.100  10.000  10.095  -0.669
23.110  10.000  9.930  -0.550
23.120  10.000  10.097  -0.352
23.130  10.000  10.614  -0.290
23.140  10.000  10.213  -0.555
23.150  10.000  9.672  -0.931
23.160  10.000  9.645  -1.266
23.170  10.000  10.293  -1.544
23.180  10.000  10.411  -1.795
23.190  10.000  9.970  -2.044
23.200  10.000  9.546  -2.316
23.210  10.000  9.641  -2.405
23.220  10.000  10.305  -2.450
23.230  10.000  10.231  -2.643
23.240  10.000  9.933  -2.930
23.250  10.000  9.418  -3.387
23.260  10.000  9.738  -3.780
23.270  10.000  10.202  -3.736
23.280  10.000  10.503  -3.528
23.290  10.000  9.943  -3.649
23.300  10.000  9.552  -3.884
23.310  10.000  9.653  -3.903
23.320  10.000  10.333  -3.709
23.330  10.000  10.583  -3.413
23.340  10.000  9.781  -3.348
23.350  10.000  9.579  -3.513
23.360  10.000  9.909  -3.583
23.370  10.000  10.248  -3.373
23.380  10.000  10.262  -3.114
23.390  10.000  9.714  -2.994
23.400  10.000  9.825  -2.855
23.410  10.000  10.124  -2.650
23.420  10.000  10.453  -2.457
23.430  10.000  9.859  -2.468
23.440  10.000  9.751  -2.609
23.450  10.000  9.823  -2.632
23.460  10.000  10.352  -2.609
23.470  10.000  10.223  -2.651
23.480  10.000  9.910  -2.756
23.490  10.000  9.574  -2.796
23.500  10.000  10.025  -2.902
23.510  10.000  10.508  -3.226
23.520  10.000  9.899  -3.419
23.530  10.000  9.646  -3.553
23.540  10.000  9.726  -3.565
23.550  10.000  10.406  -3.381
23.560  10.000  10.330  -3.289
23.570  10.000  9.979  -3.415
23.580  10.000  9.715  -3.646
23.590  10.000  9.928  -3.726
23.600  10.000  10.063  -3.755
23.610  10.000  10.234  -3.919
23.620  10.000  10.031  -4.095
23.630  10.000  10.050  -4.221
23.640  10.000  9.807  -4.388
23.650  10.000  10.047  -4.609
23.660  10.000  9.994  -4.706
23.670  10.000  10.072  -4.803
23.680  10.000  9.991  -5.085
23.690  10.000  9.839  -5.260
23.700  10.000  9.792  -5.265
23.710  10.000  10.058  -5.310
23.720  10.000  10.066  -5.483
23.730  10.000  10.027  -5.754
23.740  10.000  9.819  -5.930
23.750  10.000  9.753  -5.783
23.760  10.000  10.109  -5.608
23.770  10.000  10.080  -5.485
23.780  10.000  10.000  -5.292
23.790  10.000  9.845  -5.086
23.800  10.000  9.992  -4.988
23.810  10.000  10.199  -5.093
23.820  10.000  10.150  -5.086
23.830  10.000  10.097  -5.104
23.840  10.000  9.918  -5.340
23.850  10.000  10.020  -5.445
23.860  10.000  10.181  -5.459
23.870  10.000  10.353  -5.560
23.880  10.000  9.831  -5.709
23.890  10.000  9.650  -5.799
23.900  10.000  9.857  -5.918
23.910  10.000  10.431  -6.099
23.920  10.000  10.188  -6.299
23.930  10.000  9.775  -6.586
23.940  10.000  9.778  -6.895
23.950  10.000  10.008  -7.100
23.960  10.000  10.028  -7.283
23.970  10.000  10.032  -7.542
23.980  10.000  9.807  -7.757
23.990  10.000  10.032  -7.816
24.000  10.000  9.999  -7.886
24.010  10.000  10.061  -7.992
24.020  10.000  9.946  -7.993
24.030  10.000  9.978  -7.936
24.040  10.000  9.871  -7.899
24.050  10.000  9.951  -7.888
24.060  10.000  10.003  -7.876
24.070  10.000  9.943  -7.858
24.080  10.000  10.007  -7.796
24.090  10.000  10.198  -7.703
24.100  10.000  10.070  -7.741
24.110  10.000  9.957  -7.672
24.120  10.000  9.940  -7.475
24.130  10.000  10.117  -7.308
24.140  10.000  10.186  -7.282
24.150  10.000  9.861  -7.185
24.160  10.000  9.923  -7.027
24.170  10.000  10.042  -7.074
24.180  10.000  10.089  -7.194
24.190  10.000  9.946  -7.412
24.200  10.000  10.002  -7.494
24.210  10.000  9.875  -7.550
24.220  12.500  10.029  -7.593
24.230  15.000  10.407  -7.131
24.240  17.500  11.519  -6.001
24.250  20.000  14.157  -3.942
24.260  22.500  16.369  -0.450
24.270  25.001  18.479  4.731
24.280  27.500  20.404  11.678
24.290  30.000  23.190  20.146
24.300  32.500  25.477  28.541
24.310  35.000  27.084  36.271
24.320  35.000  27.529  43.993
24.330  35.000  28.069  51.660
24.340  35.000  28.693  59.158
24.350  35.000  28.344  66.768
24.360  35.000  28.589  74.577
24.370  35.000  30.026  81.527
24.380  35.000  30.291  88.034
24.390  35.000  30.589  94.954
24.400  35.000  30.633  102.140
24.410  35.000  31.067  109.196
24.420  35.000  31.510  115.795
24.430  35.000  31.985  122.336
24.440  35.000  31.698  129.017
24.450  35.000  33.136  135.682
24.460  35.000  33.050  142.064
24.470  35.000  33.128  148.410
24.480  35.000  34.086  154.447
24.490  35.000  34.198  159.967
24.500  35.000  34.544  165.605
24.510  35.000  35.095  171.437
24.520  35.000  35.396  177.005
24.530  35.000  36.715  182.125
24.540  35.000  36.625  186.702
24.550  35.000  34.659  191.257
24.560  35.000  36.503  195.626
24.570  35.000  35.326  199.396
24.580  35.000  35.900  202.950
24.590  35.000  36.162  206.413
24.600  35.000  36.068  209.892
24.610  35.000  36.980  212.920
24.620  35.000  36.988  215.652
24.630  35.000  36.036  218.489
24.640  35.000  35.758  221.159
24.650  35.000  35.788  223.480
24.660  35.000  35.963  225.521
24.670  35.000  35.755  227.135
24.680  35.000  36.018  228.313
24.690  35.000  35.004  229.334
24.700  35.000  35.293  230.050
24.710  35.000  35.336  230.333
24.720  35.000  34.654  230.332
24.730  35.000  34.777  229.698
24.740  35.000  34.401  228.167
24.750  35.000  33.810  226.425
24.760  35.000  34.318  225.081
24.770  35.000  34.845  224.126
24.780  35.000  34.990  223.324
24.790  35.000  35.111  222.586
24.800  35.000  34.426  222.153
24.810  35.000  34.542  221.910
24.820  35.000  34.671  221.740
24.830  35.000  34.483  221.594
24.840  35.000  35.086  221.554
24.850  35.000  34.759  221.692
24.860  35.000  34.723  222.014
24.870  35.000  34.288  222.654
24.880  35.000  34.582  223.546
24.890  35.000  35.271  224.471
24.900  35.000  34.996  225.439
24.910  35.000  35.615  226.395
24.920  35.000  34.673  227.417
24.930  35.000  35.126  228.506
24.940  35.000  34.472  229.587
24.950  35.000  35.747  230.491
24.960  35.000  34.999  231.287
24.970  35.000  35.623  232.048
24.980  35.000  35.354  232.550
24.990  35.000  35.117  233.011
25.000  35.000  35.234  233.167
25.010  35.000  35.251  233.037
25.020  35.000  34.762  232.863
25.030  35.000  34.920  232.641
25.040  35.000  35.095  232.476
25.050  35.000  35.116  232.447
25.060  35.000  34.981  232.368
25.070  35.000  34.870  232.289
25.080  35.000  34.876  232.285
25.090  35.000  35.181  232.247
25.100  35.000  34.608  232.252
25.110  35.000  35.441  232.201
25.120  35.000  34.443  232.159
25.130  35.000  35.085  232.216
25.140  35.000  34.637  232.428
25.150  35.000  34.780  232.887
25.160  35.000  35.160  233.320
25.170  35.000  35.041  233.642
25.180  35.000  35.279  233.949
25.190  35.000  35.416  234.036
25.200  35.000  35.000  234.002
25.210  35.000  35.042  234.095
25.220  10.000  34.513  234.241
25.230  10.000  34.819  233.941
25.240  10.000  31.207  232.234
25.250  10.000  27.049  227.632
25.260  10.000  23.033  220.994
25.270  10.000  21.060  213.000
25.280  10.000  20.687  204.562
25.290  10.000  19.600  196.439
25.300  10.000  19.123  187.918
25.310  10.000  18.364  179.627
25.320  10.000  17.708  171.864
25.330  10.000  17.205  164.711
25.340  10.000  16.671  157.317
25.350  10.000  16.198  150.153
25.360  10.000  15.721  143.509
25.370  10.000  15.149  136.774
25.380  10.000  14.630  130.243
25.390  10.000  14.225  123.732
25.400  10.000  13.731  116.785
25.410  10.000  13.299  110.237
25.420  10.000  12.820  103.961
25.430  10.000  12.374  97.692
25.440  10.000  11.973  91.565
25.450  10.000  11.606  85.369
25.460  10.000  11.135  79.221
25.470  10.000  10.613  73.495
25.480  10.000  10.210  67.623
25.490  10.000  9.854  61.722
25.500  10.000  9.490  56.073
25.510  10.000  9.133  50.075
25.520  10.000  8.911  44.148
25.530  10.000  8.632  38.920
25.540  10.000  8.523  33.927
25.550  10.000  8.400  29.265
25.560  10.000  8.329  24.688
25.570  10.000  8.102  20.188
25.580  10.000  8.021  16.631
25.590  10.000  7.939  13.108
25.600  10.000  8.013  9.838
25.610  10.000  8.518  7.096
25.620  10.000  8.779  4.727
25.630  10.000  8.703  2.620
25.640  10.000  8.884  0.991
25.650  10.000  9.217  -0.013
25.660  10.000  9.605  -0.670
25.670  10.000  9.454  -1.239
25.680  10.000  9.232  -1.764
25.690  10.000  9.219  -2.207
25.700  10.000  9.222  -2.353
25.710  10.000  10.036  -2.114
25.720  10.000  10.130  -1.748
25.730  10.000  9.730  -1.473
25.740  10.000  9.330  -1.163
25.750  10.000  9.962  -0.442
25.760  10.000  10.241  0.581
25.770  10.000  10.572  1.471
25.780  10.000  9.899  2.143
25.790  10.000  9.930  2.682
25.800  10.000  10.102  3.134
25.810  10.000  10.562  3.452
25.820  10.000  10.450  3.628
25.830  10.000  10.062  3.596
25.840  10.000  9.853  3.419
25.850  10.000  10.308  3.187
25.860  10.000  10.565  2.785
25.870  10.000  10.241  2.352
25.880  10.000  9.770  1.943
25.890  10.000  9.742  1.457
25.900  10.000  10.092  0.819
25.910  10.000  10.132  0.144
25.920  10.000  9.910  -0.420
25.930  10.000  9.800  -0.880
25.940  10.000  9.671  -1.032
25.950  10.000  9.795  -1.150
25.960  10.000  10.032  -1.450
25.970  10.000  10.062  -1.692
25.980  10.000  9.718  -2.009
25.990  10.000  9.760  -2.257
26.000  10.000  9.702  -2.178
26.010  10.000  10.049  -1.969
26.020  10.000  10.383  -1.857
26.030  10.000  9.766  -1.710
26.040  10.000  9.615  -1.454
26.050  10.000  10.063  -1.187
26.060  10.000  10.438  -1.029
26.070  10.000  10.316  -1.048
26.080  10.000  9.764  -1.030
26.090  10.000  9.629  -0.837
26.100  10.000  10.136  -0.677
26.110  10.000  10.365  -0.533
26.120  10.000  10.557  -0.578
26.130  10.000  9.713  -0.809
26.140  10.000  9.454  -0.890
26.150  10.000  10.012  -0.949
26.160  10.000  10.536  -0.951
26.170  10.000  10.306  -1.064
26.180  10.000  9.769  -1.526
26.190  10.000  9.399  -1.950
26.200  10.000  9.958  -2.123
26.210  10.000  10.416  -2.002
26.220  10.000  10.156  -1.842
26.230  10.000  9.587  -1.953
26.240  10.000  9.618  -2.165
26.250  10.000  9.917  -2.145
26.260  10.000  10.474  -1.909
26.270  10.000  10.317  -1.909
26.280  10.000  9.565  -2.079
26.290  10.000  9.716  -2.193
26.300  10.000  10.115  -2.143
26.310  10.000  10.592  -2.063
26.320  10.000  10.025  -1.925
26.330  10.000  9.468  -1.663
26.340  10.000  9.798  -1.540
26.350  10.000  10.595  -1.530
26.360  10.000  10.441  -1.636
26.370  10.000  9.797  -1.879
26.380  10.000  9.439  -2.030
26.390  10.000  9.885  -2.089
26.400  10.000  10.488  -2.038
26.410  10.000  10.392  -2.106
26.420  10.000  9.673  -2.440
26.430  10.000  9.596  -2.608
26.440  10.000  9.806  -2.587
26.450  10.000  10.416  -2.577
26.460  10.000  10.357  -2.701
26.470  10.000  9.763  -2.986
26.480  10.000  9.556  -3.101
26.490  10.000  9.769  -2.940
26.500  10.000  10.530  -2.690
26.510  10.000  10.132  -2.527
26.520  10.000  9.711  -2.689
26.530  10.000  9.471  -2.742
26.540  10.000  10.176  -2.540
26.550  10.000  10.255  -2.290
26.560  10.000  10.190  -2.075
26.570  10.000  9.741  -1.886
26.580  10.000  9.602  -1.585
26.590  10.000  10.186  -1.273
26.600  10.000  10.569  -1.011
26.610  10.000  10.113  -0.721
26.620  10.000  9.698  -0.605
26.630  10.000  9.800  -0.683
26.640  10.000  10.324  -0.674
