# covent_pc_7
# Captured 2020-06-21 01:15:02.362045 by unknown user
# Built at revision 3df8cc3 (dirty)
time(sec)  pc_setpoint  pressure  volume
0.000  35.000  34.672  289.502
0.010  35.000  35.214  291.014
0.020  35.000  34.850  292.345
0.030  35.000  35.283  293.305
0.040  35.000  35.407  293.969
0.050  35.000  35.151  294.599
0.060  35.000  34.886  295.365
0.070  35.000  35.269  296.314
0.080  35.000  35.266  297.147
0.090  35.000  34.431  297.915
0.100  35.000  35.496  298.649
0.110  35.000  34.695  299.313
0.120  35.000  35.611  299.797
0.130  35.000  35.126  300.252
0.140  35.000  34.860  300.698
0.150  35.000  34.587  301.148
0.160  35.000  34.889  301.800
0.170  35.000  35.276  302.334
0.180  35.000  35.233  303.011
0.190  35.000  35.252  303.719
0.200  5.000  35.134  304.026
0.210  5.000  34.343  303.973
0.220  5.000  31.359  302.704
0.230  5.000  26.811  298.305
0.240  5.000  21.914  291.807
0.250  5.000  17.950  284.343
0.260  5.000  15.465  276.832
0.270  5.000  13.294  270.589
0.280  5.000  12.322  264.743
0.290  5.000  11.275  258.586
0.300  5.000  10.777  252.613
0.310  5.000  10.214  246.907
0.320  5.000  9.931  240.908
0.330  5.000  9.639  235.280
0.340  5.000  9.385  229.858
0.350  5.000  9.111  224.640
0.360  5.000  8.842  219.805
0.370  5.000  8.663  214.572
0.380  5.000  8.424  209.488
0.390  5.000  8.216  204.866
0.400  5.000  8.099  200.182
0.410  5.000  7.898  195.405
0.420  5.000  7.747  190.454
0.430  5.000  7.521  185.762
0.440  5.000  7.378  181.272
0.450  5.000  7.198  176.756
0.460  5.000  6.991  172.396
0.470  5.000  6.838  168.152
0.480  5.000  6.625  163.653
0.490  5.000  6.510  159.204
0.500  5.000  6.315  154.831
0.510  5.000  6.185  150.414
0.520  5.000  6.056  146.390
0.530  5.000  5.902  142.426
0.540  5.000  5.749  138.554
0.550  5.000  5.625  134.368
0.560  5.000  5.469  130.209
0.570  5.000  5.333  126.536
0.580  5.000  5.221  122.503
0.590  5.000  5.074  118.527
0.600  5.000  4.963  114.876
0.610  5.000  4.839  111.262
0.620  5.000  4.702  107.407
0.630  5.000  4.580  103.593
0.640  5.000  4.431  100.098
0.650  5.000  4.340  96.716
0.660  5.000  4.253  93.467
0.670  5.000  4.284  90.270
0.680  5.000  4.273  87.039
0.690  5.000  4.237  83.909
0.700  5.000  4.271  80.847
0.710  5.000  4.200  77.848
0.720  5.000  4.197  75.076
0.730  5.000  4.199  71.967
0.740  5.000  4.173  69.021
0.750  5.000  4.221  66.646
0.760  5.000  4.240  64.284
0.770  5.000  4.232  61.859
0.780  5.000  4.214  59.461
0.790  5.000  4.178  57.185
0.800  5.000  4.231  54.952
0.810  5.000  4.312  53.006
0.820  5.000  4.496  51.314
0.830  5.000  4.590  49.689
0.840  5.000  4.867  48.112
0.850  5.000  4.970  46.458
0.860  5.000  5.146  44.753
0.870  5.000  5.052  43.237
0.880  5.000  4.855  41.814
0.890  5.000  4.788  40.214
0.900  5.000  4.823  38.719
0.910  5.000  4.695  37.180
0.920  5.000  4.818  35.637
0.930  5.000  4.802  34.333
0.940  5.000  4.694  32.994
0.950  5.000  4.797  31.657
0.960  5.000  4.758  30.420
0.970  5.000  4.574  29.306
0.980  5.000  4.463  28.402
0.990  5.000  4.497  27.431
1.000  5.000  4.485  26.180
1.010  5.000  4.712  25.046
1.020  5.000  4.805  24.351
1.030  5.000  5.027  23.693
1.040  5.000  5.015  23.078
1.050  5.000  4.888  22.545
1.060  5.000  4.867  22.071
1.070  5.000  4.924  21.581
1.080  5.000  5.074  20.904
1.090  5.000  4.918  20.406
1.100  5.000  4.912  20.035
1.110  5.000  4.928  19.629
1.120  5.000  5.029  19.365
1.130  5.000  5.024  19.067
1.140  5.000  5.031  18.564
1.150  5.000  4.970  18.030
1.160  5.000  5.020  17.612
1.170  5.000  4.823  17.400
1.180  5.000  4.880  17.296
1.190  5.000  5.013  17.033
1.200  5.000  5.023  16.829
1.210  5.000  5.065  16.729
1.220  5.000  4.897  16.604
1.230  5.000  4.809  16.527
1.240  5.000  5.082  16.297
1.250  5.000  5.080  16.022
1.260  5.000  5.031  16.016
1.270  5.000  4.887  15.949
1.280  5.000  4.876  15.891
1.290  5.000  4.928  16.027
1.300  5.000  5.006  16.030
1.310  5.000  4.997  15.995
1.320  5.000  4.922  16.148
1.330  5.000  5.071  16.145
1.340  5.000  4.946  15.914
1.350  5.000  5.025  15.808
1.360  5.000  4.927  15.754
1.370  5.000  5.215  15.487
1.380  5.000  4.812  15.194
1.390  5.000  4.831  15.150
1.400  5.000  4.937  15.211
1.410  5.000  5.126  15.182
1.420  5.000  5.114  15.070
1.430  5.000  4.843  15.072
1.440  5.000  4.951  15.193
1.450  5.000  4.914  15.320
1.460  5.000  5.145  15.306
1.470  5.000  5.069  15.183
1.480  5.000  4.919  15.080
1.490  5.000  5.072  15.010
1.500  5.000  4.960  15.057
1.510  5.000  4.936  15.290
1.520  5.000  5.078  15.520
1.530  5.000  5.029  15.668
1.540  5.000  4.964  15.823
1.550  5.000  5.011  15.890
1.560  5.000  5.006  16.100
1.570  5.000  4.946  16.377
1.580  5.000  4.989  16.519
1.590  5.000  4.935  16.795
1.600  5.000  5.012  17.073
1.610  5.000  4.997  17.168
1.620  5.000  4.954  17.191
1.630  5.000  5.184  17.196
1.640  5.000  5.169  17.095
1.650  5.000  5.000  16.964
1.660  5.000  4.841  17.010
1.670  5.000  4.907  17.167
1.680  5.000  5.054  17.215
1.690  5.000  4.988  17.194
1.700  5.000  5.091  17.084
1.710  5.000  5.020  16.965
1.720  5.000  4.918  17.080
1.730  5.000  5.056  17.283
1.740  5.000  5.045  17.352
1.750  5.000  4.989  17.390
1.760  5.000  5.094  17.340
1.770  5.000  4.956  17.167
1.780  5.000  4.964  16.999
1.790  5.000  4.889  16.980
1.800  5.000  4.976  17.082
1.810  5.000  5.082  17.038
1.820  5.000  4.974  16.933
1.830  5.000  5.264  16.783
1.840  5.000  4.867  16.632
1.850  5.000  4.839  16.708
1.860  5.000  4.978  16.791
1.870  5.000  4.993  16.737
1.880  5.000  5.120  16.609
1.890  5.000  5.096  16.479
1.900  5.000  4.860  16.414
1.910  5.000  4.884  16.375
1.920  5.000  5.052  16.251
1.930  5.000  5.040  16.084
1.940  5.000  4.732  16.120
1.950  5.000  4.996  16.197
1.960  5.000  5.036  16.339
1.970  5.000  5.014  16.659
1.980  5.000  5.090  16.883
1.990  5.000  5.017  16.860
2.000  5.000  4.980  16.814
2.010  5.000  5.027  16.840
2.020  5.000  4.933  16.885
2.030  5.000  4.985  16.962
2.040  5.000  4.941  16.959
2.050  5.000  5.109  16.957
2.060  5.000  4.905  17.132
2.070  5.000  4.973  17.111
2.080  5.000  5.113  16.822
2.090  5.000  5.142  16.681
2.100  5.000  4.998  16.497
2.110  5.000  5.017  16.280
2.120  5.000  5.021  16.079
2.130  5.000  4.969  15.943
2.140  5.000  4.930  15.762
2.150  5.000  5.080  15.444
2.160  5.000  4.976  15.362
2.170  5.000  5.076  15.392
2.180  5.000  4.926  15.286
2.190  5.000  4.950  15.174
2.200  5.000  5.117  15.121
2.210  8.000  4.883  14.841
2.220  11.000  5.178  14.637
2.230  14.000  6.031  15.634
2.240  17.000  8.820  17.824
2.250  20.000  11.904  21.312
2.260  23.000  15.050  26.658
2.270  26.000  18.965  33.821
2.280  29.000  23.553  42.369
2.290  32.000  26.749  51.188
2.300  35.000  30.383  58.818
2.310  35.000  31.334  65.509
2.320  35.000  32.450  72.070
2.330  35.000  33.043  78.453
2.340  35.000  33.435  84.798
2.350  35.000  34.045  90.859
2.360  35.000  34.959  96.740
2.370  35.000  34.975  102.603
2.380  35.000  34.265  108.954
2.390  35.000  35.210  115.044
2.400  35.000  35.641  120.213
2.410  35.000  35.056  125.446
2.420  35.000  35.442  131.044
2.430  35.000  35.218  136.449
2.440  35.000  35.255  141.351
2.450  35.000  35.618  146.102
2.460  35.000  34.769  151.035
2.470  35.000  35.498  155.970
2.480  35.000  34.891  160.833
2.490  35.000  35.880  165.580
2.500  35.000  34.383  170.378
2.510  35.000  35.057  175.002
2.520  35.000  35.531  179.029
2.530  35.000  34.960  183.208
2.540  35.000  35.282  187.463
2.550  35.000  35.666  191.548
2.560  35.000  34.489  195.999
2.570  35.000  35.565  200.192
2.580  35.000  35.487  203.623
2.590  35.000  35.520  206.984
2.600  35.000  34.875  210.579
2.610  35.000  35.476  214.313
2.620  35.000  35.129  217.849
2.630  35.000  35.269  221.194
2.640  35.000  34.981  224.622
2.650  35.000  35.264  227.787
2.660  35.000  35.542  230.752
2.670  35.000  35.334  233.860
2.680  35.000  34.949  237.025
2.690  35.000  34.907  240.075
2.700  35.000  35.077  242.992
2.710  35.000  35.057  245.952
2.720  35.000  34.586  248.964
2.730  35.000  35.509  251.777
2.740  35.000  35.755  254.662
2.750  35.000  35.163  257.726
2.760  35.000  35.126  260.580
2.770  35.000  35.237  263.305
2.780  35.000  35.343  265.840
2.790  35.000  35.353  268.152
2.800  35.000  35.240  270.395
2.810  35.000  34.978  272.571
2.820  35.000  35.473  274.497
2.830  35.000  34.523  276.619
2.840  35.000  35.260  278.862
2.850  35.000  34.801  281.084
2.860  35.000  35.545  283.363
2.870  35.000  35.871  285.524
2.880  35.000  35.160  287.515
2.890  35.000  35.424  289.251
2.900  35.000  35.311  290.872
2.910  35.000  34.802  292.418
2.920  35.000  34.309  293.885
2.930  35.000  34.914  295.282
2.940  35.000  34.996  296.991
2.950  35.000  35.355  298.860
2.960  35.000  35.763  300.351
2.970  35.000  35.026  301.639
2.980  35.000  35.107  302.922
2.990  35.000  34.990  304.120
3.000  35.000  35.326  305.215
3.010  35.000  35.308  306.196
3.020  35.000  34.769  307.059
3.030  35.000  35.280  307.752
3.040  35.000  34.898  308.431
3.050  35.000  34.964  309.230
3.060  35.000  35.072  310.118
3.070  35.000  35.517  310.986
3.080  35.000  34.896  311.759
3.090  35.000  35.298  312.247
3.100  35.000  35.242  312.387
3.110  35.000  35.038  312.529
3.120  35.000  34.914  312.669
3.130  35.000  35.102  312.720
3.140  35.000  35.303  312.819
3.150  35.000  34.940  312.846
3.160  35.000  34.879  312.673
3.170  35.000  34.908  312.502
3.180  35.000  34.763  312.580
3.190  35.000  35.103  312.761
3.200  35.000  34.991  312.846
3.210  5.000  35.285  312.935
3.220  5.000  33.557  312.878
3.230  5.000  31.121  311.511
3.240  5.000  26.850  307.207
3.250  5.000  21.804  300.955
3.260  5.000  17.841  293.521
3.270  5.000  15.161  285.957
3.280  5.000  13.066  279.658
3.290  5.000  12.174  273.347
3.300  5.000  11.166  267.180
3.310  5.000  10.704  261.514
3.320  5.000  10.217  255.532
3.330  5.000  9.936  249.800
3.340  5.000  9.571  244.273
3.350  5.000  9.284  238.682
3.360  5.000  9.015  233.178
3.370  5.000  8.908  227.444
3.380  5.000  8.586  221.762
3.390  5.000  8.455  216.155
3.400  5.000  8.224  210.558
3.410  5.000  8.062  205.447
3.420  5.000  7.846  200.498
3.430  5.000  7.650  195.421
3.440  5.000  7.462  190.717
3.450  5.000  7.294  186.143
3.460  5.000  7.126  181.368
3.470  5.000  7.006  176.696
3.480  5.000  6.816  171.880
3.490  5.000  6.615  167.157
3.500  5.000  6.488  162.896
3.510  5.000  6.317  158.284
3.520  5.000  6.147  153.493
3.530  5.000  5.994  148.884
3.540  5.000  5.885  144.304
3.550  5.000  5.704  139.625
3.560  5.000  5.598  134.908
3.570  5.000  5.390  130.501
3.580  5.000  5.304  126.239
3.590  5.000  5.179  122.184
3.600  5.000  5.041  118.428
3.610  5.000  4.925  114.365
3.620  5.000  4.799  110.262
3.630  5.000  4.654  106.586
3.640  5.000  4.532  103.066
3.650  5.000  4.377  99.251
3.660  5.000  4.359  95.461
3.670  5.000  4.294  92.115
3.680  5.000  4.242  88.805
3.690  5.000  4.239  85.407
3.700  5.000  4.224  82.222
3.710  5.000  4.222  79.200
3.720  5.000  4.166  76.157
3.730  5.000  4.198  73.298
3.740  5.000  4.192  70.644
3.750  5.000  4.203  67.969
3.760  5.000  4.228  65.505
3.770  5.000  4.249  62.927
3.780  5.000  4.241  60.158
3.790  5.000  4.186  57.608
3.800  5.000  4.150  55.162
3.810  5.000  4.160  52.807
3.820  5.000  4.344  50.643
3.830  5.000  4.526  48.874
3.840  5.000  4.812  47.200
3.850  5.000  4.883  45.514
3.860  5.000  5.057  43.852
3.870  5.000  5.062  42.161
3.880  5.000  5.090  40.439
3.890  5.000  4.895  38.703
3.900  5.000  4.889  36.878
3.910  5.000  4.777  35.127
3.920  5.000  4.817  33.463
3.930  5.000  4.824  31.973
3.940  5.000  4.759  30.657
3.950  5.000  4.770  29.278
3.960  5.000  4.747  27.972
3.970  5.000  4.668  26.592
3.980  5.000  4.559  25.338
3.990  5.000  4.498  24.107
4.000  5.000  4.505  22.860
4.010  5.000  4.322  21.811
4.020  5.000  4.559  20.969
4.030  5.000  4.814  20.394
4.040  5.000  5.067  19.872
4.050  5.000  5.321  19.096
4.060  5.000  4.964  18.273
4.070  5.000  4.839  17.447
4.080  5.000  4.870  16.648
4.090  5.000  4.832  16.043
4.100  5.000  4.967  15.603
4.110  5.000  5.090  15.200
4.120  5.000  5.040  14.505
4.130  5.000  5.020  13.830
4.140  5.000  4.848  13.434
4.150  5.000  4.823  13.190
4.160  5.000  5.014  12.775
4.170  5.000  5.103  12.025
4.180  5.000  5.017  11.400
4.190  5.000  4.909  11.005
4.200  5.000  4.877  10.645
4.210  5.000  5.008  10.217
4.220  5.000  4.957  9.955
4.230  5.000  4.890  9.765
4.240  5.000  5.061  9.346
4.250  5.000  5.022  8.804
4.260  5.000  4.935  8.284
4.270  5.000  4.945  7.906
4.280  5.000  4.928  7.587
4.290  5.000  5.012  7.378
4.300  5.000  5.018  7.206
4.310  5.000  4.963  6.921
4.320  5.000  4.861  6.714
4.330  5.000  5.022  6.706
4.340  5.000  4.893  6.757
4.350  5.000  5.037  6.811
4.360  5.000  4.941  6.825
4.370  5.000  4.912  6.719
4.380  5.000  5.132  6.412
4.390  5.000  5.080  6.001
4.400  5.000  4.930  5.826
4.410  5.000  4.926  5.700
4.420  5.000  4.913  5.526
4.430  5.000  5.056  5.482
4.440  5.000  5.160  5.325
4.450  5.000  5.094  5.148
4.460  5.000  4.694  5.186
4.470  5.000  5.057  5.135
4.480  5.000  5.132  4.849
4.490  5.000  5.045  4.673
4.500  5.000  4.874  4.601
4.510  5.000  4.898  4.445
4.520  5.000  4.977  4.304
4.530  5.000  5.076  4.278
4.540  5.000  4.952  4.237
4.550  5.000  5.067  4.170
4.560  5.000  4.872  4.218
4.570  5.000  5.072  4.227
4.580  5.000  4.934  4.058
4.590  5.000  5.087  3.943
4.600  5.000  4.934  4.063
4.610  5.000  5.079  4.120
4.620  5.000  5.040  3.978
4.630  5.000  4.945  3.867
4.640  5.000  4.919  3.739
4.650  5.000  4.985  3.617
4.660  5.000  4.991  3.526
4.670  5.000  5.212  3.316
4.680  5.000  5.016  3.064
4.690  5.000  5.095  2.679
4.700  5.000  4.930  2.469
4.710  5.000  4.912  2.500
4.720  5.000  4.967  2.376
4.730  5.000  5.015  2.252
4.740  5.000  5.035  2.192
4.750  5.000  4.960  2.148
4.760  5.000  4.988  2.152
4.770  5.000  4.894  2.154
4.780  5.000  5.060  2.081
4.790  5.000  5.016  2.018
4.800  5.000  5.050  1.834
4.810  5.000  4.828  1.775
4.820  5.000  4.950  2.117
4.830  5.000  5.059  2.319
4.840  5.000  5.119  2.119
4.850  5.000  4.980  1.833
4.860  5.000  4.967  1.623
4.870  5.000  5.030  1.455
4.880  5.000  5.027  1.480
4.890  5.000  4.941  1.514
4.900  5.000  5.058  1.247
4.910  5.000  5.062  0.838
4.920  5.000  4.948  0.612
4.930  5.000  5.126  0.456
4.940  5.000  4.962  0.307
4.950  5.000  5.010  0.187
4.960  5.000  5.132  -0.043
4.970  5.000  4.866  -0.147
4.980  5.000  4.925  -0.344
4.990  5.000  4.935  -0.643
5.000  5.000  5.045  -0.768
5.010  5.000  5.079  -0.940
5.020  5.000  5.004  -1.183
5.030  5.000  5.002  -1.515
5.040  5.000  4.985  -1.837
5.050  5.000  5.008  -2.112
5.060  5.000  4.951  -2.463
5.070  5.000  4.976  -2.805
5.080  5.000  4.989  -2.883
5.090  5.000  5.015  -2.937
5.100  5.000  4.901  -2.975
5.110  5.000  4.775  -2.860
5.120  5.000  5.016  -2.775
5.130  5.000  5.104  -2.725
5.140  5.000  5.029  -2.676
5.150  5.000  4.935  -2.631
5.160  5.000  5.060  -2.653
5.170  5.000  4.955  -2.606
5.180  5.000  4.899  -2.494
5.190  5.000  5.077  -2.493
5.200  5.000  5.202  -2.770
5.210  5.000  4.901  -3.005
5.220  8.001  5.104  -3.084
5.230  11.000  4.964  -2.943
5.240  14.000  5.947  -1.820
5.250  17.000  8.877  0.318
5.260  20.000  12.164  3.873
5.270  23.000  15.297  9.375
5.280  26.000  19.412  16.377
5.290  29.001  23.627  24.328
5.300  32.001  27.874  32.443
5.310  35.000  30.691  40.108
5.320  35.000  31.869  47.565
5.330  35.000  33.024  54.796
5.340  35.000  33.666  61.127
5.350  35.000  34.624  66.921
5.360  35.000  33.793  73.059
5.370  35.000  34.873  79.155
5.380  35.000  34.229  85.304
5.390  35.000  35.217  91.386
5.400  35.000  35.971  96.667
5.410  35.000  34.785  101.941
5.420  35.000  35.610  107.244
5.430  35.000  35.306  112.352
5.440  35.000  34.786  117.974
5.450  35.000  35.713  123.473
5.460  35.000  35.022  128.604
5.470  35.000  34.608  133.975
5.480  35.000  35.077  139.359
5.490  35.000  35.036  144.498
5.500  35.000  35.704  149.372
5.510  35.000  35.210  153.929
5.520  35.000  36.059  158.196
5.530  35.000  35.308  162.296
5.540  35.000  35.305  166.345
5.550  35.000  34.731  170.392
5.560  35.000  34.814  174.352
5.570  35.000  34.526  178.641
5.580  35.000  34.945  182.936
5.590  35.000  35.298  187.022
5.600  35.000  35.274  191.057
5.610  35.000  35.767  194.805
5.620  35.000  35.742  198.459
5.630  35.000  34.798  202.599
5.640  35.000  34.984  206.860
5.650  35.000  36.082  210.456
5.660  35.000  35.065  213.888
5.670  35.000  36.110  217.275
5.680  35.000  34.970  220.647
5.690  35.000  35.001  224.171
5.700  35.000  35.424  227.413
5.710  35.000  35.001  230.532
5.720  35.000  34.366  233.624
5.730  35.000  34.213  236.496
5.740  35.000  34.633  239.373
5.750  35.000  35.414  242.356
5.760  35.000  35.306  245.364
5.770  35.000  36.206  248.288
5.780  35.000  35.990  251.159
5.790  35.000  36.146  253.597
5.800  35.000  35.799  255.646
5.810  35.000  34.680  257.796
5.820  35.000  34.404  259.699
5.830  35.000  34.671  261.539
5.840  35.000  34.280  263.813
5.850  35.000  34.585  266.103
5.860  35.000  35.303  268.211
5.870  35.000  35.440  270.358
5.880  35.000  35.303  272.560
5.890  35.000  36.220  274.507
5.900  35.000  35.058  276.146
5.910  35.000  35.746  277.705
5.920  35.000  35.126  279.202
5.930  35.000  34.537  280.573
5.940  35.000  35.037  281.587
5.950  35.000  35.390  282.476
5.960  35.000  35.034  283.635
5.970  35.000  34.900  284.867
5.980  35.000  35.292  286.147
5.990  35.000  34.851  287.399
6.000  35.000  35.032  288.439
6.010  35.000  34.974  289.536
6.020  35.000  34.892  290.753
6.030  35.000  35.217  291.823
6.040  35.000  35.242  292.862
6.050  35.000  35.118  293.807
6.060  35.000  35.291  294.420
6.070  35.000  35.388  294.932
6.080  35.000  34.998  295.566
6.090  35.000  34.836  296.305
6.100  35.000  34.978  296.990
6.110  35.000  34.848  297.524
6.120  35.000  35.175  297.976
6.130  35.000  34.479  298.680
6.140  35.000  35.156  299.323
6.150  35.000  35.397  299.967
6.160  35.000  35.018  300.821
6.170  35.000  35.168  301.329
6.180  35.000  35.229  301.544
6.190  35.000  35.776  301.686
6.200  35.000  34.650  301.903
6.210  35.000  34.522  302.306
6.220  5.000  34.968  302.735
6.230  5.000  34.212  302.769
6.240  5.000  31.864  301.284
6.250  5.000  26.974  296.969
6.260  5.000  21.683  290.862
6.270  5.000  18.088  283.175
6.280  5.000  15.455  275.565
6.290  5.000  13.375  269.422
6.300  5.000  12.267  262.909
6.310  5.000  11.364  256.536
6.320  5.000  10.837  250.786
6.330  5.000  10.221  244.976
6.340  5.000  9.919  239.419
6.350  5.000  9.524  234.184
6.360  5.000  9.250  228.533
6.370  5.000  9.107  223.030
6.380  5.000  8.827  217.800
6.390  5.000  8.677  212.385
6.400  5.000  8.513  206.737
6.410  5.000  8.355  201.397
6.420  5.000  8.077  196.342
6.430  5.000  7.887  191.112
6.440  5.000  7.642  185.783
6.450  5.000  7.528  180.436
6.460  5.000  7.359  175.254
6.470  5.000  7.126  170.262
6.480  5.000  7.043  165.184
6.490  5.000  6.835  160.308
6.500  5.000  6.664  156.039
6.510  5.000  6.564  151.488
6.520  5.000  6.357  146.807
6.530  5.000  6.231  142.325
6.540  5.000  6.153  137.926
6.550  5.000  5.974  133.429
6.560  5.000  5.801  129.017
6.570  5.000  5.631  125.118
6.580  5.000  5.519  121.227
6.590  5.000  5.339  117.060
6.600  5.000  5.231  112.590
6.610  5.000  5.134  108.344
6.620  5.000  4.977  104.451
6.630  5.000  4.854  100.394
6.640  5.000  4.747  96.139
6.650  5.000  4.539  92.205
6.660  5.000  4.441  88.714
6.670  5.000  4.364  84.986
6.680  5.000  4.309  81.333
6.690  5.000  4.269  77.987
6.700  5.000  4.306  74.642
6.710  5.000  4.289  71.486
6.720  5.000  4.267  68.086
6.730  5.000  4.240  64.772
6.740  5.000  4.225  61.490
6.750  5.000  4.278  57.852
6.760  5.000  4.179  54.803
6.770  5.000  4.155  52.354
6.780  5.000  4.269  49.941
6.790  5.000  4.213  47.429
6.800  5.000  4.194  44.977
6.810  5.000  4.197  42.568
6.820  5.000  4.177  40.147
6.830  5.000  4.207  37.966
6.840  5.000  4.402  35.905
6.850  5.000  4.583  33.980
6.860  5.000  4.833  32.263
6.870  5.000  4.962  30.593
6.880  5.000  5.031  29.067
6.890  5.000  5.026  27.579
6.900  5.000  4.997  25.995
6.910  5.000  4.746  24.662
6.920  5.000  4.829  23.233
6.930  5.000  4.803  21.672
6.940  5.000  4.879  20.295
6.950  5.000  4.805  18.999
6.960  5.000  4.830  17.672
6.970  5.000  4.601  16.377
6.980  5.000  4.758  15.176
6.990  5.000  4.582  14.051
7.000  5.000  4.618  12.959
7.010  5.000  4.500  11.919
7.020  5.000  4.543  10.949
7.030  5.000  4.528  9.952
7.040  5.000  4.710  9.102
7.050  5.000  4.985  8.351
7.060  5.000  5.162  7.585
7.070  5.000  4.950  6.743
7.080  5.000  4.852  6.025
7.090  5.000  4.905  5.514
7.100  5.000  4.930  5.107
7.110  5.000  5.051  4.688
7.120  5.000  4.984  4.220
7.130  5.000  4.894  3.853
7.140  5.000  5.005  3.386
7.150  5.000  4.975  2.816
7.160  5.000  4.956  2.342
7.170  5.000  4.846  1.874
7.180  5.000  4.997  1.465
7.190  5.000  5.081  1.010
7.200  5.000  4.929  0.586
7.210  5.000  4.886  0.254
7.220  5.000  5.005  -0.081
7.230  5.000  4.980  -0.464
7.240  5.000  5.002  -0.906
7.250  5.000  4.980  -1.288
7.260  5.000  5.081  -1.692
7.270  5.000  4.965  -2.051
7.280  5.000  4.851  -2.304
7.290  5.000  4.899  -2.497
7.300  5.000  5.018  -2.641
7.310  5.000  4.987  -2.763
7.320  5.000  4.893  -2.882
7.330  5.000  4.926  -3.103
7.340  5.000  5.007  -3.206
7.350  5.000  4.966  -3.094
7.360  5.000  5.067  -3.266
7.370  5.000  4.956  -3.558
7.380  5.000  5.040  -3.747
7.390  5.000  4.924  -3.985
7.400  5.000  4.842  -4.298
7.410  5.000  5.011  -4.462
7.420  5.000  5.079  -4.361
7.430  5.000  5.104  -4.302
7.440  5.000  4.846  -4.201
7.450  5.000  5.010  -4.082
7.460  5.000  5.055  -4.206
7.470  5.000  5.005  -4.320
7.480  5.000  4.862  -4.043
7.490  5.000  4.960  -3.774
7.500  5.000  4.986  -3.742
7.510  5.000  5.158  -3.658
7.520  5.000  5.043  -3.634
7.530  5.000  5.027  -3.713
7.540  5.000  4.897  -3.758
7.550  5.000  4.874  -3.527
7.560  5.000  5.006  -3.301
7.570  5.000  5.138  -3.236
7.580  5.000  5.015  -3.060
7.590  5.000  4.988  -2.987
7.600  5.000  5.008  -3.121
7.610  5.000  5.100  -3.408
7.620  5.000  5.068  -3.689
7.630  5.000  4.933  -3.891
7.640  5.000  5.031  -3.977
7.650  5.000  4.983  -3.962
7.660  5.000  4.921  -3.982
7.670  5.000  4.972  -3.978
7.680  5.000  5.126  -4.028
7.690  5.000  5.032  -4.285
7.700  5.000  5.023  -4.605
7.710  5.000  4.885  -4.593
7.720  5.000  5.011  -4.439
7.730  5.000  5.028  -4.463
7.740  5.000  5.055  -4.513
7.750  5.000  5.094  -4.683
7.760  5.000  4.915  -4.898
7.770  5.000  5.041  -5.083
7.780  5.000  5.072  -5.396
7.790  5.000  4.996  -5.765
7.800  5.000  4.994  -5.825
7.810  5.000  4.952  -5.790
7.820  5.000  4.863  -5.758
7.830  5.000  4.938  -5.540
7.840  5.000  4.998  -5.487
7.850  5.000  4.934  -5.476
7.860  5.000  5.034  -5.361
7.870  5.000  4.932  -5.259
7.880  5.000  4.934  -5.157
7.890  5.000  4.999  -5.140
7.900  5.000  5.006  -5.153
7.910  5.000  4.893  -5.199
7.920  5.000  5.109  -5.280
7.930  5.000  5.011  -5.380
7.940  5.000  5.024  -5.351
7.950  5.000  4.934  -5.255
7.960  5.000  5.071  -5.299
7.970  5.000  5.001  -5.326
7.980  5.000  5.091  -5.389
7.990  5.000  4.917  -5.378
8.000  5.000  4.809  -5.322
8.010  5.000  4.892  -5.335
8.020  5.000  5.133  -5.430
8.030  5.000  5.273  -5.718
8.040  5.000  5.062  -5.864
8.050  5.000  4.896  -5.871
8.060  5.000  4.750  -5.810
8.070  5.000  5.131  -5.833
8.080  5.000  5.171  -6.022
8.090  5.000  5.006  -6.043
8.100  5.000  4.859  -5.828
8.110  5.000  4.968  -5.572
8.120  5.000  5.071  -5.515
8.130  5.000  5.063  -5.594
8.140  5.000  4.977  -5.736
8.150  5.000  5.005  -5.936
8.160  5.000  4.916  -6.022
8.170  5.000  5.063  -6.049
8.180  5.000  5.033  -6.223
8.190  5.000  5.064  -6.230
8.200  5.000  4.946  -6.063
8.210  5.000  4.946  -6.018
8.220  5.000  5.006  -6.133
8.230  8.000  4.994  -6.105
8.240  11.002  5.134  -5.916
8.250  14.000  5.878  -4.929
8.260  17.000  8.891  -2.772
8.270  20.000  12.410  0.660
8.280  23.000  15.202  5.994
8.290  26.000  19.136  13.187
8.300  29.000  23.564  21.503
8.310  32.000  27.967  29.675
8.320  35.000  29.793  37.359
8.330  35.000  31.644  44.605
8.340  35.000  33.307  51.124
8.350  35.000  33.646  57.319
8.360  35.000  34.033  63.427
8.370  35.000  35.023  69.013
8.380  35.000  34.638  74.631
8.390  35.000  34.779  80.173
8.400  35.000  35.538  85.270
8.410  35.000  35.249  90.565
8.420  35.000  34.956  96.063
8.430  35.000  36.054  101.131
8.440  35.000  34.579  106.209
8.450  35.000  35.612  111.524
8.460  35.000  34.917  116.635
8.470  35.000  35.199  121.883
8.480  35.000  35.226  127.055
8.490  35.000  36.308  131.565
8.500  35.000  35.112  135.674
8.510  35.000  35.426  139.637
8.520  35.000  34.846  143.567
8.530  35.000  34.878  147.665
8.540  35.000  34.588  151.982
8.550  35.000  34.354  156.556
8.560  35.000  35.920  160.910
8.570  35.000  35.207  165.104
8.580  35.000  35.323  169.215
8.590  35.000  35.080  173.109
8.600  35.000  35.421  176.892
8.610  35.000  35.341  180.712
8.620  35.000  35.061  184.709
8.630  35.000  35.364  188.567
8.640  35.000  35.184  192.261
8.650  35.000  35.346  195.765
8.660  35.000  34.871  199.142
8.670  35.000  35.568  202.447
8.680  35.000  35.497  205.651
8.690  35.000  35.778  208.841
8.700  35.000  35.784  211.947
8.710  35.000  34.983  215.111
8.720  35.000  35.083  218.074
8.730  35.000  34.841  220.604
8.740  35.000  34.757  222.836
8.750  35.000  33.988  225.355
8.760  35.000  34.272  228.246
8.770  35.000  35.257  230.999
8.780  35.000  35.553  233.767
8.790  35.000  35.964  236.788
8.800  35.000  35.856  239.806
8.810  35.000  35.738  242.445
8.820  35.000  35.564  244.806
8.830  35.000  35.628  246.843
8.840  35.000  35.086  248.566
8.850  35.000  34.274  250.558
8.860  35.000  34.308  252.819
8.870  35.000  34.549  254.804
8.880  35.000  35.181  256.709
8.890  35.000  35.845  258.712
8.900  35.000  35.597  260.682
8.910  35.000  34.954  262.588
8.920  35.000  35.007  264.455
8.930  35.000  35.690  266.195
8.940  35.000  34.884  267.970
8.950  35.000  34.911  269.787
8.960  35.000  35.403  271.335
8.970  35.000  35.128  272.744
8.980  35.000  34.945  274.121
8.990  35.000  34.993  275.436
9.000  35.000  34.880  276.789
9.010  35.000  34.680  278.219
9.020  35.000  35.310  279.775
9.030  35.000  35.468  281.345
9.040  35.000  35.562  282.493
9.050  35.000  35.269  283.435
9.060  35.000  34.522  284.413
9.070  35.000  35.355  285.260
9.080  35.000  35.227  285.979
9.090  35.000  35.439  286.494
9.100  35.000  35.480  286.772
9.110  35.000  34.353  287.042
9.120  35.000  34.284  287.438
9.130  35.000  35.582  287.983
9.140  35.000  35.384  288.545
9.150  35.000  35.559  288.892
9.160  35.000  34.434  289.136
9.170  35.000  35.015  289.215
9.180  35.000  35.024  289.383
9.190  35.000  35.095  289.803
9.200  35.000  34.568  290.072
9.210  35.000  35.500  290.125
9.220  35.000  35.113  290.238
9.230  5.000  35.113  290.439
9.240  5.000  33.339  290.460
9.250  5.000  31.375  289.250
9.260  5.000  26.250  285.025
9.270  5.000  21.939  278.603
9.280  5.000  17.914  271.042
9.290  5.000  15.436  263.377
9.300  5.000  13.132  257.046
9.310  5.000  12.085  250.916
9.320  5.000  11.175  244.705
9.330  5.000  10.680  238.645
9.340  5.000  10.162  232.876
9.350  5.000  9.899  227.606
9.360  5.000  9.479  222.305
9.370  5.000  9.283  217.090
9.380  5.000  9.030  211.988
9.390  5.000  8.725  206.645
9.400  5.000  8.519  201.472
9.410  5.000  8.348  196.667
9.420  5.000  8.203  191.927
9.430  5.000  7.961  187.041
9.440  5.000  7.812  182.150
9.450  5.000  7.644  177.477
9.460  5.000  7.426  172.908
9.470  5.000  7.365  168.450
9.480  5.000  7.166  164.022
9.490  5.000  6.993  159.547
9.500  5.000  6.800  155.088
9.510  5.000  6.704  150.315
9.520  5.000  6.545  145.644
9.530  5.000  6.352  141.509
9.540  5.000  6.178  137.139
9.550  5.000  6.068  132.728
9.560  5.000  5.873  128.682
9.570  5.000  5.693  124.666
9.580  5.000  5.577  120.615
9.590  5.000  5.518  116.627
9.600  5.000  5.312  112.485
9.610  5.000  5.186  108.522
9.620  5.000  5.065  104.608
9.630  5.000  4.935  100.629
9.640  5.000  4.814  96.717
9.650  5.000  4.694  92.925
9.660  5.000  4.550  89.426
9.670  5.000  4.421  86.067
9.680  5.000  4.349  82.728
9.690  5.000  4.236  79.502
9.700  5.000  4.253  76.540
9.710  5.000  4.277  73.506
9.720  5.000  4.239  70.204
9.730  5.000  4.222  66.914
9.740  5.000  4.211  63.791
9.750  5.000  4.221  60.907
9.760  5.000  4.167  58.259
9.770  5.000  4.209  55.673
9.780  5.000  4.199  53.304
9.790  5.000  4.233  51.132
9.800  5.000  4.246  48.772
9.810  5.000  4.265  46.309
9.820  5.000  4.220  43.962
9.830  5.000  4.232  41.690
9.840  5.000  4.285  39.714
9.850  5.000  4.444  37.964
9.860  5.000  4.605  36.304
9.870  5.000  4.878  34.851
9.880  5.000  5.064  33.202
9.890  5.000  5.029  31.567
9.900  5.000  5.032  30.156
9.910  5.000  4.839  28.652
9.920  5.000  4.969  27.143
9.930  5.000  4.833  25.669
9.940  5.000  4.789  24.287
9.950  5.000  4.691  23.004
9.960  5.000  4.785  21.783
9.970  5.000  4.777  20.474
9.980  5.000  4.669  19.227
9.990  5.000  4.641  17.921
10.000  5.000  4.694  16.591
10.010  5.000  4.505  15.520
10.020  5.000  4.481  14.387
10.030  5.000  4.479  13.333
10.040  5.000  4.541  12.584
10.050  5.000  4.872  11.988
10.060  5.000  5.064  11.434
10.070  5.000  5.095  10.760
10.080  5.000  4.980  10.039
10.090  5.000  4.940  9.272
10.100  5.000  4.948  8.399
10.110  5.000  4.935  7.672
10.120  5.000  4.855  7.259
10.130  5.000  4.959  7.050
10.140  5.000  4.994  6.753
10.150  5.000  5.137  6.306
10.160  5.000  5.023  5.819
10.170  5.000  4.972  5.505
10.180  5.000  4.851  5.232
10.190  5.000  4.890  4.837
10.200  5.000  4.876  4.531
10.210  5.000  5.130  4.158
10.220  5.000  5.022  3.839
10.230  5.000  4.863  3.720
10.240  5.000  4.945  3.585
10.250  5.000  4.951  3.396
10.260  5.000  4.949  3.227
10.270  5.000  4.884  3.073
10.280  5.000  4.976  2.905
10.290  5.000  5.113  2.761
10.300  5.000  4.946  2.650
10.310  5.000  4.961  2.507
10.320  5.000  4.895  2.437
10.330  5.000  5.063  2.355
10.340  5.000  4.997  2.361
10.350  5.000  5.152  2.302
10.360  5.000  4.991  2.076
10.370  5.000  4.792  1.869
10.380  5.000  4.984  1.745
10.390  5.000  4.970  1.829
10.400  5.000  4.990  1.815
10.410  5.000  4.857  1.720
10.420  5.000  4.993  1.683
10.430  5.000  5.023  1.811
10.440  5.000  4.876  2.014
10.450  5.000  5.006  1.934
10.460  5.000  4.996  1.859
10.470  5.000  4.918  1.894
10.480  5.000  5.024  1.753
10.490  5.000  4.966  1.554
10.500  5.000  5.149  1.479
10.510  5.000  4.962  1.597
10.520  5.000  4.901  1.706
10.530  5.000  4.976  1.781
10.540  5.000  5.025  1.817
10.550  5.000  5.096  1.726
10.560  5.000  5.055  1.653
10.570  5.000  4.947  1.688
10.580  5.000  4.959  2.095
10.590  5.000  4.924  2.287
10.600  5.000  5.126  2.100
10.610  5.000  5.082  2.057
10.620  5.000  5.038  2.096
10.630  5.000  5.100  2.116
10.640  5.000  4.919  2.088
10.650  5.000  4.908  2.168
10.660  5.000  5.078  2.255
10.670  5.000  5.150  2.259
10.680  5.000  5.085  2.098
10.690  5.000  5.024  1.828
10.700  5.000  5.066  1.537
10.710  5.000  5.078  1.175
10.720  5.000  4.841  0.960
10.730  5.000  4.946  0.912
10.740  5.000  4.991  0.771
10.750  5.000  5.024  0.554
10.760  5.000  5.139  0.315
10.770  5.000  4.931  0.104
10.780  5.000  4.970  -0.042
10.790  5.000  4.934  -0.242
10.800  5.000  5.009  -0.305
10.810  5.000  5.015  -0.236
10.820  5.000  5.025  -0.160
10.830  5.000  5.035  -0.114
10.840  5.000  4.941  -0.114
10.850  5.000  4.835  -0.108
10.860  5.000  4.923  -0.170
10.870  5.000  5.180  -0.442
10.880  5.000  5.035  -0.839
10.890  5.000  4.792  -0.842
10.900  5.000  5.018  -0.836
10.910  5.000  5.028  -1.116
10.920  5.000  4.996  -1.247
10.930  5.000  5.029  -1.360
10.940  5.000  4.857  -1.387
10.950  5.000  4.911  -1.267
10.960  5.000  4.994  -1.221
10.970  5.000  4.928  -1.092
10.980  5.000  4.772  -0.790
10.990  5.000  5.128  -0.462
11.000  5.000  4.947  -0.030
11.010  5.000  5.012  0.379
11.020  5.000  5.064  0.659
11.030  5.000  4.997  0.920
11.040  5.000  4.874  1.265
11.050  5.000  5.174  1.545
11.060  5.000  5.151  1.597
11.070  5.000  4.849  1.803
11.080  5.000  5.042  2.081
11.090  5.000  5.086  2.099
11.100  5.000  5.067  2.169
11.110  5.000  5.067  2.275
11.120  5.000  4.943  2.481
11.130  5.000  5.086  2.569
11.140  5.000  5.242  2.311
11.150  5.000  4.874  2.186
11.160  5.000  4.864  2.302
11.170  5.000  4.992  2.360
11.180  5.000  5.150  2.306
11.190  5.000  4.968  2.260
11.200  5.000  4.851  2.359
11.210  5.000  5.041  2.509
11.220  5.000  5.123  2.378
11.230  5.000  4.992  2.193
11.240  8.000  5.145  1.853
11.250  11.000  5.184  1.726
11.260  14.000  5.638  2.807
11.270  17.000  8.786  5.080
11.280  20.000  12.254  8.633
11.290  23.000  15.265  14.064
11.300  26.000  18.795  21.616
11.310  29.000  23.509  30.202
11.320  32.000  27.130  38.839
11.330  35.000  30.700  46.678
11.340  35.000  30.882  53.976
11.350  35.000  32.776  60.897
11.360  35.000  33.399  66.941
11.370  35.000  34.695  72.689
11.380  35.000  34.361  78.746
11.390  35.000  34.353  85.484
11.400  35.000  34.808  91.861
11.410  35.000  35.196  97.515
11.420  35.000  35.483  102.810
11.430  35.000  35.250  108.271
11.440  35.000  34.957  113.819
11.450  35.000  35.405  119.074
11.460  35.000  35.925  124.290
11.470  35.000  35.627  129.217
11.480  35.000  35.151  133.883
11.490  35.000  34.992  138.529
11.500  35.000  34.351  143.167
11.510  35.000  36.093  147.596
11.520  35.000  34.591  151.853
11.530  35.000  34.935  156.450
11.540  35.000  34.778  161.218
11.550  35.000  35.959  165.499
11.560  35.000  35.027  169.615
11.570  35.000  35.314  174.023
11.580  35.000  34.539  178.353
11.590  35.000  36.075  182.330
11.600  35.000  34.118  186.633
11.610  35.000  35.841  191.109
11.620  35.000  34.780  195.297
11.630  35.000  36.206  199.380
11.640  35.000  35.212  203.075
11.650  35.000  35.123  206.716
11.660  35.000  35.552  210.299
11.670  35.000  35.547  213.484
11.680  35.000  35.632  216.748
11.690  35.000  35.067  220.240
11.700  35.000  35.554  223.717
11.710  35.000  34.866  227.156
11.720  35.000  35.055  230.440
11.730  35.000  34.878  233.089
11.740  35.000  35.034  235.350
11.750  35.000  34.577  237.887
11.760  35.000  34.356  240.640
11.770  35.000  33.993  243.629
11.780  35.000  35.458  246.546
11.790  35.000  35.360  249.634
11.800  35.000  35.928  252.910
11.810  35.000  36.051  255.931
11.820  35.000  36.576  258.582
11.830  35.000  35.550  261.133
11.840  35.000  35.386  263.602
11.850  35.000  34.400  265.575
11.860  35.000  34.990  267.359
11.870  35.000  34.033  269.550
11.880  35.000  35.407  271.784
11.890  35.000  34.744  273.765
11.900  35.000  35.020  275.986
11.910  35.000  34.948  278.246
11.920  35.000  35.467  280.268
11.930  35.000  35.798  282.240
11.940  35.000  34.970  284.315
11.950  35.000  34.892  286.065
11.960  35.000  35.637  287.535
11.970  35.000  35.032  288.968
11.980  35.000  35.560  290.040
11.990  35.000  34.835  290.967
12.000  35.000  35.357  291.963
12.010  35.000  34.771  293.081
12.020  35.000  34.943  294.120
12.030  35.000  35.062  294.952
12.040  35.000  35.749  295.787
12.050  35.000  35.120  296.472
12.060  35.000  35.300  297.139
12.070  35.000  34.997  297.839
12.080  35.000  34.686  298.508
12.090  35.000  34.971  299.226
12.100  35.000  35.353  299.848
12.110  35.000  35.307  300.364
12.120  35.000  34.287  300.873
12.130  35.000  35.185  301.365
12.140  35.000  34.713  302.107
12.150  35.000  35.826  302.929
12.160  35.000  34.633  303.564
12.170  35.000  34.822  304.054
12.180  35.000  35.123  304.465
12.190  35.000  35.291  304.896
12.200  35.000  34.858  305.320
12.210  35.000  35.130  305.753
12.220  35.000  35.153  306.276
12.230  35.000  35.300  306.695
12.240  5.000  34.861  306.959
12.250  5.000  33.808  306.889
12.260  5.000  30.876  305.336
12.270  5.000  26.655  300.594
12.280  5.000  21.918  293.948
12.290  5.000  17.844  286.437
12.300  5.000  15.378  278.541
12.310  5.000  13.282  271.995
12.320  5.000  12.351  265.747
12.330  5.000  11.290  259.313
12.340  5.000  10.750  253.352
12.350  5.000  10.199  247.727
12.360  5.000  9.844  241.861
12.370  5.000  9.549  235.785
12.380  5.000  9.315  230.248
12.390  5.000  9.009  225.092
12.400  5.000  8.757  219.752
12.410  5.000  8.560  214.260
12.420  5.000  8.373  209.102
12.430  5.000  8.162  204.098
12.440  5.000  7.970  199.078
12.450  5.000  7.784  194.294
12.460  5.000  7.631  189.365
12.470  5.000  7.462  184.160
12.480  5.000  7.309  178.931
12.490  5.000  7.132  174.119
12.500  5.000  6.973  169.688
12.510  5.000  6.835  165.249
12.520  5.000  6.618  160.804
12.530  5.000  6.470  156.391
12.540  5.000  6.380  152.065
12.550  5.000  6.158  147.583
12.560  5.000  6.053  142.851
12.570  5.000  5.893  138.530
12.580  5.000  5.746  134.677
12.590  5.000  5.592  130.536
12.600  5.000  5.445  126.397
12.610  5.000  5.341  122.542
12.620  5.000  5.211  118.811
12.630  5.000  5.072  115.087
12.640  5.000  4.934  111.365
12.650  5.000  4.797  107.637
12.660  5.000  4.611  103.945
12.670  5.000  4.505  100.486
12.680  5.000  4.408  97.023
12.690  5.000  4.346  93.710
12.700  5.000  4.258  90.609
12.710  5.000  4.277  87.532
12.720  5.000  4.224  84.509
12.730  5.000  4.259  81.359
12.740  5.000  4.258  78.077
12.750  5.000  4.214  74.883
12.760  5.000  4.176  71.946
12.770  5.000  4.229  69.151
12.780  5.000  4.210  66.504
12.790  5.000  4.200  64.068
12.800  5.000  4.224  61.507
12.810  5.000  4.245  58.954
12.820  5.000  4.217  56.463
12.830  5.000  4.207  54.005
12.840  5.000  4.161  51.744
12.850  5.000  4.348  49.670
12.860  5.000  4.569  47.839
12.870  5.000  4.723  46.184
12.880  5.000  4.940  44.456
12.890  5.000  5.026  42.825
12.900  5.000  5.010  41.172
12.910  5.000  4.987  39.467
12.920  5.000  4.850  37.956
12.930  5.000  4.796  36.578
12.940  5.000  4.857  35.309
12.950  5.000  4.884  33.974
12.960  5.000  4.843  32.577
12.970  5.000  4.833  31.309
12.980  5.000  4.697  29.851
12.990  5.000  4.673  28.281
13.000  5.000  4.705  26.948
13.010  5.000  4.570  25.660
13.020  5.000  4.599  24.499
13.030  5.000  4.555  23.228
13.040  5.000  4.463  22.106
13.050  5.000  4.483  21.221
13.060  5.000  4.656  20.542
13.070  5.000  4.964  20.032
13.080  5.000  5.132  19.416
13.090  5.000  5.013  18.979
13.100  5.000  4.937  18.539
13.110  5.000  4.957  18.020
13.120  5.000  4.886  17.474
13.130  5.000  4.848  16.915
13.140  5.000  4.987  16.415
13.150  5.000  5.179  16.073
13.160  5.000  5.128  15.735
13.170  5.000  4.944  15.174
13.180  5.000  4.924  14.744
13.190  5.000  4.922  14.491
13.200  5.000  4.931  14.080
13.210  5.000  4.954  13.475
13.220  5.000  4.999  12.861
13.230  5.000  5.047  12.399
13.240  5.000  4.873  12.030
13.250  5.000  4.701  11.808
13.260  5.000  4.928  11.727
13.270  5.000  5.115  11.684
13.280  5.000  5.077  11.695
13.290  5.000  4.943  11.418
13.300  5.000  5.010  11.014
13.310  5.000  4.984  10.757
13.320  5.000  4.960  10.523
13.330  5.000  5.035  10.508
13.340  5.000  5.093  10.412
13.350  5.000  5.008  10.047
13.360  5.000  4.935  9.591
13.370  5.000  4.825  9.258
13.380  5.000  5.145  9.131
13.390  5.000  5.025  9.018
13.400  5.000  4.916  8.827
13.410  5.000  4.880  8.794
13.420  5.000  4.928  8.841
13.430  5.000  4.964  8.627
13.440  5.000  5.029  8.481
13.450  5.000  4.948  8.569
13.460  5.000  4.800  8.653
13.470  5.000  5.030  8.668
13.480  5.000  4.987  8.747
13.490  5.000  5.066  8.787
13.500  5.000  5.034  8.773
13.510  5.000  5.024  8.717
13.520  5.000  4.894  8.691
13.530  5.000  4.978  8.751
13.540  5.000  5.211  8.748
13.550  5.000  4.920  8.798
13.560  5.000  5.125  8.738
13.570  5.000  4.965  8.515
13.580  5.000  4.962  8.460
13.590  5.000  5.070  8.506
13.600  5.000  4.998  8.407
13.610  5.000  4.982  8.404
13.620  5.000  4.917  8.570
13.630  5.000  4.980  8.653
13.640  5.000  5.049  8.746
13.650  5.000  5.072  8.786
13.660  5.000  4.935  8.754
13.670  5.000  4.843  8.747
13.680  5.000  4.944  8.749
13.690  5.000  4.932  8.779
13.700  5.000  4.980  8.730
13.710  5.000  5.129  8.596
13.720  5.000  5.130  8.571
13.730  5.000  4.886  8.642
13.740  5.000  5.028  8.566
13.750  5.000  4.996  8.499
13.760  5.000  5.088  8.406
13.770  5.000  4.885  8.221
13.780  5.000  5.031  7.989
13.790  5.000  5.054  7.765
13.800  5.000  5.102  7.510
13.810  5.000  4.908  7.168
13.820  5.000  4.989  7.153
13.830  5.000  4.995  7.159
13.840  5.000  5.225  6.894
13.850  5.000  4.937  6.750
13.860  5.000  4.871  6.750
13.870  5.000  5.045  6.621
13.880  5.000  5.081  6.270
13.890  5.000  5.073  5.943
13.900  5.000  4.982  5.642
13.910  5.000  4.924  5.378
13.920  5.000  4.973  5.284
13.930  5.000  4.937  5.198
13.940  5.000  4.967  4.947
13.950  5.000  5.168  4.671
13.960  5.000  4.985  4.519
13.970  5.000  4.919  4.503
13.980  5.000  4.794  4.682
13.990  5.000  4.915  4.758
14.000  5.000  5.074  4.694
14.010  5.000  5.051  4.585
14.020  5.000  5.040  4.474
14.030  5.000  4.839  4.490
14.040  5.000  5.069  4.482
14.050  5.000  5.039  4.426
14.060  5.000  5.052  4.448
14.070  5.000  5.000  4.455
14.080  5.000  5.033  4.335
14.090  5.000  5.091  4.103
14.100  5.000  4.938  3.907
14.110  5.000  5.111  3.723
14.120  5.000  5.010  3.410
14.130  5.000  5.036  3.038
14.140  5.000  4.935  2.813
14.150  5.000  4.997  2.768
14.160  5.000  4.991  2.802
14.170  5.000  4.996  2.958
14.180  5.000  5.024  2.982
14.190  5.000  4.964  2.737
14.200  5.000  4.994  2.503
14.210  5.000  5.124  2.368
14.220  5.000  4.891  2.378
14.230  5.000  4.816  2.398
14.240  5.000  5.017  2.384
14.250  8.000  5.038  2.284
14.260  11.000  5.122  2.330
14.270  14.000  5.764  3.353
14.280  17.000  8.762  5.383
14.290  20.000  11.780  8.821
14.300  23.000  15.304  14.126
14.310  26.000  19.105  21.324
14.320  29.000  24.152  29.499
14.330  32.000  28.137  37.229
14.340  35.000  30.888  44.455
14.350  35.000  32.217  51.491
14.360  35.000  33.358  58.070
14.370  35.000  34.245  64.124
14.380  35.000  34.046  70.061
14.390  35.000  34.920  75.842
14.400  35.000  34.566  81.921
14.410  35.000  34.857  88.098
14.420  35.000  35.166  94.079
14.430  35.000  34.922  100.012
14.440  35.000  35.824  105.559
14.450  35.000  35.621  110.743
14.460  35.000  35.677  115.694
14.470  35.000  35.319  120.718
14.480  35.000  34.440  125.744
14.490  35.000  35.033  130.608
14.500  35.000  35.242  135.285
14.510  35.000  34.694  140.267
14.520  35.000  35.437  145.527
14.530  35.000  34.882  150.457
14.540  35.000  35.915  155.053
14.550  35.000  35.599  159.390
14.560  35.000  33.908  164.029
14.570  35.000  35.816  168.558
14.580  35.000  35.097  172.635
14.590  35.000  36.132  176.585
14.600  35.000  35.174  180.452
14.610  35.000  35.325  184.680
14.620  35.000  34.452  189.010
14.630  35.000  35.753  192.968
14.640  35.000  34.989  196.808
14.650  35.000  34.840  200.584
14.660  35.000  35.127  204.272
14.670  35.000  34.943  207.813
14.680  35.000  36.241  210.969
14.690  35.000  35.545  214.117
14.700  35.000  35.333  217.517
14.710  35.000  35.309  220.978
14.720  35.000  35.508  224.452
14.730  35.000  35.524  227.680
14.740  35.000  35.021  230.822
14.750  35.000  35.069  233.929
14.760  35.000  34.955  236.888
14.770  35.000  35.196  239.509
14.780  35.000  34.282  242.097
14.790  35.000  34.112  244.916
14.800  35.000  34.880  247.455
14.810  35.000  35.412  250.002
14.820  35.000  35.714  252.697
14.830  35.000  36.208  255.291
14.840  35.000  35.195  257.950
14.850  35.000  35.459  260.394
14.860  35.000  35.053  262.450
14.870  35.000  35.299  264.258
14.880  35.000  34.945  266.023
14.890  35.000  35.587  267.952
14.900  35.000  34.671  269.936
14.910  35.000  35.077  271.757
14.920  35.000  35.215  273.290
14.930  35.000  34.967  274.789
14.940  35.000  35.959  276.136
14.950  35.000  34.751  277.528
14.960  35.000  35.681  278.682
14.970  35.000  34.879  279.657
14.980  35.000  34.703  280.805
14.990  35.000  34.809  281.999
15.000  35.000  34.689  283.267
15.010  35.000  35.170  284.472
15.020  35.000  34.935  285.804
15.030  35.000  35.627  287.098
15.040  35.000  35.085  288.303
15.050  35.000  34.894  289.612
15.060  35.000  35.060  290.819
15.070  35.000  35.571  291.821
15.080  35.000  34.647  292.782
15.090  35.000  35.144  293.742
15.100  35.000  35.488  294.512
15.110  35.000  35.016  295.000
15.120  35.000  34.906  295.410
15.130  35.000  34.640  296.113
15.140  35.000  35.449  296.871
15.150  35.000  35.099  297.568
15.160  35.000  35.215  298.184
15.170  35.000  34.920  298.553
15.180  35.000  35.306  298.809
15.190  35.000  35.216  298.929
15.200  35.000  34.754  299.093
15.210  35.000  34.703  299.388
15.220  35.000  34.463  299.921
15.230  35.000  34.977  300.704
15.240  35.000  35.289  301.308
15.250  5.000  35.025  301.837
15.260  5.000  34.262  302.169
15.270  5.000  31.864  301.062
15.280  5.000  26.945  297.123
15.290  5.000  21.585  291.010
15.300  5.000  18.090  283.233
15.310  5.000  15.488  275.806
15.320  5.000  13.332  269.608
15.330  5.000  12.246  263.029
15.340  5.000  11.293  256.601
15.350  5.000  10.744  250.880
15.360  5.000  10.151  245.203
15.370  5.000  9.967  239.243
15.380  5.000  9.611  233.333
15.390  5.000  9.351  227.824
15.400  5.000  9.147  222.723
15.410  5.000  8.878  217.782
15.420  5.000  8.674  212.762
15.430  5.000  8.525  207.259
15.440  5.000  8.362  201.960
15.450  5.000  8.148  197.011
15.460  5.000  7.912  191.830
15.470  5.000  7.728  186.767
15.480  5.000  7.599  182.134
15.490  5.000  7.368  177.287
15.500  5.000  7.196  172.531
15.510  5.000  7.065  167.822
15.520  5.000  6.962  162.805
15.530  5.000  6.755  157.908
15.540  5.000  6.644  152.991
15.550  5.000  6.392  148.185
15.560  5.000  6.282  143.753
15.570  5.000  6.129  139.265
15.580  5.000  6.024  134.692
15.590  5.000  5.824  130.474
15.600  5.000  5.654  126.493
15.610  5.000  5.540  122.554
15.620  5.000  5.351  118.491
15.630  5.000  5.270  114.242
15.640  5.000  5.122  109.879
15.650  5.000  5.008  105.519
15.660  5.000  4.817  101.602
15.670  5.000  4.683  97.683
15.680  5.000  4.573  93.879
15.690  5.000  4.468  90.251
15.700  5.000  4.372  86.674
15.710  5.000  4.300  83.568
15.720  5.000  4.270  80.491
15.730  5.000  4.219  77.420
15.740  5.000  4.260  74.329
15.750  5.000  4.189  71.284
15.760  5.000  4.259  68.336
15.770  5.000  4.235  65.436
15.780  5.000  4.291  62.735
15.790  5.000  4.223  60.089
15.800  5.000  4.248  57.697
15.810  5.000  4.266  55.452
15.820  5.000  4.227  52.851
15.830  5.000  4.244  50.139
15.840  5.000  4.229  47.675
15.850  5.000  4.127  45.338
15.860  5.000  4.256  43.233
15.870  5.000  4.395  41.314
15.880  5.000  4.587  39.601
15.890  5.000  4.780  38.022
15.900  5.000  4.916  36.353
15.910  5.000  5.022  34.611
15.920  5.000  5.065  32.847
15.930  5.000  4.951  31.146
15.940  5.000  4.888  29.614
15.950  5.000  4.752  28.123
15.960  5.000  4.924  26.452
15.970  5.000  4.802  25.021
15.980  5.000  4.880  23.861
15.990  5.000  4.780  22.567
16.000  5.000  4.761  21.272
16.010  5.000  4.654  20.151
16.020  5.000  4.678  18.993
16.030  5.000  4.661  17.848
16.040  5.000  4.595  16.715
16.050  5.000  4.407  15.584
16.060  5.000  4.352  14.600
16.070  5.000  4.609  13.681
16.080  5.000  4.844  13.102
16.090  5.000  5.097  12.769
16.100  5.000  5.154  12.237
16.110  5.000  4.974  11.577
16.120  5.000  4.952  10.959
16.130  5.000  4.895  10.500
16.140  5.000  4.996  10.196
16.150  5.000  4.866  9.741
16.160  5.000  4.873  9.296
16.170  5.000  4.952  9.133
16.180  5.000  4.933  8.810
16.190  5.000  4.890  8.322
16.200  5.000  5.058  7.929
16.210  5.000  4.996  7.663
16.220  5.000  4.912  7.485
16.230  5.000  5.000  7.142
16.240  5.000  5.067  6.777
16.250  5.000  4.970  6.546
16.260  5.000  4.985  6.297
16.270  5.000  4.891  5.993
16.280  5.000  4.968  5.759
16.290  5.000  5.039  5.508
16.300  5.000  5.038  5.217
16.310  5.000  4.939  4.990
16.320  5.000  4.984  4.723
16.330  5.000  4.861  4.462
16.340  5.000  4.904  4.249
16.350  5.000  5.075  4.097
16.360  5.000  5.059  3.865
16.370  5.000  4.918  3.553
16.380  5.000  5.024  3.347
16.390  5.000  4.947  3.162
16.400  5.000  4.984  3.054
16.410  5.000  4.975  2.957
16.420  5.000  5.139  2.663
16.430  5.000  5.051  2.427
16.440  5.000  5.020  2.367
16.450  5.000  4.872  2.346
16.460  5.000  4.754  2.334
16.470  5.000  5.001  2.346
16.480  5.000  5.090  2.340
16.490  5.000  4.967  2.288
16.500  5.000  4.946  2.236
16.510  5.000  4.937  2.131
16.520  5.000  4.994  1.993
16.530  5.000  5.011  1.842
16.540  5.000  5.012  1.633
16.550  5.000  5.040  1.435
16.560  5.000  4.907  1.316
16.570  5.000  4.959  1.398
16.580  5.000  5.018  1.543
16.590  5.000  5.077  1.546
16.600  5.000  5.015  1.410
16.610  5.000  4.905  1.235
16.620  5.000  4.873  1.127
16.630  5.000  5.054  0.995
16.640  5.000  5.011  0.963
16.650  5.000  5.165  0.978
16.660  5.000  4.920  1.078
16.670  5.000  5.042  1.315
16.680  5.000  4.976  1.226
16.690  5.000  5.127  0.942
16.700  5.000  5.071  0.736
16.710  5.000  5.172  0.499
16.720  5.000  4.898  0.388
16.730  5.000  4.930  0.189
16.740  5.000  4.961  -0.066
16.750  5.000  5.123  -0.197
16.760  5.000  5.096  -0.356
16.770  5.000  5.068  -0.644
16.780  5.000  4.713  -0.882
16.790  5.000  5.019  -1.119
16.800  5.000  5.147  -1.446
16.810  5.000  5.119  -1.619
16.820  5.000  4.965  -1.701
16.830  5.000  4.764  -1.847
16.840  5.000  4.834  -2.166
16.850  5.000  4.981  -2.362
16.860  5.000  5.127  -2.552
16.870  5.000  4.991  -2.776
16.880  5.000  4.956  -2.853
16.890  5.000  5.019  -2.859
16.900  5.000  5.035  -2.945
16.910  5.000  4.914  -2.979
16.920  5.000  5.012  -2.777
16.930  5.000  5.003  -2.696
16.940  5.000  5.105  -2.876
16.950  5.000  5.045  -3.021
16.960  5.000  4.918  -2.887
16.970  5.000  4.954  -2.724
16.980  5.000  4.974  -2.679
16.990  5.000  5.073  -2.887
17.000  5.000  4.960  -3.134
17.010  5.000  5.003  -3.171
17.020  5.000  4.914  -3.148
17.030  5.000  5.127  -3.123
17.040  5.000  5.050  -3.186
17.050  5.000  5.170  -3.484
17.060  5.000  4.950  -3.758
17.070  5.000  5.022  -3.743
17.080  5.000  5.097  -3.849
17.090  5.000  4.976  -4.027
17.100  5.000  4.841  -4.101
17.110  5.000  5.013  -4.007
17.120  5.000  4.999  -4.019
17.130  5.000  4.975  -4.304
17.140  5.000  4.851  -4.574
17.150  5.000  4.864  -4.593
17.160  5.000  5.037  -4.451
17.170  5.000  5.158  -4.575
17.180  5.000  4.888  -4.784
17.190  5.000  4.980  -4.818
17.200  5.000  4.929  -4.699
17.210  5.000  5.106  -4.525
17.220  5.000  4.959  -4.551
17.230  5.000  5.023  -4.658
17.240  5.000  4.936  -4.707
17.250  5.000  5.002  -4.753
17.260  8.000  5.043  -4.739
17.270  11.000  5.080  -4.477
17.280  14.000  5.775  -3.115
17.290  17.000  8.625  -0.589
17.300  20.000  12.081  3.080
17.310  23.000  15.385  8.620
17.320  26.000  19.410  15.911
17.330  29.000  24.562  23.643
17.340  32.001  28.242  30.894
17.350  35.000  30.397  38.193
17.360  35.000  31.750  45.548
17.370  35.000  32.661  52.503
17.380  35.000  33.565  58.825
17.390  35.000  34.077  64.677
17.400  35.000  33.652  70.801
17.410  35.000  35.157  76.793
17.420  35.000  34.869  82.440
17.430  35.000  34.688  88.277
17.440  35.000  35.389  93.819
17.450  35.000  35.630  99.061
17.460  35.000  35.053  104.675
17.470  35.000  35.423  110.439
17.480  35.000  34.771  115.977
17.490  35.000  36.537  120.703
17.500  35.000  34.865  125.075
17.510  35.000  35.204  129.902
17.520  35.000  35.027  134.564
17.530  35.000  35.238  139.453
17.540  35.000  34.167  144.773
17.550  35.000  35.594  149.795
17.560  35.000  34.881  154.550
17.570  35.000  35.184  159.763
17.580  35.000  35.245  164.970
17.590  35.000  35.652  169.422
17.600  35.000  35.420  173.585
17.610  35.000  35.558  177.612
17.620  35.000  35.311  181.345
17.630  35.000  35.550  184.819
17.640  35.000  34.592  188.679
17.650  35.000  34.595  192.753
17.660  35.000  35.007  196.543
17.670  35.000  35.813  200.242
17.680  35.000  35.241  204.011
17.690  35.000  35.265  207.700
17.700  35.000  35.466  211.252
17.710  35.000  35.629  214.847
17.720  35.000  35.569  218.281
17.730  35.000  35.574  221.681
17.740  35.000  35.255  225.006
17.750  35.000  35.803  227.839
17.760  35.000  35.140  230.213
17.770  35.000  35.136  232.372
17.780  35.000  34.663  234.454
17.790  35.000  34.828  236.520
17.800  35.000  34.579  238.639
17.810  35.000  34.437  241.098
17.820  35.000  34.713  243.744
17.830  35.000  34.104  246.376
17.840  35.000  35.550  249.058
17.850  35.000  35.176  251.905
17.860  35.000  35.378  254.782
17.870  35.000  36.099  257.138
17.880  35.000  36.380  259.005
17.890  35.000  36.164  260.655
17.900  35.000  35.146  262.243
17.910  35.000  34.240  263.844
17.920  35.000  34.399  265.327
17.930  35.000  34.672  267.125
17.940  35.000  34.852  269.409
17.950  35.000  34.941  271.676
17.960  35.000  35.180  273.776
17.970  35.000  35.416  275.653
17.980  35.000  36.027  277.260
17.990  35.000  35.105  278.759
18.000  35.000  34.686  280.288
18.010  35.000  35.066  281.713
18.020  35.000  35.537  282.780
18.030  35.000  35.118  284.042
18.040  35.000  34.739  285.658
18.050  35.000  35.173  286.950
18.060  35.000  35.740  287.972
18.070  35.000  34.894  289.029
18.080  35.000  34.626  290.080
18.090  35.000  35.046  291.166
18.100  35.000  34.834  292.321
18.110  35.000  35.549  293.223
18.120  35.000  35.317  294.001
18.130  35.000  34.617  294.967
18.140  35.000  35.198  295.795
18.150  35.000  35.182  296.411
18.160  35.000  35.342  297.020
18.170  35.000  35.228  297.458
18.180  35.000  35.061  297.560
18.190  35.000  35.432  297.515
18.200  35.000  34.861  297.623
18.210  35.000  34.774  297.745
18.220  35.000  35.222  297.641
18.230  35.000  35.288  297.407
18.240  35.000  34.744  297.159
18.250  35.000  34.712  297.060
18.260  5.000  34.673  297.201
18.270  5.000  33.963  296.928
18.280  5.000  31.239  295.419
18.290  5.000  26.384  291.283
18.300  5.000  21.823  284.838
18.310  5.000  17.812  277.185
18.320  5.000  15.298  269.888
18.330  5.000  13.128  263.839
18.340  5.000  12.224  257.452
18.350  5.000  11.133  251.022
18.360  5.000  10.666  245.275
18.370  5.000  10.115  239.534
18.380  5.000  9.796  233.962
18.390  5.000  9.426  228.492
18.400  5.000  9.232  222.587
18.410  5.000  8.900  217.061
18.420  5.000  8.712  212.039
18.430  5.000  8.508  206.761
18.440  5.000  8.306  201.671
18.450  5.000  8.170  196.710
18.460  5.000  7.950  191.463
18.470  5.000  7.754  186.514
18.480  5.000  7.575  181.894
18.490  5.000  7.433  177.025
18.500  5.000  7.251  171.965
18.510  5.000  7.132  167.242
18.520  5.000  6.912  162.449
18.530  5.000  6.759  157.884
18.540  5.000  6.634  153.408
18.550  5.000  6.461  148.644
18.560  5.000  6.292  144.245
18.570  5.000  6.158  140.016
18.580  5.000  6.076  135.454
18.590  5.000  5.868  131.025
18.600  5.000  5.736  126.999
18.610  5.000  5.557  122.763
18.620  5.000  5.444  118.674
18.630  5.000  5.300  114.575
18.640  5.000  5.157  110.280
18.650  5.000  5.035  106.164
18.660  5.000  4.848  102.267
18.670  5.000  4.724  98.597
18.680  5.000  4.654  94.632
18.690  5.000  4.482  90.716
18.700  5.000  4.384  87.229
18.710  5.000  4.334  83.825
18.720  5.000  4.279  80.474
18.730  5.000  4.256  77.281
18.740  5.000  4.224  74.084
18.750  5.000  4.255  70.832
18.760  5.000  4.305  67.765
18.770  5.000  4.259  64.905
18.780  5.000  4.214  62.182
18.790  5.000  4.185  59.580
18.800  5.000  4.197  57.076
18.810  5.000  4.217  54.660
18.820  5.000  4.217  52.311
18.830  5.000  4.196  49.810
18.840  5.000  4.204  47.242
18.850  5.000  4.170  44.824
18.860  5.000  4.208  42.524
18.870  5.000  4.359  40.570
18.880  5.000  4.549  38.854
18.890  5.000  4.731  37.175
18.900  5.000  4.952  35.660
18.910  5.000  4.972  34.079
18.920  5.000  4.992  32.513
18.930  5.000  4.917  31.103
18.940  5.000  5.026  29.618
18.950  5.000  4.880  28.267
18.960  5.000  4.789  26.916
18.970  5.000  4.802  25.427
18.980  5.000  4.716  24.022
18.990  5.000  4.740  22.594
19.000  5.000  4.740  21.175
19.010  5.000  4.573  19.966
19.020  5.000  4.659  18.912
19.030  5.000  4.494  17.958
19.040  5.000  4.518  16.976
19.050  5.000  4.468  16.061
19.060  5.000  4.500  15.329
19.070  5.000  4.820  14.555
19.080  5.000  5.036  13.870
19.090  5.000  5.115  13.143
19.100  5.000  5.069  12.390
19.110  5.000  4.998  11.703
19.120  5.000  4.959  11.035
19.130  5.000  5.018  10.223
19.140  5.000  4.997  9.421
19.150  5.000  4.883  8.800
19.160  5.000  4.899  8.369
19.170  5.000  4.867  8.000
19.180  5.000  4.914  7.615
19.190  5.000  4.954  7.337
19.200  5.000  4.999  6.890
19.210  5.000  5.057  6.379
19.220  5.000  4.857  6.089
19.230  5.000  4.918  6.045
19.240  5.000  4.948  6.066
19.250  5.000  4.972  5.852
19.260  5.000  5.030  5.474
19.270  5.000  4.903  5.183
19.280  5.000  4.917  5.155
19.290  5.000  4.943  5.273
19.300  5.000  5.080  5.270
19.310  5.000  5.013  5.314
19.320  5.000  5.058  5.276
19.330  5.000  4.925  5.090
19.340  5.000  4.957  4.901
19.350  5.000  5.016  4.808
19.360  5.000  4.823  4.714
19.370  5.000  4.865  4.564
19.380  5.000  5.076  4.403
19.390  5.000  4.930  4.317
19.400  5.000  5.089  4.219
19.410  5.000  4.969  4.042
19.420  5.000  5.022  3.956
19.430  5.000  4.883  4.066
19.440  5.000  5.154  4.144
19.450  5.000  5.161  4.000
19.460  5.000  4.839  4.080
19.470  5.000  4.879  4.281
19.480  5.000  5.010  4.205
19.490  5.000  5.132  3.820
19.500  5.000  5.070  3.324
19.510  5.000  4.985  3.106
19.520  5.000  5.036  3.071
19.530  5.000  4.942  3.049
19.540  5.000  4.952  2.883
19.550  5.000  4.984  2.574
19.560  5.000  5.143  2.214
19.570  5.000  5.087  1.772
19.580  5.000  4.907  1.537
19.590  5.000  4.997  1.207
19.600  5.000  4.956  0.722
19.610  5.000  4.972  0.480
19.620  5.000  4.950  0.589
19.630  5.000  4.990  0.827
19.640  5.000  4.924  1.037
19.650  5.000  5.034  1.106
19.660  5.000  4.930  0.929
19.670  5.000  5.123  0.557
19.680  5.000  5.050  0.252
19.690  5.000  4.931  0.223
19.700  5.000  4.988  0.272
19.710  5.000  5.033  0.355
19.720  5.000  4.847  0.315
19.730  5.000  5.022  0.226
19.740  5.000  5.061  0.179
19.750  5.000  5.104  -0.021
19.760  5.000  4.902  -0.184
19.770  5.000  4.967  0.082
19.780  5.000  4.808  0.281
19.790  5.000  4.971  0.182
19.800  5.000  5.161  0.079
19.810  5.000  5.106  -0.035
19.820  5.000  4.953  -0.034
19.830  5.000  4.878  -0.151
19.840  5.000  4.963  -0.499
19.850  5.000  5.157  -0.851
19.860  5.000  4.996  -0.978
19.870  5.000  4.958  -0.946
19.880  5.000  5.049  -0.927
19.890  5.000  4.875  -0.806
19.900  5.000  5.106  -0.765
19.910  5.000  5.157  -0.910
19.920  5.000  4.979  -0.970
19.930  5.000  4.811  -1.023
19.940  5.000  4.904  -1.076
19.950  5.000  5.066  -1.111
19.960  5.000  5.187  -1.163
19.970  5.000  5.065  -1.143
19.980  5.000  5.025  -1.140
19.990  5.000  4.968  -1.137
20.000  5.000  4.948  -1.186
20.010  5.000  5.045  -1.390
20.020  5.000  4.965  -1.555
20.030  5.000  5.047  -1.559
20.040  5.000  5.018  -1.668
20.050  5.000  4.939  -1.924
20.060  5.000  5.029  -2.148
20.070  5.000  4.891  -2.261
20.080  5.000  4.883  -2.208
20.090  5.000  4.906  -2.228
20.100  5.000  5.108  -2.357
20.110  5.000  4.974  -2.615
20.120  5.000  5.091  -2.984
20.130  5.000  4.943  -3.180
20.140  5.000  4.980  -3.239
20.150  5.000  5.026  -3.115
20.160  5.000  5.028  -3.007
20.170  5.000  5.009  -3.078
20.180  5.000  4.956  -3.116
20.190  5.000  4.917  -3.032
20.200  5.000  5.007  -2.998
20.210  5.000  4.977  -2.980
20.220  5.000  4.959  -2.895
20.230  5.000  4.896  -2.718
20.240  5.000  5.057  -2.460
20.250  5.000  4.979  -2.300
20.260  5.000  5.178  -2.300
20.270  8.000  4.825  -2.253
20.280  11.000  5.161  -2.069
20.290  14.000  5.950  -0.891
20.300  17.000  8.566  1.447
20.310  20.001  12.079  4.921
20.320  23.000  15.391  10.154
20.330  26.001  19.127  17.454
20.340  29.000  24.117  25.749
20.350  32.000  27.770  33.828
20.360  35.000  30.831  41.278
20.370  35.000  32.198  48.307
20.380  35.000  32.362  55.303
20.390  35.000  34.189  61.425
20.400  35.000  33.723  67.398
20.410  35.000  34.353  73.398
20.420  35.000  34.394  79.216
20.430  35.000  35.063  85.046
20.440  35.000  34.758  90.661
20.450  35.000  35.027  96.208
20.460  35.000  35.484  101.712
20.470  35.000  35.771  107.257
20.480  35.000  35.547  112.645
20.490  35.000  35.047  117.781
20.500  35.000  35.064  122.834
20.510  35.000  35.161  128.067
20.520  35.000  34.967  133.282
20.530  35.000  35.655  137.960
20.540  35.000  35.039  142.700
20.550  35.000  35.182  147.627
20.560  35.000  34.599  152.633
20.570  35.000  35.333  157.479
20.580  35.000  35.940  161.826
20.590  35.000  34.607  166.111
20.600  35.000  35.593  170.378
20.610  35.000  34.365  174.634
20.620  35.000  35.761  178.752
20.630  35.000  35.171  182.679
20.640  35.000  35.553  186.778
20.650  35.000  35.658  190.807
20.660  35.000  35.850  194.496
20.670  35.000  34.935  198.039
20.680  35.000  35.145  201.565
20.690  35.000  34.992  205.104
20.700  35.000  35.362  208.625
20.710  35.000  35.412  212.135
20.720  35.000  35.646  215.600
20.730  35.000  35.527  218.953
20.740  35.000  34.796  222.200
20.750  35.000  34.721  225.214
20.760  35.000  34.563  227.901
20.770  35.000  34.250  230.521
20.780  35.000  34.644  233.353
20.790  35.000  35.176  236.352
20.800  35.000  35.261  239.470
20.810  35.000  36.095  242.447
20.820  35.000  35.966  245.380
20.830  35.000  35.262  248.632
20.840  35.000  35.938  251.401
20.850  35.000  35.838  253.407
20.860  35.000  34.643  255.393
20.870  35.000  34.879  257.421
20.880  35.000  34.738  259.269
20.890  35.000  34.511  261.167
20.900  35.000  34.966  263.254
20.910  35.000  34.691  265.530
20.920  35.000  35.551  267.681
20.930  35.000  35.560  269.705
20.940  35.000  34.880  271.517
20.950  35.000  35.468  273.033
20.960  35.000  35.300  274.772
20.970  35.000  35.335  276.552
20.980  35.000  35.816  277.939
20.990  35.000  35.224  279.012
21.000  35.000  34.533  280.221
21.010  35.000  35.279  281.392
21.020  35.000  34.912  282.271
21.030  35.000  34.853  283.174
21.040  35.000  34.797  284.270
21.050  35.000  35.229  285.372
21.060  35.000  34.834  286.562
21.070  35.000  35.109  288.036
21.080  35.000  34.810  289.336
21.090  35.000  35.678  290.253
21.100  35.000  35.484  291.027
21.110  35.000  34.999  291.981
21.120  35.000  34.814  292.839
21.130  35.000  35.239  293.462
21.140  35.000  35.100  294.080
21.150  35.000  35.348  294.725
21.160  35.000  35.193  295.332
21.170  35.000  35.020  295.742
21.180  35.000  35.062  295.902
21.190  35.000  34.826  295.885
21.200  35.000  34.999  295.958
21.210  35.000  34.798  296.009
21.220  35.000  34.976  296.134
21.230  35.000  34.656  296.521
21.240  35.000  35.291  296.952
21.250  35.000  35.298  297.505
21.260  35.000  35.356  297.843
21.270  5.000  34.818  297.828
21.280  5.000  33.699  297.582
21.290  5.000  31.202  296.083
21.300  5.000  26.661  291.482
21.310  5.000  21.979  284.697
21.320  5.000  17.790  277.034
21.330  5.000  15.187  269.519
21.340  5.000  13.136  263.263
21.350  5.000  12.192  257.065
21.360  5.000  11.142  250.678
21.370  5.000  10.724  244.476
21.380  5.000  10.145  238.391
21.390  5.000  9.933  232.839
21.400  5.000  9.608  227.455
21.410  5.000  9.343  221.987
21.420  5.000  9.046  216.622
21.430  5.000  8.877  211.330
21.440  5.000  8.624  206.039
21.450  5.000  8.426  200.940
21.460  5.000  8.234  196.204
21.470  5.000  8.095  191.406
21.480  5.000  7.803  186.713
21.490  5.000  7.679  182.082
21.500  5.000  7.539  177.076
21.510  5.000  7.361  171.953
21.520  5.000  7.186  167.139
21.530  5.000  7.024  162.184
21.540  5.000  6.821  157.183
21.550  5.000  6.661  152.325
21.560  5.000  6.517  147.576
21.570  5.000  6.278  143.431
21.580  5.000  6.226  139.632
21.590  5.000  6.067  135.304
21.600  5.000  5.949  130.956
21.610  5.000  5.800  126.609
21.620  5.000  5.619  122.339
21.630  5.000  5.451  118.489
21.640  5.000  5.387  114.422
21.650  5.000  5.189  110.408
21.660  5.000  5.053  106.331
21.670  5.000  4.898  102.149
21.680  5.000  4.760  98.404
21.690  5.000  4.637  94.617
21.700  5.000  4.535  90.929
21.710  5.000  4.414  87.676
21.720  5.000  4.339  84.383
21.730  5.000  4.279  81.068
21.740  5.000  4.269  77.966
21.750  5.000  4.302  74.838
21.760  5.000  4.310  71.759
21.770  5.000  4.295  68.789
21.780  5.000  4.245  65.805
21.790  5.000  4.204  63.035
21.800  5.000  4.229  60.414
21.810  5.000  4.191  57.860
21.820  5.000  4.295  55.328
21.830  5.000  4.264  52.915
21.840  5.000  4.282  50.355
21.850  5.000  4.300  47.694
21.860  5.000  4.179  45.271
21.870  5.000  4.177  43.051
21.880  5.000  4.206  40.982
21.890  5.000  4.398  39.146
21.900  5.000  4.649  37.524
21.910  5.000  4.789  35.920
21.920  5.000  4.981  34.353
21.930  5.000  5.062  32.745
21.940  5.000  5.087  31.129
21.950  5.000  4.934  29.443
21.960  5.000  4.778  27.777
21.970  5.000  4.848  26.361
21.980  5.000  4.814  25.013
21.990  5.000  4.781  23.516
22.000  5.000  4.787  22.140
22.010  5.000  4.761  20.981
22.020  5.000  4.758  19.588
22.030  5.000  4.750  18.298
22.040  5.000  4.709  17.013
22.050  5.000  4.501  15.800
22.060  5.000  4.464  14.839
22.070  5.000  4.447  13.946
22.080  5.000  4.494  13.083
22.090  5.000  4.714  12.426
22.100  5.000  4.945  11.919
22.110  5.000  5.095  11.271
22.120  5.000  5.124  10.558
22.130  5.000  5.027  9.848
22.140  5.000  4.845  9.377
22.150  5.000  4.892  8.942
22.160  5.000  4.950  8.444
22.170  5.000  4.991  7.958
22.180  5.000  5.168  7.468
22.190  5.000  4.948  6.887
22.200  5.000  4.924  6.277
22.210  5.000  4.867  5.791
22.220  5.000  4.896  5.548
22.230  5.000  5.067  5.321
22.240  5.000  4.945  4.996
22.250  5.000  4.847  4.617
22.260  5.000  4.853  4.319
22.270  5.000  4.949  4.026
22.280  5.000  5.065  3.815
22.290  5.000  4.893  3.687
22.300  5.000  5.088  3.391
22.310  5.000  4.875  3.285
22.320  5.000  4.856  3.136
22.330  5.000  5.031  2.894
22.340  5.000  5.058  2.845
22.350  5.000  5.055  2.817
22.360  5.000  4.852  2.609
22.370  5.000  4.861  2.479
22.380  5.000  5.107  2.280
22.390  5.000  5.111  2.043
22.400  5.000  4.917  1.916
22.410  5.000  5.003  1.702
22.420  5.000  5.054  1.523
22.430  5.000  4.956  1.486
22.440  5.000  5.177  1.511
22.450  5.000  4.991  1.302
22.460  5.000  4.902  1.140
22.470  5.000  4.908  1.199
22.480  5.000  5.078  1.262
22.490  5.000  5.013  1.157
22.500  5.000  4.932  1.253
22.510  5.000  5.033  1.331
22.520  5.000  5.066  1.032
22.530  5.000  4.939  0.669
22.540  5.000  5.055  0.377
22.550  5.000  4.968  0.238
22.560  5.000  5.044  0.049
22.570  5.000  4.967  -0.124
22.580  5.000  4.914  -0.076
22.590  5.000  5.012  -0.101
22.600  5.000  5.014  -0.069
22.610  5.000  4.935  -0.017
22.620  5.000  4.914  -0.022
22.630  5.000  5.148  -0.112
22.640  5.000  4.933  -0.427
22.650  5.000  4.956  -0.693
22.660  5.000  4.804  -0.867
22.670  5.000  4.979  -0.957
22.680  5.000  5.090  -1.058
22.690  5.000  5.049  -1.187
22.700  5.000  4.782  -1.342
22.710  5.000  4.951  -1.375
22.720  5.000  5.026  -1.352
22.730  5.000  5.071  -1.360
22.740  5.000  5.002  -1.374
22.750  5.000  4.950  -1.392
22.760  5.000  4.927  -1.176
22.770  5.000  4.946  -0.854
22.780  5.000  5.084  -0.858
22.790  5.000  5.131  -1.000
22.800  5.000  5.046  -0.948
22.810  5.000  5.037  -0.884
22.820  5.000  4.986  -0.823
22.830  5.000  4.935  -0.764
22.840  5.000  5.163  -0.793
22.850  5.000  5.083  -0.837
22.860  5.000  5.008  -0.864
22.870  5.000  5.001  -0.920
22.880  5.000  4.863  -0.827
22.890  5.000  5.138  -0.690
22.900  5.000  5.071  -0.740
22.910  5.000  5.152  -0.791
22.920  5.000  4.677  -0.771
22.930  5.000  4.900  -0.815
22.940  5.000  5.157  -1.092
22.950  5.000  5.069  -1.285
22.960  5.000  4.984  -1.272
22.970  5.000  4.957  -1.399
22.980  5.000  4.977  -1.444
22.990  5.000  4.946  -1.447
23.000  5.000  5.146  -1.622
23.010  5.000  5.083  -1.891
23.020  5.000  5.037  -2.011
23.030  5.000  4.863  -1.946
23.040  5.000  4.880  -1.923
23.050  5.000  5.195  -2.070
23.060  5.000  5.047  -2.273
23.070  5.000  4.996  -2.444
23.080  5.000  4.975  -2.486
23.090  5.000  4.875  -2.399
23.100  5.000  4.779  -2.419
23.110  5.000  5.152  -2.502
23.120  5.000  5.031  -2.709
23.130  5.000  4.969  -2.832
23.140  5.000  4.912  -2.743
23.150  5.000  4.935  -2.739
23.160  5.000  5.005  -3.015
23.170  5.000  5.130  -3.296
23.180  5.000  5.085  -3.420
23.190  5.000  5.027  -3.584
23.200  5.000  5.091  -3.728
23.210  5.000  4.773  -3.752
23.220  5.000  4.988  -3.723
23.230  5.000  5.006  -3.715
23.240  5.000  4.938  -3.858
23.250  5.000  4.973  -4.034
23.260  5.000  4.995  -4.160
23.270  5.000  4.880  -4.027
23.280  8.000  4.969  -3.882
23.290  11.000  5.181  -3.744
23.300  14.000  6.304  -2.755
23.310  17.000  8.555  -0.655
23.320  20.000  12.137  2.824
23.330  23.000  15.474  8.205
23.340  26.000  19.796  15.174
23.350  29.000  24.502  22.955
23.360  32.000  27.174  31.557
23.370  35.000  30.208  39.665
23.380  35.000  32.095  46.680
23.390  35.000  32.685  53.339
23.400  35.000  33.462  59.749
23.410  35.000  33.315  66.256
23.420  35.000  34.179  72.520
23.430  35.000  34.274  78.434
23.440  35.000  35.032  83.977
23.450  35.000  35.350  89.107
23.460  35.000  35.533  94.457
23.470  35.000  35.024  100.106
23.480  35.000  34.561  106.092
23.490  35.000  35.829  111.821
23.500  35.000  35.091  116.791
23.510  35.000  35.204  121.672
23.520  35.000  35.864  126.474
23.530  35.000  34.756  131.191
23.540  35.000  35.124  136.116
23.550  35.000  35.079  141.030
23.560  35.000  35.862  145.484
23.570  35.000  34.529  150.049
23.580  35.000  35.451  154.624
23.590  35.000  35.342  158.967
23.600  35.000  35.229  163.607
23.610  35.000  35.020  168.141
23.620  35.000  35.560  172.481
23.630  35.000  35.507  176.606
23.640  35.000  35.294  180.382
23.650  35.000  34.966  184.207
23.660  35.000  34.975  188.085
23.670  35.000  35.089  191.734
23.680  35.000  34.961  195.404
23.690  35.000  35.467  199.005
23.700  35.000  34.905  202.588
23.710  35.000  35.569  206.132
23.720  35.000  35.077  209.357
23.730  35.000  35.484  212.621
23.740  35.000  35.106  215.994
23.750  35.000  34.648  219.379
23.760  35.000  35.471  222.572
23.770  35.000  35.694  225.612
23.780  35.000  35.369  228.812
23.790  35.000  35.586  231.913
23.800  35.000  35.236  234.715
23.810  35.000  35.211  237.242
23.820  35.000  34.918  239.771
23.830  35.000  35.052  242.437
23.840  35.000  34.228  245.275
23.850  35.000  35.036  248.122
23.860  35.000  34.948  250.706
23.870  35.000  35.249  253.206
23.880  35.000  35.378  255.629
23.890  35.000  35.588  257.845
23.900  35.000  35.648  260.047
23.910  35.000  35.514  262.039
23.920  35.000  35.249  263.615
23.930  35.000  35.501  265.086
23.940  35.000  34.946  266.623
23.950  35.000  34.524  268.419
23.960  35.000  34.885  270.314
23.970  35.000  35.723  272.037
23.980  35.000  35.003  273.880
23.990  35.000  34.890  275.883
24.000  35.000  34.816  277.861
24.010  35.000  35.194  279.796
24.020  35.000  35.669  281.568
24.030  35.000  35.107  283.252
24.040  35.000  35.271  284.552
24.050  35.000  34.926  285.450
24.060  35.000  35.140  286.163
24.070  35.000  35.357  286.851
24.080  35.000  34.556  287.808
24.090  35.000  35.065  288.784
24.100  35.000  34.915  289.659
24.110  35.000  35.205  290.493
24.120  35.000  35.349  291.276
24.130  35.000  35.467  292.084
24.140  35.000  35.084  292.803
24.150  35.000  34.554  293.550
24.160  35.000  35.072  294.391
24.170  35.000  34.947  295.224
24.180  35.000  34.831  296.172
24.190  35.000  35.166  297.025
24.200  35.000  35.387  297.600
24.210  35.000  35.268  297.966
24.220  35.000  35.242  298.218
24.230  35.000  34.834  298.480
24.240  35.000  34.887  298.630
24.250  35.000  34.807  298.690
24.260  35.000  35.279  298.730
24.270  35.000  35.312  298.969
24.280  5.000  34.702  299.432
24.290  5.000  33.434  299.430
24.300  5.000  31.179  297.918
24.310  5.000  26.142  293.384
24.320  5.000  21.959  286.743
24.330  5.000  17.741  279.860
24.340  5.000  15.368  272.667
24.350  5.000  13.148  265.556
24.360  5.000  12.140  259.287
24.370  5.000  11.223  253.207
24.380  5.000  10.684  247.327
24.390  5.000  10.223  241.701
24.400  5.000  9.874  235.891
24.410  5.000  9.537  230.624
24.420  5.000  9.230  225.339
24.430  5.000  9.028  219.986
24.440  5.000  8.798  214.766
24.450  5.000  8.634  209.200
24.460  5.000  8.380  204.118
24.470  5.000  8.197  199.070
24.480  5.000  8.041  193.590
24.490  5.000  7.862  188.628
24.500  5.000  7.649  184.068
24.510  5.000  7.478  179.152
24.520  5.000  7.304  174.188
24.530  5.000  7.146  169.383
24.540  5.000  6.985  164.373
24.550  5.000  6.806  159.429
24.560  5.000  6.657  154.683
24.570  5.000  6.501  149.955
24.580  5.000  6.382  145.052
24.590  5.000  6.218  140.401
24.600  5.000  6.031  135.896
24.610  5.000  5.858  131.231
24.620  5.000  5.750  126.986
24.630  5.000  5.602  123.028
24.640  5.000  5.512  118.827
24.650  5.000  5.375  114.751
24.660  5.000  5.135  110.616
24.670  5.000  5.047  106.488
24.680  5.000  4.901  102.580
24.690  5.000  4.793  98.728
24.700  5.000  4.642  95.126
24.710  5.000  4.528  91.629
24.720  5.000  4.440  88.142
24.730  5.000  4.367  84.725
24.740  5.000  4.307  81.502
24.750  5.000  4.257  78.271
24.760  5.000  4.232  75.172
24.770  5.000  4.261  72.177
24.780  5.000  4.212  69.081
24.790  5.000  4.224  66.132
24.800  5.000  4.206  63.165
24.810  5.000  4.204  60.272
24.820  5.000  4.204  57.715
24.830  5.000  4.241  55.238
24.840  5.000  4.197  52.886
24.850  5.000  4.219  50.522
24.860  5.000  4.248  47.870
24.870  5.000  4.168  45.428
24.880  5.000  4.208  43.226
24.890  5.000  4.274  41.117
24.900  5.000  4.486  39.344
24.910  5.000  4.739  37.780
24.920  5.000  5.007  36.168
24.930  5.000  4.928  34.497
24.940  5.000  4.951  32.839
24.950  5.000  4.895  31.326
24.960  5.000  4.892  29.880
24.970  5.000  5.033  28.282
24.980  5.000  4.895  26.731
24.990  5.000  4.740  25.406
25.000  5.000  4.678  24.066
25.010  5.000  4.820  22.569
25.020  5.000  4.754  21.236
25.030  5.000  4.640  20.105
25.040  5.000  4.751  18.765
25.050  5.000  4.545  17.384
25.060  5.000  4.441  16.200
25.070  5.000  4.506  14.966
25.080  5.000  4.547  13.940
25.090  5.000  4.690  13.237
25.100  5.000  4.911  12.715
25.110  5.000  5.111  12.187
25.120  5.000  5.065  11.426
25.130  5.000  4.994  10.556
25.140  5.000  4.807  10.160
25.150  5.000  4.865  9.864
25.160  5.000  4.867  9.344
25.170  5.000  4.975  8.915
25.180  5.000  5.066  8.354
25.190  5.000  4.986  7.843
25.200  5.000  4.886  7.414
25.210  5.000  5.030  6.984
25.220  5.000  4.829  6.751
25.230  5.000  4.971  6.438
25.240  5.000  4.893  5.963
25.250  5.000  5.064  5.505
25.260  5.000  5.061  5.152
25.270  5.000  5.026  4.937
25.280  5.000  4.965  4.576
25.290  5.000  4.881  4.202
25.300  5.000  4.908  3.932
25.310  5.000  5.064  3.554
25.320  5.000  5.023  3.163
25.330  5.000  4.840  2.896
25.340  5.000  4.999  2.721
25.350  5.000  4.955  2.614
25.360  5.000  5.020  2.539
25.370  5.000  4.894  2.404
25.380  5.000  4.954  2.270
25.390  5.000  4.997  2.072
25.400  5.000  4.911  1.918
25.410  5.000  4.983  1.962
25.420  5.000  5.024  1.923
25.430  5.000  4.905  1.844
25.440  5.000  5.069  1.828
25.450  5.000  5.049  1.868
25.460  5.000  5.031  1.899
25.470  5.000  5.069  1.737
25.480  5.000  4.994  1.559
25.490  5.000  4.824  1.694
25.500  5.000  4.933  1.879
25.510  5.000  5.133  1.814
25.520  5.000  5.030  1.740
25.530  5.000  4.916  1.785
25.540  5.000  4.796  1.864
25.550  5.000  4.870  1.961
25.560  5.000  5.114  2.022
25.570  5.000  5.155  1.999
25.580  5.000  5.099  2.038
25.590  5.000  5.074  2.060
25.600  5.000  4.976  2.006
25.610  5.000  5.029  2.095
25.620  5.000  4.946  2.277
25.630  5.000  4.891  2.417
25.640  5.000  5.011  2.457
25.650  5.000  5.013  2.510
25.660  5.000  5.133  2.524
25.670  5.000  4.805  2.685
25.680  5.000  4.833  2.895
25.690  5.000  5.065  2.796
25.700  5.000  5.230  2.576
25.710  5.000  4.961  2.460
25.720  5.000  4.868  2.510
25.730  5.000  5.106  2.585
25.740  5.000  5.091  2.591
25.750  5.000  5.074  2.591
25.760  5.000  5.028  2.487
25.770  5.000  5.004  2.161
25.780  5.000  4.982  1.837
25.790  5.000  5.085  1.569
25.800  5.000  5.090  1.398
25.810  5.000  5.037  1.278
25.820  5.000  4.961  1.034
25.830  5.000  5.045  0.787
25.840  5.000  5.047  0.576
25.850  5.000  4.907  0.326
25.860  5.000  4.958  0.099
25.870  5.000  5.048  -0.149
25.880  5.000  4.961  -0.419
25.890  5.000  4.869  -0.555
25.900  5.000  4.811  -0.575
25.910  5.000  4.854  -0.692
25.920  5.000  5.088  -0.792
25.930  5.000  5.065  -0.771
25.940  5.000  4.965  -0.735
25.950  5.000  4.975  -0.833
25.960  5.000  4.847  -1.016
25.970  5.000  4.858  -0.970
25.980  5.000  5.110  -0.935
25.990  5.000  4.926  -0.868
26.000  5.000  5.118  -0.669
26.010  5.000  4.953  -0.458
26.020  5.000  4.882  -0.134
26.030  5.000  5.067  0.061
26.040  5.000  5.114  0.052
26.050  5.000  5.054  0.100
26.060  5.000  4.953  0.170
26.070  5.000  4.984  0.183
26.080  5.000  5.038  0.162
26.090  5.000  4.949  0.203
26.100  5.000  4.940  0.414
26.110  5.000  4.997  0.656
26.120  5.000  4.990  0.897
26.130  5.000  5.148  0.944
26.140  5.000  5.064  0.946
26.150  5.000  4.997  1.181
26.160  5.000  4.944  1.281
26.170  5.000  5.085  1.208
26.180  5.000  4.953  1.105
26.190  5.000  5.214  0.933
26.200  5.000  4.903  0.941
26.210  5.000  4.863  1.228
26.220  5.000  4.933  1.412
26.230  5.000  5.126  1.402
26.240  5.000  5.123  1.355
26.250  5.000  5.000  1.300
26.260  5.000  5.052  1.283
26.270  5.000  4.950  1.331
26.280  5.000  4.825  1.492
26.290  8.001  5.180  1.561
26.300  11.000  5.328  1.714
26.310  14.000  5.970  2.812
26.320  17.000  8.889  4.972
26.330  20.001  12.142  8.363
26.340  23.000  15.181  13.527
26.350  26.000  19.439  20.335
26.360  29.000  23.967  28.240
26.370  32.000  27.593  36.617
26.380  35.000  30.028  44.678
26.390  35.000  31.744  51.998
26.400  35.000  32.381  58.815
26.410  35.000  34.347  65.006
26.420  35.000  33.995  71.190
26.430  35.000  34.347  77.400
26.440  35.000  34.651  83.158
26.450  35.000  34.319  89.326
26.460  35.000  34.668  95.455
26.470  35.000  35.227  101.052
26.480  35.000  35.453  106.467
26.490  35.000  35.228  112.171
26.500  35.000  34.918  118.263
26.510  35.000  35.394  124.015
26.520  35.000  36.127  128.924
26.530  35.000  35.531  133.360
26.540  35.000  34.784  138.284
26.550  35.000  35.321  143.428
26.560  35.000  34.009  148.611
26.570  35.000  35.494  153.604
26.580  35.000  34.977  158.180
26.590  35.000  35.800  162.649
26.600  35.000  35.324  167.130
26.610  35.000  34.686  171.787
26.620  35.000  36.295  176.028
26.630  35.000  34.981  179.944
26.640  35.000  35.405  183.889
