# covent_pc_1
# Captured 2020-06-21 01:08:52.207870 by unknown user
# Built at revision 3df8cc3 (dirty)
time(sec)  pc_setpoint  pressure  volume
0.000  5.000  4.836  59.801
0.010  5.000  4.809  56.321
0.020  5.000  4.728  52.635
0.030  5.000  4.706  49.082
0.040  5.000  4.703  45.783
0.050  5.000  4.576  42.525
0.060  5.000  4.495  39.370
0.070  5.000  4.440  35.751
0.080  5.000  4.444  32.036
0.090  5.000  4.406  28.708
0.100  5.000  4.382  25.521
0.110  5.000  4.334  22.500
0.120  5.000  4.315  19.337
0.130  5.000  4.314  16.207
0.140  5.000  4.318  13.311
0.150  5.000  4.240  10.066
0.160  5.000  4.226  6.908
0.170  5.000  4.149  4.097
0.180  5.000  4.140  1.295
0.190  5.000  4.149  -1.857
0.200  5.000  4.170  -4.982
0.210  5.000  4.125  -7.729
0.220  5.000  4.086  -10.397
0.230  5.000  4.083  -12.788
0.240  5.000  4.021  -15.322
0.250  5.000  4.019  -17.906
0.260  5.000  4.035  -20.380
0.270  5.000  4.064  -22.730
0.280  5.000  3.990  -25.000
0.290  5.000  4.008  -27.173
0.300  5.000  3.913  -29.180
0.310  5.000  3.872  -31.223
0.320  5.000  3.828  -33.427
0.330  5.000  3.849  -35.627
0.340  5.000  3.859  -37.619
0.350  5.000  3.985  -39.407
0.360  5.000  3.984  -41.128
0.370  5.000  4.028  -42.783
0.380  5.000  3.979  -44.214
0.390  5.000  4.153  -45.507
0.400  5.000  4.265  -46.518
0.410  5.000  4.150  -47.173
0.420  5.000  4.035  -47.762
0.430  5.000  4.024  -48.423
0.440  5.000  3.973  -49.026
0.450  5.000  4.122  -49.638
0.460  5.000  3.989  -50.210
0.470  5.000  4.078  -50.759
0.480  5.000  4.159  -51.154
0.490  5.000  4.288  -51.219
0.500  5.000  4.174  -51.077
0.510  5.000  4.232  -50.704
0.520  5.000  4.327  -50.268
0.530  5.000  4.422  -49.855
0.540  5.000  4.415  -49.146
0.550  5.000  4.423  -48.336
0.560  5.000  4.279  -47.373
0.570  5.000  4.333  -46.243
0.580  5.000  4.417  -45.075
0.590  5.000  4.371  -43.729
0.600  5.000  4.461  -42.627
0.610  5.000  4.585  -41.741
0.620  5.000  4.482  -40.765
0.630  5.000  4.375  -39.640
0.640  5.000  4.665  -38.482
0.650  5.000  4.917  -37.330
0.660  5.000  4.669  -35.961
0.670  5.000  4.604  -34.452
0.680  5.000  4.712  -32.840
0.690  5.000  5.028  -31.180
0.700  5.000  5.031  -29.615
0.710  5.000  5.049  -28.297
0.720  5.000  4.885  -26.812
0.730  5.000  4.947  -24.959
0.740  5.000  4.916  -23.005
0.750  5.000  4.990  -21.158
0.760  5.000  5.079  -19.562
0.770  5.000  5.005  -18.117
0.780  5.000  5.087  -16.650
0.790  5.000  5.321  -15.098
0.800  5.000  5.105  -13.440
0.810  5.000  5.273  -11.696
0.820  5.000  5.145  -10.046
0.830  5.000  5.379  -8.566
0.840  5.000  5.284  -7.284
0.850  5.000  5.029  -6.069
0.860  5.000  5.281  -4.916
0.870  5.000  5.358  -3.780
0.880  5.000  5.294  -2.560
0.890  5.000  5.180  -1.382
0.900  5.000  5.312  -0.225
0.910  5.000  5.342  0.840
0.920  5.000  5.232  1.972
0.930  5.000  5.354  3.022
0.940  5.000  5.250  3.979
0.950  5.000  5.380  4.897
0.960  5.000  5.347  5.644
0.970  5.000  5.428  6.394
0.980  5.000  5.456  7.077
0.990  5.000  5.408  7.726
1.000  5.000  5.323  8.391
1.010  5.000  5.463  9.090
1.020  5.000  5.388  9.808
1.030  5.000  5.564  10.454
1.040  5.000  5.444  10.957
1.050  6.000  5.341  11.370
1.060  7.000  5.292  11.832
1.070  8.000  5.584  12.275
1.080  9.000  5.936  12.678
1.090  10.000  5.894  13.452
1.100  11.000  6.743  15.027
1.110  12.000  7.484  17.413
1.120  13.000  7.722  20.365
1.130  14.000  8.031  24.134
1.140  15.000  9.561  29.091
1.150  15.000  9.903  35.628
1.160  15.000  10.837  43.570
1.170  15.000  12.125  52.079
1.180  15.000  12.902  60.462
1.190  15.000  13.767  69.100
1.200  15.000  13.202  79.089
1.210  15.000  14.379  89.745
1.220  15.000  14.439  100.270
1.230  15.000  14.578  112.807
1.240  15.000  14.916  125.361
1.250  15.000  16.282  135.397
1.260  15.000  15.669  145.311
1.270  15.000  15.532  155.349
1.280  15.000  15.843  164.877
1.290  15.000  15.602  174.387
1.300  15.000  15.836  184.003
1.310  15.000  15.471  193.887
1.320  15.000  15.206  203.981
1.330  15.000  15.796  213.949
1.340  15.000  16.674  223.097
1.350  15.000  15.410  232.217
1.360  15.000  15.776  241.789
1.370  15.000  16.384  250.665
1.380  15.000  16.229  259.075
1.390  15.000  16.500  267.080
1.400  15.000  16.009  275.401
1.410  15.000  16.305  284.142
1.420  15.000  15.467  292.466
1.430  15.000  15.697  300.153
1.440  15.000  15.391  307.648
1.450  15.000  15.055  315.000
1.460  15.000  14.983  321.785
1.470  15.000  15.293  328.432
1.480  15.000  15.690  334.865
1.490  15.000  15.762  341.338
1.500  15.000  15.626  348.369
1.510  15.000  15.359  355.260
1.520  15.000  15.608  361.368
1.530  15.000  15.109  367.114
1.540  15.000  15.222  373.047
1.550  15.000  15.663  378.951
1.560  15.000  15.902  384.422
1.570  15.000  15.540  389.866
1.580  15.000  15.331  395.349
1.590  15.000  15.435  400.320
1.600  15.000  15.164  405.217
1.610  15.000  15.407  410.168
1.620  15.000  15.725  414.932
1.630  15.000  15.679  419.619
1.640  15.000  14.608  424.433
1.650  15.000  15.499  429.005
1.660  15.000  15.407  433.138
1.670  15.000  15.598  437.157
1.680  15.000  15.840  441.157
1.690  15.000  15.889  445.236
1.700  15.000  15.410  449.251
1.710  15.000  15.633  452.962
1.720  15.000  15.359  456.463
1.730  15.000  15.349  459.856
1.740  15.000  15.402  463.088
1.750  15.000  15.568  466.024
1.760  15.000  15.595  468.560
1.770  15.000  15.506  470.952
1.780  15.000  15.556  473.298
1.790  15.000  15.708  475.665
1.800  15.000  15.800  477.909
1.810  15.000  15.320  480.113
1.820  15.000  15.622  482.289
1.830  15.000  15.710  484.327
1.840  15.000  15.667  486.404
1.850  15.000  15.389  488.411
1.860  15.000  15.359  490.330
1.870  15.000  15.236  492.166
1.880  15.000  15.563  493.757
1.890  15.000  15.838  495.062
1.900  15.000  15.472  496.082
1.910  15.000  15.516  496.959
1.920  15.000  15.508  497.839
1.930  15.000  15.799  498.632
1.940  15.000  15.557  499.375
1.950  15.000  15.782  500.022
1.960  15.000  15.484  500.501
1.970  15.000  15.449  500.993
1.980  15.000  15.625  501.377
1.990  15.000  15.433  501.643
2.000  15.000  15.472  501.962
2.010  15.000  15.374  502.293
2.020  15.000  15.279  502.625
2.030  15.000  15.422  502.703
2.040  15.000  15.451  502.488
2.050  5.000  15.106  502.158
2.060  5.000  14.714  501.335
2.070  5.000  13.184  499.384
2.080  5.000  11.315  496.672
2.090  5.000  11.462  492.072
2.100  5.000  11.573  486.588
2.110  5.000  11.594  481.542
2.120  5.000  11.463  475.617
2.130  5.000  11.237  469.820
2.140  5.000  11.102  464.261
2.150  5.000  11.055  458.271
2.160  5.000  11.204  451.979
2.170  5.000  10.946  446.023
2.180  5.000  11.019  440.024
2.190  5.000  10.817  434.197
2.200  5.000  10.609  428.520
2.210  5.000  10.526  422.237
2.220  5.000  10.347  415.968
2.230  5.000  10.260  409.947
2.240  5.000  10.327  404.359
2.250  5.000  10.094  398.810
2.260  5.000  10.166  393.401
2.270  5.000  10.000  388.055
2.280  5.000  9.939  382.602
2.290  5.000  9.812  377.392
2.300  5.000  9.608  372.347
2.310  5.000  9.604  366.949
2.320  5.000  9.450  361.640
2.330  5.000  9.410  356.683
2.340  5.000  9.297  351.714
2.350  5.000  9.240  346.484
2.360  5.000  9.194  341.252
2.370  5.000  9.017  336.509
2.380  5.000  9.029  331.585
2.390  5.000  8.933  326.671
2.400  5.000  8.907  321.406
2.410  5.000  8.828  315.999
2.420  5.000  8.849  310.749
2.430  5.000  8.789  305.071
2.440  5.000  8.660  299.862
2.450  5.000  8.463  294.963
2.460  5.000  8.364  290.104
2.470  5.000  8.297  285.198
2.480  5.000  8.228  280.236
2.490  5.000  8.154  275.173
2.500  5.000  8.040  270.101
2.510  5.000  7.949  265.446
2.520  5.000  7.956  260.241
2.530  5.000  7.985  255.198
2.540  5.000  7.856  250.650
2.550  5.000  7.784  245.690
2.560  5.000  7.694  240.399
2.570  5.000  7.614  235.536
2.580  5.000  7.579  231.107
2.590  5.000  7.456  226.323
2.600  5.000  7.376  221.504
2.610  5.000  7.296  217.132
2.620  5.000  7.165  212.467
2.630  5.000  7.219  207.224
2.640  5.000  7.106  202.371
2.650  5.000  7.090  197.628
2.660  5.000  6.948  192.839
2.670  5.000  6.856  188.477
2.680  5.000  6.832  184.190
2.690  5.000  6.764  179.869
2.700  5.000  6.641  175.208
2.710  5.000  6.650  170.267
2.720  5.000  6.545  165.707
2.730  5.000  6.428  161.050
2.740  5.000  6.409  156.492
2.750  5.000  6.327  152.470
2.760  5.000  6.248  148.506
2.770  5.000  6.210  144.436
2.780  5.000  6.169  140.389
2.790  5.000  6.062  136.371
2.800  5.000  6.108  132.241
2.810  5.000  5.982  127.875
2.820  5.000  5.929  123.618
2.830  5.000  5.850  119.754
2.840  5.000  5.771  115.792
2.850  5.000  5.730  111.921
2.860  5.000  5.616  107.866
2.870  5.000  5.563  103.484
2.880  5.000  5.616  99.080
2.890  5.000  5.476  94.567
2.900  5.000  5.466  90.082
2.910  5.000  5.401  85.954
2.920  5.000  5.290  82.100
2.930  5.000  5.219  78.315
2.940  5.000  5.179  74.664
2.950  5.000  5.091  71.180
2.960  5.000  5.106  67.466
2.970  5.000  5.044  63.641
2.980  5.000  4.964  59.819
2.990  5.000  4.957  55.947
3.000  5.000  4.862  52.341
3.010  5.000  4.882  48.511
3.020  5.000  4.781  44.701
3.030  5.000  4.769  40.986
3.040  5.000  4.678  37.272
3.050  5.000  4.587  33.726
3.060  5.000  4.619  29.848
3.070  5.000  4.519  26.074
3.080  5.000  4.461  22.483
3.090  5.000  4.418  18.938
3.100  5.000  4.423  15.521
3.110  5.000  4.398  12.201
3.120  5.000  4.362  8.981
3.130  5.000  4.322  5.685
3.140  5.000  4.293  2.475
3.150  5.000  4.265  -0.933
3.160  5.000  4.256  -4.411
3.170  5.000  4.225  -7.633
3.180  5.000  4.132  -10.727
3.190  5.000  4.125  -13.733
3.200  5.000  4.135  -16.607
3.210  5.000  4.121  -19.592
3.220  5.000  4.097  -22.775
3.230  5.000  4.076  -25.744
3.240  5.000  4.055  -28.415
3.250  5.000  4.004  -30.951
3.260  5.000  3.992  -33.337
3.270  5.000  3.967  -35.707
3.280  5.000  3.979  -38.035
3.290  5.000  3.978  -40.372
3.300  5.000  3.944  -42.624
3.310  5.000  3.878  -45.013
3.320  5.000  3.876  -47.488
3.330  5.000  3.845  -49.696
3.340  5.000  3.842  -51.906
3.350  5.000  3.858  -53.971
3.360  5.000  3.997  -55.900
3.370  5.000  4.018  -57.681
3.380  5.000  4.126  -59.143
3.390  5.000  4.159  -60.423
3.400  5.000  4.146  -61.519
3.410  5.000  4.343  -62.711
3.420  5.000  4.267  -63.794
3.430  5.000  4.073  -64.792
3.440  5.000  3.957  -65.708
3.450  5.000  3.992  -66.362
3.460  5.000  3.969  -67.047
3.470  5.000  4.063  -67.739
3.480  5.000  4.040  -68.276
3.490  5.000  4.192  -68.561
3.500  5.000  4.297  -68.796
3.510  5.000  4.249  -68.924
3.520  5.000  4.214  -68.843
3.530  5.000  4.219  -68.578
3.540  5.000  4.289  -68.022
3.550  5.000  4.354  -67.086
3.560  5.000  4.264  -66.084
3.570  5.000  4.319  -65.114
3.580  5.000  4.119  -63.907
3.590  5.000  4.227  -62.460
3.600  5.000  4.416  -61.139
3.610  5.000  4.417  -60.153
3.620  5.000  4.543  -59.078
3.630  5.000  4.475  -57.847
3.640  5.000  4.716  -56.642
3.650  5.000  4.729  -55.305
3.660  5.000  4.984  -53.960
3.670  5.000  4.825  -52.632
3.680  5.000  4.685  -51.088
3.690  5.000  4.786  -49.375
3.700  5.000  5.020  -47.837
3.710  5.000  4.957  -46.424
3.720  5.000  4.756  -44.753
3.730  5.000  4.846  -42.894
3.740  5.000  5.099  -41.065
3.750  5.000  5.021  -39.271
3.760  5.000  4.999  -37.541
3.770  5.000  5.269  -35.843
3.780  5.000  5.199  -34.284
3.790  5.000  4.935  -32.705
3.800  5.000  5.079  -31.113
3.810  5.000  5.204  -29.681
3.820  5.000  5.157  -28.176
3.830  5.000  5.362  -26.789
3.840  5.000  5.230  -25.531
3.850  5.000  5.143  -24.186
3.860  5.000  5.319  -23.214
3.870  5.000  5.190  -22.283
3.880  5.000  5.172  -21.298
3.890  5.000  5.434  -20.542
3.900  5.000  5.414  -19.821
3.910  5.000  5.153  -19.062
3.920  5.000  5.346  -18.290
3.930  5.000  5.321  -17.433
3.940  5.000  5.441  -16.391
3.950  5.000  5.238  -15.450
3.960  5.000  5.618  -14.727
3.970  5.000  5.469  -14.066
3.980  5.000  5.430  -13.372
3.990  5.000  5.340  -12.707
4.000  5.000  5.481  -11.949
4.010  5.000  5.359  -11.181
4.020  5.000  5.245  -10.510
4.030  5.000  5.476  -10.016
4.040  5.000  5.408  -9.749
4.050  5.000  5.393  -9.614
4.060  6.000  5.269  -9.267
4.070  7.000  5.544  -8.794
4.080  8.000  5.802  -8.336
4.090  9.000  5.798  -7.715
4.100  10.000  5.813  -6.863
4.110  11.000  6.517  -5.348
4.120  12.000  7.369  -3.114
4.130  13.000  7.629  -0.181
4.140  14.000  8.060  3.768
4.150  15.000  10.061  8.714
4.160  15.000  10.112  14.979
4.170  15.000  11.468  22.350
4.180  15.000  12.368  30.326
4.190  15.000  12.461  39.332
4.200  15.000  13.596  49.186
4.210  15.000  13.177  59.609
4.220  15.000  14.250  70.175
4.230  15.000  14.213  81.036
4.240  15.000  14.786  92.403
4.250  15.000  15.595  102.999
4.260  15.000  15.172  113.195
4.270  15.000  15.281  124.109
4.280  15.000  16.164  134.471
4.290  15.000  15.265  144.269
4.300  15.000  15.918  154.455
4.310  15.000  15.451  165.741
4.320  15.000  15.655  176.894
4.330  15.000  16.063  186.925
4.340  15.000  15.526  196.752
4.350  15.000  15.800  206.142
4.360  15.000  15.513  215.824
4.370  15.000  16.418  225.125
4.380  15.000  16.706  233.803
4.390  15.000  16.161  242.747
4.400  15.000  16.402  251.437
4.410  15.000  16.127  260.000
4.420  15.000  15.856  268.359
4.430  15.000  15.829  276.334
4.440  15.000  15.153  284.561
4.450  15.000  14.784  292.298
4.460  15.000  14.687  299.603
4.470  15.000  15.159  306.826
4.480  15.000  15.846  313.725
4.490  15.000  15.780  320.614
4.500  15.000  15.993  327.303
4.510  15.000  15.193  333.960
4.520  15.000  15.557  340.746
4.530  15.000  14.946  347.514
4.540  15.000  15.687  353.992
4.550  15.000  14.998  360.357
4.560  15.000  15.446  366.440
4.570  15.000  15.577  372.169
4.580  15.000  15.469  378.063
4.590  15.000  15.509  383.955
4.600  15.000  15.661  389.672
4.610  15.000  15.423  395.272
4.620  15.000  15.416  400.669
4.630  15.000  15.710  405.711
4.640  15.000  15.549  410.589
4.650  15.000  15.024  415.418
4.660  15.000  15.237  419.917
4.670  15.000  15.638  424.055
4.680  15.000  15.728  428.275
4.690  15.000  15.742  432.501
4.700  15.000  16.101  436.358
4.710  15.000  15.875  440.026
4.720  15.000  15.585  443.597
4.730  15.000  15.066  446.833
4.740  15.000  15.496  449.852
4.750  15.000  15.812  452.696
4.760  15.000  15.526  455.449
4.770  15.000  15.149  458.004
4.780  15.000  15.383  460.399
4.790  15.000  15.719  462.773
4.800  15.000  15.810  465.169
4.810  15.000  16.008  467.590
4.820  15.000  15.533  469.892
4.830  15.000  15.655  472.109
4.840  15.000  15.116  474.321
4.850  15.000  15.712  476.468
4.860  15.000  15.697  478.278
4.870  15.000  15.822  479.726
4.880  15.000  15.612  480.925
4.890  15.000  15.593  482.066
4.900  15.000  15.154  483.161
4.910  15.000  15.727  484.136
4.920  15.000  15.751  485.031
4.930  15.000  15.720  485.812
4.940  15.000  15.728  486.448
4.950  15.000  15.585  486.981
4.960  15.000  15.466  487.596
4.970  15.000  15.133  488.413
4.980  15.000  15.466  489.140
4.990  15.000  15.428  489.637
5.000  15.000  15.398  489.825
5.010  15.000  15.238  489.868
5.020  15.000  15.196  490.019
5.030  15.000  15.482  489.984
5.040  15.000  15.324  489.899
5.050  15.000  15.125  489.930
5.060  5.000  14.968  489.907
5.070  5.000  14.980  489.270
5.080  5.000  13.161  487.247
5.090  5.000  11.196  484.550
5.100  5.000  11.421  480.147
5.110  5.000  11.503  474.836
5.120  5.000  11.645  469.761
5.130  5.000  11.367  463.731
5.140  5.000  11.218  457.956
5.150  5.000  11.041  452.180
5.160  5.000  11.072  446.409
5.170  5.000  10.985  440.521
5.180  5.000  10.916  434.656
5.190  5.000  10.785  428.982
5.200  5.000  10.603  423.501
5.210  5.000  10.647  418.057
5.220  5.000  10.471  412.445
5.230  5.000  10.431  406.735
5.240  5.000  10.282  401.059
5.250  5.000  10.257  395.383
5.260  5.000  10.165  389.406
5.270  5.000  10.074  384.027
5.280  5.000  9.972  378.959
5.290  5.000  9.824  374.015
5.300  5.000  9.561  369.213
5.310  5.000  9.559  363.940
5.320  5.000  9.539  358.406
5.330  5.000  9.504  352.838
5.340  5.000  9.361  347.427
5.350  5.000  9.174  342.256
5.360  5.000  9.212  337.077
5.370  5.000  9.027  331.809
5.380  5.000  9.009  326.609
5.390  5.000  8.985  321.415
5.400  5.000  8.981  315.722
5.410  5.000  8.773  310.454
5.420  5.000  8.703  305.338
5.430  5.000  8.639  300.218
5.440  5.000  8.557  295.649
5.450  5.000  8.435  290.956
5.460  5.000  8.372  286.312
5.470  5.000  8.401  281.588
5.480  5.000  8.235  276.436
5.490  5.000  8.268  271.185
5.500  5.000  8.057  265.749
5.510  5.000  8.082  260.606
5.520  5.000  7.930  255.908
5.530  5.000  7.830  251.326
5.540  5.000  7.739  246.595
5.550  5.000  7.787  241.909
5.560  5.000  7.743  236.990
5.570  5.000  7.620  232.161
5.580  5.000  7.531  227.436
5.590  5.000  7.390  222.866
5.600  5.000  7.377  218.643
5.610  5.000  7.452  214.071
5.620  5.000  7.254  209.154
5.630  5.000  7.188  204.497
5.640  5.000  7.114  200.285
5.650  5.000  7.025  195.572
5.660  5.000  7.016  190.663
5.670  5.000  6.916  185.797
5.680  5.000  6.786  181.352
5.690  5.000  6.602  177.520
5.700  5.000  6.629  173.340
5.710  5.000  6.693  168.479
5.720  5.000  6.600  163.485
5.730  5.000  6.544  159.044
5.740  5.000  6.379  155.022
5.750  5.000  6.429  150.674
5.760  5.000  6.249  146.458
5.770  5.000  6.256  142.260
5.780  5.000  6.256  138.010
5.790  5.000  6.124  133.965
5.800  5.000  5.999  130.036
5.810  5.000  5.943  125.834
5.820  5.000  5.858  121.522
5.830  5.000  5.886  117.404
5.840  5.000  5.861  113.311
5.850  5.000  5.806  109.447
5.860  5.000  5.748  105.581
5.870  5.000  5.642  101.741
5.880  5.000  5.663  97.654
5.890  5.000  5.633  93.764
5.900  5.000  5.493  89.808
5.910  5.000  5.426  85.897
5.920  5.000  5.365  82.031
5.930  5.000  5.269  78.022
5.940  5.000  5.229  74.173
5.950  5.000  5.225  70.395
5.960  5.000  5.153  66.737
5.970  5.000  5.105  62.996
5.980  5.000  5.019  59.248
5.990  5.000  4.912  55.728
6.000  5.000  4.917  52.102
6.010  5.000  4.920  48.381
6.020  5.000  4.821  44.641
6.030  5.000  4.770  41.052
6.040  5.000  4.674  37.459
6.050  5.000  4.551  33.973
6.060  5.000  4.606  30.586
6.070  5.000  4.542  26.642
6.080  5.000  4.541  22.889
6.090  5.000  4.483  19.601
6.100  5.000  4.439  16.330
6.110  5.000  4.372  12.893
6.120  5.000  4.425  9.641
6.130  5.000  4.383  6.498
6.140  5.000  4.308  3.495
6.150  5.000  4.269  0.657
6.160  5.000  4.210  -2.321
6.170  5.000  4.256  -5.232
6.180  5.000  4.146  -8.146
6.190  5.000  4.162  -11.084
6.200  5.000  4.227  -13.992
6.210  5.000  4.140  -17.139
6.220  5.000  4.124  -20.234
6.230  5.000  4.134  -23.035
6.240  5.000  4.079  -25.705
6.250  5.000  4.059  -28.229
6.260  5.000  4.037  -30.736
6.270  5.000  3.992  -33.149
6.280  5.000  4.037  -35.438
6.290  5.000  3.960  -37.622
6.300  5.000  3.952  -39.592
6.310  5.000  3.906  -41.573
6.320  5.000  3.824  -43.628
6.330  5.000  3.802  -45.741
6.340  5.000  3.800  -47.981
6.350  5.000  3.852  -50.133
6.360  5.000  3.943  -52.196
6.370  5.000  3.956  -54.018
6.380  5.000  4.035  -55.622
6.390  5.000  4.147  -57.155
6.400  5.000  4.073  -58.400
6.410  5.000  4.056  -59.383
6.420  5.000  4.184  -60.216
6.430  5.000  4.095  -60.866
6.440  5.000  3.993  -61.497
6.450  5.000  3.977  -62.113
6.460  5.000  4.068  -62.680
6.470  5.000  4.048  -63.370
6.480  5.000  4.082  -63.768
6.490  5.000  4.281  -64.100
6.500  5.000  4.347  -64.491
6.510  5.000  4.282  -64.516
6.520  5.000  4.308  -64.266
6.530  5.000  4.306  -63.894
6.540  5.000  4.384  -63.339
6.550  5.000  4.489  -62.684
6.560  5.000  4.248  -61.879
6.570  5.000  4.282  -60.904
6.580  5.000  4.477  -60.030
6.590  5.000  4.347  -59.317
6.600  5.000  4.500  -58.535
6.610  5.000  4.422  -57.389
6.620  5.000  4.281  -55.944
6.630  5.000  4.482  -54.564
6.640  5.000  4.592  -53.386
6.650  5.000  4.678  -52.355
6.660  5.000  4.695  -51.357
6.670  5.000  4.644  -50.197
6.680  5.000  4.750  -48.790
6.690  5.000  4.564  -47.018
6.700  5.000  5.001  -45.317
6.710  5.000  5.024  -43.643
6.720  5.000  4.922  -41.728
6.730  5.000  4.806  -39.677
6.740  5.000  4.881  -37.668
6.750  5.000  5.138  -35.953
6.760  5.000  4.974  -34.267
6.770  5.000  5.092  -32.500
6.780  5.000  5.070  -30.814
6.790  5.000  5.105  -29.207
6.800  5.000  5.019  -27.428
6.810  5.000  5.007  -25.566
6.820  5.000  5.107  -23.867
6.830  5.000  5.242  -22.240
6.840  5.000  4.975  -20.501
6.850  5.000  5.359  -18.869
6.860  5.000  5.037  -17.057
6.870  5.000  5.396  -15.278
6.880  5.000  5.287  -13.805
6.890  5.000  5.306  -12.414
6.900  5.000  5.319  -11.461
6.910  5.000  5.021  -10.570
6.920  5.000  5.149  -9.455
6.930  5.000  5.171  -8.310
6.940  5.000  5.512  -7.580
6.950  5.000  5.224  -6.878
6.960  5.000  5.628  -5.861
6.970  5.000  5.365  -4.944
6.980  5.000  5.360  -4.183
6.990  5.000  5.271  -3.485
7.000  5.000  5.469  -2.794
7.010  5.000  5.409  -2.062
7.020  5.000  5.411  -1.149
7.030  5.000  5.376  -0.222
7.040  5.000  5.596  0.501
7.050  5.000  5.418  0.886
7.060  5.000  5.238  1.330
7.070  6.000  5.234  1.881
7.080  7.000  5.456  2.383
7.090  8.000  5.792  3.066
7.100  9.000  5.692  3.821
7.110  10.000  5.879  4.868
7.120  11.000  6.761  6.764
7.130  12.000  7.544  9.311
7.140  13.000  7.845  12.378
7.150  14.000  8.154  16.225
7.160  15.000  9.808  21.039
7.170  15.000  10.819  27.149
7.180  15.000  11.264  34.492
7.190  15.000  12.425  42.618
7.200  15.000  13.204  51.119
7.210  15.000  13.339  60.064
7.220  15.000  13.966  69.436
7.230  15.000  14.354  79.675
7.240  15.000  13.814  90.898
7.250  15.000  15.111  101.269
7.260  15.000  14.346  111.348
7.270  15.000  16.167  121.599
7.280  15.000  15.277  131.082
7.290  15.000  15.126  141.038
7.300  15.000  15.223  151.520
7.310  15.000  14.944  161.727
7.320  15.000  15.735  172.062
7.330  15.000  15.795  182.177
7.340  15.000  15.728  192.144
7.350  15.000  16.206  202.015
7.360  15.000  15.041  211.660
7.370  15.000  16.530  221.356
7.380  15.000  16.449  230.805
7.390  15.000  16.164  240.142
7.400  15.000  15.727  249.682
7.410  15.000  16.203  258.853
7.420  15.000  15.765  267.988
7.430  15.000  16.196  277.533
7.440  15.000  15.974  286.165
7.450  15.000  16.312  293.728
7.460  15.000  15.151  301.280
7.470  15.000  14.464  308.999
7.480  15.000  14.969  316.086
7.490  15.000  15.568  323.031
7.500  15.000  15.910  329.892
7.510  15.000  16.051  336.177
7.520  15.000  15.813  342.307
7.530  15.000  14.904  348.775
7.540  15.000  14.901  355.369
7.550  15.000  15.277  361.680
7.560  15.000  15.566  367.874
7.570  15.000  15.424  373.987
7.580  15.000  15.821  379.635
7.590  15.000  15.323  385.008
7.600  15.000  15.864  390.485
7.610  15.000  15.103  395.906
7.620  15.000  15.286  401.078
7.630  15.000  15.536  406.086
7.640  15.000  15.619  411.087
7.650  15.000  15.338  415.811
7.660  15.000  15.352  420.353
7.670  15.000  15.508  424.607
7.680  15.000  15.661  428.549
7.690  15.000  15.808  432.596
7.700  15.000  16.090  436.534
7.710  15.000  15.767  440.152
7.720  15.000  15.308  443.713
7.730  15.000  15.208  447.287
7.740  15.000  15.129  450.739
7.750  15.000  15.395  454.053
7.760  15.000  15.770  457.163
7.770  15.000  15.272  460.016
7.780  15.000  15.084  462.615
7.790  15.000  15.194  465.080
7.800  15.000  15.688  467.462
7.810  15.000  15.617  469.813
7.820  15.000  15.886  472.171
7.830  15.000  15.812  474.497
7.840  15.000  15.398  476.889
7.850  15.000  15.777  479.219
7.860  15.000  15.885  481.419
7.870  15.000  15.841  483.462
7.880  15.000  15.487  485.281
7.890  15.000  15.360  486.711
7.900  15.000  15.329  487.920
7.910  15.000  15.694  489.164
7.920  15.000  15.826  490.164
7.930  15.000  15.577  491.074
7.940  15.000  15.426  491.911
7.950  15.000  15.729  492.523
7.960  15.000  15.565  493.224
7.970  15.000  15.710  493.967
7.980  15.000  15.394  494.692
7.990  15.000  15.428  495.450
8.000  15.000  15.538  495.952
8.010  15.000  15.351  496.332
8.020  15.000  15.414  496.714
8.030  15.000  15.472  496.937
8.040  15.000  15.423  496.982
8.050  15.000  15.432  496.870
8.060  15.000  15.175  496.706
8.070  5.000  15.406  496.418
8.080  5.000  14.688  495.720
8.090  5.000  12.852  493.776
8.100  5.000  11.318  490.805
8.110  5.000  11.436  486.551
8.120  5.000  11.508  480.910
8.130  5.000  11.561  475.435
8.140  5.000  11.408  469.585
8.150  5.000  11.228  463.662
8.160  5.000  11.152  457.797
8.170  5.000  10.965  451.827
8.180  5.000  10.977  446.343
8.190  5.000  10.830  440.464
8.200  5.000  10.630  434.699
8.210  5.000  10.779  428.851
8.220  5.000  10.574  422.971
8.230  5.000  10.553  417.678
8.240  5.000  10.480  411.909
8.250  5.000  10.333  405.651
8.260  5.000  10.182  399.904
8.270  5.000  9.930  394.688
8.280  5.000  9.942  389.159
8.290  5.000  9.926  383.502
8.300  5.000  9.749  377.837
8.310  5.000  9.633  372.457
8.320  5.000  9.640  367.566
8.330  5.000  9.490  362.662
8.340  5.000  9.400  357.387
8.350  5.000  9.342  351.783
8.360  5.000  9.252  346.140
8.370  5.000  9.226  340.858
8.380  5.000  9.100  335.630
8.390  5.000  9.035  329.988
8.400  5.000  8.962  324.543
8.410  5.000  8.905  319.065
8.420  5.000  8.960  313.423
8.430  5.000  8.805  307.783
8.440  5.000  8.757  302.851
8.450  5.000  8.685  297.799
8.460  5.000  8.551  292.640
8.470  5.000  8.504  288.164
8.480  5.000  8.471  283.244
8.490  5.000  8.263  278.189
8.500  5.000  8.273  273.190
8.510  5.000  8.279  268.493
8.520  5.000  7.968  263.708
8.530  5.000  7.924  258.491
8.540  5.000  7.920  253.828
8.550  5.000  7.867  249.063
8.560  5.000  7.741  243.870
8.570  5.000  7.852  239.010
8.580  5.000  7.574  234.735
8.590  5.000  7.478  230.257
8.600  5.000  7.481  225.543
8.610  5.000  7.382  220.885
8.620  5.000  7.453  215.815
8.630  5.000  7.340  210.773
8.640  5.000  7.248  206.169
8.650  5.000  7.073  201.443
8.660  5.000  6.933  196.820
8.670  5.000  7.021  192.537
8.680  5.000  6.954  188.190
8.690  5.000  6.873  183.942
8.700  5.000  6.774  179.846
8.710  5.000  6.689  175.300
8.720  5.000  6.676  170.658
8.730  5.000  6.663  166.474
8.740  5.000  6.502  162.226
8.750  5.000  6.488  157.615
8.760  5.000  6.477  153.054
8.770  5.000  6.279  148.976
8.780  5.000  6.295  145.041
8.790  5.000  6.239  141.003
8.800  5.000  6.124  136.894
8.810  5.000  6.203  132.930
8.820  5.000  6.091  128.996
8.830  5.000  5.996  124.593
8.840  5.000  5.917  120.274
8.850  5.000  5.832  116.152
8.860  5.000  5.772  111.824
8.870  5.000  5.787  107.746
8.880  5.000  5.663  104.013
8.890  5.000  5.605  100.344
8.900  5.000  5.577  96.336
8.910  5.000  5.498  92.092
8.920  5.000  5.430  87.669
8.930  5.000  5.362  83.579
8.940  5.000  5.286  79.647
8.950  5.000  5.273  75.699
8.960  5.000  5.244  72.026
8.970  5.000  5.167  68.459
8.980  5.000  5.088  64.932
8.990  5.000  4.991  61.680
9.000  5.000  4.881  57.889
9.010  5.000  4.940  53.301
9.020  5.000  4.864  49.290
9.030  5.000  4.907  45.347
9.040  5.000  4.775  41.526
9.050  5.000  4.717  38.230
9.060  5.000  4.643  35.105
9.070  5.000  4.631  31.834
9.080  5.000  4.556  28.454
9.090  5.000  4.502  25.196
9.100  5.000  4.503  22.050
9.110  5.000  4.432  18.958
9.120  5.000  4.413  15.405
9.130  5.000  4.455  11.905
9.140  5.000  4.405  8.448
9.150  5.000  4.322  5.138
9.160  5.000  4.296  2.270
9.170  5.000  4.269  -0.773
9.180  5.000  4.236  -4.065
9.190  5.000  4.182  -7.377
9.200  5.000  4.188  -10.379
9.210  5.000  4.157  -13.597
9.220  5.000  4.122  -16.700
9.230  5.000  4.128  -19.368
9.240  5.000  4.094  -22.056
9.250  5.000  4.108  -24.681
9.260  5.000  4.075  -27.132
9.270  5.000  4.004  -29.625
9.280  5.000  3.958  -32.100
9.290  5.000  4.029  -34.410
9.300  5.000  3.962  -36.665
9.310  5.000  3.954  -38.828
9.320  5.000  3.905  -41.031
9.330  5.000  3.907  -43.285
9.340  5.000  3.850  -45.479
9.350  5.000  3.783  -47.614
9.360  5.000  3.776  -49.595
9.370  5.000  3.869  -51.454
9.380  5.000  3.979  -53.183
9.390  5.000  4.069  -54.846
9.400  5.000  4.038  -56.302
9.410  5.000  4.053  -57.474
9.420  5.000  4.075  -58.601
9.430  5.000  4.217  -59.530
9.440  5.000  4.246  -60.336
9.450  5.000  4.095  -61.021
9.460  5.000  3.949  -61.462
9.470  5.000  3.877  -61.850
9.480  5.000  4.036  -62.478
9.490  5.000  4.045  -63.098
9.500  5.000  4.208  -63.350
9.510  5.000  4.319  -63.551
9.520  5.000  4.216  -63.556
9.530  5.000  4.203  -63.279
9.540  5.000  4.369  -62.764
9.550  5.000  4.305  -62.023
9.560  5.000  4.393  -61.231
9.570  5.000  4.478  -60.233
9.580  5.000  4.272  -58.993
9.590  5.000  4.308  -57.787
9.600  5.000  4.298  -56.706
9.610  5.000  4.430  -55.662
9.620  5.000  4.389  -54.459
9.630  5.000  4.411  -53.197
9.640  5.000  4.337  -51.857
9.650  5.000  4.634  -50.406
9.660  5.000  4.915  -49.219
9.670  5.000  4.624  -48.007
9.680  5.000  4.698  -46.359
9.690  5.000  4.710  -44.563
9.700  5.000  4.717  -42.691
9.710  5.000  5.002  -40.922
9.720  5.000  4.904  -39.406
9.730  5.000  4.838  -37.918
9.740  5.000  4.818  -36.385
9.750  5.000  5.027  -34.790
9.760  5.000  5.128  -33.241
9.770  5.000  4.911  -31.615
9.780  5.000  4.937  -29.789
9.790  5.000  5.112  -28.008
9.800  5.000  5.120  -26.381
9.810  5.000  5.108  -24.681
9.820  5.000  5.084  -22.896
9.830  5.000  5.115  -21.045
9.840  5.000  5.362  -19.363
9.850  5.000  5.398  -18.020
9.860  5.000  5.245  -16.760
9.870  5.000  5.294  -15.599
9.880  5.000  5.094  -14.404
9.890  5.000  5.382  -13.216
9.900  5.000  5.153  -12.018
9.910  5.000  5.309  -10.713
9.920  5.000  5.421  -9.641
9.930  5.000  5.108  -8.632
9.940  5.000  5.348  -7.560
9.950  5.000  5.241  -6.612
9.960  5.000  5.315  -5.651
9.970  5.000  5.563  -4.922
9.980  5.000  5.481  -4.512
9.990  5.000  5.294  -3.808
10.000  5.000  5.403  -2.941
10.010  5.000  5.388  -2.183
10.020  5.000  5.555  -1.436
10.030  5.000  5.428  -0.614
10.040  5.000  5.453  0.268
10.050  5.000  5.280  0.925
10.060  5.000  5.359  1.265
10.070  5.000  5.496  1.547
10.080  6.000  5.215  2.006
10.090  7.000  5.191  2.554
10.100  8.000  5.658  3.069
10.110  9.000  6.059  3.447
10.120  10.000  5.793  4.173
10.130  11.000  6.662  5.607
10.140  12.000  7.534  7.611
10.150  13.000  7.822  10.378
10.160  14.000  8.241  13.924
10.170  15.000  9.824  18.462
10.180  15.000  10.161  24.673
10.190  15.000  11.163  32.238
10.200  15.000  11.957  40.584
10.210  15.000  13.019  49.102
10.220  15.000  13.116  58.237
10.230  15.000  14.072  68.312
10.240  15.000  13.910  78.713
10.250  15.000  14.675  89.651
10.260  15.000  14.570  100.400
10.270  15.000  15.422  110.735
10.280  15.000  15.098  121.216
10.290  15.000  14.607  132.083
10.300  15.000  15.597  142.785
10.310  15.000  15.417  153.291
10.320  15.000  15.403  163.858
10.330  15.000  15.833  174.125
10.340  15.000  15.027  184.678
10.350  15.000  15.553  195.400
10.360  15.000  15.997  205.917
10.370  15.000  16.181  216.226
10.380  15.000  15.637  226.173
10.390  15.000  16.147  235.756
10.400  15.000  16.244  244.979
10.410  15.000  15.641  254.221
10.420  15.000  16.109  263.196
10.430  15.000  15.673  272.267
10.440  15.000  16.262  281.809
10.450  15.000  16.290  290.955
10.460  15.000  16.743  299.331
10.470  15.000  16.428  307.039
10.480  15.000  15.395  314.861
10.490  15.000  15.434  322.485
10.500  15.000  14.547  330.037
10.510  15.000  15.374  337.382
10.520  15.000  15.456  344.097
10.530  15.000  15.588  350.725
10.540  15.000  15.358  356.970
10.550  15.000  15.862  363.121
10.560  15.000  15.271  369.364
10.570  15.000  14.870  375.622
10.580  15.000  15.492  381.754
10.590  15.000  15.342  387.512
10.600  15.000  16.038  392.836
10.610  15.000  15.702  398.145
10.620  15.000  15.299  403.537
10.630  15.000  14.927  408.802
10.640  15.000  15.497  413.881
10.650  15.000  15.551  418.611
10.660  15.000  15.800  423.096
10.670  15.000  15.458  427.305
10.680  15.000  15.533  431.225
10.690  15.000  15.657  435.120
10.700  15.000  15.287  439.155
10.710  15.000  15.804  443.123
10.720  15.000  15.639  446.957
10.730  15.000  15.462  450.786
10.740  15.000  15.445  454.591
10.750  15.000  15.613  458.144
10.760  15.000  15.514  461.352
10.770  15.000  15.091  464.195
10.780  15.000  15.650  466.560
10.790  15.000  15.432  468.824
10.800  15.000  15.260  471.148
10.810  15.000  15.409  473.566
10.820  15.000  15.586  475.991
10.830  15.000  15.664  478.244
10.840  15.000  15.851  480.401
10.850  15.000  15.796  482.441
10.860  15.000  15.937  484.308
10.870  15.000  15.860  486.038
10.880  15.000  15.462  487.780
10.890  15.000  15.054  489.537
10.900  15.000  15.600  491.144
10.910  15.000  15.919  492.506
10.920  15.000  16.026  493.568
10.930  15.000  15.308  494.522
10.940  15.000  15.153  495.503
10.950  15.000  15.602  496.368
10.960  15.000  15.826  497.129
10.970  15.000  15.819  497.814
10.980  15.000  15.603  498.453
10.990  15.000  15.407  499.003
11.000  15.000  15.392  499.405
11.010  15.000  15.290  499.699
11.020  15.000  15.534  499.842
11.030  15.000  15.280  499.792
11.040  15.000  15.391  499.692
11.050  15.000  15.442  499.503
11.060  15.000  15.256  499.263
11.070  15.000  15.105  498.941
11.080  5.000  15.131  498.592
11.090  5.000  14.934  497.838
11.100  5.000  13.066  495.979
11.110  5.000  11.045  493.319
11.120  5.000  11.375  488.935
11.130  5.000  11.500  483.026
11.140  5.000  11.666  477.504
11.150  5.000  11.524  472.062
11.160  5.000  11.220  466.000
11.170  5.000  11.143  459.987
11.180  5.000  10.994  453.944
11.190  5.000  11.057  447.919
11.200  5.000  11.004  442.330
11.210  5.000  10.648  437.008
11.220  5.000  10.629  431.407
11.230  5.000  10.444  425.625
11.240  5.000  10.339  420.191
11.250  5.000  10.264  414.937
11.260  5.000  10.134  409.787
11.270  5.000  10.161  404.205
11.280  5.000  9.984  398.719
11.290  5.000  9.867  393.603
11.300  5.000  9.929  388.612
11.310  5.000  9.807  383.733
11.320  5.000  9.672  378.228
11.330  5.000  9.524  372.924
11.340  5.000  9.510  367.619
11.350  5.000  9.353  362.070
11.360  5.000  9.252  357.004
11.370  5.000  9.345  352.104
11.380  5.000  9.162  346.792
11.390  5.000  9.161  341.333
11.400  5.000  9.082  335.806
11.410  5.000  9.053  330.119
11.420  5.000  8.997  325.028
11.430  5.000  8.763  320.215
11.440  5.000  8.630  315.229
11.450  5.000  8.659  310.296
11.460  5.000  8.543  305.189
11.470  5.000  8.419  299.789
11.480  5.000  8.380  294.840
11.490  5.000  8.259  289.838
11.500  5.000  8.247  284.807
11.510  5.000  8.173  280.163
11.520  5.000  8.047  275.254
11.530  5.000  7.976  270.379
11.540  5.000  7.920  265.710
11.550  5.000  7.939  261.062
11.560  5.000  7.696  256.489
11.570  5.000  7.655  251.548
11.580  5.000  7.604  246.786
11.590  5.000  7.625  242.515
11.600  5.000  7.508  237.830
11.610  5.000  7.414  233.132
11.620  5.000  7.358  228.424
11.630  5.000  7.317  223.601
11.640  5.000  7.266  219.205
11.650  5.000  7.112  214.539
11.660  5.000  7.178  209.827
11.670  5.000  7.056  205.561
11.680  5.000  6.922  201.208
11.690  5.000  6.802  196.863
11.700  5.000  6.770  192.270
11.710  5.000  6.685  187.592
11.720  5.000  6.723  183.288
11.730  5.000  6.642  178.705
11.740  5.000  6.497  174.211
11.750  5.000  6.441  170.113
11.760  5.000  6.339  166.080
11.770  5.000  6.387  162.140
11.780  5.000  6.287  158.064
11.790  5.000  6.224  153.733
11.800  5.000  6.179  149.417
11.810  5.000  6.112  145.380
11.820  5.000  6.046  141.513
11.830  5.000  6.055  137.519
11.840  5.000  5.955  133.621
11.850  5.000  5.827  129.966
11.860  5.000  5.786  126.383
11.870  5.000  5.740  122.445
11.880  5.000  5.693  118.414
11.890  5.000  5.617  114.364
11.900  5.000  5.527  110.070
11.910  5.000  5.520  106.079
11.920  5.000  5.385  101.990
11.930  5.000  5.415  97.971
11.940  5.000  5.312  94.023
11.950  5.000  5.278  90.159
11.960  5.000  5.250  86.289
11.970  5.000  5.145  82.129
11.980  5.000  5.160  78.264
11.990  5.000  5.044  74.600
12.000  5.000  4.972  70.798
12.010  5.000  4.947  66.969
12.020  5.000  4.906  63.055
12.030  5.000  4.861  59.272
12.040  5.000  4.800  55.573
12.050  5.000  4.777  51.879
12.060  5.000  4.711  48.608
12.070  5.000  4.632  45.342
12.080  5.000  4.582  41.764
12.090  5.000  4.555  38.215
12.100  5.000  4.513  34.854
12.110  5.000  4.494  31.461
12.120  5.000  4.422  28.269
12.130  5.000  4.433  25.125
12.140  5.000  4.367  21.911
12.150  5.000  4.321  18.813
12.160  5.000  4.297  15.846
12.170  5.000  4.273  12.635
12.180  5.000  4.215  9.326
12.190  5.000  4.223  6.367
12.200  5.000  4.212  2.995
12.210  5.000  4.192  -0.280
12.220  5.000  4.131  -3.251
12.230  5.000  4.159  -6.434
12.240  5.000  4.117  -9.417
12.250  5.000  4.077  -12.275
12.260  5.000  4.095  -15.039
12.270  5.000  4.065  -17.578
12.280  5.000  3.996  -20.260
12.290  5.000  3.988  -23.030
12.300  5.000  3.939  -25.503
12.310  5.000  3.980  -27.683
12.320  5.000  3.959  -29.692
12.330  5.000  3.900  -31.907
12.340  5.000  3.860  -34.241
12.350  5.000  3.866  -36.594
12.360  5.000  3.838  -38.905
12.370  5.000  3.873  -41.133
12.380  5.000  3.941  -43.206
12.390  5.000  3.979  -45.011
12.400  5.000  4.058  -46.654
12.410  5.000  4.101  -48.087
12.420  5.000  4.098  -49.375
12.430  5.000  4.197  -50.366
12.440  5.000  4.025  -51.074
12.450  5.000  4.112  -51.754
12.460  5.000  4.017  -52.498
12.470  5.000  4.089  -53.385
12.480  5.000  3.972  -54.175
12.490  5.000  3.919  -54.666
12.500  5.000  4.040  -55.158
12.510  5.000  4.215  -55.569
12.520  5.000  4.272  -55.715
12.530  5.000  4.321  -55.602
12.540  5.000  4.398  -55.398
12.550  5.000  4.340  -55.190
12.560  5.000  4.316  -54.741
12.570  5.000  4.307  -54.080
12.580  5.000  4.318  -53.341
12.590  5.000  4.344  -52.585
12.600  5.000  4.252  -51.566
12.610  5.000  4.304  -50.349
12.620  5.000  4.319  -49.191
12.630  5.000  4.390  -47.983
12.640  5.000  4.323  -46.792
12.650  5.000  4.581  -45.544
12.660  5.000  4.689  -44.267
12.670  5.000  4.663  -42.965
12.680  5.000  4.794  -41.509
12.690  5.000  4.570  -40.078
12.700  5.000  4.782  -38.695
12.710  5.000  4.895  -37.165
12.720  5.000  4.762  -35.242
12.730  5.000  4.890  -33.280
12.740  5.000  4.874  -31.375
12.750  5.000  5.196  -29.543
12.760  5.000  5.126  -27.929
12.770  5.000  4.865  -26.146
12.780  5.000  5.061  -24.387
12.790  5.000  5.372  -23.145
12.800  5.000  5.297  -21.998
12.810  5.000  4.904  -20.315
12.820  5.000  5.102  -18.533
12.830  5.000  5.228  -17.080
12.840  5.000  5.259  -15.648
12.850  5.000  4.963  -14.035
12.860  5.000  5.288  -12.401
12.870  5.000  5.342  -11.046
12.880  5.000  5.213  -9.843
12.890  5.000  5.183  -8.505
12.900  5.000  5.161  -7.286
12.910  5.000  5.057  -6.229
12.920  5.000  5.338  -5.050
12.930  5.000  5.193  -3.805
12.940  5.000  5.083  -2.617
12.950  5.000  5.284  -1.653
12.960  5.000  5.358  -0.945
12.970  5.000  5.433  -0.300
12.980  5.000  5.264  0.460
12.990  5.000  5.288  1.429
13.000  5.000  5.501  2.413
13.010  5.000  5.532  3.187
13.020  5.000  5.280  4.124
13.030  5.000  5.412  5.145
13.040  5.000  5.365  5.942
13.050  5.000  5.489  6.658
13.060  5.000  5.295  7.381
13.070  5.000  5.267  8.069
13.080  5.000  5.364  8.607
13.090  6.000  5.361  9.082
13.100  7.000  5.240  9.655
13.110  8.000  5.786  10.163
13.120  9.000  5.826  10.735
13.130  10.000  5.817  11.803
13.140  11.000  6.551  13.637
13.150  12.000  7.523  15.875
13.160  13.000  7.870  18.482
13.170  14.000  7.801  22.293
13.180  15.000  9.969  27.108
13.190  15.000  10.812  33.084
13.200  15.000  11.382  40.731
13.210  15.000  12.344  49.089
13.220  15.000  13.028  57.855
13.230  15.000  12.536  67.820
13.240  15.000  13.571  78.549
13.250  15.000  13.808  89.957
13.260  15.000  14.100  102.824
13.270  15.000  14.721  115.437
13.280  15.000  15.157  126.567
13.290  15.000  15.848  137.592
13.300  15.000  15.074  148.957
13.310  15.000  15.039  160.189
13.320  15.000  15.074  170.677
13.330  15.000  17.160  179.990
13.340  15.000  15.153  190.299
13.350  15.000  15.891  201.636
13.360  15.000  16.002  211.879
13.370  15.000  16.195  221.311
13.380  15.000  16.340  230.426
13.390  15.000  16.595  239.508
13.400  15.000  15.927  248.667
13.410  15.000  16.037  257.782
13.420  15.000  15.884  267.034
13.430  15.000  16.351  276.346
13.440  15.000  15.652  285.691
13.450  15.000  16.073  294.689
13.460  15.000  16.252  303.247
13.470  15.000  16.104  311.956
13.480  15.000  15.539  320.128
13.490  15.000  15.894  327.401
13.500  15.000  15.124  333.982
13.510  15.000  14.988  340.148
13.520  15.000  14.564  346.364
13.530  15.000  15.708  352.751
13.540  15.000  15.468  359.091
13.550  15.000  15.349  364.954
13.560  15.000  15.445  370.223
13.570  15.000  15.284  375.681
13.580  15.000  15.414  381.496
13.590  15.000  15.683  387.229
13.600  15.000  15.927  392.530
13.610  15.000  15.844  397.425
13.620  15.000  15.406  402.269
13.630  15.000  15.238  406.817
13.640  15.000  15.288  411.226
13.650  15.000  14.960  415.761
13.660  15.000  15.425  420.225
13.670  15.000  15.496  424.393
13.680  15.000  15.388  428.262
13.690  15.000  15.189  432.296
13.700  15.000  15.616  436.465
13.710  15.000  15.502  440.561
13.720  15.000  15.568  444.637
13.730  15.000  15.831  448.734
13.740  15.000  15.106  452.775
13.750  15.000  15.477  456.457
13.760  15.000  15.488  459.868
13.770  15.000  15.805  462.888
13.780  15.000  15.697  465.542
13.790  15.000  15.125  468.005
13.800  15.000  14.895  470.457
13.810  15.000  15.805  472.847
13.820  15.000  15.900  475.092
13.830  15.000  15.672  477.371
13.840  15.000  15.852  479.672
13.850  15.000  15.723  481.977
13.860  15.000  15.681  484.216
13.870  15.000  15.740  486.271
13.880  15.000  15.296  488.212
13.890  15.000  15.563  490.127
13.900  15.000  15.631  491.890
13.910  15.000  15.352  493.513
13.920  15.000  15.143  494.983
13.930  15.000  15.489  496.263
13.940  15.000  15.768  497.312
13.950  15.000  15.442  498.212
13.960  15.000  15.613  498.942
13.970  15.000  15.577  499.543
13.980  15.000  15.706  500.055
13.990  15.000  15.626  500.479
14.000  15.000  15.385  501.045
14.010  15.000  15.380  501.610
14.020  15.000  15.271  502.158
14.030  15.000  15.703  502.580
14.040  15.000  15.632  502.741
14.050  15.000  15.341  502.826
14.060  15.000  15.160  502.893
14.070  15.000  15.157  502.860
14.080  15.000  15.688  502.506
14.090  5.000  15.299  501.981
14.100  5.000  14.847  501.036
14.110  5.000  12.882  498.980
14.120  5.000  11.143  495.992
14.130  5.000  11.536  492.016
14.140  5.000  11.540  487.082
14.150  5.000  11.709  481.862
14.160  5.000  11.488  475.901
14.170  5.000  11.225  469.955
14.180  5.000  11.007  464.166
14.190  5.000  10.964  458.403
14.200  5.000  10.951  452.638
14.210  5.000  10.791  446.358
14.220  5.000  10.629  440.586
14.230  5.000  10.550  434.955
14.240  5.000  10.479  429.279
14.250  5.000  10.475  423.808
14.260  5.000  10.325  418.352
14.270  5.000  10.336  412.676
14.280  5.000  10.190  406.780
14.290  5.000  9.997  401.215
14.300  5.000  10.042  395.908
14.310  5.000  10.050  390.656
14.320  5.000  9.958  385.372
14.330  5.000  9.819  380.233
14.340  5.000  9.658  375.185
14.350  5.000  9.573  369.781
14.360  5.000  9.447  364.502
14.370  5.000  9.462  358.951
14.380  5.000  9.254  352.940
14.390  5.000  9.134  347.487
14.400  5.000  9.221  342.107
14.410  5.000  9.055  336.841
14.420  5.000  8.980  331.938
14.430  5.000  8.857  326.595
14.440  5.000  8.795  321.220
14.450  5.000  8.679  316.251
14.460  5.000  8.557  311.183
14.470  5.000  8.605  306.136
14.480  5.000  8.400  301.310
14.490  5.000  8.386  296.554
14.500  5.000  8.335  291.525
14.510  5.000  8.222  286.395
14.520  5.000  8.145  281.341
14.530  5.000  8.177  276.414
14.540  5.000  8.074  271.409
14.550  5.000  7.998  266.144
14.560  5.000  7.959  260.917
14.570  5.000  7.851  255.956
14.580  5.000  7.740  251.206
14.590  5.000  7.735  246.060
14.600  5.000  7.603  240.860
14.610  5.000  7.545  235.889
14.620  5.000  7.452  230.776
14.630  5.000  7.279  226.055
14.640  5.000  7.303  221.253
14.650  5.000  7.373  216.461
14.660  5.000  7.202  211.833
14.670  5.000  7.212  207.253
14.680  5.000  7.008  203.076
14.690  5.000  6.927  198.414
14.700  5.000  6.910  193.639
14.710  5.000  6.793  188.905
14.720  5.000  6.796  184.252
14.730  5.000  6.713  179.621
14.740  5.000  6.730  175.078
14.750  5.000  6.624  170.553
14.760  5.000  6.524  165.798
14.770  5.000  6.451  161.456
14.780  5.000  6.338  157.393
14.790  5.000  6.305  153.262
14.800  5.000  6.288  148.987
14.810  5.000  6.221  144.695
14.820  5.000  6.167  140.206
14.830  5.000  6.057  135.718
14.840  5.000  5.979  131.269
14.850  5.000  5.924  126.846
14.860  5.000  5.863  122.502
14.870  5.000  5.775  118.150
14.880  5.000  5.822  114.001
14.890  5.000  5.714  109.649
14.900  5.000  5.699  105.407
14.910  5.000  5.536  101.704
14.920  5.000  5.520  97.992
14.930  5.000  5.461  94.055
14.940  5.000  5.384  90.130
14.950  5.000  5.370  86.082
14.960  5.000  5.282  82.111
14.970  5.000  5.240  78.469
14.980  5.000  5.160  74.943
14.990  5.000  5.096  71.252
15.000  5.000  5.088  67.577
15.010  5.000  5.016  64.036
15.020  5.000  5.015  60.181
15.030  5.000  4.915  56.339
15.040  5.000  4.876  52.732
15.050  5.000  4.818  48.817
15.060  5.000  4.771  44.962
15.070  5.000  4.769  41.537
15.080  5.000  4.653  37.788
15.090  5.000  4.601  33.701
15.100  5.000  4.585  29.958
15.110  5.000  4.528  26.320
15.120  5.000  4.415  22.811
15.130  5.000  4.443  19.662
15.140  5.000  4.347  16.480
15.150  5.000  4.367  13.319
15.160  5.000  4.285  10.199
15.170  5.000  4.264  7.004
15.180  5.000  4.265  3.780
15.190  5.000  4.254  0.172
15.200  5.000  4.245  -3.301
15.210  5.000  4.147  -6.267
15.220  5.000  4.142  -9.190
15.230  5.000  4.108  -12.211
15.240  5.000  4.130  -15.164
15.250  5.000  4.098  -18.333
15.260  5.000  4.089  -21.381
15.270  5.000  4.106  -24.006
15.280  5.000  4.068  -26.645
15.290  5.000  3.980  -29.226
15.300  5.000  3.973  -31.755
15.310  5.000  3.935  -34.064
15.320  5.000  3.957  -36.369
15.330  5.000  3.969  -38.660
15.340  5.000  3.852  -41.082
15.350  5.000  3.795  -43.469
15.360  5.000  3.815  -45.946
15.370  5.000  3.798  -48.458
15.380  5.000  3.830  -50.462
15.390  5.000  3.932  -52.401
15.400  5.000  4.002  -54.316
15.410  5.000  4.003  -55.975
15.420  5.000  4.050  -57.352
15.430  5.000  4.203  -58.522
15.440  5.000  4.229  -59.440
15.450  5.000  4.140  -60.192
15.460  5.000  3.994  -60.896
15.470  5.000  4.085  -61.742
15.480  5.000  4.057  -62.594
15.490  5.000  3.967  -63.303
15.500  5.000  3.869  -63.881
15.510  5.000  4.149  -64.360
15.520  5.000  4.308  -64.665
15.530  5.000  4.361  -64.661
15.540  5.000  4.138  -64.650
15.550  5.000  4.253  -64.436
15.560  5.000  4.214  -63.916
15.570  5.000  4.232  -63.350
15.580  5.000  4.311  -62.621
15.590  5.000  4.391  -61.764
15.600  5.000  4.365  -60.946
15.610  5.000  4.249  -59.983
15.620  5.000  4.087  -58.826
15.630  5.000  4.220  -57.755
15.640  5.000  4.248  -56.714
15.650  5.000  4.461  -55.443
15.660  5.000  4.776  -54.235
15.670  5.000  4.926  -53.092
15.680  5.000  4.625  -51.602
15.690  5.000  4.624  -49.874
15.700  5.000  4.601  -48.094
15.710  5.000  4.903  -46.497
15.720  5.000  4.830  -45.013
15.730  5.000  4.830  -43.155
15.740  5.000  4.983  -41.165
15.750  5.000  5.154  -39.399
15.760  5.000  5.005  -37.705
15.770  5.000  4.959  -35.980
15.780  5.000  5.096  -34.242
15.790  5.000  5.291  -32.443
15.800  5.000  5.042  -30.664
15.810  5.000  5.064  -29.033
15.820  5.000  5.187  -27.377
15.830  5.000  5.216  -25.701
15.840  5.000  5.327  -24.228
15.850  5.000  5.311  -22.907
15.860  5.000  5.029  -21.591
15.870  5.000  5.205  -20.307
15.880  5.000  5.227  -19.054
15.890  5.000  5.259  -17.756
15.900  5.000  5.292  -16.539
15.910  5.000  5.188  -15.515
15.920  5.000  5.228  -14.544
15.930  5.000  5.197  -13.529
15.940  5.000  5.407  -12.549
15.950  5.000  5.318  -11.699
15.960  5.000  5.343  -10.922
15.970  5.000  5.545  -10.159
15.980  5.000  5.377  -9.446
15.990  5.000  5.382  -8.690
16.000  5.000  5.401  -7.871
16.010  5.000  5.234  -7.068
16.020  5.000  5.516  -6.445
16.030  5.000  5.355  -5.761
16.040  5.000  5.666  -4.959
16.050  5.000  5.349  -4.289
16.060  5.000  5.499  -3.881
16.070  5.000  5.318  -3.676
16.080  5.000  5.363  -3.516
16.090  5.000  5.393  -3.529
16.100  6.000  5.515  -3.751
16.110  7.000  5.609  -3.974
16.120  8.000  5.553  -3.875
16.130  9.000  5.985  -3.625
16.140  10.000  5.930  -3.184
16.150  11.000  6.186  -1.899
16.160  12.000  7.438  0.175
16.170  13.000  7.702  3.037
16.180  14.000  8.030  6.861
16.190  15.000  9.522  11.500
16.200  15.000  10.167  17.369
16.210  15.000  11.311  24.521
16.220  15.000  11.914  32.502
16.230  15.000  12.570  41.678
16.240  15.000  13.454  51.642
16.250  15.000  13.636  61.587
16.260  15.000  13.864  71.661
16.270  15.000  14.370  82.253
16.280  15.000  15.006  93.066
16.290  15.000  15.781  103.571
16.300  15.000  15.470  114.090
16.310  15.000  15.410  124.401
16.320  15.000  15.154  134.743
16.330  15.000  15.866  145.509
16.340  15.000  15.665  155.779
16.350  15.000  15.493  165.670
16.360  15.000  15.638  175.831
16.370  15.000  16.071  185.734
16.380  15.000  16.382  194.911
16.390  15.000  15.454  204.228
16.400  15.000  15.830  213.812
16.410  15.000  16.497  222.796
16.420  15.000  15.718  231.576
16.430  15.000  16.560  240.227
16.440  15.000  15.483  249.320
16.450  15.000  15.747  258.683
16.460  15.000  15.179  267.793
16.470  15.000  15.973  276.164
16.480  15.000  15.148  283.588
16.490  15.000  15.310  290.782
16.500  15.000  14.841  298.129
16.510  15.000  15.455  305.718
16.520  15.000  15.711  313.076
16.530  15.000  15.783  320.271
16.540  15.000  16.033  327.190
16.550  15.000  15.403  333.959
16.560  15.000  15.491  340.673
16.570  15.000  15.725  347.167
16.580  15.000  15.137  353.735
16.590  15.000  14.947  359.954
16.600  15.000  15.810  365.752
16.610  15.000  15.952  371.482
16.620  15.000  15.590  377.116
16.630  15.000  15.872  382.693
16.640  15.000  15.158  388.143
16.650  15.000  15.427  393.242
16.660  15.000  15.281  398.068
16.670  15.000  15.718  402.652
16.680  15.000  15.177  407.027
16.690  15.000  15.687  411.312
16.700  15.000  15.137  415.403
16.710  15.000  15.323  419.556
16.720  15.000  15.783  423.464
16.730  15.000  16.021  427.111
16.740  15.000  15.559  430.901
16.750  15.000  15.767  434.453
16.760  15.000  15.270  437.800
16.770  15.000  15.261  441.067
16.780  15.000  15.671  444.076
16.790  15.000  15.493  446.886
16.800  15.000  15.516  449.381
16.810  15.000  15.302  451.722
16.820  15.000  15.489  454.100
16.830  15.000  15.394  456.555
16.840  15.000  15.749  458.950
16.850  15.000  15.481  461.275
16.860  15.000  15.674  463.672
16.870  15.000  15.683  465.900
16.880  15.000  15.710  467.846
16.890  15.000  15.651  469.756
16.900  15.000  15.765  471.675
16.910  15.000  15.367  473.513
16.920  15.000  15.362  475.154
16.930  15.000  15.482  476.586
16.940  15.000  15.838  477.728
16.950  15.000  15.600  478.531
16.960  15.000  15.461  479.278
16.970  15.000  15.470  480.223
16.980  15.000  15.458  481.154
16.990  15.000  15.854  481.633
17.000  15.000  15.578  481.883
17.010  15.000  15.816  482.318
17.020  15.000  15.413  482.782
17.030  15.000  15.254  483.199
17.040  15.000  15.399  483.583
17.050  15.000  15.329  483.917
17.060  15.000  15.689  484.067
17.070  15.000  15.164  483.996
17.080  15.000  15.352  483.788
17.090  15.000  15.241  483.443
17.100  5.000  15.443  483.120
17.110  5.000  14.815  482.225
17.120  5.000  13.083  480.362
17.130  5.000  11.151  477.679
17.140  5.000  11.334  473.717
17.150  5.000  11.558  468.783
17.160  5.000  11.612  463.160
17.170  5.000  11.438  456.946
17.180  5.000  11.230  450.622
17.190  5.000  11.113  444.604
17.200  5.000  10.957  438.795
17.210  5.000  10.993  432.986
17.220  5.000  10.875  427.043
17.230  5.000  10.824  421.357
17.240  5.000  10.524  416.398
17.250  5.000  10.347  410.959
17.260  5.000  10.187  405.039
17.270  5.000  10.159  399.512
17.280  5.000  10.000  393.847
17.290  5.000  10.182  388.371
17.300  5.000  9.995  382.866
17.310  5.000  9.859  377.202
17.320  5.000  9.753  372.281
17.330  5.000  9.625  367.085
17.340  5.000  9.612  361.707
17.350  5.000  9.442  356.433
17.360  5.000  9.376  351.163
17.370  5.000  9.324  346.093
17.380  5.000  9.265  341.004
17.390  5.000  9.168  335.490
17.400  5.000  9.132  330.050
17.410  5.000  8.989  325.339
17.420  5.000  8.990  319.916
17.430  5.000  8.959  314.440
17.440  5.000  8.878  309.157
17.450  5.000  8.739  303.990
17.460  5.000  8.734  298.939
17.470  5.000  8.664  293.672
17.480  5.000  8.594  288.713
17.490  5.000  8.530  283.710
17.500  5.000  8.431  278.527
17.510  5.000  8.249  273.563
17.520  5.000  8.258  269.023
17.530  5.000  8.221  263.898
17.540  5.000  8.201  258.672
17.550  5.000  8.054  253.632
17.560  5.000  7.983  248.294
17.570  5.000  7.921  242.955
17.580  5.000  7.896  238.104
17.590  5.000  7.779  233.662
17.600  5.000  7.689  229.362
17.610  5.000  7.638  224.614
17.620  5.000  7.609  219.345
17.630  5.000  7.472  214.099
17.640  5.000  7.308  209.281
17.650  5.000  7.295  204.992
17.660  5.000  7.240  200.742
17.670  5.000  7.062  196.192
17.680  5.000  7.095  191.757
17.690  5.000  7.123  187.173
17.700  5.000  6.998  182.523
17.710  5.000  6.872  177.994
17.720  5.000  6.858  173.425
17.730  5.000  6.773  169.178
17.740  5.000  6.768  164.980
17.750  5.000  6.640  160.822
17.760  5.000  6.562  156.637
17.770  5.000  6.453  152.498
17.780  5.000  6.472  148.470
17.790  5.000  6.375  144.403
17.800  5.000  6.326  139.898
17.810  5.000  6.185  135.162
17.820  5.000  6.204  130.874
17.830  5.000  6.152  126.700
17.840  5.000  6.056  122.162
17.850  5.000  6.005  117.570
17.860  5.000  6.007  113.418
17.870  5.000  5.948  109.162
17.880  5.000  5.827  104.841
17.890  5.000  5.836  100.960
17.900  5.000  5.728  96.802
17.910  5.000  5.714  92.331
17.920  5.000  5.618  87.830
17.930  5.000  5.574  83.657
17.940  5.000  5.478  79.663
17.950  5.000  5.411  75.839
17.960  5.000  5.354  72.024
17.970  5.000  5.214  68.207
17.980  5.000  5.205  64.646
17.990  5.000  5.133  60.599
18.000  5.000  5.126  56.674
18.010  5.000  5.002  53.198
18.020  5.000  4.995  49.656
18.030  5.000  4.933  46.158
18.040  5.000  4.869  42.409
18.050  5.000  4.841  38.634
18.060  5.000  4.796  35.134
18.070  5.000  4.753  31.356
18.080  5.000  4.665  27.687
18.090  5.000  4.650  24.219
18.100  5.000  4.571  20.783
18.110  5.000  4.560  17.475
18.120  5.000  4.542  13.826
18.130  5.000  4.543  10.251
18.140  5.000  4.428  7.013
18.150  5.000  4.421  3.844
18.160  5.000  4.358  0.726
18.170  5.000  4.301  -2.347
18.180  5.000  4.299  -5.353
18.190  5.000  4.263  -8.314
18.200  5.000  4.209  -11.241
18.210  5.000  4.211  -14.114
18.220  5.000  4.147  -16.925
18.230  5.000  4.114  -19.875
18.240  5.000  4.132  -22.946
18.250  5.000  4.094  -25.974
18.260  5.000  4.045  -28.816
18.270  5.000  4.087  -31.411
18.280  5.000  4.037  -33.911
18.290  5.000  4.064  -36.349
18.300  5.000  4.028  -38.748
18.310  5.000  3.989  -41.145
18.320  5.000  3.949  -43.458
18.330  5.000  3.964  -45.601
18.340  5.000  3.989  -47.734
18.350  5.000  3.863  -50.023
18.360  5.000  3.869  -52.215
18.370  5.000  3.863  -54.351
18.380  5.000  3.868  -56.629
18.390  5.000  3.883  -58.642
18.400  5.000  3.995  -60.450
18.410  5.000  3.982  -62.140
18.420  5.000  4.013  -63.505
18.430  5.000  4.044  -64.812
18.440  5.000  4.123  -65.925
18.450  5.000  4.274  -66.818
18.460  5.000  4.251  -67.709
18.470  5.000  4.063  -68.545
18.480  5.000  4.078  -69.219
18.490  5.000  4.057  -69.740
18.500  5.000  3.929  -70.444
18.510  5.000  3.889  -71.210
18.520  5.000  4.010  -71.756
18.530  5.000  4.288  -72.096
18.540  5.000  4.301  -72.114
18.550  5.000  4.293  -72.018
18.560  5.000  4.239  -71.686
18.570  5.000  4.330  -71.072
18.580  5.000  4.442  -70.458
18.590  5.000  4.358  -69.691
18.600  5.000  4.299  -68.829
18.610  5.000  4.200  -67.803
18.620  5.000  4.377  -66.653
18.630  5.000  4.251  -65.648
18.640  5.000  4.439  -64.781
18.650  5.000  4.481  -63.905
18.660  5.000  4.496  -62.901
18.670  5.000  4.470  -61.840
18.680  5.000  4.601  -60.821
18.690  5.000  4.803  -59.786
18.700  5.000  4.652  -58.491
18.710  5.000  4.714  -56.944
18.720  5.000  4.783  -55.606
18.730  5.000  4.630  -54.216
18.740  5.000  4.795  -52.486
18.750  5.000  4.839  -50.451
18.760  5.000  4.956  -48.237
18.770  5.000  4.781  -46.240
18.780  5.000  4.893  -44.572
18.790  5.000  5.338  -43.205
18.800  5.000  5.206  -41.579
18.810  5.000  4.968  -39.449
18.820  5.000  5.175  -37.301
18.830  5.000  5.337  -35.340
18.840  5.000  5.106  -33.544
18.850  5.000  5.137  -31.795
18.860  5.000  5.060  -30.054
18.870  5.000  5.086  -28.433
18.880  5.000  5.463  -27.032
18.890  5.000  5.248  -25.771
18.900  5.000  5.199  -24.601
18.910  5.000  5.254  -23.530
18.920  5.000  5.285  -22.452
18.930  5.000  5.146  -21.381
18.940  5.000  5.260  -20.377
18.950  5.000  5.143  -19.421
18.960  5.000  5.332  -18.596
18.970  5.000  5.304  -17.708
18.980  5.000  5.410  -16.811
18.990  5.000  5.330  -16.139
19.000  5.000  5.418  -15.395
19.010  5.000  5.605  -14.690
19.020  5.000  5.541  -14.182
19.030  5.000  5.468  -13.619
19.040  5.000  5.292  -12.969
19.050  5.000  5.377  -12.341
19.060  5.000  5.514  -11.795
19.070  5.000  5.360  -11.338
19.080  5.000  5.311  -10.903
19.090  5.000  5.408  -10.462
19.100  5.000  5.434  -10.222
19.110  6.000  5.380  -10.053
19.120  7.000  5.269  -9.601
19.130  8.000  5.503  -9.065
19.140  9.000  5.792  -8.433
19.150  10.000  6.076  -7.530
19.160  11.000  6.382  -6.002
19.170  12.000  7.586  -3.832
19.180  13.000  7.911  -1.124
19.190  14.000  7.746  2.821
19.200  15.000  9.438  7.999
19.210  15.000  10.180  14.614
19.220  15.000  11.102  22.496
19.230  15.000  12.216  30.982
19.240  15.000  12.536  40.057
19.250  15.000  13.957  49.744
19.260  15.000  14.206  59.718
19.270  15.000  13.684  70.040
19.280  15.000  14.687  80.810
19.290  15.000  14.883  91.038
19.300  15.000  14.502  101.291
19.310  15.000  15.370  111.888
19.320  15.000  15.719  122.291
19.330  15.000  15.273  133.048
19.340  15.000  15.974  143.399
19.350  15.000  15.099  153.814
19.360  15.000  15.386  164.879
19.370  15.000  15.957  175.208
19.380  15.000  16.189  185.235
19.390  15.000  15.181  195.644
19.400  15.000  15.388  205.956
19.410  15.000  15.508  216.057
19.420  15.000  17.035  225.381
19.430  15.000  16.091  234.184
19.440  15.000  16.389  243.068
19.450  15.000  16.327  251.950
19.460  15.000  15.833  261.422
19.470  15.000  16.265  270.717
19.480  15.000  16.149  279.534
19.490  15.000  15.893  288.091
19.500  15.000  15.314  296.624
19.510  15.000  15.373  304.697
19.520  15.000  15.003  312.107
19.530  15.000  14.857  319.410
19.540  15.000  15.945  326.011
19.550  15.000  15.551  332.671
19.560  15.000  15.785  339.623
19.570  15.000  15.781  345.849
19.580  15.000  15.288  351.734
19.590  15.000  14.945  357.900
19.600  15.000  15.170  364.057
19.610  15.000  15.428  369.972
19.620  15.000  15.167  375.679
19.630  15.000  16.453  381.042
19.640  15.000  15.314  386.676
19.650  15.000  14.833  392.682
19.660  15.000  15.558  398.120
19.670  15.000  15.740  403.049
19.680  15.000  15.555  407.698
19.690  15.000  15.616  412.014
19.700  15.000  15.075  416.448
19.710  15.000  15.490  421.023
19.720  15.000  15.554  425.317
19.730  15.000  16.075  429.333
19.740  15.000  15.649  433.290
19.750  15.000  15.123  437.402
19.760  15.000  15.649  441.325
19.770  15.000  16.010  444.920
19.780  15.000  15.881  448.325
19.790  15.000  14.582  451.698
19.800  15.000  14.984  455.060
19.810  15.000  15.292  458.326
19.820  15.000  15.987  461.172
19.830  15.000  15.811  463.582
19.840  15.000  15.398  466.013
19.850  15.000  15.656  468.273
19.860  15.000  15.419  470.642
19.870  15.000  15.774  473.078
19.880  15.000  16.318  475.275
19.890  15.000  15.735  477.422
19.900  15.000  15.191  479.598
19.910  15.000  15.554  481.680
19.920  15.000  15.350  483.557
19.930  15.000  15.881  485.143
19.940  15.000  15.591  486.383
19.950  15.000  15.494  487.617
19.960  15.000  15.220  488.872
19.970  15.000  15.504  489.908
19.980  15.000  15.774  490.591
19.990  15.000  15.568  491.225
20.000  15.000  15.475  492.126
20.010  15.000  15.562  492.940
20.020  15.000  15.474  493.560
20.030  15.000  15.386  494.174
20.040  15.000  15.448  494.714
20.050  15.000  15.573  495.303
20.060  15.000  15.057  495.880
20.070  15.000  15.328  496.059
20.080  15.000  15.580  496.062
20.090  15.000  15.408  496.162
20.100  15.000  15.098  496.335
20.110  5.000  15.319  496.391
20.120  5.000  14.910  495.905
20.130  5.000  13.060  494.289
20.140  5.000  11.097  491.626
20.150  5.000  11.460  486.983
20.160  5.000  11.533  481.437
20.170  5.000  11.744  475.897
20.180  5.000  11.530  470.065
20.190  5.000  11.230  464.235
20.200  5.000  11.047  458.015
20.210  5.000  11.061  452.235
20.220  5.000  11.057  446.386
20.230  5.000  10.803  440.798
20.240  5.000  10.711  435.085
20.250  5.000  10.540  429.235
20.260  5.000  10.425  424.118
20.270  5.000  10.350  418.911
20.280  5.000  10.291  413.556
20.290  5.000  10.269  408.255
20.300  5.000  10.231  403.158
20.310  5.000  10.044  398.129
20.320  5.000  9.981  393.032
20.330  5.000  10.035  387.676
20.340  5.000  9.628  382.451
20.350  5.000  9.645  377.109
20.360  5.000  9.627  371.303
20.370  5.000  9.559  365.564
20.380  5.000  9.450  359.687
20.390  5.000  9.364  354.486
20.400  5.000  9.321  349.806
20.410  5.000  9.229  344.535
20.420  5.000  9.056  339.046
20.430  5.000  9.056  333.828
20.440  5.000  8.868  329.012
20.450  5.000  8.841  324.350
20.460  5.000  8.733  319.806
20.470  5.000  8.743  315.133
20.480  5.000  8.805  310.356
20.490  5.000  8.652  305.840
20.500  5.000  8.675  300.583
20.510  5.000  8.389  295.516
20.520  5.000  8.388  290.495
20.530  5.000  8.345  285.233
20.540  5.000  8.298  280.173
20.550  5.000  8.311  275.349
20.560  5.000  8.014  271.115
20.570  5.000  7.905  266.383
20.580  5.000  7.983  260.905
20.590  5.000  7.851  255.708
20.600  5.000  7.695  250.948
20.610  5.000  7.715  246.228
20.620  5.000  7.582  241.831
20.630  5.000  7.500  237.416
20.640  5.000  7.530  232.532
20.650  5.000  7.467  227.631
20.660  5.000  7.454  222.709
20.670  5.000  7.368  218.013
20.680  5.000  7.241  213.492
20.690  5.000  7.096  208.396
20.700  5.000  7.057  203.845
20.710  5.000  6.991  199.909
20.720  5.000  6.879  195.443
20.730  5.000  6.862  191.058
20.740  5.000  6.875  186.659
20.750  5.000  6.682  182.167
20.760  5.000  6.765  178.093
20.770  5.000  6.715  173.562
20.780  5.000  6.513  169.022
20.790  5.000  6.469  164.683
20.800  5.000  6.437  160.285
20.810  5.000  6.294  155.782
20.820  5.000  6.300  151.481
20.830  5.000  6.154  147.425
20.840  5.000  6.191  142.943
20.850  5.000  6.142  138.748
20.860  5.000  6.044  135.123
20.870  5.000  6.010  131.417
20.880  5.000  5.979  127.515
20.890  5.000  5.872  123.670
20.900  5.000  5.732  119.838
20.910  5.000  5.731  116.094
20.920  5.000  5.627  112.104
20.930  5.000  5.589  107.850
20.940  5.000  5.509  103.895
20.950  5.000  5.533  100.033
20.960  5.000  5.483  96.203
20.970  5.000  5.371  92.461
20.980  5.000  5.341  88.887
20.990  5.000  5.219  85.495
21.000  5.000  5.210  82.046
21.010  5.000  5.146  78.249
21.020  5.000  5.203  74.361
21.030  5.000  5.063  70.825
21.040  5.000  4.973  67.385
21.050  5.000  4.979  63.594
21.060  5.000  4.914  59.915
21.070  5.000  4.808  56.249
21.080  5.000  4.787  52.557
21.090  5.000  4.769  48.734
21.100  5.000  4.664  44.601
21.110  5.000  4.644  41.042
21.120  5.000  4.613  37.809
21.130  5.000  4.523  34.449
21.140  5.000  4.452  31.232
21.150  5.000  4.445  27.780
21.160  5.000  4.434  24.227
21.170  5.000  4.382  21.190
21.180  5.000  4.364  18.168
21.190  5.000  4.390  15.001
21.200  5.000  4.300  12.018
21.210  5.000  4.259  8.991
21.220  5.000  4.243  5.902
21.230  5.000  4.248  2.464
21.240  5.000  4.207  -0.837
21.250  5.000  4.156  -3.552
21.260  5.000  4.084  -6.316
21.270  5.000  4.070  -9.005
21.280  5.000  4.033  -12.034
21.290  5.000  4.108  -15.020
21.300  5.000  4.117  -17.470
21.310  5.000  4.030  -19.841
21.320  5.000  4.001  -22.138
21.330  5.000  3.945  -24.436
21.340  5.000  3.988  -26.710
21.350  5.000  3.970  -28.915
21.360  5.000  3.914  -30.984
21.370  5.000  3.864  -32.913
21.380  5.000  3.792  -34.826
21.390  5.000  3.798  -36.717
21.400  5.000  3.852  -38.740
21.410  5.000  3.863  -40.757
21.420  5.000  4.008  -42.649
21.430  5.000  4.061  -44.477
21.440  5.000  4.088  -45.942
21.450  5.000  4.039  -47.187
21.460  5.000  4.223  -48.441
21.470  5.000  4.270  -49.549
21.480  5.000  4.216  -50.379
21.490  5.000  4.058  -51.037
21.500  5.000  3.895  -51.640
21.510  5.000  3.892  -52.260
21.520  5.000  3.911  -52.711
21.530  5.000  3.999  -53.026
21.540  5.000  4.173  -53.367
21.550  5.000  4.325  -53.764
21.560  5.000  4.325  -53.901
21.570  5.000  4.148  -53.618
21.580  5.000  4.269  -53.256
21.590  5.000  4.338  -52.820
21.600  5.000  4.221  -52.146
21.610  5.000  4.347  -51.391
21.620  5.000  4.300  -50.524
21.630  5.000  4.269  -49.285
21.640  5.000  4.360  -48.104
21.650  5.000  4.456  -47.175
21.660  5.000  4.332  -46.273
21.670  5.000  4.517  -45.338
21.680  5.000  4.466  -44.211
21.690  5.000  4.484  -42.870
21.700  5.000  4.684  -41.457
21.710  5.000  4.728  -39.913
21.720  5.000  4.638  -38.211
21.730  5.000  4.813  -36.509
21.740  5.000  4.881  -34.687
21.750  5.000  4.823  -32.593
21.760  5.000  4.736  -30.312
21.770  5.000  4.801  -28.075
21.780  5.000  5.050  -26.004
21.790  5.000  4.913  -24.050
21.800  5.000  4.942  -22.245
21.810  5.000  5.010  -20.368
21.820  5.000  5.078  -18.435
21.830  5.000  5.137  -16.497
21.840  5.000  5.128  -14.602
21.850  5.000  5.208  -12.959
21.860  5.000  5.086  -11.286
21.870  5.000  5.175  -9.454
21.880  5.000  5.140  -7.869
21.890  5.000  5.141  -6.422
21.900  5.000  5.099  -4.901
21.910  5.000  5.323  -3.581
21.920  5.000  5.398  -2.391
21.930  5.000  5.266  -1.088
21.940  5.000  5.150  0.182
21.950  5.000  5.137  1.412
21.960  5.000  5.346  2.460
21.970  5.000  5.291  3.308
21.980  5.000  5.446  4.188
21.990  5.000  5.294  5.145
22.000  5.000  5.279  6.161
22.010  5.000  5.396  7.082
22.020  5.000  5.522  8.032
22.030  5.000  5.583  8.772
22.040  5.000  5.511  9.426
22.050  5.000  5.290  10.253
22.060  5.000  5.595  10.989
22.070  5.000  5.398  11.675
22.080  5.000  5.351  12.357
22.090  5.000  5.399  12.889
22.100  5.000  5.354  13.383
22.110  5.000  5.245  13.889
22.120  6.000  5.546  14.164
22.130  7.000  5.492  14.398
22.140  8.000  5.512  14.786
22.150  9.000  5.995  15.212
22.160  10.000  6.007  16.003
22.170  11.000  6.581  17.586
22.180  12.000  7.697  19.774
22.190  13.000  7.756  22.589
22.200  14.000  8.106  26.204
22.210  15.000  9.471  30.955
22.220  15.000  9.860  37.286
22.230  15.000  11.281  44.726
22.240  15.000  11.805  53.307
22.250  15.000  13.465  62.668
22.260  15.000  13.351  72.327
22.270  15.000  13.086  82.567
22.280  15.000  14.296  93.062
22.290  15.000  14.443  103.504
22.300  15.000  15.977  113.729
22.310  15.000  15.036  123.894
22.320  15.000  15.667  133.890
22.330  15.000  14.784  144.120
22.340  15.000  15.706  154.440
22.350  15.000  14.981  164.937
22.360  15.000  16.047  175.420
22.370  15.000  15.487  185.793
22.380  15.000  15.576  196.307
22.390  15.000  15.683  206.286
22.400  15.000  16.326  215.635
22.410  15.000  15.379  224.951
22.420  15.000  15.405  234.826
22.430  15.000  15.943  244.977
22.440  15.000  15.892  254.523
22.450  15.000  16.017  263.064
22.460  15.000  16.433  271.439
22.470  15.000  16.583  280.236
22.480  15.000  15.711  289.128
22.490  15.000  15.816  297.653
22.500  15.000  15.538  305.860
22.510  15.000  15.739  313.158
22.520  15.000  15.042  320.186
22.530  15.000  14.749  327.448
22.540  15.000  15.398  334.496
22.550  15.000  15.769  341.534
22.560  15.000  15.745  348.012
22.570  15.000  15.020  354.459
22.580  15.000  16.400  360.667
22.590  15.000  15.568  366.719
22.600  15.000  14.812  373.159
22.610  15.000  15.284  379.240
22.620  15.000  15.394  384.942
22.630  15.000  15.755  390.478
22.640  15.000  15.675  396.147
22.650  15.000  15.701  401.609
22.660  15.000  15.289  406.695
22.670  15.000  15.224  411.805
22.680  15.000  15.735  416.669
22.690  15.000  15.431  421.487
22.700  15.000  15.625  426.328
22.710  15.000  15.204  430.847
22.720  15.000  15.127  435.009
22.730  15.000  15.641  438.794
22.740  15.000  15.399  442.853
22.750  15.000  15.929  446.960
22.760  15.000  15.857  450.793
22.770  15.000  15.595  454.561
22.780  15.000  15.684  458.008
22.790  15.000  15.380  461.171
22.800  15.000  15.489  464.133
22.810  15.000  15.552  466.871
22.820  15.000  15.396  469.413
22.830  15.000  15.515  471.771
22.840  15.000  15.493  474.122
22.850  15.000  15.544  476.496
22.860  15.000  15.388  478.818
22.870  15.000  15.895  481.106
22.880  15.000  15.590  483.399
22.890  15.000  15.189  485.788
22.900  15.000  15.669  488.102
22.910  15.000  15.780  490.220
22.920  15.000  15.422  492.241
22.930  15.000  15.641  493.965
22.940  15.000  15.669  495.414
22.950  15.000  15.378  496.716
22.960  15.000  15.425  497.766
22.970  15.000  15.282  498.843
22.980  15.000  15.631  499.720
22.990  15.000  15.785  500.339
23.000  15.000  15.161  501.147
23.010  15.000  15.666  501.961
23.020  15.000  15.264  502.639
23.030  15.000  15.600  503.270
23.040  15.000  15.444  503.760
23.050  15.000  15.570  504.157
23.060  15.000  15.611  504.517
23.070  15.000  15.468  504.734
23.080  15.000  15.415  504.865
23.090  15.000  15.552  504.877
23.100  15.000  15.395  504.788
23.110  15.000  15.305  504.697
23.120  5.000  15.195  504.487
23.130  5.000  14.746  503.764
23.140  5.000  13.091  501.988
23.150  5.000  11.022  499.421
23.160  5.000  11.317  494.951
23.170  5.000  11.469  489.557
23.180  5.000  11.848  484.063
23.190  5.000  11.493  477.486
23.200  5.000  11.370  471.296
23.210  5.000  11.010  465.335
23.220  5.000  11.017  459.085
23.230  5.000  11.160  453.367
23.240  5.000  10.901  447.511
23.250  5.000  10.735  441.699
23.260  5.000  10.631  435.856
23.270  5.000  10.464  429.585
23.280  5.000  10.326  424.103
23.290  5.000  10.327  418.665
23.300  5.000  10.161  413.200
23.310  5.000  10.198  408.193
23.320  5.000  10.124  402.518
23.330  5.000  9.941  396.691
23.340  5.000  9.968  391.199
23.350  5.000  9.902  385.730
23.360  5.000  9.711  380.008
23.370  5.000  9.733  374.462
23.380  5.000  9.620  368.934
23.390  5.000  9.516  363.482
23.400  5.000  9.340  358.448
23.410  5.000  9.347  352.990
23.420  5.000  9.305  347.750
23.430  5.000  9.176  342.299
23.440  5.000  9.088  336.953
23.450  5.000  8.947  331.857
23.460  5.000  8.910  326.317
23.470  5.000  8.806  320.684
23.480  5.000  8.741  315.592
23.490  5.000  8.625  311.035
23.500  5.000  8.486  306.460
23.510  5.000  8.419  301.863
23.520  5.000  8.442  296.806
23.530  5.000  8.382  291.607
23.540  5.000  8.247  286.853
23.550  5.000  8.200  282.283
23.560  5.000  8.032  277.435
23.570  5.000  8.098  272.426
23.580  5.000  8.086  267.326
23.590  5.000  7.934  262.437
23.600  5.000  7.863  257.582
23.610  5.000  7.796  252.341
23.620  5.000  7.789  247.560
23.630  5.000  7.586  243.154
23.640  5.000  7.517  238.122
23.650  5.000  7.521  232.629
23.660  5.000  7.373  227.628
23.670  5.000  7.400  223.230
23.680  5.000  7.308  218.291
23.690  5.000  7.277  212.935
23.700  5.000  7.167  207.852
23.710  5.000  6.976  203.255
23.720  5.000  6.918  199.066
23.730  5.000  6.897  194.417
23.740  5.000  6.815  189.753
23.750  5.000  6.744  185.162
23.760  5.000  6.716  180.594
23.770  5.000  6.618  176.441
23.780  5.000  6.509  172.217
23.790  5.000  6.479  167.680
23.800  5.000  6.427  163.013
23.810  5.000  6.391  158.622
23.820  5.000  6.341  154.481
23.830  5.000  6.278  150.088
23.840  5.000  6.193  145.432
23.850  5.000  6.089  141.226
23.860  5.000  6.087  137.066
23.870  5.000  6.027  132.738
23.880  5.000  5.903  128.798
23.890  5.000  5.844  124.877
23.900  5.000  5.822  120.932
23.910  5.000  5.811  116.984
23.920  5.000  5.725  113.009
23.930  5.000  5.703  108.890
23.940  5.000  5.602  104.770
23.950  5.000  5.552  101.000
23.960  5.000  5.493  97.021
23.970  5.000  5.430  92.653
23.980  5.000  5.374  88.547
23.990  5.000  5.303  84.759
24.000  5.000  5.187  81.007
24.010  5.000  5.198  76.900
24.020  5.000  5.146  72.870
24.030  5.000  5.015  69.350
24.040  5.000  5.039  65.532
24.050  5.000  4.993  61.350
24.060  5.000  4.919  57.442
24.070  5.000  4.823  53.614
24.080  5.000  4.836  49.445
24.090  5.000  4.791  45.529
24.100  5.000  4.794  41.853
24.110  5.000  4.599  38.245
24.120  5.000  4.568  34.809
24.130  5.000  4.583  31.142
24.140  5.000  4.571  27.559
24.150  5.000  4.573  24.123
24.160  5.000  4.467  20.639
24.170  5.000  4.425  17.202
24.180  5.000  4.372  13.773
24.190  5.000  4.360  10.466
24.200  5.000  4.311  7.264
24.210  5.000  4.260  4.211
24.220  5.000  4.267  0.807
24.230  5.000  4.198  -3.034
24.240  5.000  4.182  -6.470
24.250  5.000  4.154  -9.401
24.260  5.000  4.129  -12.339
24.270  5.000  4.129  -15.443
24.280  5.000  4.057  -18.425
24.290  5.000  4.064  -21.163
24.300  5.000  4.072  -23.848
24.310  5.000  4.053  -26.426
24.320  5.000  4.029  -29.000
24.330  5.000  3.971  -31.573
24.340  5.000  3.920  -33.905
24.350  5.000  3.958  -36.177
24.360  5.000  3.935  -38.502
24.370  5.000  3.892  -40.814
24.380  5.000  3.929  -43.064
24.390  5.000  3.836  -45.415
24.400  5.000  3.826  -47.834
24.410  5.000  3.857  -50.068
24.420  5.000  3.918  -52.105
24.430  5.000  4.002  -53.938
24.440  5.000  4.002  -55.540
24.450  5.000  4.044  -56.975
24.460  5.000  4.107  -58.237
24.470  5.000  4.146  -59.274
24.480  5.000  4.144  -60.123
24.490  5.000  4.125  -60.839
24.500  5.000  4.023  -61.483
24.510  5.000  3.987  -62.086
24.520  5.000  4.097  -62.726
24.530  5.000  3.928  -63.480
24.540  5.000  4.074  -64.097
24.550  5.000  4.232  -64.659
24.560  5.000  4.404  -65.193
24.570  5.000  4.296  -65.428
24.580  5.000  4.237  -65.409
24.590  5.000  4.163  -65.061
24.600  5.000  4.350  -64.528
24.610  5.000  4.535  -63.965
24.620  5.000  4.347  -62.998
24.630  5.000  4.244  -61.813
24.640  5.000  4.304  -60.951
24.650  5.000  4.420  -60.231
24.660  5.000  4.297  -59.148
24.670  5.000  4.423  -58.015
24.680  5.000  4.371  -57.145
24.690  5.000  4.447  -56.244
24.700  5.000  4.580  -55.246
24.710  5.000  4.566  -54.080
24.720  5.000  4.698  -52.731
24.730  5.000  4.653  -51.055
24.740  5.000  4.750  -49.208
24.750  5.000  4.836  -47.519
24.760  5.000  4.944  -45.914
24.770  5.000  4.765  -44.287
24.780  5.000  4.905  -42.656
24.790  5.000  4.959  -41.089
24.800  5.000  4.974  -39.492
24.810  5.000  5.161  -37.856
24.820  5.000  4.988  -36.132
24.830  5.000  4.814  -34.311
24.840  5.000  5.123  -32.633
24.850  5.000  5.133  -31.004
24.860  5.000  5.279  -29.427
24.870  5.000  4.969  -27.781
24.880  5.000  5.235  -26.008
24.890  5.000  5.140  -24.308
24.900  5.000  5.243  -22.828
24.910  5.000  5.101  -21.541
24.920  5.000  5.441  -20.428
24.930  5.000  5.250  -19.217
24.940  5.000  4.993  -17.754
24.950  5.000  5.215  -16.457
24.960  5.000  5.277  -15.445
24.970  5.000  5.477  -14.617
24.980  5.000  5.360  -13.814
24.990  5.000  5.191  -13.060
25.000  5.000  5.175  -12.356
25.010  5.000  5.444  -11.566
25.020  5.000  5.532  -10.748
25.030  5.000  5.345  -9.929
25.040  5.000  5.338  -9.070
25.050  5.000  5.308  -8.225
25.060  5.000  5.360  -7.367
25.070  5.000  5.301  -6.477
25.080  5.000  5.375  -5.879
25.090  5.000  5.529  -5.452
25.100  5.000  5.623  -5.021
25.110  5.000  5.521  -4.637
25.120  5.000  5.459  -4.343
25.130  6.000  5.308  -4.052
25.140  7.000  5.256  -3.523
25.150  8.000  5.659  -3.142
25.160  9.000  5.796  -2.642
25.170  10.000  5.922  -1.647
25.180  11.000  6.487  0.060
25.190  12.000  7.562  2.463
25.200  13.000  7.559  5.555
25.210  14.000  7.722  9.518
25.220  15.000  10.029  14.256
25.230  15.000  10.863  20.187
25.240  15.000  12.106  27.100
25.250  15.000  11.695  35.335
25.260  15.000  12.673  44.971
25.270  15.000  12.397  55.239
25.280  15.000  13.613  65.313
25.290  15.000  14.365  75.379
25.300  15.000  14.628  86.014
25.310  15.000  14.990  96.654
25.320  15.000  15.565  107.277
25.330  15.000  15.979  117.948
25.340  15.000  14.726  128.828
25.350  15.000  15.230  139.670
25.360  15.000  15.793  149.464
25.370  15.000  15.366  159.335
25.380  15.000  15.833  170.100
25.390  15.000  15.181  181.217
25.400  15.000  15.338  191.821
25.410  15.000  16.702  201.144
25.420  15.000  15.709  209.799
25.430  15.000  16.248  218.410
25.440  15.000  15.770  227.572
25.450  15.000  15.487  237.418
25.460  15.000  15.682  247.023
25.470  15.000  15.648  256.185
25.480  15.000  15.857  265.407
25.490  15.000  15.578  274.172
25.500  15.000  16.135  282.256
25.510  15.000  15.762  290.531
25.520  15.000  15.802  298.695
25.530  15.000  15.367  306.553
25.540  15.000  15.140  314.493
25.550  15.000  15.447  321.992
25.560  15.000  15.859  328.977
25.570  15.000  15.941  335.592
25.580  15.000  15.471  342.360
25.590  15.000  15.337  349.456
25.600  15.000  16.087  356.244
25.610  15.000  16.182  362.591
25.620  15.000  15.559  368.283
25.630  15.000  15.305  373.713
25.640  15.000  15.755  379.233
25.650  15.000  15.742  384.428
25.660  15.000  15.241  389.497
25.670  15.000  15.367  394.309
25.680  15.000  15.348  398.886
25.690  15.000  15.764  403.358
25.700  15.000  15.507  407.775
25.710  15.000  15.461  412.121
25.720  15.000  15.488  416.157
25.730  15.000  15.487  420.026
25.740  15.000  15.444  423.920
25.750  15.000  15.976  427.834
25.760  15.000  15.593  431.784
25.770  15.000  15.409  435.554
25.780  15.000  15.166  439.107
25.790  15.000  15.546  442.339
25.800  15.000  15.703  445.312
25.810  15.000  15.333  448.221
25.820  15.000  15.313  450.947
25.830  15.000  15.304  453.554
25.840  15.000  15.404  455.987
25.850  15.000  15.705  458.296
25.860  15.000  15.516  460.626
25.870  15.000  16.023  462.933
25.880  15.000  15.899  465.208
25.890  15.000  15.604  467.406
25.900  15.000  15.431  469.475
25.910  15.000  15.298  471.612
25.920  15.000  15.479  473.788
25.930  15.000  15.355  475.756
25.940  15.000  15.595  477.439
25.950  15.000  16.076  478.872
25.960  15.000  15.435  480.017
25.970  15.000  15.548  480.909
25.980  15.000  15.418  481.712
25.990  15.000  15.558  482.412
26.000  15.000  15.534  483.118
26.010  15.000  15.573  483.703
26.020  15.000  15.558  484.297
26.030  15.000  15.481  484.979
26.040  15.000  15.508  485.633
26.050  15.000  15.720  486.326
26.060  15.000  15.541  486.719
26.070  15.000  15.411  486.868
26.080  15.000  15.444  487.102
26.090  15.000  15.152  487.383
26.100  15.000  15.180  487.533
26.110  15.000  15.301  487.469
26.120  15.000  15.252  487.159
26.130  5.000  15.140  486.678
26.140  5.000  14.731  485.909
26.150  5.000  12.976  484.100
26.160  5.000  11.079  481.349
26.170  5.000  11.462  476.874
26.180  5.000  11.429  471.589
26.190  5.000  11.709  466.618
26.200  5.000  11.401  460.696
26.210  5.000  11.205  454.823
26.220  5.000  11.070  449.104
26.230  5.000  11.044  443.530
26.240  5.000  11.051  438.013
26.250  5.000  11.047  432.469
26.260  5.000  10.717  427.217
26.270  5.000  10.468  421.464
26.280  5.000  10.402  415.454
26.290  5.000  10.365  409.493
26.300  5.000  10.191  404.063
26.310  5.000  10.192  398.887
26.320  5.000  10.200  393.056
26.330  5.000  9.951  387.503
26.340  5.000  9.909  382.013
26.350  5.000  9.824  376.468
26.360  5.000  9.706  370.990
26.370  5.000  9.586  365.453
26.380  5.000  9.532  360.439
26.390  5.000  9.445  355.515
26.400  5.000  9.406  350.118
26.410  5.000  9.329  344.693
26.420  5.000  9.281  339.565
26.430  5.000  9.106  334.111
26.440  5.000  9.113  328.684
26.450  5.000  9.061  323.871
26.460  5.000  8.979  319.275
26.470  5.000  8.859  314.516
26.480  5.000  8.773  309.831
26.490  5.000  8.771  304.667
26.500  5.000  8.583  299.445
26.510  5.000  8.578  294.750
26.520  5.000  8.432  289.675
26.530  5.000  8.461  284.543
26.540  5.000  8.370  279.446
26.550  5.000  8.373  274.168
26.560  5.000  8.256  268.810
26.570  5.000  8.242  263.474
26.580  5.000  8.024  258.194
26.590  5.000  8.018  253.340
26.600  5.000  7.901  248.372
26.610  5.000  7.927  243.272
26.620  5.000  7.776  238.718
26.630  5.000  7.700  233.891
26.640  5.000  7.544  229.155
