# covent_pc_5
# Captured 2020-06-21 01:12:54.249887 by unknown user
# Built at revision 3df8cc3 (dirty)
time(sec)  pc_setpoint  pressure  volume
0.000  5.000  4.935  -6.303
0.010  5.000  4.945  -6.527
0.020  5.000  4.753  -6.799
0.030  5.000  4.672  -6.927
0.040  5.000  4.798  -6.871
0.050  5.000  4.995  -6.838
0.060  5.000  4.815  -6.913
0.070  5.000  4.896  -6.932
0.080  5.000  4.774  -6.808
0.090  5.000  4.840  -6.442
0.100  5.000  4.997  -6.119
0.110  5.000  4.992  -5.909
0.120  5.000  4.806  -5.582
0.130  5.000  4.818  -5.109
0.140  5.000  4.890  -4.641
0.150  5.000  4.942  -4.359
0.160  5.000  4.947  -4.058
0.170  5.000  4.920  -3.709
0.180  5.000  4.925  -3.441
0.190  5.000  5.047  -3.294
0.200  5.000  5.156  -3.272
0.210  5.000  5.023  -3.081
0.220  5.000  5.104  -2.752
0.230  5.000  5.164  -2.483
0.240  5.000  4.999  -2.232
0.250  5.000  4.949  -1.929
0.260  5.000  5.188  -1.678
0.270  5.000  5.124  -1.514
0.280  5.000  5.091  -1.149
0.290  5.000  5.140  -0.746
0.300  5.000  5.310  -0.703
0.310  5.000  5.152  -0.878
0.320  5.000  5.024  -0.997
0.330  5.000  5.099  -1.000
0.340  5.000  5.035  -0.783
0.350  5.000  5.303  -0.712
0.360  5.000  5.146  -0.802
0.370  5.000  5.095  -0.799
0.380  5.000  4.949  -0.774
0.390  5.000  4.971  -0.701
0.400  5.000  5.180  -0.832
0.410  5.000  5.218  -1.167
0.420  5.000  5.126  -1.365
0.430  5.000  5.031  -1.566
0.440  5.000  4.867  -1.788
0.450  5.000  4.998  -1.983
0.460  5.000  5.014  -2.207
0.470  5.000  5.000  -2.456
0.480  5.000  5.118  -2.760
0.490  6.500  4.858  -2.870
0.500  8.000  5.059  -2.770
0.510  9.500  5.408  -2.416
0.520  11.000  5.919  -1.948
0.530  12.500  6.495  -0.907
0.540  14.000  7.141  1.124
0.550  15.500  9.122  3.903
0.560  17.000  10.483  7.968
0.570  18.500  12.161  13.606
0.580  20.000  14.726  19.970
0.590  20.000  16.325  27.098
0.600  20.000  18.386  35.242
0.610  20.000  20.149  43.696
0.620  20.000  21.258  52.301
0.630  20.000  21.224  61.244
0.640  20.000  22.376  69.877
0.650  20.000  21.723  77.919
0.660  20.000  22.719  85.442
0.670  20.000  22.121  92.827
0.680  20.000  21.952  100.574
0.690  20.000  21.799  108.110
0.700  20.000  22.222  115.080
0.710  20.000  21.501  121.966
0.720  20.000  21.247  128.933
0.730  20.000  20.417  135.419
0.740  20.000  19.524  141.059
0.750  20.000  19.078  146.010
0.760  20.000  18.731  151.021
0.770  20.000  18.692  156.263
0.780  20.000  20.225  161.573
0.790  20.000  20.285  166.899
0.800  20.000  20.608  172.282
0.810  20.000  20.611  177.467
0.820  20.000  20.515  182.409
0.830  20.000  20.221  187.271
0.840  20.000  20.066  191.825
0.850  20.000  19.771  196.421
0.860  20.000  20.684  201.017
0.870  20.000  20.562  205.476
0.880  20.000  20.112  210.239
0.890  20.000  20.486  214.876
0.900  20.000  20.395  219.150
0.910  20.000  20.941  223.266
0.920  20.000  19.893  227.208
0.930  20.000  20.526  231.011
0.940  20.000  19.877  234.840
0.950  20.000  20.747  238.656
0.960  20.000  20.252  242.035
0.970  20.000  20.175  245.238
0.980  20.000  20.429  248.530
0.990  20.000  20.393  251.576
1.000  20.000  20.226  254.419
1.010  20.000  20.840  257.164
1.020  20.000  20.918  259.906
1.030  20.000  20.381  262.707
1.040  20.000  20.471  265.433
1.050  20.000  20.496  267.886
1.060  20.000  20.724  269.826
1.070  20.000  20.232  271.604
1.080  20.000  20.513  273.442
1.090  20.000  19.879  275.258
1.100  20.000  20.227  277.051
1.110  20.000  20.245  278.842
1.120  20.000  20.337  280.559
1.130  20.000  20.482  282.108
1.140  20.000  20.106  283.581
1.150  20.000  20.073  284.934
1.160  20.000  20.558  286.113
1.170  20.000  20.437  287.214
1.180  20.000  20.759  288.265
1.190  20.000  20.429  289.373
1.200  20.000  20.754  290.484
1.210  20.000  20.780  291.480
1.220  20.000  20.748  292.414
1.230  20.000  20.545  293.288
1.240  20.000  20.350  294.050
1.250  20.000  20.667  294.672
1.260  20.000  20.357  295.146
1.270  20.000  20.117  295.489
1.280  20.000  20.109  295.796
1.290  20.000  20.408  295.724
1.300  20.000  20.566  295.331
1.310  20.000  20.525  294.913
1.320  20.000  20.000  294.518
1.330  20.000  20.400  294.084
1.340  20.000  20.042  293.727
1.350  20.000  20.432  293.322
1.360  20.000  20.149  292.790
1.370  20.000  20.089  292.275
1.380  20.000  20.166  291.736
1.390  20.000  19.960  291.285
1.400  20.000  20.042  290.862
1.410  20.000  20.270  290.395
1.420  20.000  19.841  289.990
1.430  20.000  20.027  289.777
1.440  20.000  19.876  289.552
1.450  20.000  19.872  289.346
1.460  20.000  19.808  289.149
1.470  20.000  19.841  288.697
1.480  20.000  19.951  288.145
1.490  5.000  19.813  287.741
1.500  5.000  19.269  287.059
1.510  5.000  15.865  285.395
1.520  5.000  12.999  281.034
1.530  5.000  12.587  275.640
1.540  5.000  11.784  270.106
1.550  5.000  11.523  263.858
1.560  5.000  11.334  258.320
1.570  5.000  10.995  252.946
1.580  5.000  10.750  247.196
1.590  5.000  10.525  241.512
1.600  5.000  10.537  236.073
1.610  5.000  10.296  230.303
1.620  5.000  10.063  224.510
1.630  5.000  9.859  219.069
1.640  5.000  9.643  213.878
1.650  5.000  9.485  208.374
1.660  5.000  9.307  202.801
1.670  5.000  9.201  197.276
1.680  5.000  8.918  191.867
1.690  5.000  8.822  186.591
1.700  5.000  8.633  181.153
1.710  5.000  8.624  175.686
1.720  5.000  8.345  170.124
1.730  5.000  8.233  164.789
1.740  5.000  8.091  159.543
1.750  5.000  7.897  154.506
1.760  5.000  7.791  149.538
1.770  5.000  7.671  144.168
1.780  5.000  7.441  138.803
1.790  5.000  7.224  134.142
1.800  5.000  7.166  129.478
1.810  5.000  7.037  124.383
1.820  5.000  6.862  119.684
1.830  5.000  6.684  115.405
1.840  5.000  6.613  111.050
1.850  5.000  6.511  106.283
1.860  5.000  6.412  101.664
1.870  5.000  6.281  97.168
1.880  5.000  6.067  92.829
1.890  5.000  5.918  88.883
1.900  5.000  5.755  85.024
1.910  5.000  5.579  80.884
1.920  5.000  5.569  76.595
1.930  5.000  5.419  72.465
1.940  5.000  5.332  68.450
1.950  5.000  5.205  64.356
1.960  5.000  5.114  60.427
1.970  5.000  4.957  56.628
1.980  5.000  4.785  52.876
1.990  5.000  4.697  49.461
2.000  5.000  4.646  45.957
2.010  5.000  4.483  42.608
2.020  5.000  4.357  39.040
2.030  5.000  4.348  35.062
2.040  5.000  4.189  31.699
2.050  5.000  4.124  28.329
2.060  5.000  4.032  24.869
2.070  5.000  3.891  22.063
2.080  5.000  3.814  19.167
2.090  5.000  3.795  15.890
2.100  5.000  3.742  12.835
2.110  5.000  3.704  10.116
2.120  5.000  3.648  7.619
2.130  5.000  3.619  5.199
2.140  5.000  3.624  2.605
2.150  5.000  3.503  0.297
2.160  5.000  3.498  -1.791
2.170  5.000  3.467  -3.829
2.180  5.000  3.454  -5.917
2.190  5.000  3.477  -8.272
2.200  5.000  3.420  -10.355
2.210  5.000  3.356  -12.132
2.220  5.000  3.399  -13.837
2.230  5.000  3.486  -15.430
2.240  5.000  3.633  -16.826
2.250  5.000  3.824  -17.866
2.260  5.000  3.866  -18.802
2.270  5.000  3.991  -19.655
2.280  5.000  3.923  -20.437
2.290  5.000  3.863  -21.169
2.300  5.000  3.613  -21.692
2.310  5.000  3.745  -22.230
2.320  5.000  3.919  -22.553
2.330  5.000  4.112  -22.315
2.340  5.000  4.023  -21.684
2.350  5.000  4.293  -21.161
2.360  5.000  4.294  -20.720
2.370  5.000  4.429  -20.192
2.380  5.000  4.335  -19.401
2.390  5.000  4.377  -18.403
2.400  5.000  4.438  -17.595
2.410  5.000  4.436  -16.554
2.420  5.000  4.510  -15.547
2.430  5.000  4.474  -14.790
2.440  5.000  4.588  -14.054
2.450  5.000  4.750  -13.380
2.460  5.000  4.788  -12.654
2.470  5.000  4.851  -11.820
2.480  5.000  4.972  -10.935
2.490  5.000  4.922  -9.885
2.500  5.000  4.844  -8.581
2.510  5.000  4.868  -7.323
2.520  5.000  5.004  -6.170
2.530  5.000  5.147  -5.244
2.540  5.000  5.203  -4.447
2.550  5.000  5.089  -3.638
2.560  5.000  5.086  -2.995
2.570  5.000  5.262  -2.286
2.580  5.000  5.294  -1.447
2.590  5.000  5.120  -0.628
2.600  5.000  5.379  -0.009
2.610  5.000  5.306  0.612
2.620  5.000  5.271  1.181
2.630  5.000  5.426  1.555
2.640  5.000  5.630  1.933
2.650  5.000  5.377  2.357
2.660  5.000  5.397  2.888
2.670  5.000  5.479  3.475
2.680  5.000  5.570  3.889
2.690  5.000  5.288  4.294
2.700  5.000  5.404  4.709
2.710  5.000  5.362  5.067
2.720  5.000  5.406  5.446
2.730  5.000  5.477  5.674
2.740  5.000  5.380  5.880
2.750  5.000  5.362  5.985
2.760  5.000  5.162  5.885
2.770  5.000  5.299  5.684
2.780  5.000  5.383  5.399
2.790  5.000  5.315  5.032
2.800  5.000  5.152  4.698
2.810  5.000  5.196  4.511
2.820  5.000  5.194  4.410
2.830  5.000  5.065  4.141
2.840  5.000  5.196  3.605
2.850  5.000  5.008  2.887
2.860  5.000  5.030  2.223
2.870  5.000  4.951  1.832
2.880  5.000  5.169  1.202
2.890  5.000  5.002  0.461
2.900  5.000  5.021  -0.108
2.910  5.000  4.879  -0.704
2.920  5.000  4.825  -1.275
2.930  5.000  4.949  -1.886
2.940  5.000  4.834  -2.485
2.950  5.000  4.815  -3.008
2.960  5.000  4.885  -3.448
2.970  5.000  4.897  -3.846
2.980  5.000  4.771  -4.109
2.990  5.000  4.709  -4.317
3.000  5.000  4.820  -4.598
3.010  5.000  4.931  -4.874
3.020  5.000  4.802  -5.196
3.030  5.000  4.774  -5.622
3.040  5.000  4.856  -5.957
3.050  5.000  4.870  -6.207
3.060  5.000  4.774  -6.451
3.070  5.000  4.787  -6.519
3.080  5.000  4.807  -6.426
3.090  5.000  4.891  -6.389
3.100  5.000  4.772  -6.232
3.110  5.000  4.868  -5.905
3.120  5.000  4.774  -5.578
3.130  5.000  4.758  -5.348
3.140  5.000  4.949  -5.085
3.150  5.000  4.766  -4.757
3.160  5.000  4.987  -4.480
3.170  5.000  4.905  -4.192
3.180  5.000  5.050  -3.772
3.190  5.000  4.990  -3.222
3.200  5.000  4.941  -2.777
3.210  5.000  5.077  -2.361
3.220  5.000  5.104  -2.046
3.230  5.000  5.193  -1.864
3.240  5.000  5.100  -1.583
3.250  5.000  5.115  -1.272
3.260  5.000  5.045  -0.954
3.270  5.000  5.082  -0.612
3.280  5.000  5.027  -0.310
3.290  5.000  5.097  -0.219
3.300  5.000  5.160  -0.140
3.310  5.000  5.157  0.248
3.320  5.000  5.028  0.731
3.330  5.000  5.153  1.051
3.340  5.000  5.254  1.192
3.350  5.000  5.132  1.216
3.360  5.000  5.196  1.063
3.370  5.000  5.108  0.789
3.380  5.000  5.149  0.607
3.390  5.000  5.072  0.592
3.400  5.000  5.102  0.661
3.410  5.000  5.041  0.655
3.420  5.000  5.045  0.424
3.430  5.000  5.104  0.140
3.440  5.000  5.021  -0.048
3.450  5.000  5.140  -0.182
3.460  5.000  5.023  -0.334
3.470  5.000  5.067  -0.493
3.480  5.000  4.851  -0.629
3.490  5.000  4.978  -0.789
3.500  6.500  4.968  -1.232
3.510  8.000  5.149  -1.647
3.520  9.500  5.314  -1.554
3.530  11.000  5.692  -0.923
3.540  12.500  6.331  0.585
3.550  14.000  7.461  2.903
3.560  15.500  9.146  5.980
3.570  17.000  10.362  10.234
3.580  18.500  12.386  15.851
3.590  20.000  14.484  22.445
3.600  20.000  16.296  29.893
3.610  20.000  17.915  38.177
3.620  20.000  19.787  46.677
3.630  20.000  20.937  55.324
3.640  20.000  21.565  64.410
3.650  20.000  22.112  73.646
3.660  20.000  22.287  82.363
3.670  20.000  22.238  90.556
3.680  20.000  22.602  98.359
3.690  20.000  22.426  106.256
3.700  20.000  22.128  114.398
3.710  20.000  22.659  122.355
3.720  20.000  23.061  129.807
3.730  20.000  21.713  136.879
3.740  20.000  22.025  143.788
3.750  20.000  21.958  150.253
3.760  20.000  21.119  156.307
3.770  20.000  20.358  162.177
3.780  20.000  19.800  167.585
3.790  20.000  19.170  172.229
3.800  20.000  18.074  176.112
3.810  20.000  17.511  179.306
3.820  20.000  17.602  182.759
3.830  20.000  18.407  186.987
3.840  20.000  19.809  191.458
3.850  20.000  20.348  195.899
3.860  20.000  19.827  200.483
3.870  20.000  20.264  205.015
3.880  20.000  20.076  209.520
3.890  20.000  20.094  214.039
3.900  20.000  20.772  218.387
3.910  20.000  20.919  222.628
3.920  20.000  20.741  226.663
3.930  20.000  20.747  230.440
3.940  20.000  21.058  233.826
3.950  20.000  20.140  237.089
3.960  20.000  20.527  240.006
3.970  20.000  19.919  242.677
3.980  20.000  20.459  245.496
3.990  20.000  19.906  248.448
4.000  20.000  20.388  251.600
4.010  20.000  19.975  254.629
4.020  20.000  20.707  257.385
4.030  20.000  20.512  260.045
4.040  20.000  20.592  262.794
4.050  20.000  20.851  265.379
4.060  20.000  20.114  267.923
4.070  20.000  20.592  270.213
4.080  20.000  20.490  272.193
4.090  20.000  20.497  274.143
4.100  20.000  19.934  276.079
4.110  20.000  20.065  277.858
4.120  20.000  20.497  279.302
4.130  20.000  20.655  280.787
4.140  20.000  20.186  282.314
4.150  20.000  19.944  283.796
4.160  20.000  20.424  285.040
4.170  20.000  20.272  286.170
4.180  20.000  20.423  287.291
4.190  20.000  20.547  288.214
4.200  20.000  20.566  289.198
4.210  20.000  20.217  290.349
4.220  20.000  20.734  291.562
4.230  20.000  20.261  292.729
4.240  20.000  20.759  293.615
4.250  20.000  20.603  294.092
4.260  20.000  20.329  294.763
4.270  20.000  20.496  295.517
4.280  20.000  20.308  295.989
4.290  20.000  20.322  296.395
4.300  20.000  20.613  296.678
4.310  20.000  20.200  296.817
4.320  20.000  20.227  296.731
4.330  20.000  20.496  296.523
4.340  20.000  20.677  296.360
4.350  20.000  19.945  296.149
4.360  20.000  20.370  295.780
4.370  20.000  20.200  295.409
4.380  20.000  20.069  295.038
4.390  20.000  20.156  294.589
4.400  20.000  20.026  294.296
4.410  20.000  20.048  294.093
4.420  20.000  20.002  293.838
4.430  20.000  19.969  293.563
4.440  20.000  19.917  293.320
4.450  20.000  19.914  292.961
4.460  20.000  19.849  292.654
4.470  20.000  19.948  292.322
4.480  20.000  19.948  291.854
4.490  20.000  19.904  291.452
4.500  5.000  19.939  291.021
4.510  5.000  19.186  290.402
4.520  5.000  15.924  288.702
4.530  5.000  13.135  284.962
4.540  5.000  12.685  280.298
4.550  5.000  11.766  274.771
4.560  5.000  11.468  268.718
4.570  5.000  11.335  262.851
4.580  5.000  11.023  256.737
4.590  5.000  10.769  250.839
4.600  5.000  10.667  245.284
4.610  5.000  10.429  239.656
4.620  5.000  10.199  233.995
4.630  5.000  9.952  228.781
4.640  5.000  9.799  223.268
4.650  5.000  9.767  217.771
4.660  5.000  9.482  212.300
4.670  5.000  9.370  206.439
4.680  5.000  9.217  200.719
4.690  5.000  9.003  195.111
4.700  5.000  8.870  189.450
4.710  5.000  8.778  184.078
4.720  5.000  8.631  178.767
4.730  5.000  8.442  173.140
4.740  5.000  8.221  168.069
4.750  5.000  8.081  163.434
4.760  5.000  7.917  158.716
4.770  5.000  7.799  153.983
4.780  5.000  7.722  148.926
4.790  5.000  7.494  143.954
4.800  5.000  7.420  139.378
4.810  5.000  7.308  134.844
4.820  5.000  7.026  130.087
4.830  5.000  6.952  125.533
4.840  5.000  6.858  121.265
4.850  5.000  6.667  116.607
4.860  5.000  6.521  111.733
4.870  5.000  6.425  106.893
4.880  5.000  6.282  102.386
4.890  5.000  6.174  98.020
4.900  5.000  6.033  93.498
4.910  5.000  5.868  89.444
4.920  5.000  5.660  85.342
4.930  5.000  5.505  81.128
4.940  5.000  5.466  77.062
4.950  5.000  5.272  72.584
4.960  5.000  5.108  68.138
4.970  5.000  5.048  64.156
4.980  5.000  4.940  60.265
4.990  5.000  4.820  56.504
5.000  5.000  4.712  52.756
5.010  5.000  4.614  48.586
5.020  5.000  4.499  44.321
5.030  5.000  4.310  40.252
5.040  5.000  4.272  36.807
5.050  5.000  4.144  33.356
5.060  5.000  4.094  29.894
5.070  5.000  4.018  26.846
5.080  5.000  4.074  23.375
5.090  5.000  3.988  20.077
5.100  5.000  3.943  16.742
5.110  5.000  3.819  13.499
5.120  5.000  3.749  10.816
5.130  5.000  3.724  7.781
5.140  5.000  3.694  5.005
5.150  5.000  3.626  2.188
5.160  5.000  3.635  -0.584
5.170  5.000  3.641  -2.901
5.180  5.000  3.594  -5.163
5.190  5.000  3.554  -7.150
5.200  5.000  3.550  -9.133
5.210  5.000  3.490  -11.112
5.220  5.000  3.428  -13.067
5.230  5.000  3.407  -14.975
5.240  5.000  3.428  -16.913
5.250  5.000  3.500  -18.534
5.260  5.000  3.587  -19.750
5.270  5.000  3.703  -20.798
5.280  5.000  3.980  -21.819
5.290  5.000  3.964  -22.940
5.300  5.000  3.847  -23.853
5.310  5.000  3.771  -24.575
5.320  5.000  3.763  -25.272
5.330  5.000  3.666  -25.800
5.340  5.000  3.913  -26.230
5.350  5.000  4.191  -26.352
5.360  5.000  4.028  -25.911
5.370  5.000  4.000  -25.186
5.380  5.000  4.240  -24.462
5.390  5.000  4.427  -23.783
5.400  5.000  4.376  -23.084
5.410  5.000  4.386  -22.240
5.420  5.000  4.499  -21.195
5.430  5.000  4.354  -20.131
5.440  5.000  4.546  -19.272
5.450  5.000  4.622  -18.446
5.460  5.000  4.633  -17.352
5.470  5.000  4.780  -16.240
5.480  5.000  4.681  -15.263
5.490  5.000  4.784  -14.368
5.500  5.000  4.933  -13.394
5.510  5.000  4.824  -12.291
5.520  5.000  5.127  -11.175
5.530  5.000  4.979  -10.206
5.540  5.000  5.194  -9.407
5.550  5.000  5.167  -8.671
5.560  5.000  5.228  -7.915
5.570  5.000  5.272  -6.975
5.580  5.000  5.170  -6.008
5.590  5.000  5.333  -5.339
5.600  5.000  5.211  -4.854
5.610  5.000  5.474  -4.426
5.620  5.000  5.403  -3.833
5.630  5.000  5.298  -3.100
5.640  5.000  5.336  -2.480
5.650  5.000  5.462  -2.177
5.660  5.000  5.371  -2.027
5.670  5.000  5.411  -1.578
5.680  5.000  5.358  -0.883
5.690  5.000  5.522  -0.244
5.700  5.000  5.494  0.183
5.710  5.000  5.539  0.489
5.720  5.000  5.435  0.752
5.730  5.000  5.439  1.104
5.740  5.000  5.480  1.447
5.750  5.000  5.304  1.769
5.760  5.000  5.387  1.886
5.770  5.000  5.587  1.604
5.780  5.000  5.317  1.309
5.790  5.000  5.220  1.051
5.800  5.000  5.092  0.754
5.810  5.000  5.228  0.326
5.820  5.000  5.259  -0.161
5.830  5.000  5.041  -0.678
5.840  5.000  5.012  -1.239
5.850  5.000  4.976  -1.756
5.860  5.000  5.077  -2.238
5.870  5.000  4.813  -2.678
5.880  5.000  4.995  -3.284
5.890  5.000  5.060  -4.126
5.900  5.000  4.914  -4.805
5.910  5.000  4.849  -5.143
5.920  5.000  4.873  -5.512
5.930  5.000  4.954  -5.916
5.940  5.000  4.886  -6.242
5.950  5.000  4.885  -6.653
5.960  5.000  4.861  -7.085
5.970  5.000  4.809  -7.494
5.980  5.000  4.817  -7.915
5.990  5.000  4.902  -8.349
6.000  5.000  4.816  -8.670
6.010  5.000  4.837  -8.862
6.020  5.000  4.975  -9.089
6.030  5.000  4.807  -9.362
6.040  5.000  4.789  -9.505
6.050  5.000  4.761  -9.586
6.060  5.000  4.767  -9.756
6.070  5.000  4.906  -9.797
6.080  5.000  4.894  -9.729
6.090  5.000  4.682  -9.453
6.100  5.000  4.875  -9.207
6.110  5.000  4.972  -9.240
6.120  5.000  4.877  -9.064
6.130  5.000  4.958  -8.783
6.140  5.000  4.783  -8.488
6.150  5.000  4.988  -8.123
6.160  5.000  4.907  -7.900
6.170  5.000  5.076  -7.697
6.180  5.000  5.052  -7.451
6.190  5.000  4.858  -7.171
6.200  5.000  4.958  -6.915
6.210  5.000  5.013  -6.746
6.220  5.000  5.089  -6.636
6.230  5.000  4.902  -6.367
6.240  5.000  5.091  -6.023
6.250  5.000  5.101  -5.853
6.260  5.000  5.083  -5.606
6.270  5.000  5.023  -5.351
6.280  5.000  5.039  -5.024
6.290  5.000  5.036  -4.686
6.300  5.000  5.148  -4.472
6.310  5.000  5.256  -4.316
6.320  5.000  4.986  -4.284
6.330  5.000  5.097  -4.169
6.340  5.000  5.095  -3.953
6.350  5.000  5.109  -3.609
6.360  5.000  5.120  -3.412
6.370  5.000  5.173  -3.517
6.380  5.000  5.161  -3.751
6.390  5.000  5.095  -3.975
6.400  5.000  5.172  -4.191
6.410  5.000  5.061  -4.312
6.420  5.000  5.067  -4.370
6.430  5.000  5.039  -4.631
6.440  5.000  5.035  -4.799
6.450  5.000  5.014  -4.818
6.460  5.000  5.036  -4.857
6.470  5.000  4.993  -4.953
6.480  5.000  5.006  -5.142
6.490  5.000  4.967  -5.370
6.500  5.000  5.001  -5.660
6.510  6.500  4.945  -5.909
6.520  8.000  5.041  -5.786
6.530  9.500  5.348  -5.449
6.540  11.000  5.891  -5.006
6.550  12.500  6.384  -3.743
6.560  14.000  7.194  -1.510
6.570  15.500  9.071  1.397
6.580  17.000  10.820  5.377
6.590  18.500  12.245  10.942
6.600  20.000  13.899  18.143
6.610  20.000  16.226  26.829
6.620  20.000  18.443  35.846
6.630  20.000  20.770  44.453
6.640  20.000  20.422  53.681
6.650  20.000  21.575  62.967
6.660  20.000  21.497  71.624
6.670  20.000  22.040  80.182
6.680  20.000  21.936  88.528
6.690  20.000  22.568  96.365
6.700  20.000  22.462  103.795
6.710  20.000  21.934  111.538
6.720  20.000  22.480  119.201
6.730  20.000  22.322  126.377
6.740  20.000  22.343  133.225
6.750  20.000  21.605  139.916
6.760  20.000  20.907  146.349
6.770  20.000  19.602  152.412
6.780  20.000  19.194  158.002
6.790  20.000  18.125  162.824
6.800  20.000  17.770  167.439
6.810  20.000  19.462  172.010
6.820  20.000  20.255  176.807
6.830  20.000  19.518  182.049
6.840  20.000  20.587  186.950
6.850  20.000  20.837  191.400
6.860  20.000  20.134  195.965
6.870  20.000  19.736  200.764
6.880  20.000  20.571  205.424
6.890  20.000  20.229  209.941
6.900  20.000  20.396  214.518
6.910  20.000  20.492  218.953
6.920  20.000  20.835  223.087
6.930  20.000  20.227  226.848
6.940  20.000  20.806  230.402
6.950  20.000  20.056  233.958
6.960  20.000  20.260  237.420
6.970  20.000  20.301  240.699
6.980  20.000  20.324  243.877
6.990  20.000  20.032  247.069
7.000  20.000  20.097  250.275
7.010  20.000  20.930  253.124
7.020  20.000  20.771  255.863
7.030  20.000  20.319  258.834
7.040  20.000  20.513  261.790
7.050  20.000  20.712  264.580
7.060  20.000  20.696  267.110
7.070  20.000  20.660  269.519
7.080  20.000  19.998  271.826
7.090  20.000  19.926  273.887
7.100  20.000  20.747  275.758
7.110  20.000  20.040  277.716
7.120  20.000  20.346  279.459
7.130  20.000  20.286  280.814
7.140  20.000  20.506  282.131
7.150  20.000  20.150  283.461
7.160  20.000  20.328  284.725
7.170  20.000  20.620  285.710
7.180  20.000  20.559  286.791
7.190  20.000  20.500  288.085
7.200  20.000  20.253  289.328
7.210  20.000  20.535  290.506
7.220  20.000  20.479  291.555
7.230  20.000  20.845  292.523
7.240  20.000  20.453  293.502
7.250  20.000  20.149  294.401
7.260  20.000  20.212  295.096
7.270  20.000  20.707  295.678
7.280  20.000  20.823  296.123
7.290  20.000  20.813  296.449
7.300  20.000  20.040  296.765
7.310  20.000  19.990  296.978
7.320  20.000  20.470  297.018
7.330  20.000  20.508  297.015
7.340  20.000  20.433  296.957
7.350  20.000  20.057  296.795
7.360  20.000  20.161  296.504
7.370  20.000  20.201  296.092
7.380  20.000  20.617  295.773
7.390  20.000  20.193  295.506
7.400  20.000  19.824  295.241
7.410  20.000  20.011  294.943
7.420  20.000  20.086  294.616
7.430  20.000  19.922  294.404
7.440  20.000  19.983  294.142
7.450  20.000  19.933  293.748
7.460  20.000  19.663  293.505
7.470  20.000  19.816  293.240
7.480  20.000  20.128  292.667
7.490  20.000  19.803  292.084
7.500  20.000  19.887  291.707
7.510  5.000  19.731  291.394
7.520  5.000  19.388  290.803
7.530  5.000  15.824  289.253
7.540  5.000  13.023  284.971
7.550  5.000  12.462  279.652
7.560  5.000  11.686  274.246
7.570  5.000  11.560  268.156
7.580  5.000  11.222  262.207
7.590  5.000  11.027  255.974
7.600  5.000  10.741  249.823
7.610  5.000  10.564  244.026
7.620  5.000  10.367  238.465
7.630  5.000  10.248  232.650
7.640  5.000  10.101  226.968
7.650  5.000  9.895  221.434
7.660  5.000  9.738  215.565
7.670  5.000  9.540  210.101
7.680  5.000  9.398  205.170
7.690  5.000  9.199  200.134
7.700  5.000  9.013  195.095
7.710  5.000  8.844  190.251
7.720  5.000  8.698  185.383
7.730  5.000  8.540  180.089
7.740  5.000  8.396  174.567
7.750  5.000  8.261  169.493
7.760  5.000  8.052  164.754
7.770  5.000  7.883  160.065
7.780  5.000  7.798  155.465
7.790  5.000  7.600  150.523
7.800  5.000  7.493  145.678
7.810  5.000  7.350  141.242
7.820  5.000  7.146  136.711
7.830  5.000  7.053  131.993
7.840  5.000  6.852  127.573
7.850  5.000  6.719  123.198
7.860  5.000  6.574  118.468
7.870  5.000  6.425  114.157
7.880  5.000  6.293  109.960
7.890  5.000  6.192  105.238
7.900  5.000  6.071  100.909
7.910  5.000  5.935  97.036
7.920  5.000  5.774  92.917
7.930  5.000  5.673  89.014
7.940  5.000  5.548  84.916
7.950  5.000  5.345  80.557
7.960  5.000  5.286  76.529
7.970  5.000  5.095  72.436
7.980  5.000  4.998  68.208
7.990  5.000  4.907  64.476
8.000  5.000  4.840  61.035
8.010  5.000  4.722  57.249
8.020  5.000  4.592  53.265
8.030  5.000  4.470  49.652
8.040  5.000  4.335  46.144
8.050  5.000  4.292  42.715
8.060  5.000  4.229  39.571
8.070  5.000  4.123  36.476
8.080  5.000  4.048  33.405
8.090  5.000  4.018  30.322
8.100  5.000  3.937  27.384
8.110  5.000  3.921  24.551
8.120  5.000  3.843  21.821
8.130  5.000  3.793  19.100
8.140  5.000  3.736  16.396
8.150  5.000  3.706  13.538
8.160  5.000  3.668  10.754
8.170  5.000  3.689  8.374
8.180  5.000  3.586  6.093
8.190  5.000  3.568  3.896
8.200  5.000  3.538  1.750
8.210  5.000  3.442  -0.277
8.220  5.000  3.382  -2.205
8.230  5.000  3.311  -4.068
8.240  5.000  3.318  -5.813
8.250  5.000  3.340  -7.413
8.260  5.000  3.443  -8.894
8.270  5.000  3.733  -10.096
8.280  5.000  3.592  -10.794
8.290  5.000  3.803  -11.369
8.300  5.000  3.779  -12.008
8.310  5.000  3.704  -12.826
8.320  5.000  3.657  -13.606
8.330  5.000  3.557  -14.024
8.340  5.000  3.842  -14.199
8.350  5.000  4.057  -14.186
8.360  5.000  4.259  -14.097
8.370  5.000  4.160  -13.563
8.380  5.000  4.105  -12.542
8.390  5.000  4.172  -11.581
8.400  5.000  4.226  -10.706
8.410  5.000  4.266  -9.873
8.420  5.000  4.290  -9.020
8.430  5.000  4.471  -8.072
8.440  5.000  4.269  -6.980
8.450  5.000  4.554  -5.898
8.460  5.000  4.538  -4.792
8.470  5.000  4.763  -3.530
8.480  5.000  4.830  -2.217
8.490  5.000  5.075  -1.086
8.500  5.000  4.972  -0.250
8.510  5.000  4.984  0.698
8.520  5.000  5.063  1.877
8.530  5.000  5.166  3.124
8.540  5.000  4.991  4.438
8.550  5.000  5.160  5.812
8.560  5.000  5.042  6.883
8.570  5.000  5.190  7.737
8.580  5.000  5.402  8.589
8.590  5.000  5.198  9.514
8.600  5.000  5.348  10.350
8.610  5.000  5.245  10.858
8.620  5.000  5.408  11.411
8.630  5.000  5.406  12.103
8.640  5.000  5.482  12.667
8.650  5.000  5.388  13.306
8.660  5.000  5.176  14.193
8.670  5.000  5.569  14.882
8.680  5.000  5.474  15.271
8.690  5.000  5.406  15.795
8.700  5.000  5.489  16.393
8.710  5.000  5.366  16.863
8.720  5.000  5.506  17.213
8.730  5.000  5.657  17.443
8.740  5.000  5.524  17.649
8.750  5.000  5.312  17.833
8.760  5.000  5.297  17.849
8.770  5.000  5.406  17.727
8.780  5.000  5.456  17.546
8.790  5.000  5.303  17.288
8.800  5.000  5.300  16.907
8.810  5.000  5.318  16.346
8.820  5.000  5.278  15.608
8.830  5.000  5.144  14.957
8.840  5.000  5.062  14.446
8.850  5.000  5.048  13.851
8.860  5.000  5.043  13.279
8.870  5.000  5.064  12.578
8.880  5.000  5.102  11.599
8.890  5.000  4.987  10.774
8.900  5.000  4.770  10.283
8.910  5.000  4.920  9.867
8.920  5.000  4.952  9.313
8.930  5.000  4.891  8.692
8.940  5.000  4.818  8.226
8.950  5.000  4.854  7.719
8.960  5.000  4.788  7.116
8.970  5.000  4.836  6.768
8.980  5.000  4.861  6.524
8.990  5.000  4.777  6.274
9.000  5.000  4.679  6.017
9.010  5.000  4.804  5.843
9.020  5.000  4.712  5.868
9.030  5.000  4.718  5.921
9.040  5.000  4.969  5.821
9.050  5.000  4.696  5.899
9.060  5.000  4.643  6.076
9.070  5.000  4.824  6.083
9.080  5.000  4.854  6.171
9.090  5.000  4.787  6.446
9.100  5.000  4.939  6.876
9.110  5.000  4.952  7.319
9.120  5.000  4.932  7.822
9.130  5.000  4.837  8.243
9.140  5.000  4.888  8.619
9.150  5.000  4.970  9.047
9.160  5.000  4.975  9.338
9.170  5.000  4.865  9.643
9.180  5.000  4.924  10.024
9.190  5.000  5.218  10.341
9.200  5.000  5.005  10.657
9.210  5.000  5.150  10.982
9.220  5.000  5.052  11.396
9.230  5.000  5.119  11.689
9.240  5.000  5.015  11.806
9.250  5.000  5.144  12.133
9.260  5.000  5.015  12.676
9.270  5.000  5.137  12.936
9.280  5.000  4.994  13.053
9.290  5.000  5.040  13.323
9.300  5.000  5.182  13.630
9.310  5.000  4.946  14.013
9.320  5.000  5.069  14.365
9.330  5.000  5.052  14.615
9.340  5.000  4.979  14.927
9.350  5.000  5.148  15.170
9.360  5.000  5.174  15.250
9.370  5.000  5.113  15.085
9.380  5.000  5.148  15.028
9.390  5.000  5.113  15.171
9.400  5.000  5.194  15.028
9.410  5.000  5.048  14.776
9.420  5.000  5.129  14.493
9.430  5.000  5.136  14.298
9.440  5.000  5.159  14.132
9.450  5.000  5.027  13.956
9.460  5.000  5.016  13.854
9.470  5.000  5.106  13.728
9.480  5.000  5.044  13.493
9.490  5.000  4.982  13.236
9.500  5.000  4.968  12.983
9.510  5.000  4.907  12.771
9.520  6.500  4.980  12.647
9.530  8.000  5.017  12.559
9.540  9.500  5.424  12.638
9.550  11.000  5.841  13.052
9.560  12.500  6.316  14.311
9.570  14.000  7.246  16.422
9.580  15.500  8.864  19.294
9.590  17.000  10.373  23.482
9.600  18.500  12.500  29.248
9.610  20.000  14.394  36.222
9.620  20.000  16.641  43.914
9.630  20.000  18.746  52.276
9.640  20.000  19.712  60.832
9.650  20.000  20.411  69.634
9.660  20.000  22.146  78.374
9.670  20.000  22.213  86.758
9.680  20.000  21.793  95.478
9.690  20.000  22.592  103.911
9.700  20.000  22.644  111.778
9.710  20.000  22.827  119.290
9.720  20.000  22.663  126.835
9.730  20.000  22.778  133.980
9.740  20.000  22.040  140.992
9.750  20.000  21.586  148.191
9.760  20.000  21.221  154.921
9.770  20.000  21.338  161.523
9.780  20.000  20.629  167.569
9.790  20.000  20.129  172.877
9.800  20.000  18.841  177.855
9.810  20.000  18.438  182.061
9.820  20.000  17.899  185.606
9.830  20.000  18.015  189.330
9.840  20.000  18.807  193.370
9.850  20.000  20.007  197.726
9.860  20.000  19.790  202.276
9.870  20.000  19.904  206.996
9.880  20.000  20.922  211.442
9.890  20.000  20.442  215.603
9.900  20.000  20.269  219.976
9.910  20.000  19.798  224.631
9.920  20.000  20.232  229.218
9.930  20.000  21.028  233.531
9.940  20.000  20.618  237.783
9.950  20.000  20.587  241.733
9.960  20.000  20.398  245.347
9.970  20.000  20.226  248.905
9.980  20.000  19.982  252.380
9.990  20.000  20.764  255.549
10.000  20.000  20.189  258.700
10.010  20.000  20.236  261.799
10.020  20.000  20.681  264.412
10.030  20.000  20.704  266.900
10.040  20.000  20.484  269.529
10.050  20.000  20.482  272.088
10.060  20.000  20.806  274.590
10.070  20.000  20.561  277.035
10.080  20.000  20.201  279.409
10.090  20.000  20.381  281.434
10.100  20.000  20.644  283.078
10.110  20.000  20.257  284.636
10.120  20.000  20.130  286.049
10.130  20.000  20.337  287.480
10.140  20.000  20.090  288.848
10.150  20.000  20.059  290.016
10.160  20.000  20.314  291.054
10.170  20.000  20.583  292.053
10.180  20.000  20.592  292.867
10.190  20.000  20.326  293.682
10.200  20.000  20.480  294.697
10.210  20.000  20.342  295.819
10.220  20.000  20.347  297.046
10.230  20.000  20.469  298.093
10.240  20.000  20.376  299.052
10.250  20.000  20.536  299.983
10.260  20.000  20.399  300.751
10.270  20.000  20.641  301.400
10.280  20.000  20.596  301.940
10.290  20.000  20.513  302.509
10.300  20.000  20.171  303.110
10.310  20.000  20.025  303.588
10.320  20.000  20.290  303.833
10.330  20.000  20.571  303.819
10.340  20.000  20.603  303.565
10.350  20.000  20.072  303.265
10.360  20.000  20.103  303.084
10.370  20.000  20.214  302.986
10.380  20.000  20.407  302.734
10.390  20.000  20.333  302.403
10.400  20.000  20.081  302.212
10.410  20.000  19.621  302.032
10.420  20.000  20.231  301.745
10.430  20.000  20.000  301.242
10.440  20.000  20.100  300.724
10.450  20.000  20.108  300.375
10.460  20.000  19.981  300.090
10.470  20.000  20.170  299.686
10.480  20.000  19.819  299.264
10.490  20.000  19.857  298.799
10.500  20.000  19.948  298.241
10.510  20.000  19.641  297.870
10.520  5.000  19.913  297.636
10.530  5.000  19.187  297.196
10.540  5.000  16.198  295.596
10.550  5.000  13.350  292.096
10.560  5.000  12.713  286.282
10.570  5.000  11.732  280.068
10.580  5.000  11.554  274.709
10.590  5.000  11.203  269.155
10.600  5.000  10.934  263.580
10.610  5.000  10.745  257.833
10.620  5.000  10.539  252.052
10.630  5.000  10.397  246.523
10.640  5.000  10.131  241.259
10.650  5.000  10.054  235.602
10.660  5.000  9.813  229.974
10.670  5.000  9.618  224.483
10.680  5.000  9.394  219.014
10.690  5.000  9.229  213.655
10.700  5.000  8.986  207.771
10.710  5.000  8.920  202.488
10.720  5.000  8.609  197.803
10.730  5.000  8.480  192.882
10.740  5.000  8.385  187.865
10.750  5.000  8.186  183.075
10.760  5.000  7.974  178.134
10.770  5.000  7.931  173.277
10.780  5.000  7.848  168.245
10.790  5.000  7.743  163.268
10.800  5.000  7.440  158.497
10.810  5.000  7.324  153.608
10.820  5.000  7.171  149.322
10.830  5.000  7.059  144.509
10.840  5.000  6.721  139.107
10.850  5.000  6.598  134.441
10.860  5.000  6.545  130.344
10.870  5.000  6.346  125.600
10.880  5.000  6.332  120.840
10.890  5.000  6.225  116.318
10.900  5.000  6.095  111.442
10.910  5.000  5.944  107.087
10.920  5.000  5.819  103.353
10.930  5.000  5.681  99.600
10.940  5.000  5.461  95.471
10.950  5.000  5.426  91.477
10.960  5.000  5.232  87.554
10.970  5.000  5.178  83.249
10.980  5.000  4.994  79.349
10.990  5.000  4.911  75.974
11.000  5.000  4.774  72.077
11.010  5.000  4.636  68.297
11.020  5.000  4.510  64.958
11.030  5.000  4.424  61.494
11.040  5.000  4.433  57.710
11.050  5.000  4.257  53.955
11.060  5.000  4.238  50.569
11.070  5.000  4.088  47.247
11.080  5.000  4.086  44.123
11.090  5.000  3.976  40.654
11.100  5.000  4.001  37.282
11.110  5.000  3.939  33.816
11.120  5.000  3.896  30.244
11.130  5.000  3.803  27.131
11.140  5.000  3.803  23.766
11.150  5.000  3.779  20.564
11.160  5.000  3.673  17.953
11.170  5.000  3.682  15.059
11.180  5.000  3.659  12.219
11.190  5.000  3.587  9.952
11.200  5.000  3.634  7.681
11.210  5.000  3.620  5.506
11.220  5.000  3.600  3.226
11.230  5.000  3.460  0.964
11.240  5.000  3.441  -0.977
11.250  5.000  3.476  -2.822
11.260  5.000  3.593  -4.518
11.270  5.000  3.767  -6.030
11.280  5.000  3.806  -7.371
11.290  5.000  3.907  -8.576
11.300  5.000  4.024  -9.655
11.310  5.000  3.938  -10.594
11.320  5.000  3.757  -11.372
11.330  5.000  3.862  -12.100
11.340  5.000  3.809  -12.752
11.350  5.000  3.888  -13.399
11.360  5.000  4.041  -13.890
11.370  5.000  4.176  -13.939
11.380  5.000  4.140  -13.729
11.390  5.000  4.227  -13.269
11.400  5.000  4.314  -12.629
11.410  5.000  4.342  -12.002
11.420  5.000  4.338  -11.238
11.430  5.000  4.311  -10.341
11.440  5.000  4.401  -9.644
11.450  5.000  4.516  -9.176
11.460  5.000  4.553  -8.764
11.470  5.000  4.596  -8.356
11.480  5.000  4.469  -7.820
11.490  5.000  4.731  -7.317
11.500  5.000  4.626  -6.736
11.510  5.000  4.762  -6.076
11.520  5.000  4.922  -5.563
11.530  5.000  4.853  -4.822
11.540  5.000  4.943  -3.905
11.550  5.000  5.061  -2.964
11.560  5.000  5.055  -2.068
11.570  5.000  4.939  -1.019
11.580  5.000  5.043  0.143
11.590  5.000  4.964  1.327
11.600  5.000  5.394  2.296
11.610  5.000  5.362  2.861
11.620  5.000  5.355  3.285
11.630  5.000  5.221  3.783
11.640  5.000  5.252  4.471
11.650  5.000  5.373  4.983
11.660  5.000  5.547  5.251
11.670  5.000  5.393  5.597
11.680  5.000  5.337  6.153
11.690  5.000  5.420  6.646
11.700  5.000  5.398  7.066
11.710  5.000  5.430  7.533
11.720  5.000  5.494  7.856
11.730  5.000  5.453  7.915
11.740  5.000  5.604  7.778
11.750  5.000  5.507  7.837
11.760  5.000  5.307  8.145
11.770  5.000  5.308  8.401
11.780  5.000  5.513  8.272
11.790  5.000  5.451  7.953
11.800  5.000  5.203  7.789
11.810  5.000  5.179  7.392
11.820  5.000  5.385  6.958
11.830  5.000  5.374  6.637
11.840  5.000  5.232  6.029
11.850  5.000  5.210  5.276
11.860  5.000  5.071  4.634
11.870  5.000  4.979  4.139
11.880  5.000  5.100  3.571
11.890  5.000  4.929  2.863
11.900  5.000  5.076  2.123
11.910  5.000  4.965  1.434
11.920  5.000  4.962  0.705
11.930  5.000  4.997  -0.044
11.940  5.000  4.973  -0.857
11.950  5.000  5.015  -1.752
11.960  5.000  4.730  -2.443
11.970  5.000  4.894  -3.104
11.980  5.000  4.813  -3.764
11.990  5.000  4.759  -4.358
12.000  5.000  4.838  -4.940
12.010  5.000  4.980  -5.499
12.020  5.000  4.751  -6.069
12.030  5.000  4.725  -6.549
12.040  5.000  4.651  -6.649
12.050  5.000  4.727  -6.621
12.060  5.000  4.647  -6.638
12.070  5.000  4.890  -6.923
12.080  5.000  4.894  -7.380
12.090  5.000  4.644  -7.597
12.100  5.000  4.803  -7.647
12.110  5.000  5.031  -7.588
12.120  5.000  4.704  -7.425
12.130  5.000  4.895  -7.220
12.140  5.000  5.042  -7.183
12.150  5.000  5.023  -7.197
12.160  5.000  4.872  -7.051
12.170  5.000  4.849  -6.725
12.180  5.000  4.923  -6.486
12.190  5.000  5.145  -6.421
12.200  5.000  4.968  -6.201
12.210  5.000  4.812  -5.719
12.220  5.000  4.847  -5.355
12.230  5.000  5.026  -5.251
12.240  5.000  5.166  -5.242
12.250  5.000  4.919  -5.062
12.260  5.000  4.906  -4.676
12.270  5.000  4.919  -4.342
12.280  5.000  5.202  -4.252
12.290  5.000  5.195  -4.107
12.300  5.000  5.078  -3.707
12.310  5.000  5.039  -3.504
12.320  5.000  5.151  -3.452
12.330  5.000  5.146  -3.384
12.340  5.000  5.195  -3.247
12.350  5.000  5.139  -2.971
12.360  5.000  5.089  -2.666
12.370  5.000  5.017  -2.443
12.380  5.000  5.174  -2.311
12.390  5.000  5.147  -2.259
12.400  5.000  5.155  -2.239
12.410  5.000  5.121  -2.282
12.420  5.000  5.206  -2.326
12.430  5.000  5.150  -2.328
12.440  5.000  5.163  -2.340
12.450  5.000  5.010  -2.551
12.460  5.000  5.067  -2.947
12.470  5.000  5.143  -3.363
12.480  5.000  5.132  -3.779
12.490  5.000  5.063  -4.210
12.500  5.000  4.803  -4.675
12.510  5.000  4.942  -4.818
12.520  5.000  5.005  -4.894
12.530  6.500  5.029  -5.108
12.540  8.000  4.803  -4.929
12.550  9.500  5.352  -4.474
12.560  11.000  5.636  -3.806
12.570  12.500  6.379  -2.377
12.580  14.000  7.199  -0.018
12.590  15.500  8.888  3.190
12.600  17.000  10.685  7.371
12.610  18.500  12.646  12.774
12.620  20.000  14.424  19.373
12.630  20.000  16.884  26.810
12.640  20.000  18.117  34.794
12.650  20.000  20.099  43.080
12.660  20.000  20.507  51.881
12.670  20.000  21.024  61.375
12.680  20.000  22.230  70.726
12.690  20.000  21.435  80.237
12.700  20.000  22.108  89.345
12.710  20.000  22.462  97.223
12.720  20.000  22.374  104.870
12.730  20.000  22.703  112.273
12.740  20.000  22.258  119.526
12.750  20.000  22.971  126.880
12.760  20.000  22.466  133.848
12.770  20.000  21.388  140.504
12.780  20.000  21.119  146.484
12.790  20.000  20.412  151.889
12.800  20.000  18.771  157.367
12.810  20.000  18.427  162.169
12.820  20.000  17.661  166.173
12.830  20.000  18.528  170.506
12.840  20.000  18.838  175.433
12.850  20.000  20.395  180.346
12.860  20.000  19.925  185.520
12.870  20.000  21.348  190.662
12.880  20.000  20.453  195.545
12.890  20.000  19.983  200.369
12.900  20.000  20.135  204.885
12.910  20.000  20.652  209.255
12.920  20.000  20.908  213.552
12.930  20.000  20.259  217.762
12.940  20.000  20.086  221.889
12.950  20.000  20.293  226.123
12.960  20.000  20.211  230.189
12.970  20.000  20.252  233.943
12.980  20.000  20.313  237.663
12.990  20.000  20.715  241.036
13.000  20.000  20.604  244.033
13.010  20.000  20.340  247.023
13.020  20.000  20.399  249.938
13.030  20.000  20.299  252.685
13.040  20.000  20.524  255.306
13.050  20.000  20.124  257.991
13.060  20.000  20.631  260.746
13.070  20.000  20.400  263.409
13.080  20.000  20.906  266.110
13.090  20.000  20.533  268.806
13.100  20.000  20.407  271.137
13.110  20.000  20.175  273.054
13.120  20.000  20.269  274.772
13.130  20.000  20.377  276.392
13.140  20.000  20.343  277.881
13.150  20.000  20.504  279.107
13.160  20.000  20.263  280.363
13.170  20.000  20.250  281.692
13.180  20.000  20.404  282.944
13.190  20.000  20.545  284.039
13.200  20.000  20.692  284.934
13.210  20.000  20.703  285.928
13.220  20.000  20.553  287.108
13.230  20.000  20.670  288.143
13.240  20.000  20.621  288.969
13.250  20.000  20.374  289.726
13.260  20.000  20.066  290.438
13.270  20.000  20.375  291.124
13.280  20.000  20.588  291.691
13.290  20.000  20.300  292.144
13.300  20.000  20.482  292.390
13.310  20.000  20.277  292.420
13.320  20.000  20.467  292.301
13.330  20.000  20.118  292.265
13.340  20.000  20.203  292.361
13.350  20.000  19.958  292.305
13.360  20.000  20.386  292.065
13.370  20.000  20.314  291.728
13.380  20.000  20.174  291.249
13.390  20.000  20.033  290.845
13.400  20.000  20.152  290.522
13.410  20.000  19.910  290.151
13.420  20.000  19.948  289.995
13.430  20.000  19.902  289.948
13.440  20.000  19.948  289.805
13.450  20.000  20.070  289.532
13.460  20.000  19.799  289.279
13.470  20.000  19.638  289.111
13.480  20.000  20.014  288.923
13.490  20.000  20.015  288.738
13.500  20.000  19.982  288.557
13.510  20.000  19.887  288.225
13.520  20.000  19.675  287.945
13.530  5.000  19.971  287.778
13.540  5.000  19.384  287.301
13.550  5.000  16.449  285.597
13.560  5.000  13.470  282.004
13.570  5.000  12.662  275.995
13.580  5.000  11.708  269.812
13.590  5.000  11.591  264.063
13.600  5.000  11.217  258.027
13.610  5.000  11.000  252.442
13.620  5.000  10.809  246.737
13.630  5.000  10.601  241.080
13.640  5.000  10.473  235.266
13.650  5.000  10.252  229.210
13.660  5.000  10.128  223.159
13.670  5.000  9.890  217.522
13.680  5.000  9.664  212.338
13.690  5.000  9.477  207.317
13.700  5.000  9.295  202.009
13.710  5.000  9.217  196.367
13.720  5.000  9.051  190.699
13.730  5.000  8.865  185.471
13.740  5.000  8.655  180.724
13.750  5.000  8.586  175.665
13.760  5.000  8.446  170.643
13.770  5.000  8.277  166.012
13.780  5.000  8.083  161.389
13.790  5.000  7.873  156.876
13.800  5.000  7.713  152.390
13.810  5.000  7.562  147.451
13.820  5.000  7.475  142.706
13.830  5.000  7.320  137.890
13.840  5.000  7.133  133.015
13.850  5.000  7.064  128.608
13.860  5.000  6.875  124.256
13.870  5.000  6.748  120.023
13.880  5.000  6.640  115.478
13.890  5.000  6.434  110.961
13.900  5.000  6.348  106.997
13.910  5.000  6.201  103.062
13.920  5.000  6.075  98.951
13.930  5.000  5.914  94.856
13.940  5.000  5.796  90.542
13.950  5.000  5.726  86.057
13.960  5.000  5.611  81.843
13.970  5.000  5.418  77.689
13.980  5.000  5.309  73.741
13.990  5.000  5.188  69.698
14.000  5.000  5.067  65.798
14.010  5.000  4.979  62.197
14.020  5.000  4.775  58.509
14.030  5.000  4.705  54.948
14.040  5.000  4.598  51.069
14.050  5.000  4.472  47.279
14.060  5.000  4.419  43.761
14.070  5.000  4.304  40.182
14.080  5.000  4.215  36.784
14.090  5.000  4.082  33.265
14.100  5.000  4.039  29.843
14.110  5.000  3.895  26.855
14.120  5.000  3.843  23.461
14.130  5.000  3.758  20.269
14.140  5.000  3.689  17.225
14.150  5.000  3.679  14.039
14.160  5.000  3.666  11.400
14.170  5.000  3.588  8.854
14.180  5.000  3.561  6.381
14.190  5.000  3.490  4.082
14.200  5.000  3.486  1.726
14.210  5.000  3.448  -0.330
14.220  5.000  3.471  -2.310
14.230  5.000  3.416  -4.414
14.240  5.000  3.412  -6.308
14.250  5.000  3.344  -8.130
14.260  5.000  3.417  -9.820
14.270  5.000  3.542  -11.324
14.280  5.000  3.711  -12.585
14.290  5.000  3.846  -13.651
14.300  5.000  3.831  -14.661
14.310  5.000  3.886  -15.689
14.320  5.000  3.790  -16.511
14.330  5.000  3.696  -17.299
14.340  5.000  3.746  -18.142
14.350  5.000  3.871  -18.795
14.360  5.000  4.057  -19.245
14.370  5.000  4.111  -19.447
14.380  5.000  4.179  -19.321
14.390  5.000  4.159  -18.955
14.400  5.000  4.177  -18.265
14.410  5.000  4.224  -17.351
14.420  5.000  4.385  -16.520
14.430  5.000  4.504  -15.704
14.440  5.000  4.273  -14.765
14.450  5.000  4.412  -13.688
14.460  5.000  4.431  -12.702
14.470  5.000  4.672  -12.027
14.480  5.000  4.561  -11.379
14.490  5.000  4.656  -10.481
14.500  5.000  4.707  -9.620
14.510  5.000  4.878  -8.744
14.520  5.000  4.828  -7.785
14.530  5.000  5.025  -6.917
14.540  5.000  4.996  -6.213
14.550  5.000  4.972  -5.435
14.560  5.000  5.078  -4.315
14.570  5.000  5.085  -3.282
14.580  5.000  5.154  -2.494
14.590  5.000  4.982  -1.422
14.600  5.000  5.305  -0.360
14.610  5.000  5.109  0.465
14.620  5.000  5.367  1.049
14.630  5.000  5.048  1.595
14.640  5.000  5.263  2.294
14.650  5.000  5.309  2.953
14.660  5.000  5.343  3.503
14.670  5.000  5.418  3.884
14.680  5.000  5.159  4.450
14.690  5.000  5.325  5.003
14.700  5.000  5.498  5.290
14.710  5.000  5.525  5.711
14.720  5.000  5.455  6.402
14.730  5.000  5.602  7.031
14.740  5.000  5.590  7.446
14.750  5.000  5.349  7.887
14.760  5.000  5.424  8.395
14.770  5.000  5.388  8.796
14.780  5.000  5.497  8.943
14.790  5.000  5.428  9.019
14.800  5.000  5.355  9.129
14.810  5.000  5.474  8.966
14.820  5.000  5.253  8.748
14.830  5.000  5.353  8.565
14.840  5.000  5.310  8.046
14.850  5.000  5.189  7.549
14.860  5.000  5.247  7.056
14.870  5.000  5.152  6.333
14.880  5.000  5.104  5.672
14.890  5.000  4.998  5.013
14.900  5.000  5.019  4.416
14.910  5.000  5.022  3.712
14.920  5.000  4.974  2.930
14.930  5.000  4.935  2.328
14.940  5.000  4.876  1.696
14.950  5.000  4.973  1.098
14.960  5.000  4.872  0.562
14.970  5.000  4.911  0.016
14.980  5.000  4.886  -0.581
14.990  5.000  4.748  -0.973
15.000  5.000  4.707  -1.240
15.010  5.000  4.897  -1.552
15.020  5.000  4.725  -1.814
15.030  5.000  4.820  -1.946
15.040  5.000  4.846  -2.151
15.050  5.000  4.792  -2.306
15.060  5.000  4.760  -2.458
15.070  5.000  4.743  -2.721
15.080  5.000  4.862  -2.842
15.090  5.000  4.754  -2.695
15.100  5.000  4.651  -2.366
15.110  5.000  4.826  -2.261
15.120  5.000  4.787  -2.136
15.130  5.000  4.837  -1.921
15.140  5.000  4.891  -1.639
15.150  5.000  4.838  -1.214
15.160  5.000  4.984  -0.889
15.170  5.000  4.756  -0.586
15.180  5.000  4.907  -0.077
15.190  5.000  4.885  0.459
15.200  5.000  4.865  0.847
15.210  5.000  4.915  1.141
15.220  5.000  4.941  1.490
15.230  5.000  5.092  1.961
15.240  5.000  5.102  2.388
15.250  5.000  5.224  2.659
15.260  5.000  5.154  2.844
15.270  5.000  5.050  3.018
15.280  5.000  5.197  3.418
15.290  5.000  5.112  3.804
15.300  5.000  5.253  3.931
15.310  5.000  5.020  4.292
15.320  5.000  5.038  4.771
15.330  5.000  5.180  4.977
15.340  5.000  5.053  5.126
15.350  5.000  5.156  5.203
15.360  5.000  5.174  5.127
15.370  5.000  5.204  5.058
15.380  5.000  5.011  5.221
15.390  5.000  5.188  5.404
15.400  5.000  5.141  5.446
15.410  5.000  5.179  5.482
15.420  5.000  5.203  5.321
15.430  5.000  5.181  5.042
15.440  5.000  5.065  4.787
15.450  5.000  5.018  4.542
15.460  5.000  5.193  4.157
15.470  5.000  5.044  3.691
15.480  5.000  5.040  3.343
15.490  5.000  4.880  3.046
15.500  5.000  5.084  2.784
15.510  5.000  5.039  2.462
15.520  5.000  5.029  2.244
15.530  5.000  4.944  1.983
15.540  6.500  4.908  1.550
15.550  8.000  4.943  1.388
15.560  9.500  5.377  1.420
15.570  11.000  5.837  1.734
15.580  12.500  6.257  2.964
15.590  14.000  7.177  5.080
15.600  15.500  8.991  7.896
15.610  17.000  10.175  12.007
15.620  18.500  12.419  17.503
15.630  20.000  14.427  23.771
15.640  20.000  16.900  30.981
15.650  20.000  18.164  39.162
15.660  20.000  19.843  47.817
15.670  20.000  20.619  56.356
15.680  20.000  21.757  64.942
15.690  20.000  22.035  73.635
15.700  20.000  21.600  82.183
15.710  20.000  22.093  90.764
15.720  20.000  22.265  99.079
15.730  20.000  22.228  107.181
15.740  20.000  22.540  115.074
15.750  20.000  22.606  122.469
15.760  20.000  22.348  129.327
15.770  20.000  22.221  135.847
15.780  20.000  21.913  142.018
15.790  20.000  21.078  148.026
15.800  20.000  19.846  154.050
15.810  20.000  19.248  159.418
15.820  20.000  18.472  163.581
15.830  20.000  17.640  167.574
15.840  20.000  17.773  172.186
15.850  20.000  19.339  177.057
15.860  20.000  20.011  182.321
15.870  20.000  20.220  188.051
15.880  20.000  21.256  193.402
15.890  20.000  20.917  198.252
15.900  20.000  20.366  202.806
15.910  20.000  20.475  207.153
15.920  20.000  20.229  211.678
15.930  20.000  20.241  216.350
15.940  20.000  20.298  220.903
15.950  20.000  20.915  224.954
15.960  20.000  20.359  228.600
15.970  20.000  20.315  232.142
15.980  20.000  20.092  235.796
15.990  20.000  20.137  239.447
16.000  20.000  20.446  242.757
16.010  20.000  20.444  245.926
16.020  20.000  19.912  249.072
16.030  20.000  19.999  252.000
16.040  20.000  20.681  254.728
16.050  20.000  20.222  257.456
16.060  20.000  20.557  260.208
16.070  20.000  20.349  263.066
16.080  20.000  20.952  265.961
16.090  20.000  20.781  268.580
16.100  20.000  20.436  271.028
16.110  20.000  20.353  273.404
16.120  20.000  20.678  275.386
16.130  20.000  20.726  276.958
16.140  20.000  20.500  278.594
16.150  20.000  19.887  280.202
16.160  20.000  19.953  281.560
16.170  20.000  20.367  282.820
16.180  20.000  20.703  283.924
16.190  20.000  20.422  285.009
16.200  20.000  20.409  286.081
16.210  20.000  20.588  287.025
16.220  20.000  20.390  288.124
16.230  20.000  20.366  289.281
16.240  20.000  20.397  290.419
16.250  20.000  20.620  291.517
16.260  20.000  20.673  292.493
16.270  20.000  20.464  293.301
16.280  20.000  20.309  293.848
16.290  20.000  20.681  294.214
16.300  20.000  20.374  294.429
16.310  20.000  20.558  294.494
16.320  20.000  20.200  294.558
16.330  20.000  20.282  294.620
16.340  20.000  20.198  294.737
16.350  20.000  20.238  294.772
16.360  20.000  20.454  294.612
16.370  20.000  20.174  294.450
16.380  20.000  20.031  294.233
16.390  20.000  20.166  293.896
16.400  20.000  20.370  293.561
16.410  20.000  20.037  293.354
16.420  20.000  20.108  293.224
16.430  20.000  20.146  292.940
16.440  20.000  20.087  292.414
16.450  20.000  20.287  291.843
16.460  20.000  19.929  291.415
16.470  20.000  20.033  290.936
16.480  20.000  19.916  290.333
16.490  20.000  19.818  289.871
16.500  20.000  19.892  289.586
16.510  20.000  19.842  289.445
16.520  20.000  19.717  289.370
16.530  20.000  19.594  289.351
16.540  5.000  19.714  289.278
16.550  5.000  18.930  288.911
16.560  5.000  16.406  287.168
16.570  5.000  13.458  283.732
16.580  5.000  12.714  278.197
16.590  5.000  11.673  271.978
16.600  5.000  11.547  266.577
16.610  5.000  11.216  260.612
16.620  5.000  11.014  254.655
16.630  5.000  10.823  249.227
16.640  5.000  10.524  243.549
16.650  5.000  10.344  237.537
16.660  5.000  10.108  231.593
16.670  5.000  10.034  225.756
16.680  5.000  9.747  220.194
16.690  5.000  9.692  214.576
16.700  5.000  9.578  208.599
16.710  5.000  9.334  202.575
16.720  5.000  9.218  196.984
16.730  5.000  8.978  191.952
16.740  5.000  8.852  187.103
16.750  5.000  8.595  181.941
16.760  5.000  8.538  176.357
16.770  5.000  8.426  170.740
16.780  5.000  8.237  165.525
16.790  5.000  8.048  160.834
16.800  5.000  7.908  156.188
16.810  5.000  7.773  151.553
16.820  5.000  7.560  146.791
16.830  5.000  7.567  141.708
16.840  5.000  7.295  136.497
16.850  5.000  7.219  131.688
16.860  5.000  7.009  127.192
16.870  5.000  6.945  122.485
16.880  5.000  6.772  117.891
16.890  5.000  6.608  113.556
16.900  5.000  6.480  108.885
16.910  5.000  6.369  104.381
16.920  5.000  6.082  100.022
16.930  5.000  5.904  95.698
16.940  5.000  5.763  91.720
16.950  5.000  5.599  87.725
16.960  5.000  5.450  84.013
16.970  5.000  5.325  80.482
16.980  5.000  5.210  76.456
16.990  5.000  5.116  71.942
17.000  5.000  5.081  68.021
17.010  5.000  4.904  64.116
17.020  5.000  4.781  60.078
17.030  5.000  4.592  56.575
17.040  5.000  4.484  52.893
17.050  5.000  4.414  49.366
17.060  5.000  4.278  45.669
17.070  5.000  4.244  42.028
17.080  5.000  4.074  38.510
17.090  5.000  4.077  34.816
17.100  5.000  4.002  31.677
17.110  5.000  3.954  28.742
17.120  5.000  3.870  25.601
17.130  5.000  3.839  22.417
17.140  5.000  3.816  19.505
17.150  5.000  3.774  16.822
17.160  5.000  3.738  13.826
17.170  5.000  3.756  10.672
17.180  5.000  3.671  7.990
17.190  5.000  3.694  5.665
17.200  5.000  3.591  3.356
17.210  5.000  3.588  1.034
17.220  5.000  3.596  -1.098
17.230  5.000  3.539  -3.117
17.240  5.000  3.480  -5.084
17.250  5.000  3.484  -7.191
17.260  5.000  3.459  -9.171
17.270  5.000  3.529  -10.807
17.280  5.000  3.642  -12.217
17.290  5.000  3.749  -13.458
17.300  5.000  3.932  -14.601
17.310  5.000  3.996  -15.606
17.320  5.000  4.027  -16.439
17.330  5.000  3.848  -17.222
17.340  5.000  3.876  -18.060
17.350  5.000  3.915  -19.042
17.360  5.000  3.814  -19.793
17.370  5.000  4.036  -20.202
17.380  5.000  4.196  -20.461
17.390  5.000  4.283  -20.575
17.400  5.000  4.084  -20.379
17.410  5.000  4.152  -19.907
17.420  5.000  4.544  -19.361
17.430  5.000  4.531  -18.783
17.440  5.000  4.398  -17.984
17.450  5.000  4.465  -17.211
17.460  5.000  4.436  -16.547
17.470  5.000  4.449  -15.533
17.480  5.000  4.478  -14.477
17.490  5.000  4.578  -13.549
17.500  5.000  4.629  -12.674
17.510  5.000  4.699  -11.753
17.520  5.000  4.709  -10.922
17.530  5.000  4.744  -10.057
17.540  5.000  4.926  -9.171
17.550  5.000  4.926  -8.424
17.560  5.000  4.969  -7.746
17.570  5.000  5.050  -7.028
17.580  5.000  5.035  -6.181
17.590  5.000  5.137  -5.289
17.600  5.000  5.224  -4.441
17.610  5.000  5.033  -3.655
17.620  5.000  5.102  -2.788
17.630  5.000  5.188  -1.982
17.640  5.000  5.177  -1.278
17.650  5.000  5.321  -0.720
17.660  5.000  5.309  -0.505
17.670  5.000  5.350  -0.356
17.680  5.000  5.351  -0.035
17.690  5.000  5.394  0.314
17.700  5.000  5.334  0.786
17.710  5.000  5.266  1.408
17.720  5.000  5.362  1.883
17.730  5.000  5.350  2.254
17.740  5.000  5.473  2.549
17.750  5.000  5.387  2.700
17.760  5.000  5.501  2.894
17.770  5.000  5.474  3.217
17.780  5.000  5.396  3.645
17.790  5.000  5.369  3.920
17.800  5.000  5.417  3.922
17.810  5.000  5.431  3.785
17.820  5.000  5.380  3.691
17.830  5.000  5.303  3.681
17.840  5.000  5.096  3.585
17.850  5.000  5.283  3.535
17.860  5.000  5.133  3.351
17.870  5.000  5.295  2.932
17.880  5.000  5.177  2.390
17.890  5.000  5.124  1.843
17.900  5.000  4.978  1.467
17.910  5.000  5.025  0.952
17.920  5.000  5.039  0.175
17.930  5.000  5.014  -0.519
17.940  5.000  5.047  -0.890
17.950  5.000  4.893  -1.363
17.960  5.000  4.939  -2.116
17.970  5.000  4.818  -2.812
17.980  5.000  4.997  -3.340
17.990  5.000  4.916  -3.690
18.000  5.000  4.879  -4.075
18.010  5.000  4.826  -4.523
18.020  5.000  4.767  -4.751
18.030  5.000  4.779  -5.017
18.040  5.000  4.993  -5.448
18.050  5.000  4.791  -5.784
18.060  5.000  4.869  -6.154
18.070  5.000  4.808  -6.490
18.080  5.000  4.926  -6.789
18.090  5.000  5.037  -7.177
18.100  5.000  4.713  -7.240
18.110  5.000  4.849  -7.328
18.120  5.000  4.864  -7.648
18.130  5.000  4.837  -7.660
18.140  5.000  4.908  -7.622
18.150  5.000  4.895  -7.605
18.160  5.000  4.790  -7.373
18.170  5.000  4.771  -7.092
18.180  5.000  4.819  -6.764
18.190  5.000  5.118  -6.634
18.200  5.000  5.010  -6.806
18.210  5.000  4.909  -6.820
18.220  5.000  4.847  -6.546
18.230  5.000  4.923  -6.163
18.240  5.000  4.946  -5.898
18.250  5.000  4.922  -5.711
18.260  5.000  5.032  -5.567
18.270  5.000  4.920  -5.411
18.280  5.000  5.104  -5.100
18.290  5.000  4.974  -4.759
18.300  5.000  5.065  -4.466
18.310  5.000  4.938  -4.146
18.320  5.000  5.091  -3.857
18.330  5.000  5.058  -3.474
18.340  5.000  4.875  -3.027
18.350  5.000  5.047  -2.730
18.360  5.000  5.153  -2.560
18.370  5.000  5.222  -2.414
18.380  5.000  5.024  -2.168
18.390  5.000  5.006  -1.693
18.400  5.000  5.239  -1.456
18.410  5.000  5.110  -1.457
18.420  5.000  5.244  -1.518
18.430  5.000  5.162  -1.604
18.440  5.000  5.109  -1.589
18.450  5.000  5.151  -1.877
18.460  5.000  5.147  -2.144
18.470  5.000  5.007  -2.264
18.480  5.000  5.098  -2.437
18.490  5.000  5.140  -2.578
18.500  5.000  5.044  -2.727
18.510  5.000  5.051  -2.891
18.520  5.000  5.058  -3.170
18.530  5.000  5.056  -3.403
18.540  5.000  5.154  -3.629
18.550  6.500  5.065  -4.081
18.560  8.000  4.973  -4.335
18.570  9.500  5.370  -4.158
18.580  11.000  5.861  -3.550
18.590  12.500  6.387  -2.040
18.600  14.000  6.990  0.530
18.610  15.500  9.207  3.766
18.620  17.000  10.031  8.163
18.630  18.500  12.705  13.688
18.640  20.000  14.072  20.293
18.650  20.000  16.358  27.900
18.660  20.000  17.758  36.248
18.670  20.000  20.171  45.531
18.680  20.000  20.814  54.949
18.690  20.000  22.621  63.675
18.700  20.000  21.721  72.227
18.710  20.000  21.813  80.900
18.720  20.000  22.925  88.957
18.730  20.000  22.618  96.573
18.740  20.000  22.142  104.273
18.750  20.000  22.583  112.328
18.760  20.000  23.800  119.618
18.770  20.000  21.926  126.256
18.780  20.000  21.736  133.311
18.790  20.000  21.418  140.483
18.800  20.000  22.001  147.553
18.810  20.000  21.762  153.908
18.820  20.000  20.890  159.986
18.830  20.000  20.438  165.788
18.840  20.000  19.975  170.890
18.850  20.000  18.978  175.372
18.860  20.000  17.473  179.102
18.870  20.000  17.348  182.320
18.880  20.000  17.407  185.681
18.890  20.000  18.697  189.593
18.900  20.000  19.681  193.805
18.910  20.000  20.500  198.119
18.920  20.000  20.023  202.470
18.930  20.000  20.584  206.702
18.940  20.000  20.581  210.829
18.950  20.000  20.132  215.066
18.960  20.000  20.208  219.092
18.970  20.000  20.637  222.840
18.980  20.000  20.433  226.543
18.990  20.000  19.870  230.305
19.000  20.000  20.297  233.980
19.010  20.000  20.237  237.466
19.020  20.000  20.057  240.850
19.030  20.000  20.426  244.149
19.040  20.000  20.158  247.540
19.050  20.000  20.963  250.669
19.060  20.000  20.622  253.516
19.070  20.000  20.494  256.367
19.080  20.000  20.749  259.045
19.090  20.000  20.730  261.666
19.100  20.000  20.464  264.188
19.110  20.000  20.645  266.639
19.120  20.000  19.947  268.960
19.130  20.000  20.674  270.932
19.140  20.000  20.015  272.864
19.150  20.000  20.328  274.919
19.160  20.000  20.356  276.695
19.170  20.000  20.311  278.138
19.180  20.000  20.012  279.484
19.190  20.000  20.241  280.767
19.200  20.000  20.341  281.933
19.210  20.000  20.324  283.097
19.220  20.000  20.552  284.259
19.230  20.000  20.420  285.411
19.240  20.000  20.614  286.520
19.250  20.000  20.397  287.592
19.260  20.000  20.643  288.656
19.270  20.000  20.826  289.520
19.280  20.000  20.352  290.431
19.290  20.000  20.428  291.425
19.300  20.000  20.266  292.345
19.310  20.000  20.433  293.155
19.320  20.000  20.817  293.759
19.330  20.000  20.356  294.279
19.340  20.000  20.123  294.724
19.350  20.000  19.995  294.970
19.360  20.000  20.581  294.995
19.370  20.000  20.900  294.894
19.380  20.000  20.261  294.800
19.390  20.000  19.930  294.694
19.400  20.000  20.049  294.469
19.410  20.000  20.412  294.125
19.420  20.000  20.299  293.699
19.430  20.000  20.268  293.304
19.440  20.000  20.024  293.014
19.450  20.000  20.148  292.775
19.460  20.000  19.952  292.546
19.470  20.000  20.053  292.292
19.480  20.000  19.751  291.939
19.490  20.000  20.375  291.410
19.500  20.000  20.061  290.887
19.510  20.000  19.807  290.533
19.520  20.000  19.827  290.046
19.530  20.000  20.121  289.427
19.540  20.000  19.887  289.110
19.550  5.000  19.468  289.137
19.560  5.000  19.020  288.892
19.570  5.000  15.911  287.380
19.580  5.000  13.078  282.749
19.590  5.000  12.590  277.023
19.600  5.000  11.749  271.530
19.610  5.000  11.587  265.525
19.620  5.000  11.190  260.028
19.630  5.000  10.834  254.636
19.640  5.000  10.692  249.264
19.650  5.000  10.507  243.532
19.660  5.000  10.364  237.528
19.670  5.000  10.204  231.688
19.680  5.000  10.048  226.107
19.690  5.000  9.799  220.750
19.700  5.000  9.674  215.460
19.710  5.000  9.522  209.965
19.720  5.000  9.367  204.413
19.730  5.000  9.205  198.971
19.740  5.000  9.076  193.283
19.750  5.000  8.845  187.450
19.760  5.000  8.672  181.832
19.770  5.000  8.560  176.776
19.780  5.000  8.344  172.107
19.790  5.000  8.167  167.551
19.800  5.000  8.060  162.651
19.810  5.000  7.932  157.719
19.820  5.000  7.750  152.753
19.830  5.000  7.567  147.859
19.840  5.000  7.440  143.017
19.850  5.000  7.322  137.926
19.860  5.000  7.158  132.968
19.870  5.000  7.038  128.254
19.880  5.000  6.830  123.874
19.890  5.000  6.743  119.343
19.900  5.000  6.591  114.566
19.910  5.000  6.418  110.187
19.920  5.000  6.269  106.236
19.930  5.000  6.154  101.768
19.940  5.000  6.041  97.298
19.950  5.000  5.908  93.410
19.960  5.000  5.769  89.160
19.970  5.000  5.676  84.844
19.980  5.000  5.571  80.674
19.990  5.000  5.370  76.654
20.000  5.000  5.344  72.754
20.010  5.000  5.137  68.872
20.020  5.000  5.047  64.808
20.030  5.000  4.932  60.381
20.040  5.000  4.842  56.149
20.050  5.000  4.691  52.080
20.060  5.000  4.596  48.380
20.070  5.000  4.496  45.057
20.080  5.000  4.379  41.391
20.090  5.000  4.263  37.380
20.100  5.000  4.160  33.544
20.110  5.000  4.064  30.171
20.120  5.000  3.925  27.169
20.130  5.000  3.830  24.296
20.140  5.000  3.817  21.453
20.150  5.000  3.738  18.088
20.160  5.000  3.764  14.852
20.170  5.000  3.632  12.147
20.180  5.000  3.668  9.441
20.190  5.000  3.555  6.431
20.200  5.000  3.528  3.754
20.210  5.000  3.504  1.513
20.220  5.000  3.493  -0.870
20.230  5.000  3.516  -3.076
20.240  5.000  3.487  -5.265
20.250  5.000  3.443  -7.305
20.260  5.000  3.346  -9.199
20.270  5.000  3.410  -11.154
20.280  5.000  3.442  -12.855
20.290  5.000  3.563  -14.386
20.300  5.000  3.641  -15.778
20.310  5.000  3.797  -16.871
20.320  5.000  3.945  -17.864
20.330  5.000  3.817  -18.722
20.340  5.000  3.881  -19.405
20.350  5.000  3.668  -20.023
20.360  5.000  3.738  -20.667
20.370  5.000  3.857  -21.228
20.380  5.000  4.171  -21.616
20.390  5.000  4.288  -21.711
20.400  5.000  4.146  -21.406
20.410  5.000  4.042  -20.895
20.420  5.000  4.095  -20.385
20.430  5.000  4.252  -19.745
20.440  5.000  4.540  -18.909
20.450  5.000  4.437  -18.186
20.460  5.000  4.253  -17.495
20.470  5.000  4.509  -16.785
20.480  5.000  4.498  -16.008
20.490  5.000  4.580  -15.232
20.500  5.000  4.626  -14.547
20.510  5.000  4.651  -13.671
20.520  5.000  4.714  -12.735
20.530  5.000  4.900  -11.974
20.540  5.000  4.872  -11.157
20.550  5.000  5.007  -10.251
20.560  5.000  4.909  -9.343
20.570  5.000  4.974  -8.218
20.580  5.000  5.087  -7.053
20.590  5.000  5.166  -6.201
20.600  5.000  5.052  -5.453
20.610  5.000  5.193  -4.569
20.620  5.000  4.990  -3.467
20.630  5.000  5.167  -2.436
20.640  5.000  5.141  -1.711
20.650  5.000  5.296  -1.022
20.660  5.000  5.086  -0.234
20.670  5.000  5.311  0.544
20.680  5.000  5.411  1.128
20.690  5.000  5.381  1.659
20.700  5.000  5.454  2.173
20.710  5.000  5.412  2.608
20.720  5.000  5.472  3.070
20.730  5.000  5.416  3.734
20.740  5.000  5.488  4.486
20.750  5.000  5.621  4.910
20.760  5.000  5.461  5.199
20.770  5.000  5.343  5.717
20.780  5.000  5.506  6.369
20.790  5.000  5.425  6.892
20.800  5.000  5.426  7.210
20.810  5.000  5.257  7.420
20.820  5.000  5.460  7.446
20.830  5.000  5.333  7.394
20.840  5.000  5.306  7.241
20.850  5.000  5.381  6.747
20.860  5.000  5.401  6.176
20.870  5.000  5.301  5.614
20.880  5.000  5.191  4.907
20.890  5.000  5.209  4.043
20.900  5.000  5.076  3.185
20.910  5.000  5.016  2.602
20.920  5.000  5.020  2.007
20.930  5.000  5.075  1.343
20.940  5.000  4.897  0.565
20.950  5.000  4.898  -0.278
20.960  5.000  4.792  -1.028
20.970  5.000  4.823  -1.673
20.980  5.000  4.893  -2.035
20.990  5.000  4.774  -2.280
21.000  5.000  4.747  -2.486
21.010  5.000  4.776  -2.844
21.020  5.000  4.808  -3.219
21.030  5.000  4.872  -3.524
21.040  5.000  4.727  -3.819
21.050  5.000  4.786  -4.048
21.060  5.000  4.855  -4.321
21.070  5.000  4.778  -4.556
21.080  5.000  4.687  -4.425
21.090  5.000  4.751  -4.083
21.100  5.000  4.957  -3.945
21.110  5.000  4.876  -3.844
21.120  5.000  4.811  -3.648
21.130  5.000  4.768  -3.336
21.140  5.000  4.809  -2.847
21.150  5.000  4.883  -2.538
21.160  5.000  4.908  -2.411
21.170  5.000  4.953  -2.125
21.180  5.000  4.805  -1.925
21.190  5.000  4.886  -1.843
21.200  5.000  5.064  -1.612
21.210  5.000  5.049  -1.361
21.220  5.000  4.875  -0.836
21.230  5.000  5.015  -0.197
21.240  5.000  5.021  0.070
21.250  5.000  5.019  0.359
21.260  5.000  5.000  0.856
21.270  5.000  5.077  1.310
21.280  5.000  4.880  1.773
21.290  5.000  5.028  2.123
21.300  5.000  5.087  2.360
21.310  5.000  5.076  2.629
21.320  5.000  5.071  2.818
21.330  5.000  5.130  3.066
21.340  5.000  5.120  3.367
21.350  5.000  5.137  3.527
21.360  5.000  5.071  3.638
21.370  5.000  5.068  3.895
21.380  5.000  5.178  4.205
21.390  5.000  5.136  4.531
21.400  5.000  5.106  4.724
21.410  5.000  5.199  4.528
21.420  5.000  5.097  4.280
21.430  5.000  5.066  4.408
21.440  5.000  5.122  4.741
21.450  5.000  4.995  4.886
21.460  5.000  5.178  4.736
21.470  5.000  5.120  4.513
21.480  5.000  5.167  4.275
21.490  5.000  5.101  4.047
21.500  5.000  5.116  3.944
21.510  5.000  4.932  3.841
21.520  5.000  5.104  3.689
21.530  5.000  5.045  3.526
21.540  5.000  5.053  3.299
21.550  5.000  4.879  3.252
21.560  6.500  5.075  3.105
21.570  8.000  5.134  2.926
21.580  9.500  5.290  3.144
21.590  11.000  5.837  3.609
21.600  12.500  6.377  4.943
21.610  14.000  7.145  7.062
21.620  15.500  9.074  9.788
21.630  17.000  10.324  13.943
21.640  18.500  12.227  19.834
21.650  20.000  14.112  26.847
21.660  20.000  16.485  34.326
21.670  20.000  18.490  42.286
21.680  20.000  20.125  50.994
21.690  20.000  21.521  59.871
21.700  20.000  21.838  68.352
21.710  20.000  22.149  76.552
21.720  20.000  21.432  84.822
21.730  20.000  22.961  92.743
21.740  20.000  22.656  100.044
21.750  20.000  22.452  107.295
21.760  20.000  22.632  114.543
21.770  20.000  22.293  121.697
21.780  20.000  22.193  128.850
21.790  20.000  21.952  135.999
21.800  20.000  22.130  142.740
21.810  20.000  20.670  149.094
21.820  20.000  20.938  154.630
21.830  20.000  20.021  159.720
21.840  20.000  19.094  164.645
21.850  20.000  17.348  169.000
21.860  20.000  17.620  172.764
21.870  20.000  18.447  176.298
21.880  20.000  18.741  180.481
21.890  20.000  19.834  184.976
21.900  20.000  20.111  189.612
21.910  20.000  20.478  194.610
21.920  20.000  20.347  199.282
21.930  20.000  20.519  203.579
21.940  20.000  20.437  207.869
21.950  20.000  20.582  212.175
21.960  20.000  20.578  216.554
21.970  20.000  19.900  220.940
21.980  20.000  20.876  225.011
21.990  20.000  20.404  228.876
22.000  20.000  20.603  232.686
22.010  20.000  20.183  236.293
22.020  20.000  19.841  239.855
22.030  20.000  20.350  243.132
22.040  20.000  20.438  246.183
22.050  20.000  20.481  249.099
22.060  20.000  20.291  251.852
22.070  20.000  20.555  254.566
22.080  20.000  20.363  257.338
22.090  20.000  20.497  260.241
22.100  20.000  20.619  262.894
22.110  20.000  20.842  265.202
22.120  20.000  20.351  267.405
22.130  20.000  20.534  269.589
22.140  20.000  20.265  271.626
22.150  20.000  20.334  273.452
22.160  20.000  20.436  275.105
22.170  20.000  20.122  276.436
22.180  20.000  20.058  277.708
22.190  20.000  20.390  279.004
22.200  20.000  20.127  280.318
22.210  20.000  20.100  281.569
22.220  20.000  20.231  282.665
22.230  20.000  20.257  283.779
22.240  20.000  20.460  284.731
22.250  20.000  20.890  285.489
22.260  20.000  20.513  286.287
22.270  20.000  20.685  287.243
22.280  20.000  20.325  288.180
22.290  20.000  20.899  289.063
22.300  20.000  20.670  289.867
22.310  20.000  20.454  290.642
22.320  20.000  20.140  291.459
22.330  20.000  20.429  292.032
22.340  20.000  20.393  292.380
22.350  20.000  20.351  292.722
22.360  20.000  20.260  292.922
22.370  20.000  20.409  293.012
22.380  20.000  20.225  293.074
22.390  20.000  20.333  293.022
22.400  20.000  20.474  292.873
22.410  20.000  20.186  292.637
22.420  20.000  20.109  292.394
22.430  20.000  20.183  292.093
22.440  20.000  20.248  291.572
22.450  20.000  20.050  290.922
22.460  20.000  20.413  290.284
22.470  20.000  19.886  289.882
22.480  20.000  20.095  289.547
22.490  20.000  20.091  289.224
22.500  20.000  19.814  288.907
22.510  20.000  20.080  288.426
22.520  20.000  19.962  287.931
22.530  20.000  19.961  287.654
22.540  20.000  19.735  287.487
22.550  20.000  19.929  287.245
22.560  5.000  20.030  286.920
22.570  5.000  19.340  286.376
22.580  5.000  15.805  284.945
22.590  5.000  13.049  280.851
22.600  5.000  12.514  275.621
22.610  5.000  11.778  269.921
22.620  5.000  11.480  263.809
22.630  5.000  11.251  258.087
22.640  5.000  10.945  252.433
22.650  5.000  10.690  246.743
22.660  5.000  10.547  240.467
22.670  5.000  10.414  234.661
22.680  5.000  10.175  229.113
22.690  5.000  9.976  223.630
22.700  5.000  9.800  218.010
22.710  5.000  9.582  212.134
22.720  5.000  9.462  206.252
22.730  5.000  9.243  200.397
22.740  5.000  9.122  195.178
22.750  5.000  8.952  189.799
22.760  5.000  8.798  184.393
22.770  5.000  8.655  179.058
22.780  5.000  8.458  173.891
22.790  5.000  8.305  169.324
22.800  5.000  8.186  164.326
22.810  5.000  8.007  159.293
22.820  5.000  7.919  154.708
22.830  5.000  7.699  149.728
22.840  5.000  7.580  144.794
22.850  5.000  7.443  140.024
22.860  5.000  7.322  134.688
22.870  5.000  7.214  129.722
22.880  5.000  7.037  125.393
22.890  5.000  6.902  120.709
22.900  5.000  6.765  116.047
22.910  5.000  6.606  111.485
22.920  5.000  6.488  107.118
22.930  5.000  6.365  102.684
22.940  5.000  6.218  98.206
22.950  5.000  6.113  94.072
22.960  5.000  5.951  89.957
22.970  5.000  5.851  85.919
22.980  5.000  5.672  81.906
22.990  5.000  5.526  77.979
23.000  5.000  5.410  73.995
23.010  5.000  5.245  70.325
23.020  5.000  5.085  66.500
23.030  5.000  4.963  62.194
23.040  5.000  4.795  57.781
23.050  5.000  4.632  53.917
23.060  5.000  4.554  50.132
23.070  5.000  4.447  45.946
23.080  5.000  4.298  42.137
23.090  5.000  4.229  38.233
23.100  5.000  4.108  34.554
23.110  5.000  4.038  31.437
23.120  5.000  4.037  27.892
23.130  5.000  4.019  24.366
23.140  5.000  3.918  20.908
23.150  5.000  3.934  17.646
23.160  5.000  3.797  14.779
23.170  5.000  3.792  11.752
23.180  5.000  3.734  8.994
23.190  5.000  3.700  6.362
23.200  5.000  3.702  3.694
23.210  5.000  3.643  1.157
23.220  5.000  3.596  -1.212
23.230  5.000  3.561  -3.482
23.240  5.000  3.579  -5.588
23.250  5.000  3.551  -7.660
23.260  5.000  3.456  -9.859
23.270  5.000  3.478  -11.877
23.280  5.000  3.467  -13.743
23.290  5.000  3.468  -15.566
23.300  5.000  3.599  -17.139
23.310  5.000  3.766  -18.513
23.320  5.000  3.856  -19.714
23.330  5.000  3.969  -20.562
23.340  5.000  3.823  -21.327
23.350  5.000  3.832  -22.196
23.360  5.000  3.914  -23.040
23.370  5.000  3.776  -23.739
23.380  5.000  3.833  -24.314
23.390  5.000  4.065  -24.918
23.400  5.000  4.244  -25.336
23.410  5.000  4.121  -25.458
23.420  5.000  4.137  -25.373
23.430  5.000  4.184  -24.948
23.440  5.000  4.242  -24.297
23.450  5.000  4.422  -23.698
23.460  5.000  4.281  -22.997
23.470  5.000  4.370  -22.182
23.480  5.000  4.321  -21.280
23.490  5.000  4.496  -20.310
23.500  5.000  4.475  -19.281
23.510  5.000  4.571  -18.260
23.520  5.000  4.673  -17.277
23.530  5.000  4.749  -16.330
23.540  5.000  4.884  -15.400
23.550  5.000  4.892  -14.431
23.560  5.000  4.985  -13.430
23.570  5.000  4.885  -12.426
23.580  5.000  5.154  -11.563
23.590  5.000  5.191  -10.876
23.600  5.000  5.168  -10.230
23.610  5.000  4.965  -9.206
23.620  5.000  5.007  -8.121
23.630  5.000  5.265  -7.386
23.640  5.000  5.313  -6.607
23.650  5.000  5.212  -5.823
23.660  5.000  5.128  -5.244
23.670  5.000  5.418  -4.851
23.680  5.000  5.308  -4.430
23.690  5.000  5.357  -3.853
23.700  5.000  5.397  -3.302
23.710  5.000  5.342  -2.830
23.720  5.000  5.337  -2.304
23.730  5.000  5.516  -1.792
23.740  5.000  5.435  -1.326
23.750  5.000  5.672  -0.958
23.760  5.000  5.449  -0.589
23.770  5.000  5.529  -0.218
23.780  5.000  5.338  -0.029
23.790  5.000  5.571  0.029
23.800  5.000  5.255  0.116
23.810  5.000  5.460  0.245
23.820  5.000  5.335  0.164
23.830  5.000  5.401  -0.072
23.840  5.000  5.154  -0.199
23.850  5.000  5.241  -0.307
23.860  5.000  5.319  -0.699
23.870  5.000  5.271  -1.399
23.880  5.000  5.165  -2.082
23.890  5.000  4.957  -2.649
23.900  5.000  5.080  -3.225
23.910  5.000  5.080  -3.956
23.920  5.000  5.092  -4.722
23.930  5.000  5.060  -5.370
23.940  5.000  5.066  -6.016
23.950  5.000  4.979  -6.633
23.960  5.000  4.902  -7.334
23.970  5.000  4.863  -7.972
23.980  5.000  4.931  -8.493
23.990  5.000  4.835  -9.100
24.000  5.000  4.841  -9.687
24.010  5.000  4.931  -10.268
24.020  5.000  4.884  -10.732
24.030  5.000  4.813  -11.116
24.040  5.000  4.841  -11.598
24.050  5.000  4.892  -11.961
24.060  5.000  4.863  -12.279
24.070  5.000  4.608  -12.537
24.080  5.000  4.767  -12.815
24.090  5.000  4.954  -13.122
24.100  5.000  4.925  -13.317
24.110  5.000  4.693  -13.204
24.120  5.000  4.709  -12.780
24.130  5.000  4.799  -12.479
24.140  5.000  4.940  -12.488
24.150  5.000  4.885  -12.571
24.160  5.000  4.779  -12.425
24.170  5.000  4.758  -12.187
24.180  5.000  4.711  -11.924
24.190  5.000  4.753  -11.564
24.200  5.000  4.979  -11.222
24.210  5.000  5.044  -10.965
24.220  5.000  4.835  -10.537
24.230  5.000  5.009  -9.910
24.240  5.000  4.728  -9.346
24.250  5.000  5.107  -8.851
24.260  5.000  5.073  -8.405
24.270  5.000  4.986  -7.964
24.280  5.000  4.979  -7.478
24.290  5.000  4.895  -7.004
24.300  5.000  5.079  -6.664
24.310  5.000  5.084  -6.547
24.320  5.000  5.196  -6.529
24.330  5.000  4.976  -6.281
24.340  5.000  5.035  -5.865
24.350  5.000  5.220  -5.545
24.360  5.000  5.134  -5.327
24.370  5.000  4.970  -4.962
24.380  5.000  5.202  -4.619
24.390  5.000  5.264  -4.560
24.400  5.000  5.154  -4.524
24.410  5.000  5.167  -4.401
24.420  5.000  5.106  -4.005
24.430  5.000  5.024  -3.476
24.440  5.000  5.232  -3.293
24.450  5.000  5.178  -3.314
24.460  5.000  5.273  -3.560
24.470  5.000  5.098  -3.882
24.480  5.000  5.133  -4.119
24.490  5.000  5.048  -4.379
24.500  5.000  5.061  -4.510
24.510  5.000  5.015  -4.739
24.520  5.000  5.108  -5.150
24.530  5.000  5.021  -5.575
24.540  5.000  4.946  -5.745
24.550  5.000  5.119  -5.786
24.560  5.000  5.011  -5.999
24.570  6.499  4.903  -6.169
24.580  7.999  4.855  -6.114
24.590  9.499  5.366  -5.789
24.600  10.999  5.593  -5.101
24.610  12.500  6.405  -3.666
24.620  13.999  7.390  -1.443
24.630  15.500  8.984  1.621
24.640  16.999  10.585  5.916
24.650  18.499  12.685  11.493
24.660  20.000  14.203  18.447
24.670  20.000  16.400  26.336
24.680  20.000  18.428  34.443
24.690  20.000  19.600  42.784
24.700  20.000  21.259  51.783
24.710  20.000  21.171  61.286
24.720  20.000  22.805  70.265
24.730  20.000  22.291  78.633
24.740  20.000  22.589  87.026
24.750  20.000  21.956  95.320
24.760  20.000  22.033  103.400
24.770  20.000  22.278  111.421
24.780  20.000  22.995  119.113
24.790  20.000  22.750  126.403
24.800  20.000  22.499  133.467
24.810  20.000  21.690  140.039
24.820  20.000  21.570  146.195
24.830  20.000  21.622  152.163
24.840  20.000  20.176  158.010
24.850  20.000  19.782  163.535
24.860  20.000  19.157  168.325
24.870  20.000  18.073  172.307
24.880  20.000  17.026  176.055
24.890  20.000  17.362  179.917
24.900  20.000  18.870  183.867
24.910  20.000  19.399  188.561
24.920  20.000  19.524  193.994
24.930  20.000  20.313  199.158
24.940  20.000  21.216  203.890
24.950  20.000  20.690  208.563
24.960  20.000  20.428  212.851
24.970  20.000  20.807  216.677
24.980  20.000  20.404  220.654
24.990  20.000  20.666  224.611
25.000  20.000  19.619  228.408
25.010  20.000  20.064  232.343
25.020  20.000  20.566  236.209
25.030  20.000  19.813  240.092
25.040  20.000  20.519  243.712
25.050  20.000  20.409  246.965
25.060  20.000  20.668  250.065
25.070  20.000  20.661  252.913
25.080  20.000  20.312  255.831
25.090  20.000  20.408  258.864
25.100  20.000  20.287  261.708
25.110  20.000  20.321  264.542
25.120  20.000  20.625  267.493
25.130  20.000  20.365  270.239
25.140  20.000  21.173  272.584
25.150  20.000  20.462  274.831
25.160  20.000  20.361  276.966
25.170  20.000  19.780  278.861
25.180  20.000  20.422  280.763
25.190  20.000  20.262  282.555
25.200  20.000  20.349  283.979
25.210  20.000  20.439  285.125
25.220  20.000  20.147  286.250
25.230  20.000  19.960  287.493
25.240  20.000  20.341  288.704
25.250  20.000  20.530  289.832
25.260  20.000  20.624  291.055
25.270  20.000  20.474  292.326
25.280  20.000  20.792  293.472
25.290  20.000  20.748  294.415
25.300  20.000  20.899  295.281
25.310  20.000  20.282  296.169
25.320  20.000  20.486  297.001
25.330  20.000  20.375  297.734
25.340  20.000  20.353  298.330
25.350  20.000  20.458  298.672
25.360  20.000  20.712  298.817
25.370  20.000  20.410  298.821
25.380  20.000  20.116  298.875
25.390  20.000  20.315  298.927
25.400  20.000  20.391  298.781
25.410  20.000  20.064  298.674
25.420  20.000  20.085  298.592
25.430  20.000  20.035  298.523
25.440  20.000  20.033  298.461
25.450  20.000  19.959  298.221
25.460  20.000  20.172  297.835
25.470  20.000  20.158  297.500
25.480  20.000  19.931  297.348
25.490  20.000  20.051  297.257
25.500  20.000  19.762  297.308
25.510  20.000  19.998  297.355
25.520  20.000  20.057  297.173
25.530  20.000  20.126  296.889
25.540  20.000  20.050  296.582
25.550  20.000  20.166  296.279
25.560  20.000  19.639  296.168
25.570  5.000  19.692  296.175
25.580  5.000  19.472  295.766
25.590  5.000  16.410  294.100
25.600  5.000  13.345  290.729
25.610  5.000  12.601  286.008
25.620  5.000  11.712  280.688
25.630  5.000  11.526  275.230
25.640  5.000  11.293  269.730
25.650  5.000  11.067  264.406
25.660  5.000  10.756  259.202
25.670  5.000  10.618  253.500
25.680  5.000  10.458  247.372
25.690  5.000  10.276  241.706
25.700  5.000  10.074  235.980
25.710  5.000  9.862  229.992
25.720  5.000  9.751  224.082
25.730  5.000  9.669  218.056
25.740  5.000  9.423  212.601
25.750  5.000  9.266  207.602
25.760  5.000  9.037  202.053
25.770  5.000  8.898  196.543
25.780  5.000  8.747  191.184
25.790  5.000  8.589  185.635
25.800  5.000  8.443  180.300
25.810  5.000  8.249  175.278
25.820  5.000  8.113  170.428
25.830  5.000  7.922  165.439
25.840  5.000  7.814  160.581
25.850  5.000  7.705  155.538
25.860  5.000  7.503  150.618
25.870  5.000  7.278  145.837
25.880  5.000  7.221  141.066
25.890  5.000  7.115  136.400
25.900  5.000  6.912  131.703
25.910  5.000  6.808  127.317
25.920  5.000  6.671  122.998
25.930  5.000  6.605  118.439
25.940  5.000  6.373  113.597
25.950  5.000  6.281  108.767
25.960  5.000  6.159  103.952
25.970  5.000  5.972  99.648
25.980  5.000  5.805  95.342
25.990  5.000  5.745  90.966
26.000  5.000  5.609  87.071
26.010  5.000  5.535  83.188
26.020  5.000  5.366  79.148
26.030  5.000  5.262  75.165
26.040  5.000  5.056  71.068
26.050  5.000  4.958  66.982
26.060  5.000  4.813  63.454
26.070  5.000  4.572  60.217
26.080  5.000  4.467  56.396
26.090  5.000  4.297  52.613
26.100  5.000  4.306  49.543
26.110  5.000  4.094  46.386
26.120  5.000  4.097  43.239
26.130  5.000  4.033  40.297
26.140  5.000  3.952  36.956
26.150  5.000  3.951  33.702
26.160  5.000  3.890  30.804
26.170  5.000  3.897  27.491
26.180  5.000  3.765  24.251
26.190  5.000  3.805  21.243
26.200  5.000  3.755  18.388
26.210  5.000  3.676  15.796
26.220  5.000  3.629  13.369
26.230  5.000  3.600  11.105
26.240  5.000  3.557  8.941
26.250  5.000  3.601  6.871
26.260  5.000  3.489  4.840
26.270  5.000  3.508  2.662
26.280  5.000  3.485  0.425
26.290  5.000  3.430  -1.555
26.300  5.000  3.505  -3.398
26.310  5.000  3.619  -5.165
26.320  5.000  3.677  -6.651
26.330  5.000  3.795  -7.873
26.340  5.000  4.011  -8.844
26.350  5.000  3.973  -9.780
26.360  5.000  3.958  -10.778
26.370  5.000  3.941  -11.759
26.380  5.000  3.831  -12.645
26.390  5.000  3.791  -13.568
26.400  5.000  3.908  -14.333
26.410  5.000  4.059  -14.585
26.420  5.000  4.196  -14.658
26.430  5.000  4.314  -14.527
26.440  5.000  4.315  -14.170
26.450  5.000  4.164  -13.703
26.460  5.000  4.202  -13.032
26.470  5.000  4.502  -12.386
26.480  5.000  4.590  -11.712
26.490  5.000  4.478  -10.917
26.500  5.000  4.321  -10.129
26.510  5.000  4.497  -9.317
26.520  5.000  4.626  -8.516
26.530  5.000  4.635  -7.761
26.540  5.000  4.730  -7.013
26.550  5.000  4.737  -6.335
26.560  5.000  4.825  -5.708
26.570  5.000  4.888  -5.074
26.580  5.000  4.974  -4.408
26.590  5.000  5.014  -3.586
26.600  5.000  4.867  -2.671
26.610  5.000  4.981  -1.826
26.620  5.000  5.006  -1.007
26.630  5.000  5.043  -0.224
26.640  5.000  5.022  0.510
