# Captured 2020-06-18 16:24:23.544555 by jlebar
# Built at revision a4c6d043 (dirty)
#
# Ventilator was run attached to QuickLung at covent preset #1 (but with lung
# compliance = 10 ml/cmH2O, that's just how it was set).
#
# I then turned the lung's linear compliance knob from Rp = 20 to Off, blocking
# most of the flow.  I left it there for a few second and turned it back to
# Rp = 20.
time(sec)  pressure  net_flow  flow_uncorrected  pc_setpoint
0.000  16.460  121.262  147.339  15.000
0.010  18.782  317.746  343.823  15.000
0.020  16.765  161.132  187.209  15.000
0.030  14.309  433.913  459.991  15.000
0.040  16.249  201.938  228.015  15.000
0.050  19.058  119.829  145.906  15.000
0.060  16.269  303.953  330.030  15.000
0.070  14.398  289.921  315.998  15.000
0.080  18.463  -48.692  -22.614  15.000
0.090  20.024  96.980  123.057  15.000
0.100  16.005  363.970  390.047  15.000
0.110  15.072  103.950  130.027  15.000
0.120  18.445  74.836  100.914  15.000
0.130  18.897  176.463  202.541  15.000
0.140  15.980  331.052  357.130  15.000
0.150  16.953  82.732  108.810  15.000
0.160  17.769  19.577  45.654  15.000
0.170  16.984  -34.976  -8.898  15.000
0.180  17.374  36.875  62.952  15.000
0.190  17.435  -29.792  -3.715  15.000
0.200  17.183  -31.861  -5.784  15.000
0.210  17.361  -21.087  4.990  15.000
0.220  16.916  8.859  34.937  15.000
0.230  17.426  11.002  37.079  15.000
0.240  17.264  -11.936  14.142  15.000
0.250  17.323  -38.945  -12.868  15.000
0.260  17.250  -37.686  -11.608  15.000
0.270  16.981  -20.990  5.087  15.000
0.280  17.070  -71.636  -45.558  15.000
0.290  16.841  -18.225  7.852  15.000
0.300  17.128  -4.757  21.320  15.000
0.310  17.080  -39.278  -13.201  15.000
0.320  17.085  -55.379  -29.301  15.000
0.330  17.002  -42.241  -16.164  15.000
0.340  16.906  -71.564  -45.486  15.000
0.350  16.898  -61.615  -35.538  15.000
0.360  16.871  -18.874  7.203  15.000
0.370  16.889  -52.476  -26.398  15.000
0.380  16.865  -57.882  -31.805  15.000
0.390  16.757  -4.794  21.283  15.000
0.400  16.792  -4.617  21.460  15.000
0.410  16.809  -37.662  -11.584  15.000
0.420  16.722  -17.413  8.664  15.000
0.430  16.696  -61.774  -35.697  15.000
0.440  16.723  -41.237  -15.160  15.000
0.450  16.657  -38.602  -12.525  15.000
0.460  16.689  -41.685  -15.607  15.000
0.470  16.636  -61.207  -35.130  15.000
0.480  16.730  -22.690  3.387  15.000
0.490  16.636  -60.974  -34.897  15.000
0.500  16.582  -13.856  12.222  15.000
0.510  16.561  -17.766  8.312  15.000
0.520  16.643  -35.119  -9.042  15.000
0.530  16.588  -54.568  -28.491  15.000
0.540  16.583  -13.704  12.374  15.000
0.550  16.592  -50.035  -23.957  15.000
0.560  16.521  -10.402  15.675  15.000
0.570  16.494  -12.917  13.160  15.000
0.580  16.435  8.373  34.450  15.000
0.590  16.413  -11.970  14.107  15.000
0.600  16.519  -26.667  -0.590  15.000
0.610  16.391  -17.392  8.685  15.000
0.620  16.402  -42.360  -16.283  15.000
0.630  16.479  -42.737  -16.660  15.000
0.640  16.438  -17.438  8.640  15.000
0.650  16.319  -5.889  20.188  15.000
0.660  16.350  -37.542  -11.465  15.000
0.670  16.325  -9.829  16.248  15.000
0.680  16.360  -45.759  -19.681  15.000
0.690  16.273  -23.815  2.263  15.000
0.700  16.325  -29.213  -3.136  15.000
0.710  16.271  -21.655  4.422  15.000
0.720  16.311  -41.679  -15.602  15.000
0.730  16.313  -59.849  -33.771  15.000
0.740  16.219  -26.542  -0.465  15.000
0.750  16.248  -15.169  10.909  5.000
0.760  15.917  -11.381  14.696  5.000
0.770  11.784  -235.241  -209.164  5.000
0.780  8.875  -503.746  -477.668  5.000
0.790  6.885  -711.570  -685.493  5.000
0.800  6.237  -632.595  -606.517  5.000
0.810  6.301  -611.029  -584.952  5.000
0.820  6.510  -501.573  -475.496  5.000
0.830  6.301  -554.830  -528.753  5.000
0.840  5.916  -492.896  -466.819  5.000
0.850  5.760  -478.890  -452.812  5.000
0.860  5.372  -481.636  -455.558  5.000
0.870  5.221  -457.513  -431.435  5.000
0.880  4.948  -453.998  -427.920  5.000
0.890  4.926  -402.705  -376.627  5.000
0.900  5.000  -365.128  -339.050  5.000
0.910  4.812  -356.606  -330.529  5.000
0.920  4.561  -312.099  -286.022  5.000
0.930  4.636  -280.054  -253.977  5.000
0.940  4.738  -322.940  -296.862  5.000
0.950  4.509  -309.972  -283.895  5.000
0.960  4.240  -257.945  -231.868  5.000
0.970  4.366  -260.587  -234.509  5.000
0.980  4.260  -234.644  -208.566  5.000
0.990  4.170  -205.559  -179.481  5.000
1.000  4.071  -215.763  -189.686  5.000
1.010  3.991  -217.777  -191.700  5.000
1.020  3.894  -219.576  -193.499  5.000
1.030  3.735  -227.031  -200.954  5.000
1.040  3.890  -170.500  -144.423  5.000
1.050  3.840  -148.983  -122.906  5.000
1.060  3.836  -161.671  -135.594  5.000
1.070  3.928  -157.076  -130.999  5.000
1.080  3.783  -155.127  -129.050  5.000
1.090  3.559  -106.506  -80.429  5.000
1.100  3.668  -94.696  -68.618  5.000
1.110  3.848  -121.820  -95.743  5.000
1.120  3.660  -126.978  -100.901  5.000
1.130  3.578  -85.590  -59.512  5.000
1.140  3.690  -79.432  -53.355  5.000
1.150  3.631  -95.216  -69.139  5.000
1.160  3.796  -96.254  -70.176  5.000
1.170  3.853  -110.617  -84.540  5.000
1.180  3.682  -110.296  -84.219  5.000
1.190  3.536  -54.844  -28.767  5.000
1.200  3.600  -35.499  -9.422  5.000
1.210  3.782  -30.950  -4.873  5.000
1.220  3.781  -64.710  -38.633  5.000
1.230  3.671  -53.701  -27.624  5.000
1.240  3.415  -41.665  -15.587  5.000
1.250  3.631  10.636  36.713  5.000
1.260  3.701  7.399  33.476  5.000
1.270  3.656  -27.034  -0.957  5.000
1.280  3.344  -8.797  17.280  5.000
1.290  3.759  -16.762  9.316  5.000
1.300  3.742  -19.809  6.268  5.000
1.310  3.586  -12.791  13.286  5.000
1.320  3.705  -14.083  11.995  5.000
1.330  4.015  -42.280  -16.203  5.000
1.340  3.922  -85.623  -59.546  5.000
1.350  3.735  -62.005  -35.927  5.000
1.360  3.509  -26.524  -0.447  5.000
1.370  3.579  15.664  41.742  5.000
1.380  3.667  17.753  43.831  5.000
1.390  3.739  8.913  34.990  5.000
1.400  3.760  5.073  31.151  5.000
1.410  3.631  11.945  38.022  5.000
1.420  3.798  24.455  50.532  5.000
1.430  3.750  -10.743  15.334  5.000
1.440  3.989  -13.928  12.150  5.000
1.450  3.857  -31.533  -5.456  5.000
1.460  3.744  -9.512  16.565  5.000
1.470  3.829  -5.248  20.830  5.000
1.480  3.701  7.886  33.964  5.000
1.490  3.919  2.410  28.487  5.000
1.500  3.722  -39.122  -13.045  5.000
1.510  3.792  1.190  27.268  5.000
1.520  3.748  -3.759  22.318  5.000
1.530  3.734  21.114  47.192  5.000
1.540  3.784  2.481  28.558  5.000
1.550  3.958  -14.353  11.724  5.000
1.560  3.590  24.062  50.139  5.000
1.570  3.924  4.425  30.502  5.000
1.580  3.686  9.101  35.178  5.000
1.590  3.862  -29.982  -3.905  5.000
1.600  4.050  -26.434  -0.357  5.000
1.610  3.854  2.909  28.986  5.000
1.620  3.905  -16.555  9.522  5.000
1.630  4.033  0.776  26.854  5.000
1.640  3.778  -3.410  22.667  5.000
1.650  3.781  25.429  51.506  5.000
1.660  3.921  20.526  46.604  5.000
1.670  3.676  -8.814  17.264  5.000
1.680  3.805  33.523  59.600  5.000
1.690  3.972  15.134  41.212  5.000
1.700  3.952  24.832  50.909  5.000
1.710  3.984  -29.618  -3.541  5.000
1.720  3.987  -15.469  10.608  5.000
1.730  4.021  3.785  29.862  5.000
1.740  4.036  -30.742  -4.665  5.000
1.750  4.130  -49.463  -23.386  5.000
1.760  3.994  -8.457  17.620  5.000
1.770  4.071  -22.167  3.910  5.000
1.780  4.004  -44.743  -18.666  5.000
1.790  4.033  -4.892  21.185  5.000
1.800  3.990  -9.647  16.431  5.000
1.810  4.033  -12.130  13.947  5.000
1.820  3.847  -12.876  13.201  5.000
1.830  4.069  -2.548  23.529  5.000
1.840  3.989  -17.741  8.336  5.000
1.850  4.045  -27.638  -1.560  5.000
1.860  3.953  -15.174  10.903  5.000
1.870  3.879  -18.597  7.481  5.000
1.880  4.065  -25.147  0.930  5.000
1.890  4.014  -28.939  -2.862  5.000
1.900  3.959  -10.708  15.369  5.000
1.910  4.101  -13.263  12.814  5.000
1.920  3.992  -22.307  3.771  5.000
1.930  4.038  -42.158  -16.081  5.000
1.940  3.823  -18.725  7.353  5.000
1.950  3.948  -9.940  16.138  5.000
1.960  3.941  3.298  29.376  5.000
1.970  4.133  6.790  32.867  5.000
1.980  4.154  -36.801  -10.724  5.000
1.990  4.041  -7.513  18.565  5.000
2.000  3.904  -10.237  15.840  5.000
2.010  4.181  44.931  71.008  5.000
2.020  4.358  25.469  51.546  5.000
2.030  3.960  42.059  68.136  5.000
2.040  4.036  15.883  41.961  5.000
2.050  3.902  10.516  36.594  5.000
2.060  4.266  15.664  41.741  5.000
2.070  4.259  -4.515  21.562  5.000
2.080  4.118  -36.608  -10.530  5.000
2.090  3.950  -13.200  12.877  5.000
2.100  4.063  13.016  39.094  5.000
2.110  4.189  18.612  44.689  5.000
2.120  4.291  17.666  43.744  5.000
2.130  4.015  3.090  29.168  5.000
2.140  4.367  0.997  27.074  5.000
2.150  4.316  -6.466  19.611  5.000
2.160  4.170  4.930  31.007  5.000
2.170  4.185  21.682  47.760  5.000
2.180  4.300  1.313  27.390  5.000
2.190  4.171  4.112  30.189  5.000
2.200  4.435  -1.634  24.443  5.000
2.210  4.262  -12.988  13.089  5.000
2.220  4.000  12.045  38.122  5.000
2.230  4.317  43.290  69.367  5.000
2.240  4.311  -22.667  3.410  5.000
2.250  4.463  5.988  32.065  5.000
2.260  4.596  -41.850  -15.773  5.000
2.270  4.370  -28.802  -2.724  5.000
2.280  4.173  -14.017  12.060  5.000
2.290  4.405  24.834  50.911  5.000
2.300  4.365  -15.869  10.208  5.000
2.310  4.269  -39.571  -13.493  5.000
2.320  4.226  -20.427  5.651  5.000
2.330  4.199  5.129  31.206  5.000
2.340  4.349  36.944  63.021  5.000
2.350  4.651  -8.935  17.143  5.000
2.360  4.386  -41.119  -15.042  5.000
2.370  4.392  -20.173  5.904  5.000
2.380  4.264  4.179  30.256  5.000
2.390  4.491  -6.118  19.959  5.000
2.400  4.122  -12.095  13.982  5.000
2.410  4.588  -21.315  4.762  5.000
2.420  4.513  -13.917  12.160  5.000
2.430  4.892  -52.544  -26.467  5.000
2.440  4.131  -47.311  -21.233  5.000
2.450  4.716  -67.899  -41.822  5.000
2.460  5.008  -58.452  -32.374  5.000
2.470  4.680  -51.007  -24.930  5.000
2.480  4.275  -17.784  8.294  5.000
2.490  4.435  -17.718  8.359  5.000
2.500  4.113  24.113  50.190  5.000
2.510  4.454  41.830  67.907  5.000
2.520  4.672  13.067  39.145  5.000
2.530  4.660  -45.626  -19.549  5.000
2.540  4.435  -69.454  -43.377  5.000
2.550  4.195  -15.333  10.744  5.000
2.560  4.307  34.142  60.219  5.000
2.570  4.619  43.619  69.697  5.000
2.580  4.536  12.371  38.449  5.000
2.590  4.565  2.282  28.359  5.000
2.600  4.572  -11.422  14.656  5.000
2.610  4.482  -17.155  8.923  5.000
2.620  4.436  -8.944  17.133  5.000
2.630  4.517  10.372  36.450  5.000
2.640  4.607  2.491  28.569  5.000
2.650  4.426  -10.230  15.847  5.000
2.660  4.637  -21.670  4.408  5.000
2.670  4.620  -22.777  3.301  5.000
2.680  4.452  -1.273  24.805  5.000
2.690  4.494  10.176  36.253  5.000
2.700  4.626  7.061  33.138  5.000
2.710  4.550  16.275  42.352  5.000
2.720  4.493  3.993  30.071  5.000
2.730  4.751  6.684  32.761  5.000
2.740  4.393  -39.236  -13.159  5.000
2.750  4.834  -6.232  19.846  5.000
2.760  4.789  7.857  14.029  6.000
2.770  4.659  34.073  40.245  7.000
2.780  5.389  151.794  157.965  8.000
2.790  7.187  253.709  259.881  9.000
2.800  7.877  348.622  354.794  10.000
2.810  9.928  512.966  519.138  11.000
2.820  13.766  644.781  650.953  12.000
2.830  12.972  552.367  558.539  13.000
2.840  9.993  541.301  547.473  14.000
2.850  10.386  459.386  465.557  15.000
2.860  14.835  499.133  505.305  15.000
2.870  17.955  587.333  593.505  15.000
2.880  16.221  578.613  584.785  15.000
2.890  13.176  261.650  267.822  15.000
2.900  11.471  237.666  243.838  15.000
2.910  14.890  350.037  356.209  15.000
2.920  18.180  480.662  486.834  15.000
2.930  16.115  673.685  679.856  15.000
2.940  13.185  594.680  600.852  15.000
2.950  13.434  484.924  491.096  15.000
2.960  16.777  382.693  388.864  15.000
2.970  18.977  543.356  549.528  15.000
2.980  17.539  296.491  302.663  15.000
2.990  14.374  67.525  73.696  15.000
3.000  14.565  74.885  81.056  15.000
3.010  17.193  207.256  213.428  15.000
3.020  18.074  360.258  366.430  15.000
3.030  15.851  186.841  193.013  15.000
3.040  14.783  -39.190  -33.019  15.000
3.050  17.339  96.707  102.879  15.000
3.060  18.969  373.318  379.490  15.000
3.070  15.530  398.126  404.298  15.000
3.080  14.595  211.237  217.408  15.000
3.090  18.872  16.957  23.128  15.000
3.100  19.772  169.966  176.138  15.000
3.110  15.967  434.282  440.453  15.000
3.120  15.136  249.727  255.898  15.000
3.130  18.397  102.815  108.987  15.000
3.140  19.143  151.471  157.642  15.000
3.150  15.923  329.251  335.423  15.000
3.160  16.793  51.883  58.055  15.000
3.170  17.478  149.194  155.365  15.000
3.180  17.054  39.802  45.974  15.000
3.190  17.171  0.421  6.593  15.000
3.200  17.189  69.719  75.891  15.000
3.210  17.183  -5.799  0.373  15.000
3.220  17.486  -17.989  -11.817  15.000
3.230  17.066  9.392  15.564  15.000
3.240  17.421  3.591  9.762  15.000
3.250  17.174  9.392  15.563  15.000
3.260  17.186  -2.394  3.777  15.000
3.270  17.139  16.250  22.422  15.000
3.280  17.180  -43.301  -37.130  15.000
3.290  17.225  -11.460  -5.288  15.000
3.300  17.012  25.931  32.103  15.000
3.310  16.959  71.989  78.161  15.000
3.320  17.002  1.994  8.166  15.000
3.330  16.889  27.416  33.588  15.000
3.340  16.925  -7.809  -1.637  15.000
3.350  16.813  -52.698  -46.526  15.000
3.360  17.035  22.614  28.785  15.000
3.370  16.862  3.642  9.814  15.000
3.380  17.004  -45.213  -39.041  15.000
3.390  16.880  -5.523  0.649  15.000
3.400  16.883  -8.464  -2.292  15.000
3.410  16.796  -18.298  -12.127  15.000
3.420  16.815  1.691  7.863  15.000
3.430  16.774  27.668  33.840  15.000
3.440  16.803  7.787  13.958  15.000
3.450  16.644  -34.687  -28.515  15.000
3.460  16.716  -30.650  -24.478  15.000
3.470  16.640  4.060  10.232  15.000
3.480  16.699  45.736  51.908  15.000
3.490  16.601  -16.137  -9.965  15.000
3.500  16.680  -36.426  -30.254  15.000
3.510  16.595  -0.370  5.802  15.000
3.520  16.598  31.357  37.528  15.000
3.530  16.430  9.120  15.292  15.000
3.540  16.585  -36.749  -30.578  15.000
3.550  16.474  -14.181  -8.009  15.000
3.560  16.635  0.055  6.227  15.000
3.570  16.428  36.658  42.829  15.000
3.580  16.494  -9.706  -3.534  15.000
3.590  16.502  -45.234  -39.062  15.000
3.600  16.539  -7.116  -0.945  15.000
3.610  16.528  -1.528  4.643  15.000
3.620  16.417  -19.770  -13.598  15.000
3.630  16.376  -56.570  -50.399  15.000
3.640  16.410  -16.739  -10.567  15.000
3.650  16.409  -45.445  -39.273  15.000
3.660  16.493  -20.455  -14.283  15.000
3.670  16.352  56.004  62.175  15.000
3.680  16.335  22.080  28.252  15.000
3.690  16.428  -10.094  -3.922  15.000
3.700  16.341  -74.375  -68.203  15.000
3.710  16.331  -29.952  -23.780  15.000
3.720  16.284  -21.533  -15.361  15.000
3.730  16.341  -10.848  -4.676  15.000
3.740  16.176  4.309  10.480  15.000
3.750  16.196  3.480  9.652  15.000
3.760  16.275  -8.559  -2.387  5.000
3.770  15.952  -42.274  -36.102  5.000
3.780  11.859  -241.873  -235.702  5.000
3.790  8.954  -501.041  -494.869  5.000
3.800  6.876  -728.807  -722.636  5.000
3.810  6.235  -593.972  -587.800  5.000
3.820  6.311  -586.589  -580.418  5.000
3.830  6.538  -478.538  -472.367  5.000
3.840  6.331  -493.391  -487.219  5.000
3.850  5.740  -469.232  -463.060  5.000
3.860  5.693  -467.900  -461.729  5.000
3.870  5.279  -441.258  -435.086  5.000
3.880  5.195  -421.517  -415.345  5.000
3.890  5.195  -385.939  -379.767  5.000
3.900  5.042  -399.700  -393.528  5.000
3.910  4.600  -360.198  -354.026  5.000
3.920  4.765  -316.205  -310.033  5.000
3.930  4.979  -291.796  -285.625  5.000
3.940  4.608  -304.948  -298.776  5.000
3.950  4.325  -249.776  -243.604  5.000
3.960  4.324  -214.996  -208.824  5.000
3.970  4.518  -232.177  -226.006  5.000
3.980  4.287  -234.314  -228.142  5.000
3.990  4.182  -209.692  -203.520  5.000
4.000  4.163  -194.441  -188.270  5.000
4.010  4.052  -185.308  -179.137  5.000
4.020  3.827  -210.815  -204.643  5.000
4.030  3.875  -178.394  -172.222  5.000
4.040  3.931  -171.870  -165.698  5.000
4.050  3.820  -180.162  -173.990  5.000
4.060  3.698  -150.150  -143.978  5.000
4.070  3.792  -119.601  -113.430  5.000
4.080  3.996  -134.823  -128.651  5.000
4.090  3.652  -127.866  -121.695  5.000
4.100  3.632  -109.320  -103.149  5.000
4.110  3.970  -89.757  -83.585  5.000
4.120  3.946  -131.804  -125.633  5.000
4.130  3.636  -126.177  -120.006  5.000
4.140  3.570  -109.057  -102.885  5.000
4.150  3.841  -60.631  -54.460  5.000
4.160  3.972  -93.194  -87.023  5.000
4.170  3.689  -90.134  -83.962  5.000
4.180  3.595  -48.170  -41.998  5.000
4.190  3.721  -34.833  -28.662  5.000
4.200  3.806  -36.766  -30.595  5.000
4.210  3.552  -30.482  -24.310  5.000
4.220  3.435  -26.437  -20.266  5.000
4.230  3.731  -34.355  -28.183  5.000
4.240  3.780  -43.219  -37.047  5.000
4.250  3.753  -62.466  -56.294  5.000
4.260  3.550  -28.644  -22.472  5.000
4.270  3.394  28.219  34.391  5.000
4.280  3.890  24.915  31.087  5.000
4.290  3.920  -30.569  -24.397  5.000
4.300  3.759  -54.787  -48.615  5.000
4.310  3.834  3.872  10.043  5.000
4.320  3.518  16.382  22.554  5.000
4.330  3.699  36.892  43.064  5.000
4.340  3.789  13.407  19.578  5.000
4.350  3.938  -27.307  -21.135  5.000
4.360  4.070  -59.047  -52.875  5.000
4.370  4.349  -76.444  -70.273  5.000
4.380  3.950  -146.624  -140.452  5.000
4.390  3.569  -90.189  -84.018  5.000
4.400  3.852  -11.891  -5.720  5.000
4.410  4.079  -9.777  -3.605  5.000
4.420  4.168  -60.254  -54.082  5.000
4.430  4.162  -51.565  -45.393  5.000
4.440  4.075  -71.129  -64.958  5.000
4.450  3.981  -67.610  -61.438  5.000
4.460  4.105  -87.628  -81.456  5.000
4.470  4.332  -103.058  -96.886  5.000
4.480  4.574  -144.222  -138.050  5.000
4.490  4.390  -181.432  -175.260  5.000
4.500  4.142  -150.285  -144.113  5.000
4.510  4.099  -78.460  -72.288  5.000
4.520  4.201  -64.168  -57.996  5.000
4.530  4.273  -92.935  -86.763  5.000
4.540  3.877  -82.083  -75.911  5.000
4.550  3.875  -27.941  -21.769  5.000
4.560  3.803  -13.829  -7.657  5.000
4.570  3.707  4.239  10.411  5.000
4.580  3.704  29.883  36.055  5.000
4.590  3.875  20.831  27.003  5.000
4.600  4.166  24.408  30.580  5.000
4.610  4.318  -24.126  -17.954  5.000
4.620  4.146  -55.576  -49.404  5.000
4.630  3.941  -32.561  -26.389  5.000
4.640  4.033  -19.996  -13.825  5.000
4.650  3.638  27.423  33.595  5.000
4.660  3.905  52.930  59.101  5.000
4.670  3.912  23.232  29.404  5.000
4.680  3.635  16.542  22.714  5.000
4.690  3.712  20.001  26.173  5.000
4.700  3.770  38.975  45.146  5.000
4.710  3.894  2.834  9.006  5.000
4.720  4.024  -6.499  -0.327  5.000
4.730  3.812  4.583  10.755  5.000
4.740  4.013  -12.016  -5.844  5.000
4.750  3.907  -6.234  -0.063  5.000
4.760  3.957  8.998  15.170  5.000
4.770  3.820  6.504  12.675  5.000
4.780  3.915  -4.320  1.852  5.000
4.790  3.944  8.699  14.870  5.000
4.800  3.929  15.457  21.629  5.000
4.810  3.945  17.850  24.022  5.000
4.820  3.908  16.059  22.230  5.000
4.830  4.118  10.064  16.236  5.000
4.840  3.924  10.980  17.152  5.000
4.850  3.972  -0.417  5.755  5.000
4.860  3.991  2.432  8.604  5.000
4.870  3.940  10.825  16.997  5.000
4.880  3.949  6.553  12.725  5.000
4.890  3.941  14.407  20.579  5.000
4.900  3.933  9.018  15.190  5.000
4.910  3.928  8.297  14.469  5.000
4.920  3.996  17.381  23.553  5.000
4.930  4.070  -4.270  1.902  5.000
4.940  3.869  13.335  19.507  5.000
4.950  3.811  29.010  35.182  5.000
4.960  4.073  36.753  42.924  5.000
4.970  4.371  -0.183  5.989  5.000
4.980  3.621  -1.740  4.432  5.000
4.990  3.922  7.641  13.813  5.000
5.000  4.991  16.031  22.203  5.000
5.010  4.383  -28.016  -21.844  5.000
5.020  2.713  86.312  92.484  5.000
5.030  3.910  35.266  41.438  5.000
5.040  7.099  -16.948  -10.777  5.000
5.050  4.989  -37.250  -31.078  5.000
5.060  1.229  29.005  35.176  5.000
5.070  2.683  80.099  86.270  5.000
5.080  5.691  113.428  119.600  5.000
5.090  7.902  18.701  24.873  5.000
5.100  4.716  -36.517  -30.345  5.000
5.110  0.787  23.010  29.182  5.000
5.120  3.291  68.205  74.377  5.000
5.130  7.137  36.393  42.565  5.000
5.140  6.994  4.137  10.308  5.000
5.150  2.930  -98.515  -92.343  5.000
5.160  -0.077  72.993  79.165  5.000
5.170  4.882  27.169  33.340  5.000
5.180  7.462  -1.496  4.676  5.000
5.190  3.715  -4.899  1.273  5.000
5.200  0.106  32.149  38.321  5.000
5.210  4.844  9.788  15.960  5.000
5.220  7.749  15.342  21.514  5.000
5.230  3.797  -64.658  -58.486  5.000
5.240  0.116  66.076  72.248  5.000
5.250  4.671  9.595  15.767  5.000
5.260  7.983  -4.416  1.756  5.000
5.270  4.370  -73.244  -67.072  5.000
5.280  0.441  86.744  92.915  5.000
5.290  4.158  36.959  43.130  5.000
5.300  7.512  20.303  26.474  5.000
5.310  5.044  -48.520  -42.348  5.000
5.320  1.699  -41.400  -35.228  5.000
5.330  3.056  62.751  68.922  5.000
5.340  6.520  99.825  105.997  5.000
5.350  7.504  -9.073  -2.901  5.000
5.360  4.526  -49.287  -43.115  5.000
5.370  0.314  166.106  172.278  5.000
5.380  3.957  56.023  62.195  5.000
5.390  7.516  30.459  36.630  5.000
5.400  5.834  -26.245  -20.074  5.000
5.410  2.509  -45.451  -39.279  5.000
5.420  1.332  123.497  129.669  5.000
5.430  5.451  84.468  90.640  5.000
5.440  8.178  -1.466  4.706  5.000
5.450  5.132  -104.134  -97.962  5.000
5.460  1.326  -10.420  -4.248  5.000
5.470  2.953  64.019  70.190  5.000
5.480  6.534  91.209  97.381  5.000
5.490  8.323  -9.792  -3.620  5.000
5.500  5.675  -98.845  -92.673  5.000
5.510  1.611  -29.447  -23.276  5.000
5.520  1.903  94.610  100.782  5.000
5.530  5.337  59.880  66.051  5.000
5.540  8.115  8.485  14.657  5.000
5.550  5.997  -98.822  -92.651  5.000
5.560  1.834  -142.317  -136.146  5.000
5.570  1.244  55.139  61.310  5.000
5.580  5.848  43.522  49.694  5.000
5.590  7.757  18.280  24.451  5.000
5.600  4.613  -70.561  -64.389  5.000
5.610  0.828  53.207  59.379  5.000
5.620  3.562  81.090  87.262  5.000
5.630  7.875  -9.147  -2.976  5.000
5.640  6.568  3.728  9.900  5.000
5.650  3.274  -32.113  -25.941  5.000
5.660  0.433  136.431  142.603  5.000
5.670  4.935  43.460  49.632  5.000
5.680  8.498  6.096  12.268  5.000
5.690  4.472  -47.120  -40.948  5.000
5.700  0.701  94.390  100.561  5.000
5.710  3.883  76.911  83.083  5.000
5.720  8.206  2.799  8.970  5.000
5.730  6.864  -40.633  -34.461  5.000
5.740  2.435  2.958  9.130  5.000
5.750  0.358  -27.484  -21.312  5.000
5.760  4.923  23.559  29.730  5.000
5.770  7.535  -10.021  -3.041  6.000
5.780  4.271  -55.383  -48.403  7.000
5.790  0.915  62.819  69.799  8.000
5.800  5.019  94.581  101.561  9.000
5.810  9.369  115.717  122.697  10.000
5.820  17.818  271.855  278.835  11.000
5.830  27.432  258.040  265.020  12.000
5.840  31.462  154.808  161.788  13.000
5.850  28.968  -336.775  -329.795  14.000
5.860  20.415  -59.815  -52.835  15.000
5.870  13.506  -221.170  -214.190  15.000
5.880  8.847  -18.768  -11.788  15.000
5.890  6.648  109.431  116.411  15.000
5.900  7.155  97.608  104.588  15.000
5.910  12.860  691.847  698.827  15.000
5.920  32.468  435.997  442.977  15.000
5.930  39.613  262.102  269.082  15.000
5.940  39.882  -23.807  -16.827  15.000
5.950  29.403  -237.846  -230.866  15.000
5.960  21.169  -63.196  -56.216  15.000
5.970  14.695  -48.055  -41.075  15.000
5.980  10.429  -69.160  -62.180  15.000
5.990  7.889  -36.821  -29.841  15.000
6.000  7.380  -4.767  2.213  15.000
6.010  9.928  364.885  371.865  15.000
6.020  18.073  374.634  381.614  15.000
6.030  28.570  320.874  327.854  15.000
6.040  31.225  183.009  189.989  15.000
6.050  27.659  11.156  18.136  15.000
6.060  20.520  -338.268  -331.288  15.000
6.070  14.352  -71.153  -64.173  15.000
6.080  9.867  -92.529  -85.549  15.000
6.090  7.437  -15.656  -8.676  15.000
6.100  7.273  33.422  40.402  15.000
6.110  11.034  481.848  488.828  15.000
6.120  19.823  253.906  260.887  15.000
6.130  30.202  296.223  303.203  15.000
6.140  32.919  231.407  238.387  15.000
6.150  29.442  -378.828  -371.848  15.000
6.160  22.005  -95.636  -88.656  15.000
6.170  15.402  -121.056  -114.076  15.000
6.180  10.537  -107.971  -100.991  15.000
6.190  7.305  5.500  12.480  15.000
6.200  6.155  99.844  106.824  15.000
6.210  7.225  73.124  80.104  15.000
6.220  12.948  91.425  98.405  15.000
6.230  22.639  245.795  252.775  15.000
6.240  27.294  317.386  324.366  15.000
6.250  25.569  -321.446  -314.466  15.000
6.260  18.557  -104.371  -97.391  15.000
6.270  12.848  -37.756  -30.776  15.000
6.280  8.941  -69.939  -62.959  15.000
6.290  7.138  4.859  11.839  15.000
6.300  7.855  68.606  75.586  15.000
6.310  12.989  89.264  96.244  15.000
6.320  22.483  188.029  195.009  15.000
6.330  27.667  217.952  224.932  15.000
6.340  25.079  -64.243  -57.263  15.000
6.350  18.222  -272.096  -265.116  15.000
6.360  12.570  -18.170  -11.190  15.000
6.370  8.808  -42.182  -35.202  15.000
6.380  7.126  62.288  69.268  15.000
6.390  7.911  89.045  96.025  15.000
6.400  13.216  71.453  78.433  15.000
6.410  22.478  256.844  263.824  15.000
6.420  26.710  144.098  151.078  15.000
6.430  23.467  15.528  22.508  15.000
6.440  16.807  -321.743  -314.763  15.000
6.450  11.845  -65.712  -58.732  15.000
6.460  8.380  -12.373  -5.393  15.000
6.470  7.039  29.538  36.518  15.000
6.480  7.928  76.993  83.973  15.000
6.490  13.692  85.149  92.129  15.000
6.500  23.238  214.219  221.199  15.000
6.510  25.770  95.374  102.354  15.000
6.520  22.230  -417.441  -410.461  15.000
6.530  15.597  -9.946  -2.966  15.000
6.540  11.278  -191.272  -184.292  15.000
6.550  7.937  -5.337  1.643  15.000
6.560  6.878  29.663  36.643  15.000
6.570  7.921  68.827  75.807  15.000
6.580  13.429  92.822  99.802  15.000
6.590  23.246  224.889  231.869  15.000
6.600  26.582  188.593  195.573  15.000
6.610  23.279  -134.953  -127.973  15.000
6.620  16.296  -193.716  -186.736  15.000
6.630  11.713  -109.691  -102.711  15.000
6.640  8.327  -5.146  1.834  15.000
6.650  7.184  7.027  14.007  15.000
6.660  8.191  100.539  107.519  15.000
6.670  13.674  94.100  101.080  15.000
6.680  23.288  225.808  232.788  15.000
6.690  25.952  150.399  157.379  15.000
6.700  22.336  -386.489  -379.509  15.000
6.710  15.854  -77.831  -70.851  15.000
6.720  11.529  -190.435  -183.455  15.000
6.730  8.291  -23.781  -16.801  15.000
6.740  7.231  1.176  8.156  15.000
6.750  8.351  79.881  86.861  15.000
6.760  13.897  117.481  124.461  15.000
6.770  23.855  196.822  203.802  5.000
6.780  25.038  121.678  128.658  5.000
6.790  16.932  -339.333  -332.353  5.000
6.800  3.465  -279.093  -272.113  5.000
6.810  -1.730  32.540  39.520  5.000
6.820  0.376  185.701  192.681  5.000
6.830  1.658  -138.273  -131.293  5.000
6.840  0.883  -87.062  -80.081  5.000
6.850  3.711  -81.039  -74.059  5.000
6.860  7.067  -89.886  -82.906  5.000
6.870  2.134  -139.936  -132.956  5.000
6.880  -1.418  266.090  273.070  5.000
6.890  3.906  28.467  35.447  5.000
6.900  6.561  -83.670  -76.690  5.000
6.910  2.527  -114.644  -107.663  5.000
6.920  -1.294  263.755  270.735  5.000
6.930  3.506  7.396  14.376  5.000
6.940  6.198  -104.213  -97.233  5.000
6.950  3.498  -146.227  -139.247  5.000
6.960  -0.293  -0.973  6.007  5.000
6.970  2.274  56.787  63.767  5.000
6.980  6.471  -65.109  -58.129  5.000
6.990  4.616  -33.245  -26.265  5.000
7.000  1.400  -73.770  -66.790  5.000
7.010  0.909  -7.819  -0.839  5.000
7.020  4.605  52.712  59.692  5.000
7.030  7.706  -35.455  -28.475  5.000
7.040  3.605  -84.898  -77.918  5.000
7.050  0.069  73.112  80.092  5.000
7.060  2.247  119.169  126.149  5.000
7.070  6.005  -67.179  -60.199  5.000
7.080  5.183  -68.771  -61.791  5.000
7.090  1.859  -139.977  -132.997  5.000
7.100  -0.019  144.620  151.600  5.000
7.110  3.417  112.257  119.237  5.000
7.120  7.063  -8.042  -1.062  5.000
7.130  3.800  -52.774  -45.794  5.000
7.140  0.015  74.652  81.632  5.000
7.150  2.373  63.377  70.357  5.000
7.160  6.059  -31.652  -24.672  5.000
7.170  5.492  -80.622  -73.642  5.000
7.180  2.388  -153.300  -146.320  5.000
7.190  -0.074  3.069  10.049  5.000
7.200  3.390  67.826  74.806  5.000
7.210  6.724  -28.948  -21.968  5.000
7.220  4.240  -76.360  -69.380  5.000
7.230  -0.477  63.591  70.571  5.000
7.240  2.208  -12.091  -5.110  5.000
7.250  5.913  15.389  22.369  5.000
7.260  6.827  -36.876  -29.896  5.000
7.270  3.363  -38.901  -31.921  5.000
7.280  -0.016  204.413  211.393  5.000
7.290  3.110  154.246  161.226  5.000
7.300  6.852  -49.575  -42.595  5.000
7.310  4.740  -68.974  -61.994  5.000
7.320  0.510  37.506  44.487  5.000
7.330  1.796  -28.489  -21.509  5.000
7.340  5.480  -14.682  -7.702  5.000
7.350  7.584  -39.857  -32.877  5.000
7.360  4.032  -64.827  -57.846  5.000
7.370  -0.619  153.258  160.238  5.000
7.380  3.107  42.048  49.028  5.000
7.390  6.018  -29.651  -22.671  5.000
7.400  4.823  -65.643  -58.663  5.000
7.410  0.927  1.287  8.267  5.000
7.420  1.515  18.329  25.309  5.000
7.430  5.478  49.863  56.843  5.000
7.440  8.525  2.489  9.470  5.000
7.450  4.104  -61.041  -54.060  5.000
7.460  0.645  58.042  65.022  5.000
7.470  3.021  79.024  86.004  5.000
7.480  6.252  11.990  18.970  5.000
7.490  5.489  -68.028  -61.048  5.000
7.500  1.976  -133.356  -126.376  5.000
7.510  1.186  -45.377  -38.397  5.000
7.520  4.949  30.564  37.544  5.000
7.530  7.557  -24.155  -17.175  5.000
7.540  3.684  -59.908  -52.928  5.000
7.550  -0.284  163.067  170.047  5.000
7.560  4.193  65.933  72.913  5.000
7.570  7.225  -17.822  -10.842  5.000
7.580  4.096  -83.500  -76.520  5.000
7.590  -0.350  81.696  88.676  5.000
7.600  3.726  35.686  42.666  5.000
7.610  6.533  2.635  9.615  5.000
7.620  4.733  -41.963  -34.983  5.000
7.630  0.458  47.966  54.946  5.000
7.640  2.213  63.678  70.658  5.000
7.650  5.735  48.688  55.668  5.000
7.660  7.535  -25.629  -18.649  5.000
7.670  4.328  -99.579  -92.599  5.000
7.680  0.677  63.379  70.359  5.000
7.690  3.117  65.766  72.746  5.000
7.700  6.717  41.621  48.601  5.000
7.710  6.549  -65.281  -58.301  5.000
7.720  3.027  -89.064  -82.084  5.000
7.730  0.330  60.900  67.880  5.000
7.740  3.959  102.423  109.403  5.000
7.750  7.317  6.292  13.272  5.000
7.760  4.431  -7.082  -0.102  5.000
7.770  0.067  62.285  69.265  5.000
7.780  3.718  80.338  87.318  5.000
7.790  6.596  -5.602  1.378  5.000
7.800  4.984  -50.677  -43.697  5.000
7.810  0.974  17.470  24.451  5.000
7.820  1.979  99.011  105.991  5.000
7.830  5.457  45.877  52.857  5.000
7.840  8.296  -11.536  -4.556  5.000
7.850  5.729  -122.868  -115.888  5.000
7.860  1.718  -158.771  -151.791  5.000
7.870  1.360  -40.629  -33.649  5.000
7.880  5.381  -34.723  -27.743  5.000
7.890  8.132  0.250  7.230  5.000
7.900  3.974  -64.777  -57.797  5.000
7.910  -0.121  4.258  11.238  5.000
7.920  4.628  36.644  43.624  5.000
7.930  7.367  -20.659  -13.679  5.000
7.940  4.201  -32.857  -25.877  5.000
7.950  -0.222  96.656  103.636  5.000
7.960  4.549  56.091  63.071  5.000
7.970  7.209  -7.807  -0.827  5.000
7.980  4.481  -53.962  -46.982  5.000
7.990  -0.050  118.130  125.110  5.000
8.000  4.137  65.506  72.486  5.000
8.010  7.112  -30.612  -23.632  5.000
8.020  4.509  -65.542  -58.562  5.000
8.030  0.629  27.582  34.562  5.000
8.040  4.021  37.277  44.257  5.000
8.050  7.196  -36.989  -30.009  5.000
8.060  5.019  -97.216  -90.236  5.000
8.070  1.114  48.936  55.916  5.000
8.080  2.541  107.816  114.796  5.000
8.090  5.868  123.902  130.882  5.000
8.100  8.208  34.794  41.774  5.000
8.110  5.876  -109.571  -102.591  5.000
8.120  1.699  -150.590  -143.610  5.000
8.130  1.153  -22.975  -15.995  5.000
8.140  5.528  -22.548  -15.568  5.000
8.150  8.272  -19.206  -12.226  5.000
8.160  4.356  -72.372  -65.392  5.000
8.170  0.417  80.387  87.367  5.000
8.180  4.478  58.833  65.813  5.000
8.190  7.652  -15.253  -8.273  5.000
8.200  4.163  -49.133  -42.153  5.000
8.210  0.647  50.555  57.535  5.000
8.220  4.521  29.384  36.364  5.000
8.230  7.849  -13.593  -6.613  5.000
8.240  4.141  -54.867  -47.887  5.000
8.250  0.671  69.911  76.891  5.000
8.260  4.376  30.615  37.595  5.000
8.270  8.081  -19.203  -12.223  5.000
8.280  4.829  -76.326  -69.346  5.000
8.290  0.927  31.255  38.235  5.000
8.300  3.581  54.290  61.270  5.000
8.310  7.334  23.359  30.339  5.000
8.320  7.023  -43.780  -36.800  5.000
8.330  2.932  -71.630  -64.650  5.000
8.340  0.432  112.660  119.640  5.000
8.350  4.758  99.109  106.089  5.000
8.360  7.449  -27.446  -20.466  5.000
8.370  4.315  -25.735  -18.755  5.000
8.380  0.209  102.540  109.520  5.000
8.390  4.891  27.130  34.110  5.000
8.400  7.725  -14.503  -7.523  5.000
8.410  4.163  -31.376  -24.396  5.000
8.420  0.462  78.030  85.010  5.000
8.430  4.646  7.299  14.279  5.000
8.440  7.946  -3.110  3.870  5.000
8.450  4.494  -82.195  -75.215  5.000
8.460  0.487  86.358  93.338  5.000
8.470  4.081  60.240  67.220  5.000
8.480  7.800  4.388  11.368  5.000
8.490  5.863  -58.662  -51.682  5.000
8.500  2.636  -73.661  -66.681  5.000
8.510  1.632  45.292  52.272  5.000
8.520  5.796  40.949  47.929  5.000
8.530  8.081  -25.507  -18.527  5.000
8.540  5.719  -133.499  -126.519  5.000
8.550  1.406  -92.521  -85.541  5.000
8.560  1.825  85.318  92.298  5.000
8.570  5.507  43.858  50.838  5.000
8.580  8.504  -15.666  -8.686  5.000
8.590  6.142  -120.264  -113.284  5.000
8.600  1.871  -97.202  -90.222  5.000
8.610  1.307  31.803  38.783  5.000
8.620  5.974  33.418  40.398  5.000
8.630  8.318  -8.635  -1.655  5.000
8.640  4.525  -74.989  -68.009  5.000
8.650  0.746  68.801  75.781  5.000
8.660  4.230  53.496  60.476  5.000
8.670  7.997  2.608  9.588  5.000
8.680  5.541  -59.087  -52.107  5.000
8.690  2.574  -39.352  -32.372  5.000
8.700  2.490  100.740  107.720  5.000
8.710  5.835  114.768  121.748  5.000
8.720  8.818  69.818  76.798  5.000
8.730  6.525  -65.674  -58.694  5.000
8.740  2.701  -72.981  -66.001  5.000
8.750  1.132  129.914  136.894  5.000
8.760  5.506  8.776  15.757  5.000
8.770  8.141  -11.004  -4.024  5.000
8.780  3.948  -51.766  -24.688  6.000
8.790  0.327  31.912  58.989  7.000
8.800  5.006  -36.371  -9.294  8.000
8.810  8.648  46.521  73.599  9.000
8.820  12.297  84.948  112.025  10.000
8.830  14.809  139.029  166.106  11.000
8.840  18.668  242.866  269.943  12.000
8.850  18.603  -4.875  22.202  13.000
8.860  14.441  123.859  150.937  14.000
8.870  11.087  -58.885  -31.807  15.000
8.880  10.080  18.806  45.883  15.000
8.890  13.378  118.061  145.138  15.000
8.900  21.995  221.561  248.639  15.000
8.910  31.225  163.403  190.480  15.000
8.920  32.876  136.341  163.418  15.000
8.930  29.205  -386.730  -359.652  15.000
8.940  21.432  -129.437  -102.359  15.000
8.950  14.947  -147.659  -120.581  15.000
8.960  10.297  -97.624  -70.547  15.000
8.970  7.842  -24.829  2.248  15.000
8.980  7.702  66.650  93.727  15.000
8.990  12.065  732.594  759.672  15.000
9.000  32.077  350.865  377.943  15.000
9.010  39.556  159.336  186.413  15.000
9.020  39.902  -175.747  -148.669  15.000
9.030  31.455  114.108  141.186  15.000
9.040  23.471  -106.914  -79.837  15.000
9.050  17.061  -192.000  -164.923  15.000
9.060  12.367  -144.936  -117.858  15.000
9.070  8.915  -70.781  -43.703  15.000
9.080  7.528  -4.956  22.122  15.000
9.090  8.412  84.552  111.629  15.000
9.100  13.779  81.348  108.426  15.000
9.110  23.058  209.580  236.658  15.000
9.120  27.290  170.314  197.392  15.000
9.130  24.320  -89.364  -62.286  15.000
9.140  17.519  -351.137  -324.060  15.000
9.150  12.491  -84.141  -57.064  15.000
9.160  8.886  -36.689  -9.612  15.000
9.170  7.516  25.104  52.181  15.000
9.180  8.544  39.937  67.014  15.000
9.190  13.925  71.630  98.707  15.000
9.200  23.269  181.665  208.742  15.000
9.210  26.801  189.760  216.837  15.000
9.220  23.695  -182.401  -155.323  15.000
9.230  16.675  -246.285  -219.207  15.000
9.240  12.000  -131.807  -104.729  15.000
9.250  8.566  -4.385  22.693  15.000
9.260  7.501  12.935  40.012  15.000
9.270  8.577  49.935  77.012  15.000
9.280  14.046  64.388  91.465  15.000
9.290  23.737  163.930  191.008  15.000
9.300  26.513  82.915  109.992  15.000
9.310  22.977  -380.458  -353.381  15.000
9.320  16.180  -24.620  2.457  15.000
9.330  11.837  -215.662  -188.585  15.000
9.340  8.588  -24.421  2.657  15.000
9.350  7.600  -25.839  1.239  15.000
9.360  8.697  53.812  80.889  15.000
9.370  14.153  77.084  104.161  15.000
9.380  23.791  191.381  218.458  15.000
9.390  26.125  95.244  122.322  15.000
9.400  22.467  -391.139  -364.062  15.000
9.410  15.987  -68.965  -41.887  15.000
9.420  11.753  -238.965  -211.887  15.000
9.430  8.641  -32.293  -5.216  15.000
9.440  7.729  -13.009  14.069  15.000
9.450  8.895  17.365  44.443  15.000
9.460  14.243  103.814  130.892  15.000
9.470  23.853  150.653  177.730  15.000
9.480  25.993  73.451  100.528  15.000
9.490  22.206  -375.455  -348.377  15.000
9.500  15.990  -97.091  -70.013  15.000
9.510  11.801  -215.740  -188.663  15.000
9.520  8.804  -51.329  -24.252  15.000
9.530  7.869  -71.388  -44.311  15.000
9.540  9.060  47.262  74.340  15.000
9.550  14.395  64.140  91.217  15.000
9.560  23.885  218.539  245.617  15.000
9.570  25.669  61.037  88.114  15.000
9.580  21.772  -325.816  -298.738  15.000
9.590  15.860  -64.777  -37.700  15.000
9.600  11.767  -232.987  -205.910  15.000
9.610  8.856  -94.638  -67.561  15.000
9.620  7.972  -40.564  -13.486  15.000
9.630  9.157  55.720  82.798  15.000
9.640  14.520  85.643  112.721  15.000
9.650  24.051  219.394  246.472  15.000
9.660  25.578  40.711  67.789  15.000
9.670  21.402  -48.372  -21.294  15.000
9.680  15.850  -165.602  -138.525  15.000
9.690  11.828  -227.143  -200.066  15.000
9.700  9.011  -71.972  -44.894  15.000
9.710  8.106  -44.254  -17.176  15.000
9.720  9.339  22.879  49.956  15.000
9.730  14.816  99.962  127.039  15.000
9.740  24.010  188.686  215.764  15.000
9.750  25.179  48.054  75.132  15.000
9.760  20.996  -47.984  -20.907  15.000
9.770  15.656  94.279  121.356  15.000
9.780  11.820  -235.997  -208.919  5.000
9.790  9.025  -128.948  -101.871  5.000
9.800  5.141  -131.958  -104.881  5.000
9.810  1.016  -187.877  -160.800  5.000
9.820  -0.099  -23.596  3.481  5.000
9.830  1.679  -92.905  -65.828  5.000
9.840  5.336  -129.382  -102.304  5.000
9.850  6.296  -108.225  -81.148  5.000
9.860  2.136  -187.834  -160.757  5.000
9.870  -1.267  88.640  115.717  5.000
9.880  3.966  -72.914  -45.837  5.000
9.890  7.009  -107.915  -80.838  5.000
9.900  2.711  -156.934  -129.856  5.000
9.910  -1.000  -13.975  13.103  5.000
9.920  3.572  11.198  38.275  5.000
9.930  6.337  -127.292  -100.215  5.000
9.940  3.922  -198.430  -171.352  5.000
9.950  0.267  12.701  39.778  5.000
9.960  2.106  53.898  80.976  5.000
9.970  6.464  -34.144  -7.066  5.000
9.980  6.043  -74.218  -47.141  5.000
9.990  3.113  -219.210  -192.133  5.000
10.000  -0.463  -86.627  -59.549  5.000
10.010  2.821  -8.748  18.330  5.000
10.020  6.515  -146.139  -119.062  5.000
10.030  5.004  -100.561  -73.484  5.000
10.040  0.391  -6.526  20.551  5.000
10.050  0.939  100.974  128.052  5.000
10.060  4.371  68.237  95.314  5.000
10.070  7.693  -43.633  -16.555  5.000
10.080  3.925  -110.035  -82.957  5.000
10.090  0.269  49.307  76.384  5.000
10.100  2.368  48.420  75.497  5.000
10.110  6.278  -48.749  -21.672  5.000
10.120  5.973  -104.012  -76.935  5.000
10.130  3.211  -183.554  -156.476  5.000
10.140  -0.134  -37.804  -10.726  5.000
10.150  3.149  35.622  62.700  5.000
10.160  6.521  -86.332  -59.254  5.000
10.170  4.621  -83.110  -56.033  5.000
10.180  0.362  59.174  86.251  5.000
10.190  1.682  76.007  103.084  5.000
10.200  5.826  -7.424  19.654  5.000
10.210  7.938  -50.691  -23.613  5.000
10.220  4.233  -83.285  -56.208  5.000
10.230  -0.249  3.066  30.143  5.000
10.240  2.290  21.357  48.435  5.000
10.250  6.016  2.461  29.539  5.000
10.260  7.269  -52.517  -25.439  5.000
10.270  3.107  -95.743  -68.665  5.000
10.280  0.188  74.295  101.372  5.000
10.290  3.710  53.528  80.606  5.000
10.300  7.157  -43.522  -16.445  5.000
10.310  4.425  -144.367  -117.289  5.000
10.320  -0.244  -1.546  25.532  5.000
10.330  2.405  3.495  30.573  5.000
10.340  6.116  -23.050  4.027  5.000
10.350  7.296  -71.278  -44.201  5.000
10.360  3.193  -117.959  -90.881  5.000
10.370  -0.186  87.452  114.529  5.000
10.380  4.026  59.467  86.545  5.000
10.390  7.685  -53.756  -26.678  5.000
10.400  4.253  -138.226  -111.148  5.000
10.410  -0.283  67.446  94.524  5.000
10.420  3.236  -12.080  14.997  5.000
10.430  6.158  -73.802  -46.724  5.000
10.440  5.259  -127.325  -100.248  5.000
10.450  1.437  -95.522  -68.445  5.000
10.460  1.628  20.559  47.636  5.000
10.470  5.409  -26.338  0.739  5.000
10.480  8.456  -45.134  -18.057  5.000
10.490  3.894  -48.357  -21.280  5.000
10.500  0.077  -19.118  7.959  5.000
10.510  4.113  34.149  61.226  5.000
10.520  7.260  -50.581  -23.504  5.000
10.530  4.352  -137.034  -109.956  5.000
10.540  -0.582  99.407  126.485  5.000
10.550  3.408  31.607  58.684  5.000
10.560  6.347  -36.161  -9.083  5.000
10.570  5.076  -77.645  -50.567  5.000
10.580  1.476  -90.708  -63.630  5.000
10.590  1.502  50.756  77.833  5.000
10.600  5.923  29.147  56.224  5.000
10.610  8.376  -65.172  -38.095  5.000
10.620  5.351  -122.789  -95.711  5.000
10.630  1.046  -35.719  -8.642  5.000
10.640  1.448  -11.303  15.774  5.000
10.650  5.466  -28.350  -1.273  5.000
10.660  8.772  -52.908  -25.830  5.000
10.670  4.279  -88.861  -61.784  5.000
10.680  0.865  15.344  42.421  5.000
10.690  3.791  34.868  61.945  5.000
10.700  7.072  -12.270  14.808  5.000
10.710  4.560  -76.226  -49.149  5.000
10.720  0.846  85.556  112.633  5.000
10.730  3.069  64.761  91.838  5.000
10.740  6.424  48.206  75.284  5.000
10.750  7.117  -80.612  -53.534  5.000
10.760  3.071  -69.962  -42.885  5.000
10.770  0.051  225.197  252.275  5.000
10.780  4.021  114.108  141.185  5.000
10.790  7.475  -67.052  -39.975  5.000
10.800  4.950  -86.336  -59.259  5.000
10.810  0.598  27.855  54.932  5.000
10.820  2.417  56.921  83.999  5.000
10.830  5.899  25.960  53.037  5.000
10.840  7.864  -53.737  -26.660  5.000
10.850  4.921  -117.210  -90.132  5.000
10.860  0.889  24.312  51.390  5.000
10.870  2.221  99.374  126.451  5.000
10.880  5.788  58.233  85.310  5.000
10.890  8.184  -4.242  22.835  5.000
10.900  5.760  -133.138  -106.061  5.000
10.910  1.858  -144.712  -117.634  5.000
10.920  0.975  11.378  38.455  5.000
10.930  5.410  -51.823  -24.746  5.000
10.940  8.439  -37.206  -10.129  5.000
10.950  4.034  -86.409  -59.332  5.000
10.960  0.441  -25.654  1.423  5.000
10.970  4.552  17.276  44.354  5.000
10.980  7.625  -40.885  -13.807  5.000
10.990  4.109  -56.597  -29.519  5.000
11.000  0.235  16.007  43.084  5.000
11.010  4.700  12.825  39.902  5.000
11.020  7.442  -24.152  2.925  5.000
11.030  4.150  -40.259  -13.182  5.000
11.040  0.080  44.032  71.109  5.000
11.050  4.665  24.050  51.128  5.000
11.060  7.597  -43.419  -16.341  5.000
11.070  4.262  -57.699  -30.621  5.000
11.080  0.047  72.020  99.097  5.000
11.090  4.519  28.444  55.522  5.000
11.100  7.587  -41.517  -14.440  5.000
11.110  4.463  -50.934  -23.857  5.000
11.120  0.481  31.613  58.691  5.000
11.130  4.351  48.460  75.537  5.000
11.140  7.463  -48.824  -21.747  5.000
11.150  4.614  -83.828  -56.751  5.000
11.160  0.730  73.426  100.503  5.000
11.170  4.141  36.118  63.196  5.000
11.180  7.364  -45.680  -18.603  5.000
11.190  4.964  -81.768  -54.690  5.000
11.200  0.990  60.684  87.761  5.000
11.210  3.335  86.274  113.352  5.000
11.220  6.600  56.683  83.760  5.000
11.230  7.186  -10.456  16.621  5.000
11.240  3.352  -87.982  -60.905  5.000
11.250  -0.267  82.479  109.557  5.000
11.260  5.038  15.609  42.686  5.000
11.270  7.633  -34.616  -7.538  5.000
11.280  4.137  -46.014  -18.937  5.000
11.290  0.002  49.567  76.644  5.000
11.300  4.894  -1.950  25.127  5.000
11.310  7.622  -41.450  -14.372  5.000
11.320  4.117  -89.824  -62.746  5.000
11.330  0.541  -14.196  12.881  5.000
11.340  4.554  -28.498  -1.421  5.000
11.350  7.965  -42.498  -15.421  5.000
11.360  4.578  -86.847  -59.770  5.000
11.370  0.767  63.607  90.685  5.000
11.380  4.007  32.148  59.225  5.000
11.390  7.602  -32.679  -5.602  5.000
11.400  6.182  -79.586  -52.509  5.000
11.410  2.790  -128.402  -101.324  5.000
11.420  1.533  31.581  58.659  5.000
11.430  5.578  -1.187  25.891  5.000
11.440  8.370  -9.469  17.608  5.000
11.450  4.180  -60.323  -33.245  5.000
11.460  0.726  26.354  53.431  5.000
11.470  4.412  -29.880  -2.802  5.000
11.480  8.335  -67.140  -40.063  5.000
11.490  4.874  -106.630  -79.552  5.000
11.500  1.487  -41.521  -14.444  5.000
11.510  3.740  45.881  72.959  5.000
11.520  7.401  0.076  27.153  5.000
11.530  7.092  -56.036  -28.958  5.000
11.540  2.780  -65.210  -38.132  5.000
11.550  0.462  18.164  45.241  5.000
11.560  4.967  12.642  39.720  5.000
11.570  7.570  -59.932  -32.854  5.000
11.580  4.303  -73.396  -46.318  5.000
11.590  0.413  44.754  71.832  5.000
11.600  4.648  -16.535  10.543  5.000
11.610  8.042  -26.334  0.744  5.000
11.620  4.653  -72.081  -45.003  5.000
11.630  0.897  39.327  66.404  5.000
11.640  3.983  14.681  41.758  5.000
11.650  8.089  -30.034  -2.957  5.000
11.660  6.634  -75.180  -48.103  5.000
11.670  2.888  -80.419  -53.342  5.000
11.680  0.753  2.321  29.399  5.000
11.690  5.179  10.472  37.549  5.000
11.700  8.118  -34.918  -7.841  5.000
11.710  4.168  -92.747  -65.670  5.000
11.720  0.566  24.490  51.567  5.000
11.730  4.798  -5.071  22.007  5.000
11.740  8.202  -52.347  -25.269  5.000
11.750  4.669  -96.575  -69.497  5.000
11.760  0.666  2.283  29.360  5.000
11.770  4.020  30.542  57.620  5.000
11.780  8.381  -48.862  -21.785  5.000
11.790  6.749  -40.322  -43.677  6.000
11.800  3.054  7.127  3.773  7.000
11.810  2.504  29.575  26.221  8.000
11.820  5.717  114.634  111.279  9.000
11.830  10.335  164.165  160.810  10.000
11.840  19.048  323.933  320.578  11.000
11.850  28.319  442.995  439.640  12.000
11.860  32.481  206.194  202.839  13.000
11.870  31.561  -151.890  -155.245  14.000
11.880  22.598  -290.809  -294.164  15.000
11.890  15.387  -61.033  -64.388  15.000
11.900  10.397  -125.658  -129.013  15.000
11.910  7.406  51.781  48.426  15.000
11.920  6.633  -13.429  -16.784  15.000
11.930  8.717  384.356  381.001  15.000
11.940  27.081  1100.682  1097.327  15.000
11.950  39.833  460.639  457.285  15.000
11.960  39.905  154.918  151.563  15.000
11.970  39.915  -36.365  -39.720  15.000
11.980  38.798  -142.720  -146.075  15.000
11.990  29.487  -35.872  -39.227  15.000
12.000  21.828  -121.201  -124.555  15.000
12.010  15.718  -161.131  -164.486  15.000
12.020  11.211  -96.564  -99.918  15.000
12.030  8.260  -14.976  -18.331  15.000
12.040  7.300  43.954  40.600  15.000
12.050  8.558  93.138  89.783  15.000
12.060  14.201  77.973  74.619  15.000
12.070  23.837  209.764  206.409  15.000
12.080  25.968  206.027  202.672  15.000
12.090  22.572  -372.313  -375.668  15.000
12.100  15.998  -1.794  -5.148  15.000
12.110  11.660  -190.756  -194.111  15.000
12.120  8.434  -20.136  -23.491  15.000
12.130  7.410  45.481  42.127  15.000
12.140  8.576  73.535  70.180  15.000
12.150  14.130  107.221  103.867  15.000
12.160  23.930  241.956  238.601  15.000
12.170  26.055  118.360  115.006  15.000
12.180  22.325  -308.556  -311.911  15.000
12.190  16.011  -24.562  -27.917  15.000
12.200  11.733  -203.285  -206.640  15.000
12.210  8.552  -4.373  -7.728  15.000
12.220  7.535  10.906  7.551  15.000
12.230  8.730  78.467  75.113  15.000
12.240  14.248  103.328  99.973  15.000
12.250  24.010  217.676  214.321  15.000
12.260  25.965  98.730  95.375  15.000
12.270  22.011  -199.983  -203.338  15.000
12.280  15.897  -171.645  -174.999  15.000
12.290  11.721  -115.276  -118.631  15.000
12.300  8.633  -39.891  -43.246  15.000
12.310  7.648  41.157  37.802  15.000
12.320  8.874  94.416  91.061  15.000
12.330  14.438  107.259  103.905  15.000
12.340  24.021  229.681  226.326  15.000
12.350  25.561  154.482  151.128  15.000
12.360  21.573  -72.280  -75.634  15.000
12.370  15.726  -114.823  -118.177  15.000
12.380  11.632  -193.121  -196.476  15.000
12.390  8.730  -55.489  -58.844  15.000
12.400  7.793  40.840  37.486  15.000
12.410  9.037  57.365  54.010  15.000
12.420  14.540  94.820  91.466  15.000
12.430  24.271  225.368  222.014  15.000
12.440  25.621  95.620  92.265  15.000
12.450  21.431  -104.466  -107.820  15.000
12.460  15.655  -20.829  -24.184  15.000
12.470  11.629  -185.064  -188.419  15.000
12.480  8.822  -52.460  -55.814  15.000
12.490  7.997  14.766  11.411  15.000
12.500  9.313  55.317  51.962  15.000
12.510  14.708  119.325  115.971  15.000
12.520  24.120  259.760  256.406  15.000
12.530  25.726  111.022  107.668  15.000
12.540  21.177  25.792  22.437  15.000
12.550  15.738  -13.288  -16.643  15.000
12.560  11.675  -197.053  -200.408  15.000
12.570  8.964  -71.503  -74.857  15.000
12.580  8.101  28.189  24.834  15.000
12.590  9.358  85.539  82.185  15.000
12.600  14.873  135.854  132.499  15.000
12.610  24.391  224.833  221.478  15.000
12.620  25.432  201.426  198.071  15.000
12.630  21.265  -51.988  -55.342  15.000
12.640  15.589  134.514  131.160  15.000
12.650  11.701  -189.238  -192.593  15.000
12.660  9.051  -68.699  -72.053  15.000
12.670  8.306  8.696  5.341  15.000
12.680  9.662  66.711  63.356  15.000
12.690  15.023  109.050  105.696  15.000
12.700  24.547  231.531  228.176  15.000
12.710  25.676  265.035  261.680  15.000
12.720  21.265  -110.441  -113.796  15.000
12.730  15.755  137.064  133.710  15.000
12.740  11.886  -190.935  -194.289  15.000
12.750  9.349  -87.908  -91.263  15.000
12.760  8.572  -7.719  -11.074  15.000
12.770  9.787  79.588  76.233  15.000
12.780  15.313  140.765  137.410  15.000
12.790  24.661  250.129  246.774  5.000
12.800  25.433  39.406  36.051  5.000
12.810  16.393  -204.400  -207.755  5.000
12.820  3.826  -254.770  -258.125  5.000
12.830  -1.573  1.314  -2.041  5.000
12.840  0.248  256.859  253.504  5.000
12.850  1.609  -130.187  -133.542  5.000
12.860  1.119  -72.433  -75.787  5.000
12.870  3.859  -100.266  -103.621  5.000
12.880  7.084  -114.675  -118.030  5.000
12.890  2.227  -152.931  -156.285  5.000
12.900  -1.274  183.293  179.938  5.000
12.910  3.876  -66.343  -69.698  5.000
12.920  7.166  -65.466  -68.820  5.000
12.930  2.245  -129.466  -132.820  5.000
12.940  -1.402  424.490  421.135  5.000
12.950  3.892  32.506  29.151  5.000
12.960  6.718  -81.967  -85.322  5.000
12.970  2.811  -112.598  -115.953  5.000
12.980  -1.292  341.291  337.937  5.000
12.990  3.421  101.926  98.572  5.000
13.000  6.385  -82.526  -85.880  5.000
13.010  3.347  -131.089  -134.444  5.000
13.020  -0.291  -59.018  -62.373  5.000
13.030  2.693  53.443  50.089  5.000
13.040  6.562  -86.840  -90.195  5.000
13.050  5.065  -91.094  -94.449  5.000
13.060  0.107  11.108  7.753  5.000
13.070  0.403  -23.575  -26.930  5.000
13.080  4.097  -0.264  -3.619  5.000
13.090  6.876  -115.278  -118.633  5.000
13.100  4.074  -177.402  -180.757  5.000
13.110  -0.048  15.926  12.571  5.000
13.120  1.890  127.612  124.257  5.000
13.130  6.592  -42.174  -45.528  5.000
13.140  6.944  -66.288  -69.642  5.000
13.150  4.442  -184.288  -187.642  5.000
13.160  0.719  -19.786  -23.141  5.000
13.170  2.513  -1.013  -4.368  5.000
13.180  6.313  -48.149  -51.504  5.000
13.190  5.710  -75.356  -78.711  5.000
13.200  2.880  -191.384  -194.738  5.000
13.210  1.286  -167.807  -171.162  5.000
13.220  5.442  -147.746  -151.100  5.000
13.230  6.648  -129.637  -132.991  5.000
13.240  4.549  -242.789  -246.144  5.000
13.250  2.389  -187.318  -190.673  5.000
13.260  4.770  -233.204  -236.559  5.000
13.270  6.993  -199.508  -202.863  5.000
13.280  4.285  -226.469  -229.824  5.000
13.290  2.922  -198.479  -201.834  5.000
13.300  4.906  -168.309  -171.664  5.000
13.310  6.145  -192.233  -195.588  5.000
13.320  3.848  -331.741  -335.096  5.000
13.330  3.108  -289.347  -292.701  5.000
13.340  4.433  -178.636  -181.991  5.000
13.350  4.813  -86.631  -89.986  5.000
13.360  3.526  -128.861  -132.216  5.000
13.370  3.010  -125.287  -128.642  5.000
13.380  4.258  -63.617  -66.972  5.000
13.390  4.185  -71.044  -74.398  5.000
13.400  3.291  -141.089  -144.444  5.000
13.410  3.618  -90.580  -93.935  5.000
13.420  4.479  -65.558  -68.913  5.000
13.430  3.996  -128.731  -132.085  5.000
13.440  3.685  -161.110  -164.465  5.000
13.450  3.451  -67.211  -70.566  5.000
13.460  3.927  -6.151  -9.506  5.000
13.470  3.981  -84.855  -88.209  5.000
13.480  3.964  -114.072  -117.426  5.000
13.490  3.372  -75.444  -78.799  5.000
13.500  3.360  -8.447  -11.802  5.000
13.510  3.516  46.864  43.509  5.000
13.520  3.533  38.783  35.428  5.000
13.530  3.437  39.516  36.161  5.000
13.540  3.622  34.875  31.520  5.000
13.550  3.696  14.101  10.747  5.000
13.560  3.562  11.024  7.669  5.000
13.570  3.390  34.959  31.604  5.000
13.580  3.707  32.886  29.531  5.000
13.590  3.574  29.728  26.373  5.000
13.600  3.402  93.994  90.639  5.000
13.610  3.566  80.939  77.585  5.000
13.620  3.768  37.246  33.892  5.000
13.630  3.599  32.888  29.534  5.000
13.640  3.901  14.228  10.873  5.000
13.650  3.515  5.369  2.014  5.000
13.660  3.894  10.877  7.522  5.000
13.670  3.711  30.990  27.635  5.000
13.680  4.047  20.335  16.980  5.000
13.690  3.546  -19.021  -22.376  5.000
13.700  3.539  41.688  38.334  5.000
13.710  3.591  71.920  68.565  5.000
13.720  3.796  23.899  20.544  5.000
13.730  3.940  17.459  14.105  5.000
13.740  4.094  -2.063  -5.418  5.000
13.750  4.118  -14.633  -17.988  5.000
13.760  4.014  -23.742  -27.096  5.000
13.770  3.997  -24.233  -27.587  5.000
13.780  3.916  8.365  5.010  5.000
13.790  3.763  27.178  23.824  5.000
13.800  4.087  -2.745  -6.099  5.000
13.810  3.809  -11.130  -14.485  5.000
13.820  3.923  19.670  16.315  5.000
13.830  3.905  42.198  38.843  5.000
13.840  3.684  55.085  51.730  5.000
13.850  3.776  32.495  29.140  5.000
13.860  3.862  33.835  30.480  5.000
13.870  3.691  59.082  55.727  5.000
13.880  3.968  22.961  19.606  5.000
13.890  4.202  36.732  33.377  5.000
13.900  4.285  25.556  22.201  5.000
13.910  3.742  -19.309  -22.663  5.000
13.920  3.614  24.207  20.852  5.000
13.930  3.700  30.663  27.308  5.000
13.940  3.924  28.292  24.937  5.000
13.950  3.998  15.171  11.817  5.000
13.960  4.000  22.208  18.854  5.000
13.970  3.963  49.222  45.867  5.000
13.980  4.226  35.896  32.542  5.000
13.990  3.919  34.867  31.512  5.000
14.000  4.079  -0.154  -3.509  5.000
14.010  3.993  -13.941  -17.296  5.000
14.020  3.983  27.697  24.342  5.000
14.030  4.069  20.699  17.345  5.000
14.040  4.022  -22.480  -25.834  5.000
14.050  4.110  -9.219  -12.574  5.000
14.060  4.002  15.910  12.555  5.000
14.070  3.942  -0.147  -3.502  5.000
14.080  3.925  -7.115  -10.470  5.000
14.090  3.668  22.168  18.814  5.000
14.100  3.943  50.024  46.669  5.000
14.110  4.092  50.317  46.962  5.000
14.120  4.097  18.834  15.480  5.000
14.130  3.865  35.223  31.868  5.000
14.140  3.775  43.843  40.488  5.000
14.150  3.780  56.205  52.851  5.000
14.160  4.135  60.329  56.974  5.000
14.170  4.032  43.440  40.085  5.000
14.180  4.231  1.022  -2.333  5.000
14.190  4.044  5.292  1.938  5.000
14.200  4.009  27.027  23.673  5.000
14.210  4.143  22.224  18.869  5.000
14.220  4.327  -7.018  -10.373  5.000
14.230  4.144  5.544  2.189  5.000
14.240  3.948  39.718  36.363  5.000
14.250  3.447  74.820  71.465  5.000
14.260  3.907  132.629  129.275  5.000
14.270  4.705  86.590  83.235  5.000
14.280  4.333  21.410  18.056  5.000
14.290  4.433  -7.295  -10.650  5.000
14.300  3.980  -23.072  -26.426  5.000
14.310  3.908  46.374  43.019  5.000
14.320  4.006  87.740  84.386  5.000
14.330  4.280  40.166  36.811  5.000
14.340  4.404  0.264  -3.091  5.000
14.350  4.297  12.279  8.925  5.000
14.360  4.189  29.062  25.707  5.000
14.370  3.740  67.019  63.664  5.000
14.380  4.117  53.851  50.497  5.000
14.390  4.792  36.611  33.256  5.000
14.400  4.239  5.434  2.080  5.000
14.410  4.479  4.613  1.258  5.000
14.420  4.207  13.771  10.416  5.000
14.430  4.261  18.774  15.419  5.000
14.440  4.264  10.829  7.475  5.000
14.450  4.265  1.005  -2.349  5.000
14.460  4.278  9.275  5.920  5.000
14.470  4.224  17.024  13.669  5.000
14.480  4.300  43.695  40.340  5.000
14.490  4.441  25.325  21.970  5.000
14.500  4.072  11.990  8.636  5.000
14.510  4.544  1.164  -2.191  5.000
14.520  4.057  33.321  29.966  5.000
14.530  4.309  48.906  45.552  5.000
14.540  4.152  53.000  49.645  5.000
14.550  4.483  24.715  21.361  5.000
14.560  4.453  4.872  1.517  5.000
14.570  4.377  18.283  14.928  5.000
14.580  4.338  9.772  6.417  5.000
14.590  4.388  17.786  14.432  5.000
14.600  4.234  6.240  2.886  5.000
14.610  4.307  32.836  29.481  5.000
14.620  4.198  32.393  29.038  5.000
14.630  4.388  68.964  65.609  5.000
14.640  4.496  23.104  19.749  5.000
14.650  4.456  9.004  5.649  5.000
14.660  4.405  31.527  28.173  5.000
14.670  4.474  19.972  16.618  5.000
14.680  4.521  -31.836  -35.190  5.000
14.690  4.244  15.420  12.066  5.000
14.700  4.470  21.721  18.366  5.000
14.710  4.511  14.061  10.706  5.000
14.720  4.412  18.628  15.274  5.000
14.730  4.520  31.254  27.899  5.000
14.740  4.389  56.799  53.445  5.000
14.750  4.527  52.707  49.353  5.000
14.760  4.741  9.133  5.778  5.000
14.770  4.219  -0.153  -3.507  5.000
14.780  4.486  21.226  17.871  5.000
14.790  4.610  43.426  40.072  5.000
14.800  4.448  13.597  11.580  6.000
14.810  4.180  100.574  98.557  7.000
14.820  5.512  165.704  163.687  8.000
14.830  7.130  247.635  245.618  9.000
14.840  7.115  332.426  330.409  10.000
14.850  9.685  496.892  494.875  11.000
14.860  15.077  690.552  688.534  12.000
14.870  14.459  655.866  653.849  13.000
14.880  11.367  705.120  703.102  14.000
14.890  8.912  547.477  545.459  15.000
14.900  12.112  536.652  534.634  15.000
14.910  15.849  613.746  611.729  15.000
14.920  19.273  629.451  627.433  15.000
14.930  17.393  827.046  825.029  15.000
14.940  14.236  449.437  447.420  15.000
14.950  11.633  266.977  264.960  15.000
14.960  14.807  307.024  305.006  15.000
14.970  18.358  369.078  367.061  15.000
14.980  16.571  420.325  418.308  15.000
14.990  13.615  238.014  235.997  15.000
15.000  13.822  200.117  198.100  15.000
15.010  17.399  272.976  270.959  15.000
15.020  18.976  407.047  405.030  15.000
15.030  15.089  298.180  296.162  15.000
15.040  12.499  446.037  444.019  15.000
15.050  16.615  244.481  242.463  15.000
15.060  19.118  354.742  352.725  15.000
15.070  16.127  596.352  594.335  15.000
15.080  13.853  406.823  404.805  15.000
15.090  16.086  117.980  115.963  15.000
15.100  19.814  199.535  197.517  15.000
15.110  17.045  410.911  408.894  15.000
15.120  15.078  -112.029  -114.046  15.000
15.130  17.295  33.015  30.998  15.000
15.140  18.213  210.161  208.144  15.000
15.150  16.716  17.544  15.527  15.000
15.160  16.781  -66.550  -68.567  15.000
15.170  17.419  22.195  20.178  15.000
15.180  16.643  73.351  71.333  15.000
15.190  16.832  55.782  53.765  15.000
15.200  17.779  75.911  73.894  15.000
15.210  16.921  87.199  85.182  15.000
15.220  17.218  -10.244  -12.262  15.000
15.230  17.115  -27.569  -29.587  15.000
15.240  16.787  40.126  38.109  15.000
15.250  16.947  24.993  22.976  15.000
15.260  16.879  8.246  6.229  15.000
15.270  17.252  -7.157  -9.174  15.000
15.280  16.902  -13.972  -15.990  15.000
15.290  17.084  -4.979  -6.996  15.000
15.300  16.860  27.936  25.918  15.000
15.310  16.836  -41.665  -43.682  15.000
15.320  17.016  -18.942  -20.959  15.000
15.330  16.864  56.113  54.095  15.000
15.340  17.075  -22.902  -24.919  15.000
15.350  16.718  29.191  27.174  15.000
15.360  16.861  18.223  16.206  15.000
15.370  16.814  -9.651  -11.668  15.000
15.380  16.876  -65.233  -67.251  15.000
15.390  16.955  -1.066  -3.083  15.000
15.400  16.772  24.475  22.458  15.000
15.410  16.768  -9.370  -11.387  15.000
15.420  16.664  -6.391  -8.408  15.000
15.430  16.791  -45.719  -47.736  15.000
15.440  16.709  12.908  10.890  15.000
15.450  16.793  50.579  48.562  15.000
15.460  16.656  48.664  46.647  15.000
15.470  16.674  -16.540  -18.557  15.000
15.480  16.546  16.498  14.480  15.000
15.490  16.618  26.277  24.260  15.000
15.500  16.553  2.653  0.636  15.000
15.510  16.684  -17.430  -19.447  15.000
15.520  16.443  -9.458  -11.475  15.000
15.530  16.666  39.419  37.401  15.000
15.540  16.491  15.889  13.871  15.000
15.550  16.623  -32.379  -34.396  15.000
15.560  16.474  -16.022  -18.040  15.000
15.570  16.569  -33.605  -35.623  15.000
15.580  16.455  -3.901  -5.918  15.000
15.590  16.522  -3.468  -5.485  15.000
15.600  16.399  -9.399  -11.416  15.000
15.610  16.355  45.435  43.418  15.000
15.620  16.429  21.252  19.235  15.000
15.630  16.393  28.268  26.251  15.000
15.640  16.291  12.050  10.033  15.000
15.650  16.231  20.604  18.587  15.000
15.660  16.325  -0.121  -2.138  15.000
15.670  16.341  -12.278  -14.296  15.000
15.680  16.423  24.976  22.959  15.000
15.690  16.320  15.476  13.459  15.000
15.700  16.328  7.335  5.318  15.000
15.710  16.205  13.805  11.787  15.000
15.720  16.300  -48.123  -50.140  15.000
15.730  16.162  55.488  53.470  15.000
15.740  16.220  16.935  14.918  15.000
15.750  16.179  -70.914  -72.931  15.000
15.760  16.224  1.328  -0.689  15.000
15.770  16.172  53.991  51.974  15.000
15.780  16.213  12.032  10.015  15.000
15.790  16.290  -18.935  -20.952  15.000
15.800  16.185  47.604  45.587  5.000
15.810  15.994  -0.136  -2.153  5.000
15.820  11.748  -215.743  -217.760  5.000
15.830  8.848  -470.080  -472.097  5.000
15.840  6.937  -699.609  -701.626  5.000
15.850  6.154  -551.038  -553.055  5.000
15.860  6.187  -530.937  -532.954  5.000
15.870  6.439  -500.149  -502.167  5.000
15.880  6.289  -518.031  -520.049  5.000
15.890  5.942  -461.822  -463.839  5.000
15.900  5.632  -442.593  -444.610  5.000
15.910  5.452  -428.225  -430.242  5.000
15.920  5.073  -449.113  -451.131  5.000
15.930  4.915  -362.165  -364.182  5.000
15.940  5.034  -337.265  -339.282  5.000
15.950  4.918  -357.123  -359.141  5.000
15.960  4.694  -318.024  -320.041  5.000
15.970  4.464  -267.978  -269.996  5.000
15.980  4.771  -257.932  -259.949  5.000
15.990  4.564  -289.086  -291.103  5.000
16.000  4.237  -232.139  -234.156  5.000
16.010  4.331  -239.164  -241.182  5.000
16.020  4.269  -225.289  -227.306  5.000
16.030  4.091  -175.783  -177.800  5.000
16.040  4.254  -173.674  -175.691  5.000
16.050  4.051  -171.682  -173.700  5.000
16.060  3.787  -151.012  -153.030  5.000
16.070  3.810  -157.727  -159.744  5.000
16.080  3.965  -147.015  -149.032  5.000
16.090  3.748  -153.029  -155.046  5.000
16.100  3.789  -141.570  -143.587  5.000
16.110  3.786  -159.460  -161.477  5.000
16.120  3.770  -136.877  -138.895  5.000
16.130  3.798  -130.077  -132.094  5.000
16.140  3.768  -131.822  -133.839  5.000
16.150  3.871  -129.049  -131.067  5.000
16.160  3.656  -122.786  -124.803  5.000
16.170  3.708  -74.344  -76.361  5.000
16.180  3.691  -81.551  -83.568  5.000
16.190  3.875  -79.711  -81.728  5.000
16.200  3.679  -87.885  -89.903  5.000
16.210  3.628  -51.955  -53.972  5.000
16.220  3.674  -50.908  -52.926  5.000
16.230  3.916  -67.209  -69.226  5.000
16.240  3.778  -83.336  -85.353  5.000
16.250  3.416  -49.932  -51.949  5.000
16.260  3.705  -0.345  -2.363  5.000
16.270  3.633  27.179  25.161  5.000
16.280  3.602  26.415  24.398  5.000
16.290  3.749  -10.294  -12.312  5.000
16.300  3.592  -15.990  -18.007  5.000
16.310  3.680  12.778  10.761  5.000
16.320  3.661  6.490  4.473  5.000
16.330  3.584  0.415  -1.603  5.000
16.340  3.799  -9.052  -11.069  5.000
16.350  3.599  -23.771  -25.789  5.000
16.360  3.634  23.403  21.385  5.000
16.370  3.823  33.621  31.604  5.000
16.380  3.785  -9.987  -12.005  5.000
16.390  3.650  11.003  8.986  5.000
16.400  3.696  0.331  -1.686  5.000
16.410  3.756  -7.445  -9.462  5.000
16.420  3.609  35.343  33.326  5.000
16.430  3.682  48.622  46.605  5.000
16.440  3.708  13.118  11.101  5.000
16.450  3.709  32.073  30.055  5.000
16.460  3.746  32.554  30.537  5.000
16.470  3.848  11.246  9.228  5.000
16.480  4.036  15.215  13.198  5.000
16.490  3.785  -33.128  -35.145  5.000
16.500  3.882  -32.458  -34.475  5.000
16.510  3.543  4.965  2.948  5.000
16.520  3.969  8.423  6.406  5.000
16.530  3.761  13.887  11.869  5.000
16.540  3.835  29.031  27.014  5.000
16.550  3.585  48.350  46.333  5.000
16.560  3.619  31.681  29.663  5.000
16.570  3.946  -2.390  -4.408  5.000
16.580  3.798  36.057  34.040  5.000
16.590  3.917  45.070  43.053  5.000
16.600  3.864  26.961  24.943  5.000
16.610  3.895  13.924  11.906  5.000
16.620  3.752  51.584  49.567  5.000
16.630  3.796  52.759  50.741  5.000
16.640  3.824  31.585  29.567  5.000
16.650  4.132  15.781  13.764  5.000
16.660  3.780  8.751  6.734  5.000
16.670  3.795  21.480  19.463  5.000
16.680  3.714  37.317  35.300  5.000
16.690  3.906  -0.390  -2.407  5.000
16.700  3.898  8.212  6.195  5.000
16.710  4.005  0.690  -1.327  5.000
16.720  3.667  13.054  11.036  5.000
16.730  3.844  2.982  0.964  5.000
16.740  3.741  13.250  11.232  5.000
16.750  3.871  37.897  35.880  5.000
16.760  4.125  11.029  9.012  5.000
16.770  3.937  14.232  12.215  5.000
16.780  3.994  4.388  2.371  5.000
16.790  3.759  30.371  28.354  5.000
16.800  4.054  6.263  4.245  5.000
16.810  3.881  30.122  28.105  5.000
16.820  4.019  29.018  27.001  5.000
16.830  3.969  5.412  3.395  5.000
16.840  3.922  26.369  24.351  5.000
16.850  3.888  19.860  17.843  5.000
16.860  3.916  2.741  0.724  5.000
16.870  4.090  35.891  33.874  5.000
16.880  3.941  24.499  22.482  5.000
16.890  4.055  -21.484  -23.501  5.000
16.900  4.173  12.503  10.485  5.000
16.910  3.925  33.640  31.623  5.000
16.920  4.037  9.097  7.080  5.000
16.930  3.868  12.516  10.499  5.000
16.940  4.030  42.450  40.432  5.000
16.950  3.850  43.692  41.675  5.000
16.960  4.031  36.565  34.548  5.000
16.970  3.892  37.090  35.073  5.000
16.980  4.118  20.704  18.686  5.000
16.990  4.055  11.318  9.301  5.000
17.000  3.803  30.458  28.440  5.000
17.010  4.216  37.000  34.982  5.000
17.020  4.063  36.647  34.629  5.000
17.030  3.915  19.913  17.896  5.000
17.040  4.018  21.048  19.030  5.000
17.050  4.046  46.537  44.519  5.000
17.060  4.019  18.235  16.218  5.000
17.070  4.186  -8.539  -10.556  5.000
17.080  3.882  17.582  15.564  5.000
17.090  3.951  85.080  83.063  5.000
17.100  4.168  78.957  76.939  5.000
17.110  4.279  31.168  29.151  5.000
17.120  4.215  -41.657  -43.674  5.000
17.130  4.219  -15.131  -17.148  5.000
17.140  4.257  -5.683  -7.700  5.000
17.150  3.876  -11.593  -13.610  5.000
17.160  4.031  35.173  33.156  5.000
17.170  4.374  55.217  53.200  5.000
17.180  4.202  7.223  5.206  5.000
17.190  4.260  54.173  52.156  5.000
17.200  4.235  29.635  27.618  5.000
17.210  4.376  13.414  11.396  5.000
17.220  4.153  5.995  3.977  5.000
17.230  4.071  45.320  43.303  5.000
17.240  4.259  52.547  50.530  5.000
17.250  4.343  45.061  43.043  5.000
17.260  4.086  13.442  11.425  5.000
17.270  4.410  41.112  39.095  5.000
17.280  4.353  35.437  33.420  5.000
17.290  4.422  12.138  10.120  5.000
17.300  4.182  -31.792  -33.809  5.000
17.310  4.329  -2.241  -4.259  5.000
17.320  4.009  12.451  10.434  5.000
17.330  4.295  75.051  73.034  5.000
17.340  4.556  66.505  64.488  5.000
17.350  4.544  7.023  5.006  5.000
17.360  4.332  -1.062  -3.079  5.000
17.370  4.416  8.438  6.421  5.000
17.380  4.187  22.959  20.941  5.000
17.390  4.552  31.901  29.884  5.000
17.400  4.470  -13.617  -15.634  5.000
17.410  4.599  -11.298  -13.315  5.000
17.420  4.165  -9.422  -11.439  5.000
17.430  4.240  15.484  13.467  5.000
17.440  4.449  45.731  43.714  5.000
17.450  4.372  23.932  21.914  5.000
17.460  4.315  36.548  34.531  5.000
17.470  4.462  36.725  34.708  5.000
17.480  4.387  51.820  49.803  5.000
17.490  4.770  31.446  29.429  5.000
17.500  4.828  -40.038  -42.055  5.000
17.510  4.460  -45.023  -47.040  5.000
17.520  4.429  -26.277  -28.295  5.000
17.530  4.320  46.113  44.096  5.000
17.540  4.622  54.817  52.800  5.000
17.550  4.496  14.827  12.810  5.000
17.560  4.425  8.712  6.695  5.000
17.570  4.560  17.790  15.773  5.000
17.580  4.489  9.544  7.527  5.000
17.590  4.377  32.391  30.374  5.000
17.600  4.481  53.725  51.708  5.000
17.610  4.670  28.972  26.954  5.000
17.620  4.651  8.913  6.896  5.000
17.630  4.606  -7.782  -9.799  5.000
17.640  4.370  -14.324  -16.341  5.000
17.650  4.465  10.345  8.327  5.000
17.660  4.475  20.767  18.750  5.000
17.670  4.332  70.842  68.825  5.000
17.680  4.478  79.943  77.926  5.000
17.690  4.524  55.371  53.354  5.000
17.700  4.648  46.760  44.743  5.000
17.710  4.738  26.855  24.838  5.000
17.720  4.345  43.206  41.189  5.000
17.730  4.503  42.229  40.211  5.000
17.740  4.411  39.426  37.409  5.000
17.750  4.675  49.090  47.073  5.000
17.760  4.640  8.022  6.005  5.000
17.770  4.633  4.032  2.015  5.000
17.780  4.458  10.913  8.895  5.000
17.790  4.525  45.882  43.864  5.000
17.800  4.800  38.765  36.748  5.000
17.810  4.549  -21.860  7.708  6.000
17.820  4.724  -2.830  26.739  7.000
17.830  5.291  129.605  159.174  8.000
17.840  6.830  224.160  253.729  9.000
17.850  8.112  379.762  409.331  10.000
17.860  10.039  481.638  511.206  11.000
17.870  13.801  637.938  667.506  12.000
17.880  12.796  528.523  558.091  13.000
17.890  9.420  579.614  609.182  14.000
17.900  10.879  416.534  446.103  15.000
17.910  15.027  470.902  500.471  15.000
17.920  18.652  561.464  591.033  15.000
17.930  16.781  624.559  654.128  15.000
17.940  13.641  382.024  411.593  15.000
17.950  10.876  308.822  338.391  15.000
17.960  14.931  296.714  326.283  15.000
17.970  18.265  388.897  418.466  15.000
17.980  16.752  341.801  371.370  15.000
17.990  13.284  457.498  487.067  15.000
18.000  13.341  322.974  352.542  15.000
18.010  17.007  253.856  283.424  15.000
18.020  19.228  361.999  391.567  15.000
18.030  15.797  373.596  403.164  15.000
18.040  12.973  374.384  403.952  15.000
18.050  16.430  256.044  285.612  15.000
18.060  18.973  338.314  367.883  15.000
18.070  16.161  520.594  550.162  15.000
18.080  13.796  428.298  457.867  15.000
18.090  16.106  192.317  221.886  15.000
18.100  19.356  112.727  142.295  15.000
18.110  17.331  210.328  239.896  15.000
18.120  15.040  111.413  140.981  15.000
18.130  16.726  98.115  127.684  15.000
18.140  18.067  19.824  49.393  15.000
18.150  16.786  12.030  41.599  15.000
18.160  15.496  208.786  238.355  15.000
18.170  18.035  127.507  157.075  15.000
18.180  18.068  97.791  127.359  15.000
18.190  16.045  47.125  76.693  15.000
18.200  17.283  24.755  54.323  15.000
18.210  18.744  2.115  31.683  15.000
18.220  16.056  313.119  342.688  15.000
18.230  17.017  -4.664  24.905  15.000
18.240  17.322  43.004  72.572  15.000
18.250  16.679  45.944  75.512  15.000
18.260  17.185  -22.485  7.084  15.000
18.270  17.497  14.034  43.603  15.000
18.280  16.963  -20.299  9.270  15.000
18.290  17.146  40.152  69.720  15.000
18.300  16.930  10.161  39.729  15.000
18.310  17.091  2.020  31.589  15.000
18.320  17.021  -24.308  5.261  15.000
18.330  17.146  -10.328  19.240  15.000
18.340  17.093  -5.075  24.493  15.000
18.350  17.045  -36.308  -6.740  15.000
18.360  17.098  -40.963  -11.394  15.000
18.370  16.963  -40.118  -10.549  15.000
18.380  16.959  -18.374  11.194  15.000
18.390  16.932  -32.087  -2.519  15.000
18.400  17.061  -20.094  9.475  15.000
18.410  16.876  -32.359  -2.790  15.000
18.420  16.952  -53.165  -23.597  15.000
18.430  16.852  -73.620  -44.051  15.000
18.440  16.871  -23.130  6.439  15.000
18.450  16.684  0.866  30.435  15.000
18.460  16.853  -22.406  7.163  15.000
18.470  16.728  0.994  30.563  15.000
18.480  16.852  -52.479  -22.911  15.000
18.490  16.750  -46.697  -17.129  15.000
18.500  16.776  13.076  42.644  15.000
18.510  16.702  1.968  31.537  15.000
18.520  16.652  -26.982  2.586  15.000
18.530  16.640  -50.917  -21.349  15.000
18.540  16.709  -6.173  23.396  15.000
18.550  16.635  0.566  30.134  15.000
18.560  16.710  -24.773  4.796  15.000
18.570  16.583  -28.307  1.262  15.000
18.580  16.598  -12.221  17.348  15.000
18.590  16.558  -47.062  -17.493  15.000
18.600  16.577  -80.972  -51.403  15.000
18.610  16.575  -16.307  13.262  15.000
18.620  16.601  -59.039  -29.470  15.000
18.630  16.553  -0.371  29.198  15.000
18.640  16.495  -35.209  -5.641  15.000
18.650  16.505  -12.415  17.153  15.000
18.660  16.446  -4.204  25.364  15.000
18.670  16.475  -31.897  -2.328  15.000
18.680  16.417  -28.274  1.295  15.000
18.690  16.431  -17.287  12.282  15.000
18.700  16.404  -43.587  -14.018  15.000
18.710  16.432  -53.180  -23.611  15.000
18.720  16.421  -27.791  1.778  15.000
18.730  16.335  -76.561  -46.992  15.000
18.740  16.340  -26.811  2.758  15.000
18.750  16.319  -5.040  24.528  15.000
18.760  16.374  -59.156  -29.587  15.000
18.770  16.314  -62.093  -32.525  15.000
18.780  16.307  -40.296  -10.728  15.000
18.790  16.205  13.211  42.779  15.000
18.800  16.236  -71.152  -41.583  15.000
18.810  16.279  -16.835  12.734  5.000
18.820  16.054  -62.917  -33.349  5.000
18.830  11.885  -267.570  -238.002  5.000
18.840  8.987  -513.435  -483.867  5.000
18.850  6.878  -751.375  -721.806  5.000
18.860  6.259  -589.055  -559.487  5.000
18.870  6.314  -596.480  -566.911  5.000
18.880  6.616  -522.248  -492.679  5.000
18.890  6.359  -529.484  -499.915  5.000
18.900  5.841  -496.599  -467.030  5.000
18.910  5.540  -454.477  -424.909  5.000
18.920  5.460  -445.462  -415.894  5.000
18.930  5.242  -463.760  -434.191  5.000
18.940  5.079  -480.359  -450.790  5.000
18.950  5.042  -420.345  -390.776  5.000
18.960  4.980  -386.246  -356.678  5.000
18.970  4.747  -387.852  -358.283  5.000
18.980  4.680  -339.271  -309.702  5.000
18.990  4.733  -331.517  -301.948  5.000
19.000  4.647  -309.381  -279.812  5.000
19.010  4.559  -270.109  -240.540  5.000
19.020  4.459  -252.808  -223.240  5.000
19.030  4.452  -266.329  -236.760  5.000
19.040  4.239  -251.193  -221.624  5.000
19.050  4.144  -215.332  -185.764  5.000
19.060  3.985  -199.750  -170.181  5.000
19.070  3.852  -202.095  -172.526  5.000
19.080  3.927  -196.357  -166.789  5.000
19.090  3.894  -217.475  -187.907  5.000
19.100  3.793  -201.509  -171.941  5.000
19.110  3.744  -158.957  -129.389  5.000
19.120  3.967  -138.873  -109.305  5.000
19.130  4.018  -168.230  -138.661  5.000
19.140  3.648  -163.444  -133.875  5.000
19.150  3.564  -126.715  -97.146  5.000
19.160  3.687  -90.954  -61.385  5.000
19.170  4.062  -111.542  -81.973  5.000
19.180  3.768  -149.608  -120.040  5.000
19.190  3.617  -121.404  -91.836  5.000
19.200  3.741  -92.866  -63.298  5.000
19.210  3.653  -94.944  -65.375  5.000
19.220  3.726  -83.056  -53.487  5.000
19.230  3.803  -106.854  -77.286  5.000
19.240  3.700  -66.008  -36.440  5.000
19.250  3.755  -56.641  -27.073  5.000
19.260  3.669  -81.198  -51.630  5.000
19.270  3.675  -82.928  -53.359  5.000
19.280  3.819  -68.055  -38.487  5.000
19.290  3.640  -70.490  -40.921  5.000
19.300  3.794  -73.040  -43.471  5.000
19.310  3.817  -71.662  -42.094  5.000
19.320  3.552  -21.646  7.922  5.000
19.330  3.446  48.577  78.146  5.000
19.340  3.859  19.106  48.675  5.000
19.350  3.677  -31.312  -1.744  5.000
19.360  3.612  8.533  38.102  5.000
19.370  3.661  1.535  31.103  5.000
19.380  3.880  2.982  32.551  5.000
19.390  3.447  -4.427  25.142  5.000
19.400  3.720  -15.148  14.420  5.000
19.410  3.782  -31.032  -1.464  5.000
19.420  3.708  -29.290  0.279  5.000
19.430  3.737  -19.818  9.750  5.000
19.440  3.800  2.801  32.370  5.000
19.450  3.716  -14.881  14.687  5.000
19.460  3.742  26.110  55.678  5.000
19.470  3.802  -5.297  24.271  5.000
19.480  3.829  -28.390  1.178  5.000
19.490  3.908  -16.801  12.768  5.000
19.500  3.725  -11.148  18.421  5.000
19.510  3.890  -3.841  25.728  5.000
19.520  3.938  -16.210  13.359  5.000
19.530  3.722  -20.727  8.842  5.000
19.540  3.936  -6.816  22.753  5.000
19.550  3.723  7.171  36.740  5.000
19.560  3.815  25.284  54.853  5.000
19.570  3.861  16.086  45.654  5.000
19.580  3.996  -1.836  27.733  5.000
19.590  3.889  -55.432  -25.864  5.000
19.600  4.030  -22.045  7.524  5.000
19.610  3.668  -15.108  14.461  5.000
19.620  3.774  -7.185  22.384  5.000
19.630  3.862  -19.236  10.332  5.000
19.640  3.862  -14.053  15.516  5.000
19.650  4.036  6.075  35.643  5.000
19.660  4.184  -11.178  18.391  5.000
19.670  3.831  -26.047  3.522  5.000
19.680  3.800  -32.229  -2.660  5.000
19.690  3.958  -16.286  13.282  5.000
19.700  4.131  -9.926  19.642  5.000
19.710  3.878  -17.886  11.683  5.000
19.720  3.649  -2.024  27.544  5.000
19.730  3.882  -14.041  15.528  5.000
19.740  3.743  6.084  35.653  5.000
19.750  3.854  11.653  41.222  5.000
19.760  3.891  13.469  43.038  5.000
19.770  4.139  -9.286  20.283  5.000
19.780  3.856  -9.064  20.505  5.000
19.790  3.720  -9.936  19.633  5.000
19.800  3.680  -10.994  18.574  5.000
19.810  3.852  -22.946  6.623  5.000
19.820  4.158  -30.194  -0.626  5.000
19.830  3.893  -11.273  18.295  5.000
19.840  3.881  -5.472  24.097  5.000
19.850  3.923  4.908  34.476  5.000
19.860  4.109  -4.800  24.768  5.000
19.870  4.003  -9.114  20.454  5.000
19.880  4.082  -14.992  14.576  5.000
19.890  3.974  -41.446  -11.878  5.000
19.900  4.141  -25.597  3.971  5.000
19.910  3.906  -9.730  19.838  5.000
19.920  3.928  3.502  33.070  5.000
19.930  3.995  7.517  37.086  5.000
19.940  4.111  -26.727  2.842  5.000
19.950  4.124  -17.469  12.100  5.000
19.960  4.015  -4.629  24.940  5.000
19.970  3.934  -17.553  12.016  5.000
19.980  4.182  -26.465  3.104  5.000
19.990  4.096  -39.200  -9.632  5.000
20.000  3.976  -7.323  22.246  5.000
20.010  4.038  -9.524  20.045  5.000
20.020  4.123  -28.104  1.464  5.000
20.030  4.164  -24.549  5.020  5.000
20.040  4.095  -3.655  25.913  5.000
20.050  4.110  -33.038  -3.469  5.000
20.060  4.075  -31.254  -1.685  5.000
20.070  4.058  -19.024  10.544  5.000
20.080  3.978  5.359  34.928  5.000
20.090  4.155  21.660  51.229  5.000
20.100  4.063  -20.238  9.331  5.000
20.110  3.962  25.124  54.693  5.000
20.120  3.911  31.848  61.417  5.000
20.130  4.234  15.727  45.295  5.000
20.140  4.151  -0.206  29.362  5.000
20.150  4.430  -41.210  -11.642  5.000
20.160  4.072  -53.198  -23.629  5.000
20.170  4.039  1.894  31.462  5.000
20.180  4.271  27.205  56.774  5.000
20.190  4.407  -57.380  -27.811  5.000
20.200  4.234  -51.586  -22.017  5.000
20.210  4.209  -43.151  -13.583  5.000
20.220  4.296  -13.317  16.251  5.000
20.230  4.079  8.738  38.306  5.000
20.240  4.149  20.259  49.828  5.000
20.250  4.497  9.432  39.001  5.000
20.260  4.236  7.757  37.325  5.000
20.270  4.243  -6.287  23.281  5.000
20.280  4.073  -4.914  24.655  5.000
20.290  4.299  29.314  58.882  5.000
20.300  4.478  9.774  39.342  5.000
20.310  4.317  -22.418  7.150  5.000
20.320  4.298  12.859  42.427  5.000
20.330  4.292  8.989  38.558  5.000
20.340  4.477  -13.835  15.734  5.000
20.350  4.202  -30.365  -0.796  5.000
20.360  4.150  10.380  39.948  5.000
20.370  4.536  41.743  71.311  5.000
20.380  4.167  9.836  39.404  5.000
20.390  4.389  -1.236  28.332  5.000
20.400  4.252  16.050  45.618  5.000
20.410  4.213  20.209  49.777  5.000
20.420  4.512  19.730  49.299  5.000
20.430  4.556  6.216  35.784  5.000
20.440  4.428  -30.183  -0.614  5.000
20.450  4.571  -31.731  -2.163  5.000
20.460  4.247  -25.092  4.476  5.000
20.470  4.389  16.509  46.077  5.000
20.480  4.454  23.053  52.621  5.000
20.490  4.573  10.897  40.465  5.000
20.500  4.499  -27.331  2.238  5.000
20.510  4.610  -47.855  -18.287  5.000
20.520  4.382  -53.872  -24.303  5.000
20.530  4.567  -18.958  10.611  5.000
20.540  4.639  -28.129  1.440  5.000
20.550  4.624  -58.431  -28.862  5.000
20.560  4.439  -47.840  -18.271  5.000
20.570  4.386  -10.174  19.395  5.000
20.580  4.423  8.611  38.180  5.000
20.590  4.532  26.987  56.556  5.000
20.600  4.487  -2.195  27.373  5.000
20.610  4.476  -43.828  -14.259  5.000
20.620  4.418  -2.501  27.068  5.000
20.630  4.459  -3.320  26.248  5.000
20.640  4.672  -8.676  20.893  5.000
20.650  4.302  -13.452  16.116  5.000
20.660  4.726  -0.911  28.657  5.000
20.670  4.443  -13.671  15.898  5.000
20.680  4.613  -28.031  1.538  5.000
20.690  4.214  -8.562  21.007  5.000
20.700  4.643  18.539  48.108  5.000
20.710  4.737  -7.926  21.643  5.000
20.720  4.541  -39.881  -10.313  5.000
20.730  4.452  -24.697  4.872  5.000
20.740  4.516  18.583  48.152  5.000
20.750  4.507  11.754  41.323  5.000
20.760  4.652  0.141  29.709  5.000
20.770  4.731  -21.513  8.055  5.000
20.780  4.565  -15.518  14.051  5.000
20.790  4.377  9.324  38.892  5.000
20.800  4.580  20.833  50.401  5.000
20.810  4.896  0.516  30.084  5.000
20.820  4.788  -45.136  -24.943  6.000
20.830  4.651  -27.352  -7.159  7.000
20.840  5.635  81.535  101.728  8.000
20.850  7.041  250.534  270.727  9.000
20.860  7.303  329.623  349.816  10.000
20.870  10.460  415.997  436.190  11.000
20.880  15.977  669.008  689.201  12.000
20.890  14.491  905.996  926.189  13.000
20.900  11.475  616.589  636.782  14.000
20.910  8.744  404.233  424.426  15.000
20.920  12.315  425.013  445.206  15.000
20.930  15.828  657.896  678.089  15.000
20.940  18.893  728.123  748.316  15.000
20.950  17.596  782.598  802.791  15.000
20.960  14.317  405.730  425.923  15.000
20.970  11.747  280.000  300.193  15.000
20.980  14.914  330.589  350.782  15.000
20.990  18.593  338.120  358.313  15.000
21.000  16.911  375.150  395.343  15.000
21.010  13.758  250.446  270.639  15.000
21.020  14.036  222.758  242.951  15.000
21.030  17.225  231.721  251.913  15.000
21.040  19.059  319.970  340.163  15.000
21.050  15.197  472.534  492.727  15.000
21.060  12.796  404.865  425.058  15.000
21.070  16.448  243.859  264.052  15.000
21.080  18.610  406.713  426.906  15.000
21.090  16.284  484.421  504.614  15.000
21.100  14.108  313.054  333.247  15.000
21.110  16.291  97.043  117.236  15.000
21.120  19.964  174.183  194.376  15.000
21.130  16.967  397.266  417.459  15.000
21.140  15.245  -216.915  -196.722  15.000
21.150  17.964  -13.649  6.544  15.000
21.160  18.537  161.158  181.351  15.000
21.170  16.312  226.108  246.301  15.000
21.180  16.937  181.118  201.311  15.000
21.190  17.549  57.199  77.392  15.000
21.200  16.701  -74.226  -54.033  15.000
21.210  16.795  40.246  60.439  15.000
21.220  17.803  49.633  69.826  15.000
21.230  17.049  41.347  61.540  15.000
21.240  17.119  10.587  30.780  15.000
21.250  16.959  16.014  36.207  15.000
21.260  16.871  -0.522  19.671  15.000
21.270  17.095  44.289  64.482  15.000
21.280  17.012  -20.784  -0.592  15.000
21.290  17.229  -21.168  -0.975  15.000
21.300  16.967  -30.507  -10.314  15.000
21.310  17.015  20.878  41.071  15.000
21.320  17.040  38.959  59.152  15.000
21.330  16.925  11.054  31.247  15.000
21.340  17.181  -30.841  -10.648  15.000
21.350  17.033  -34.826  -14.633  15.000
21.360  17.037  -27.607  -7.414  15.000
21.370  16.868  -24.630  -4.437  15.000
21.380  16.852  6.704  26.897  15.000
21.390  16.954  -32.027  -11.834  15.000
21.400  16.820  21.770  41.963  15.000
21.410  16.998  -19.788  0.405  15.000
21.420  16.779  -44.274  -24.081  15.000
21.430  16.948  -45.787  -25.594  15.000
21.440  16.800  -2.456  17.737  15.000
21.450  16.817  -32.464  -12.271  15.000
21.460  16.755  -40.873  -20.680  15.000
21.470  16.870  -18.387  1.806  15.000
21.480  16.809  -0.752  19.441  15.000
21.490  16.689  -7.360  12.833  15.000
21.500  16.834  -70.029  -49.836  15.000
21.510  16.689  -7.254  12.939  15.000
21.520  16.728  -23.598  -3.405  15.000
21.530  16.639  -26.045  -5.852  15.000
21.540  16.653  -2.262  17.931  15.000
21.550  16.654  -31.932  -11.739  15.000
21.560  16.594  -42.172  -21.979  15.000
21.570  16.604  -30.173  -9.980  15.000
21.580  16.604  -34.724  -14.531  15.000
21.590  16.549  -67.359  -47.166  15.000
21.600  16.542  -38.537  -18.344  15.000
21.610  16.528  -29.551  -9.358  15.000
21.620  16.606  -26.152  -5.959  15.000
21.630  16.468  -11.250  8.943  15.000
21.640  16.424  -83.065  -62.872  15.000
21.650  16.433  -14.166  6.027  15.000
21.660  16.377  -55.273  -35.080  15.000
21.670  16.414  9.182  29.375  15.000
21.680  16.321  -9.792  10.401  15.000
21.690  16.437  -24.593  -4.400  15.000
21.700  16.397  -23.719  -3.526  15.000
21.710  16.544  -31.630  -11.437  15.000
21.720  16.275  -13.967  6.226  15.000
21.730  16.351  -32.934  -12.741  15.000
21.740  16.265  4.923  25.116  15.000
21.750  16.293  -5.553  14.640  15.000
21.760  16.289  -35.712  -15.519  15.000
21.770  16.354  -61.288  -41.095  15.000
21.780  16.259  -10.296  9.897  15.000
21.790  16.267  -15.519  4.674  15.000
21.800  16.163  -56.160  -35.967  15.000
21.810  16.235  -74.337  -54.144  15.000
21.820  16.151  7.796  27.989  5.000
21.830  16.006  6.896  27.089  5.000
21.840  11.802  -231.828  -211.636  5.000
21.850  8.938  -492.664  -472.471  5.000
21.860  6.893  -723.315  -703.122  5.000
21.870  6.349  -602.190  -581.997  5.000
21.880  6.337  -545.088  -524.895  5.000
21.890  6.408  -517.623  -497.430  5.000
21.900  6.293  -524.770  -504.577  5.000
21.910  5.919  -503.335  -483.142  5.000
21.920  5.689  -482.187  -461.994  5.000
21.930  5.417  -457.326  -437.133  5.000
21.940  5.108  -434.056  -413.863  5.000
21.950  4.854  -394.414  -374.221  5.000
21.960  4.870  -376.766  -356.573  5.000
21.970  5.110  -324.247  -304.054  5.000
21.980  4.802  -381.777  -361.584  5.000
21.990  4.264  -337.348  -317.155  5.000
22.000  4.469  -259.143  -238.950  5.000
22.010  4.733  -235.398  -215.205  5.000
22.020  4.662  -251.508  -231.315  5.000
22.030  4.326  -242.206  -222.013  5.000
22.040  4.097  -204.141  -183.948  5.000
22.050  4.121  -204.468  -184.275  5.000
22.060  4.085  -209.404  -189.211  5.000
22.070  4.021  -213.279  -193.087  5.000
22.080  4.028  -228.458  -208.265  5.000
22.090  3.831  -221.622  -201.430  5.000
22.100  3.769  -197.133  -176.940  5.000
22.110  3.845  -150.669  -130.476  5.000
22.120  3.878  -144.770  -124.577  5.000
22.130  3.825  -144.305  -124.112  5.000
22.140  3.832  -144.293  -124.100  5.000
22.150  3.727  -182.551  -162.358  5.000
22.160  3.810  -137.234  -117.041  5.000
22.170  3.977  -140.020  -119.827  5.000
22.180  3.785  -143.613  -123.420  5.000
22.190  3.533  -100.045  -79.852  5.000
22.200  3.737  -59.720  -39.527  5.000
22.210  3.889  -95.458  -75.265  5.000
22.220  3.666  -106.252  -86.059  5.000
22.230  3.504  -66.789  -46.596  5.000
22.240  3.780  -63.336  -43.143  5.000
22.250  3.775  -73.412  -53.219  5.000
22.260  3.681  -52.981  -32.788  5.000
22.270  3.658  -50.411  -30.218  5.000
22.280  3.730  -63.050  -42.857  5.000
22.290  3.821  -30.004  -9.811  5.000
22.300  3.723  -39.838  -19.645  5.000
22.310  3.847  -54.956  -34.763  5.000
22.320  3.468  -88.087  -67.894  5.000
22.330  3.503  -25.910  -5.717  5.000
22.340  3.598  -25.924  -5.731  5.000
22.350  3.824  -30.667  -10.474  5.000
22.360  3.614  -30.311  -10.118  5.000
22.370  3.700  -8.972  11.221  5.000
22.380  3.579  7.826  28.019  5.000
22.390  4.008  21.577  41.770  5.000
22.400  3.711  -47.776  -27.583  5.000
22.410  3.681  -21.524  -1.331  5.000
22.420  3.857  -1.795  18.398  5.000
22.430  3.745  -16.203  3.990  5.000
22.440  3.679  -12.413  7.780  5.000
22.450  3.888  -18.880  1.313  5.000
22.460  3.710  -34.906  -14.713  5.000
22.470  3.671  32.942  53.135  5.000
22.480  3.833  3.355  23.548  5.000
22.490  3.810  19.412  39.605  5.000
22.500  3.596  -3.226  16.967  5.000
22.510  3.793  -35.543  -15.350  5.000
22.520  3.582  -20.823  -0.630  5.000
22.530  3.905  14.049  34.242  5.000
22.540  3.683  -0.137  20.056  5.000
22.550  3.877  -7.389  12.804  5.000
22.560  3.718  17.304  37.497  5.000
22.570  3.972  -6.466  13.727  5.000
22.580  3.736  -22.505  -2.312  5.000
22.590  3.916  -20.513  -0.320  5.000
22.600  3.843  6.479  26.672  5.000
22.610  3.809  -33.737  -13.544  5.000
22.620  3.867  -5.280  14.913  5.000
22.630  3.868  -13.290  6.903  5.000
22.640  3.882  -1.836  18.357  5.000
22.650  4.043  -10.982  9.211  5.000
22.660  3.825  7.006  27.199  5.000
22.670  3.761  32.687  52.880  5.000
22.680  3.639  6.641  26.834  5.000
22.690  3.979  -11.243  8.950  5.000
22.700  4.172  -18.564  1.629  5.000
22.710  3.827  2.553  22.746  5.000
22.720  3.886  -17.946  2.247  5.000
22.730  4.040  -12.888  7.305  5.000
22.740  3.873  8.322  28.515  5.000
22.750  3.817  8.882  29.075  5.000
22.760  4.049  -13.470  6.723  5.000
22.770  4.005  -26.631  -6.438  5.000
22.780  4.037  -23.108  -2.915  5.000
22.790  3.893  -20.811  -0.618  5.000
22.800  4.124  -0.183  20.010  5.000
22.810  4.041  -29.203  -9.010  5.000
22.820  4.082  -33.281  -13.088  5.000
22.830  4.012  -29.250  -9.057  5.000
22.840  4.013  -10.520  9.673  5.000
22.850  3.744  0.488  20.681  5.000
22.860  3.985  -20.938  -0.745  5.000
22.870  3.950  -5.010  15.183  5.000
22.880  3.943  3.409  23.602  5.000
22.890  4.074  -17.317  2.876  5.000
22.900  3.911  6.859  27.052  5.000
22.910  4.076  -27.982  -7.789  5.000
22.920  3.839  -3.382  16.811  5.000
22.930  4.204  -34.204  -14.011  5.000
22.940  3.916  -1.050  19.143  5.000
22.950  3.943  -6.812  13.381  5.000
22.960  3.963  -14.090  6.103  5.000
22.970  4.078  6.527  26.720  5.000
22.980  3.793  26.514  46.707  5.000
22.990  3.940  11.203  31.396  5.000
23.000  3.951  29.520  49.713  5.000
23.010  3.999  29.456  49.649  5.000
23.020  4.094  -5.848  14.345  5.000
23.030  4.021  -4.791  15.402  5.000
23.040  3.958  8.867  29.060  5.000
23.050  4.024  7.805  27.998  5.000
23.060  3.898  31.710  51.903  5.000
23.070  3.995  57.178  77.371  5.000
23.080  4.030  24.752  44.945  5.000
23.090  3.938  -9.311  10.882  5.000
23.100  3.835  26.877  47.070  5.000
23.110  4.236  37.977  58.170  5.000
23.120  4.218  14.289  34.482  5.000
23.130  4.171  -5.074  15.119  5.000
23.140  4.039  -1.805  18.388  5.000
23.150  3.861  55.549  75.742  5.000
23.160  4.164  42.617  62.810  5.000
23.170  4.328  23.243  43.436  5.000
23.180  4.185  -3.715  16.478  5.000
23.190  4.218  2.484  22.677  5.000
23.200  3.956  22.190  42.383  5.000
23.210  4.220  46.438  66.631  5.000
23.220  4.151  8.165  28.358  5.000
23.230  4.225  25.972  46.165  5.000
23.240  4.681  -13.841  6.352  5.000
23.250  4.203  -16.109  4.084  5.000
23.260  4.481  -36.290  -16.097  5.000
23.270  4.557  -53.607  -33.414  5.000
23.280  4.156  -35.858  -15.665  5.000
23.290  4.449  -26.946  -6.753  5.000
23.300  4.246  -22.935  -2.742  5.000
23.310  4.276  -9.106  11.087  5.000
23.320  4.297  -5.022  15.171  5.000
23.330  4.371  -12.184  8.009  5.000
23.340  4.388  -11.695  8.498  5.000
23.350  4.380  -11.773  8.420  5.000
23.360  4.197  3.637  23.830  5.000
23.370  4.313  25.687  45.880  5.000
23.380  4.376  19.358  39.551  5.000
23.390  4.339  -5.482  14.711  5.000
23.400  4.443  -7.386  12.807  5.000
23.410  4.550  -10.893  9.300  5.000
23.420  4.380  -16.268  3.925  5.000
23.430  4.587  -36.309  -16.116  5.000
23.440  4.661  -34.457  -14.264  5.000
23.450  4.390  -47.420  -27.227  5.000
23.460  4.374  -43.206  -23.013  5.000
23.470  4.209  -20.966  -0.773  5.000
23.480  4.472  -2.982  17.211  5.000
23.490  4.205  -3.802  16.391  5.000
23.500  4.371  18.242  38.435  5.000
23.510  4.356  25.024  45.217  5.000
23.520  4.420  17.709  37.902  5.000
23.530  4.525  5.678  25.871  5.000
23.540  4.628  -4.100  16.093  5.000
23.550  4.371  -3.670  16.523  5.000
23.560  4.424  5.268  25.461  5.000
23.570  4.219  2.693  22.886  5.000
23.580  4.698  25.568  45.761  5.000
23.590  4.537  2.756  22.949  5.000
23.600  4.420  -36.851  -16.658  5.000
23.610  4.433  -6.167  14.026  5.000
23.620  4.818  -12.735  7.458  5.000
23.630  4.632  -20.450  -0.258  5.000
23.640  4.593  -35.611  -15.418  5.000
23.650  4.206  -13.961  6.232  5.000
23.660  4.352  15.918  36.111  5.000
23.670  4.424  67.180  87.373  5.000
23.680  4.487  46.044  66.237  5.000
23.690  4.918  -19.746  0.447  5.000
23.700  4.491  -30.889  -10.696  5.000
23.710  4.343  -34.234  -14.041  5.000
23.720  4.392  23.685  43.878  5.000
23.730  4.729  51.642  71.835  5.000
23.740  4.424  20.961  41.154  5.000
23.750  4.634  44.692  64.885  5.000
23.760  4.459  13.923  34.116  5.000
23.770  4.722  5.426  25.619  5.000
23.780  4.484  -6.340  13.853  5.000
23.790  4.697  15.382  35.575  5.000
23.800  4.617  -24.191  -3.998  5.000
23.810  4.674  -7.393  12.800  5.000
23.820  4.566  -22.720  -2.527  5.000
23.830  4.781  -2.611  11.748  6.000
23.840  4.639  69.439  83.797  7.000
23.850  4.769  168.133  182.491  8.000
23.860  6.932  250.443  264.801  9.000
23.870  8.594  360.979  375.337  10.000
23.880  10.167  473.869  488.227  11.000
23.890  12.856  554.697  569.055  12.000
23.900  12.552  668.686  683.044  13.000
23.910  8.979  639.408  653.767  14.000
23.920  11.824  445.406  459.764  15.000
23.930  15.161  594.877  609.236  15.000
23.940  18.429  647.742  662.100  15.000
23.950  16.858  751.579  765.937  15.000
23.960  13.999  611.622  625.980  15.000
23.970  11.415  558.034  572.392  15.000
23.980  14.786  407.094  421.452  15.000
23.990  18.046  442.239  456.597  15.000
24.000  16.365  451.894  466.252  15.000
24.010  13.728  295.511  309.869  15.000
24.020  13.344  198.643  213.001  15.000
24.030  17.109  309.246  323.604  15.000
24.040  19.746  383.140  397.498  15.000
24.050  17.225  351.330  365.688  15.000
24.060  14.234  277.051  291.410  15.000
24.070  15.292  71.198  85.556  15.000
24.080  17.882  315.506  329.865  15.000
24.090  17.507  357.596  371.954  15.000
24.100  13.728  311.821  326.179  15.000
24.110  15.103  144.982  159.341  15.000
24.120  17.336  331.693  346.051  15.000
24.130  18.045  275.602  289.961  15.000
24.140  15.229  406.115  420.473  15.000
24.150  15.034  158.686  173.044  15.000
24.160  19.169  14.087  28.445  15.000
24.170  19.380  265.366  279.724  15.000
24.180  15.624  -41.208  -26.850  15.000
24.190  15.840  0.911  15.270  15.000
24.200  18.113  171.345  185.703  15.000
24.210  17.274  104.071  118.429  15.000
24.220  15.675  229.774  244.132  15.000
24.230  17.609  67.445  81.803  15.000
24.240  18.380  3.802  18.161  15.000
24.250  16.354  69.018  83.376  15.000
24.260  18.019  -28.152  -13.793  15.000
24.270  18.236  -34.551  -20.193  15.000
24.280  16.851  -54.305  -39.947  15.000
24.290  17.231  -28.096  -13.738  15.000
24.300  17.239  -14.510  -0.152  15.000
24.310  17.213  -32.226  -17.868  15.000
24.320  17.220  -6.392  7.966  15.000
24.330  17.210  5.871  20.230  15.000
24.340  17.226  5.122  19.480  15.000
24.350  17.120  -57.665  -43.307  15.000
24.360  17.094  -53.917  -39.558  15.000
24.370  17.066  -45.868  -31.509  15.000
24.380  16.921  30.971  45.329  15.000
24.390  17.073  -22.271  -7.913  15.000
24.400  17.067  -85.725  -71.367  15.000
24.410  17.166  -23.371  -9.013  15.000
24.420  17.022  -21.520  -7.162  15.000
24.430  16.882  -28.628  -14.270  15.000
24.440  16.781  18.281  32.639  15.000
24.450  16.890  -45.390  -31.032  15.000
24.460  16.886  -69.380  -55.022  15.000
24.470  16.978  -9.731  4.627  15.000
24.480  16.883  -51.963  -37.604  15.000
24.490  16.819  25.701  40.060  15.000
24.500  16.694  10.265  24.623  15.000
24.510  16.717  -13.088  1.270  15.000
24.520  16.757  22.163  36.521  15.000
24.530  16.742  16.778  31.137  15.000
24.540  16.794  -1.159  13.199  15.000
24.550  16.751  -38.745  -24.386  15.000
24.560  16.738  -41.986  -27.628  15.000
24.570  16.692  -45.087  -30.729  15.000
24.580  16.741  -25.796  -11.438  15.000
24.590  16.626  -25.151  -10.793  15.000
24.600  16.545  -12.692  1.666  15.000
24.610  16.551  -13.434  0.925  15.000
24.620  16.563  58.373  72.732  15.000
24.630  16.595  4.522  18.880  15.000
24.640  16.572  -67.240  -52.882  15.000
24.650  16.570  -8.078  6.280  15.000
24.660  16.586  -5.108  9.251  15.000
24.670  16.467  -29.087  -14.728  15.000
24.680  16.572  -13.622  0.736  15.000
24.690  16.488  11.627  25.985  15.000
24.700  16.518  -8.965  5.393  15.000
24.710  16.442  0.729  15.088  15.000
24.720  16.312  43.095  57.454  15.000
24.730  16.358  -5.538  8.820  15.000
24.740  16.303  -10.225  4.133  15.000
24.750  16.360  -31.141  -16.782  15.000
24.760  16.378  -64.779  -50.421  15.000
24.770  16.346  -48.184  -33.825  15.000
24.780  16.242  -13.032  1.326  15.000
24.790  16.251  -38.430  -24.072  15.000
