# Captured 2020-06-18 16:25:11.789034 by jlebar
# Built at revision a4c6d043 (dirty)
#
# Ventilator was run attached to QuickLung at covent preset #1 (but with lung
# compliance = 10 ml/cmH2O, that's just how it was set).
#
# I then disconnected the hose for a few cycles, and then reconnected it.
time(sec)  pressure  net_flow  flow_uncorrected  pc_setpoint
0.000  4.529  2.025  25.339  5.000
0.010  4.531  -0.874  22.440  5.000
0.020  4.593  -17.970  5.345  5.000
0.030  4.524  -25.320  -2.006  5.000
0.040  4.358  -4.963  18.351  5.000
0.050  4.510  26.682  49.996  5.000
0.060  4.454  5.798  29.112  5.000
0.070  4.588  19.102  42.416  5.000
0.080  4.338  -0.413  22.901  5.000
0.090  4.423  25.339  48.653  5.000
0.100  4.411  19.118  42.432  5.000
0.110  4.602  27.434  50.748  5.000
0.120  4.522  -10.318  12.997  5.000
0.130  4.281  9.497  32.811  5.000
0.140  4.527  38.207  61.521  5.000
0.150  4.828  -7.302  16.012  5.000
0.160  4.479  -45.435  -22.121  5.000
0.170  4.574  -14.985  8.330  5.000
0.180  4.439  3.675  26.989  5.000
0.190  4.569  24.251  47.565  5.000
0.200  4.677  -9.001  14.313  5.000
0.210  4.775  -35.653  -12.339  5.000
0.220  4.366  -14.937  8.377  5.000
0.230  4.463  16.071  39.385  5.000
0.240  4.473  70.454  93.768  5.000
0.250  4.581  35.640  58.954  5.000
0.260  4.756  1.853  25.167  5.000
0.270  4.567  -19.686  3.628  5.000
0.280  4.480  1.129  24.443  5.000
0.290  4.626  25.010  48.324  5.000
0.300  4.665  1.449  24.763  5.000
0.310  4.791  -6.644  7.330  6.000
0.320  4.580  85.317  99.291  7.000
0.330  4.988  127.220  141.194  8.000
0.340  6.988  222.804  236.779  9.000
0.350  8.817  381.280  395.254  10.000
0.360  10.317  440.448  454.422  11.000
0.370  12.066  526.714  540.688  12.000
0.380  12.231  435.131  449.105  13.000
0.390  9.867  439.673  453.647  14.000
0.400  12.984  469.931  483.905  15.000
0.410  16.390  515.587  529.561  15.000
0.420  17.121  691.475  705.449  15.000
0.430  15.021  676.851  690.825  15.000
0.440  11.751  562.461  576.435  15.000
0.450  13.295  349.538  363.512  15.000
0.460  17.521  488.120  502.094  15.000
0.470  19.284  822.348  836.323  15.000
0.480  16.403  412.133  426.107  15.000
0.490  13.391  242.765  256.739  15.000
0.500  13.153  206.416  220.390  15.000
0.510  17.308  280.771  294.745  15.000
0.520  19.975  390.411  404.386  15.000
0.530  17.575  318.740  332.714  15.000
0.540  14.536  13.022  26.996  15.000
0.550  14.663  58.376  72.350  15.000
0.560  17.150  247.342  261.316  15.000
0.570  18.167  213.224  227.198  15.000
0.580  15.649  54.092  68.066  15.000
0.590  14.734  66.410  80.384  15.000
0.600  18.070  51.700  65.674  15.000
0.610  19.338  332.359  346.333  15.000
0.620  15.538  432.838  446.812  15.000
0.630  15.033  -37.016  -23.042  15.000
0.640  18.646  65.745  79.719  15.000
0.650  19.619  254.204  268.178  15.000
0.660  15.299  277.189  291.163  15.000
0.670  15.881  -134.720  -120.746  15.000
0.680  17.251  135.951  149.925  15.000
0.690  16.809  414.257  428.231  15.000
0.700  16.363  377.126  391.100  15.000
0.710  17.497  108.501  122.475  15.000
0.720  17.711  46.772  60.746  15.000
0.730  16.313  51.801  65.775  15.000
0.740  17.353  -4.466  9.508  15.000
0.750  18.856  11.061  25.035  15.000
0.760  16.562  204.541  218.515  15.000
0.770  17.065  46.216  60.191  15.000
0.780  17.173  -28.651  -14.677  15.000
0.790  17.362  -92.325  -78.351  15.000
0.800  17.432  -33.872  -19.898  15.000
0.810  17.143  -14.078  -0.104  15.000
0.820  17.170  -54.085  -40.111  15.000
0.830  17.087  -13.321  0.653  15.000
0.840  17.227  -9.706  4.268  15.000
0.850  17.093  -36.261  -22.287  15.000
0.860  17.089  -74.456  -60.482  15.000
0.870  17.069  -28.689  -14.715  15.000
0.880  16.980  6.500  20.474  15.000
0.890  16.860  -34.484  -20.510  15.000
0.900  16.936  24.352  38.326  15.000
0.910  16.911  33.542  47.516  15.000
0.920  16.928  5.395  19.369  15.000
0.930  16.818  -34.473  -20.499  15.000
0.940  16.834  -48.022  -34.048  15.000
0.950  16.720  -27.161  -13.187  15.000
0.960  16.873  -43.344  -29.370  15.000
0.970  16.810  -61.919  -47.945  15.000
0.980  16.845  -56.903  -42.929  15.000
0.990  16.765  -48.245  -34.271  15.000
1.000  16.723  -44.181  -30.207  15.000
1.010  16.679  -38.424  -24.449  15.000
1.020  16.646  19.985  33.959  15.000
1.030  16.777  -1.337  12.637  15.000
1.040  16.679  3.008  16.982  15.000
1.050  16.647  21.465  35.439  15.000
1.060  16.526  26.671  40.646  15.000
1.070  16.529  -38.529  -24.555  15.000
1.080  16.566  -37.073  -23.099  15.000
1.090  16.659  29.362  43.336  15.000
1.100  16.517  39.217  53.191  15.000
1.110  16.501  7.948  21.922  15.000
1.120  16.388  9.591  23.565  15.000
1.130  16.492  -16.410  -2.436  15.000
1.140  16.383  -61.095  -47.121  15.000
1.150  16.513  -48.974  -35.000  15.000
1.160  16.458  -47.560  -33.586  15.000
1.170  16.418  -45.750  -31.776  15.000
1.180  16.423  -11.856  2.118  15.000
1.190  16.314  -29.680  -15.706  15.000
1.200  16.427  -30.306  -16.332  15.000
1.210  16.297  41.934  55.908  15.000
1.220  16.339  -60.843  -46.869  15.000
1.230  16.276  -55.403  -41.429  15.000
1.240  16.230  -44.505  -30.531  15.000
1.250  16.354  -50.405  -36.431  15.000
1.260  16.316  -30.168  -16.194  15.000
1.270  16.261  -14.924  -0.950  15.000
1.280  16.222  -35.416  -21.442  15.000
1.290  16.207  5.222  19.196  15.000
1.300  16.216  -20.740  -6.766  15.000
1.310  16.226  -12.381  1.593  5.000
1.320  15.982  -69.799  -55.825  5.000
1.330  11.809  -210.054  -196.080  5.000
1.340  8.934  -487.159  -473.185  5.000
1.350  6.913  -729.715  -715.740  5.000
1.360  6.180  -594.620  -580.646  5.000
1.370  6.251  -531.001  -517.027  5.000
1.380  6.513  -512.408  -498.434  5.000
1.390  6.185  -480.572  -466.598  5.000
1.400  5.691  -476.791  -462.816  5.000
1.410  5.602  -428.623  -414.649  5.000
1.420  5.286  -420.235  -406.261  5.000
1.430  5.094  -472.696  -458.722  5.000
1.440  5.039  -413.884  -399.910  5.000
1.450  4.860  -393.242  -379.268  5.000
1.460  4.821  -365.645  -351.671  5.000
1.470  4.904  -323.660  -309.685  5.000
1.480  4.649  -326.856  -312.882  5.000
1.490  4.561  -307.248  -293.274  5.000
1.500  4.517  -294.364  -280.390  5.000
1.510  4.582  -246.259  -232.284  5.000
1.520  4.508  -256.254  -242.280  5.000
1.530  4.206  -229.860  -215.886  5.000
1.540  4.233  -223.922  -209.947  5.000
1.550  4.071  -235.284  -221.310  5.000
1.560  3.912  -199.910  -185.936  5.000
1.570  3.903  -185.823  -171.849  5.000
1.580  3.919  -201.649  -187.675  5.000
1.590  3.745  -186.525  -172.551  5.000
1.600  3.730  -158.592  -144.618  5.000
1.610  3.963  -166.343  -152.369  5.000
1.620  3.864  -164.676  -150.701  5.000
1.630  3.795  -160.948  -146.974  5.000
1.640  3.703  -151.948  -137.974  5.000
1.650  3.773  -111.334  -97.359  5.000
1.660  3.849  -121.493  -107.519  5.000
1.670  3.684  -114.441  -100.467  5.000
1.680  3.625  -124.966  -110.992  5.000
1.690  3.885  -127.319  -113.345  5.000
1.700  3.893  -149.465  -135.491  5.000
1.710  3.614  -149.368  -135.394  5.000
1.720  3.671  -110.534  -96.560  5.000
1.730  3.488  -48.161  -34.187  5.000
1.740  3.732  -41.901  -27.927  5.000
1.750  3.815  -52.548  -38.574  5.000
1.760  3.593  -55.179  -41.205  5.000
1.770  3.714  -33.758  -19.784  5.000
1.780  3.656  -21.628  -7.654  5.000
1.790  3.732  4.065  18.039  5.000
1.800  3.665  -32.087  -18.112  5.000
1.810  3.776  -51.368  -37.394  5.000
1.820  3.600  -72.339  -58.365  5.000
1.830  3.619  -23.063  -9.089  5.000
1.840  3.866  -32.102  -18.128  5.000
1.850  3.726  -54.880  -40.906  5.000
1.860  3.649  -39.284  -25.310  5.000
1.870  3.663  -36.611  -22.636  5.000
1.880  3.589  -27.466  -13.492  5.000
1.890  3.470  14.897  28.871  5.000
1.900  3.629  29.879  43.853  5.000
1.910  3.369  33.150  47.124  5.000
1.920  3.537  17.989  31.963  5.000
1.930  3.696  10.136  24.111  5.000
1.940  3.584  27.896  41.870  5.000
1.950  3.662  36.846  50.820  5.000
1.960  3.660  52.172  66.146  5.000
1.970  3.465  44.450  58.424  5.000
1.980  4.029  18.553  32.527  5.000
1.990  3.710  48.762  62.737  5.000
2.000  3.806  31.101  45.075  5.000
2.010  3.697  34.939  48.913  5.000
2.020  3.866  28.709  42.683  5.000
2.030  3.561  8.886  22.860  5.000
2.040  3.706  7.066  21.040  5.000
2.050  3.760  -6.171  7.803  5.000
2.060  3.827  7.150  21.124  5.000
2.070  3.888  19.420  33.394  5.000
2.080  3.827  2.976  16.951  5.000
2.090  3.789  -26.075  -12.100  5.000
2.100  3.979  5.871  19.845  5.000
2.110  3.739  -3.613  10.361  5.000
2.120  3.770  4.279  18.253  5.000
2.130  3.767  8.467  22.441  5.000
2.140  3.900  -7.219  6.755  5.000
2.150  3.886  7.387  21.361  5.000
2.160  3.970  7.007  20.981  5.000
2.170  3.934  8.960  22.934  5.000
2.180  3.836  17.982  31.956  5.000
2.190  3.953  3.414  17.388  5.000
2.200  4.141  -8.733  5.242  5.000
2.210  4.008  -22.407  -8.433  5.000
2.220  3.914  -16.614  -2.640  5.000
2.230  3.836  -35.055  -21.081  5.000
2.240  3.803  13.748  27.722  5.000
2.250  3.833  20.325  34.299  5.000
2.260  3.680  33.366  47.340  5.000
2.270  4.166  3.736  17.710  5.000
2.280  3.938  2.992  16.966  5.000
2.290  3.710  1.554  15.528  5.000
2.300  3.967  -26.621  -12.647  5.000
2.310  3.875  1.916  15.890  5.000
2.320  3.957  15.229  29.203  5.000
2.330  3.919  4.234  18.208  5.000
2.340  4.179  -19.751  -5.777  5.000
2.350  3.899  6.789  20.763  5.000
2.360  4.243  -12.639  1.336  5.000
2.370  4.236  -27.423  -13.449  5.000
2.380  3.913  -20.317  -6.343  5.000
2.390  3.991  -16.183  -2.209  5.000
2.400  3.906  -10.313  3.661  5.000
2.410  3.968  35.801  49.775  5.000
2.420  4.150  20.558  34.533  5.000
2.430  3.892  26.549  40.523  5.000
2.440  4.010  7.111  21.085  5.000
2.450  4.102  -13.496  0.478  5.000
2.460  4.293  -36.162  -22.188  5.000
2.470  4.148  -47.919  -33.944  5.000
2.480  4.042  -24.707  -10.733  5.000
2.490  3.745  -3.901  10.073  5.000
2.500  3.887  40.770  54.744  5.000
2.510  3.871  67.293  81.267  5.000
2.520  3.984  27.558  41.532  5.000
2.530  3.939  22.267  36.241  5.000
2.540  3.758  89.692  103.666  5.000
2.550  4.084  50.838  64.812  5.000
2.560  4.170  34.408  48.382  5.000
2.570  4.097  -1.780  12.194  5.000
2.580  3.952  15.001  28.975  5.000
2.590  3.920  35.284  49.258  5.000
2.600  4.114  67.979  81.953  5.000
2.610  3.902  44.710  58.684  5.000
2.620  3.701  77.627  91.601  5.000
2.630  4.225  92.615  106.589  5.000
2.640  4.151  69.854  83.828  5.000
2.650  4.082  27.317  41.291  5.000
2.660  3.672  39.202  53.176  5.000
2.670  3.583  136.263  150.237  5.000
2.680  3.787  182.770  196.744  5.000
2.690  3.817  149.094  163.069  5.000
2.700  4.346  93.786  107.760  5.000
2.710  4.548  37.304  51.278  5.000
2.720  4.346  -0.080  13.894  5.000
2.730  4.087  0.396  14.370  5.000
2.740  4.547  5.568  19.543  5.000
2.750  4.496  -11.549  2.425  5.000
2.760  4.285  -0.248  13.726  5.000
2.770  3.613  39.773  53.747  5.000
2.780  3.518  128.907  142.881  5.000
2.790  4.280  193.716  207.690  5.000
2.800  4.396  133.632  147.606  5.000
2.810  3.702  30.391  44.365  5.000
2.820  3.981  69.455  83.429  5.000
2.830  4.803  85.082  99.056  5.000
2.840  4.792  51.711  65.685  5.000
2.850  4.663  -35.842  -21.868  5.000
2.860  4.299  -42.004  -28.030  5.000
2.870  4.347  9.260  23.234  5.000
2.880  4.412  25.478  39.452  5.000
2.890  4.695  -26.093  -12.119  5.000
2.900  4.732  -66.207  -52.233  5.000
2.910  4.531  -68.414  -54.440  5.000
2.920  4.154  3.192  17.166  5.000
2.930  3.958  74.416  88.390  5.000
2.940  4.199  129.322  143.296  5.000
2.950  4.598  97.675  111.649  5.000
2.960  5.030  -27.812  -13.838  5.000
2.970  4.453  -13.661  0.313  5.000
2.980  4.268  -7.076  6.898  5.000
2.990  4.353  47.778  61.752  5.000
3.000  4.006  57.957  71.931  5.000
3.010  4.073  124.808  138.782  5.000
3.020  4.355  133.350  147.324  5.000
3.030  4.695  77.017  90.991  5.000
3.040  4.529  33.757  47.731  5.000
3.050  4.372  13.348  27.322  5.000
3.060  4.732  1.548  15.522  5.000
3.070  4.556  -1.347  12.627  5.000
3.080  4.359  -6.067  7.907  5.000
3.090  4.273  49.934  63.908  5.000
3.100  4.440  95.889  109.863  5.000
3.110  4.518  46.469  60.443  5.000
3.120  4.741  24.529  38.503  5.000
3.130  4.826  -6.488  7.486  5.000
3.140  4.897  -32.575  -18.601  5.000
3.150  4.883  -53.103  -39.129  5.000
3.160  4.898  -51.401  -37.427  5.000
3.170  5.063  -57.112  -43.138  5.000
3.180  5.124  -77.452  -63.478  5.000
3.190  5.247  -93.894  -79.920  5.000
3.200  5.211  -82.178  -68.204  5.000
3.210  5.043  -67.024  -53.050  5.000
3.220  4.737  -67.905  -53.931  5.000
3.230  4.808  -73.484  -59.509  5.000
3.240  4.537  -45.986  -32.012  5.000
3.250  4.418  -2.665  11.309  5.000
3.260  4.817  18.222  32.196  5.000
3.270  4.334  -0.654  13.320  5.000
3.280  3.998  49.126  63.100  5.000
3.290  3.934  141.428  155.403  5.000
3.300  4.201  200.293  214.267  5.000
3.310  4.371  130.057  144.031  5.000
3.320  4.478  89.403  114.126  6.000
3.330  4.286  146.497  171.220  7.000
3.340  4.739  187.090  211.814  8.000
3.350  6.604  276.355  301.078  9.000
3.360  9.016  341.503  366.227  10.000
3.370  11.822  449.543  474.266  11.000
3.380  13.419  736.090  760.813  12.000
3.390  11.038  325.110  349.833  13.000
3.400  10.038  268.122  292.846  14.000
3.410  -1.488  1014.329  1039.052  15.000
3.420  2.437  1030.292  1055.016  15.000
3.430  2.556  1311.575  1336.298  15.000
3.440  5.228  1481.113  1505.837  15.000
3.450  5.340  1649.797  1674.520  15.000
3.460  5.685  1404.285  1429.008  15.000
3.470  4.709  1460.641  1485.365  15.000
3.480  4.707  1752.633  1777.356  15.000
3.490  4.121  1808.171  1832.894  15.000
3.500  5.090  1830.780  1855.504  15.000
3.510  5.430  1382.432  1407.155  15.000
3.520  4.739  1779.279  1804.002  15.000
3.530  4.461  1599.524  1624.247  15.000
3.540  4.885  1309.558  1334.281  15.000
3.550  5.576  1442.455  1467.178  15.000
3.560  4.519  1608.114  1632.837  15.000
3.570  5.068  1441.200  1465.923  15.000
3.580  4.636  1761.538  1786.261  15.000
3.590  5.971  1349.543  1374.266  15.000
3.600  4.741  1702.258  1726.982  15.000
3.610  5.192  1216.932  1241.656  15.000
3.620  4.419  1433.128  1457.852  15.000
3.630  4.823  1404.648  1429.372  15.000
3.640  5.471  1349.757  1374.481  15.000
3.650  5.341  1392.468  1417.191  15.000
3.660  5.033  1745.423  1770.146  15.000
3.670  4.726  1387.312  1412.035  15.000
3.680  4.341  1709.471  1734.195  15.000
3.690  4.619  1721.113  1745.836  15.000
3.700  4.639  1668.944  1693.667  15.000
3.710  5.074  1764.984  1789.707  15.000
3.720  4.188  1436.790  1461.514  15.000
3.730  4.903  1717.098  1741.821  15.000
3.740  4.216  1572.754  1597.477  15.000
3.750  4.635  1338.390  1363.113  15.000
3.760  4.028  1812.665  1837.389  15.000
3.770  4.631  1471.681  1496.404  15.000
3.780  5.554  1261.350  1286.074  15.000
3.790  4.730  1351.180  1375.903  15.000
3.800  3.983  1656.857  1681.581  15.000
3.810  4.796  1368.350  1393.073  15.000
3.820  3.341  1772.645  1797.368  15.000
3.830  4.221  1742.646  1767.370  15.000
3.840  4.673  1636.185  1660.908  15.000
3.850  3.979  1798.153  1822.876  15.000
3.860  5.259  1301.431  1326.154  15.000
3.870  4.850  1773.838  1798.562  15.000
3.880  4.928  1253.061  1277.784  15.000
3.890  4.588  1427.018  1451.742  15.000
3.900  4.658  1610.811  1635.535  15.000
3.910  4.190  1655.554  1680.277  15.000
3.920  5.713  1277.578  1302.301  15.000
3.930  4.583  1273.072  1297.796  15.000
3.940  4.503  1449.855  1474.579  15.000
3.950  5.106  1242.665  1267.388  15.000
3.960  4.806  1222.125  1246.848  15.000
3.970  4.838  1609.782  1634.505  15.000
3.980  4.841  1634.192  1658.916  15.000
3.990  5.256  1225.351  1250.074  15.000
4.000  5.415  1243.477  1268.200  15.000
4.010  4.767  1608.533  1633.256  15.000
4.020  5.027  1545.129  1569.852  15.000
4.030  5.191  1649.379  1674.103  15.000
4.040  4.802  1657.497  1682.221  15.000
4.050  4.866  1301.509  1326.232  15.000
4.060  5.034  1765.057  1789.780  15.000
4.070  4.329  1422.919  1447.643  15.000
4.080  4.322  1699.812  1724.536  15.000
4.090  5.097  1314.274  1338.997  15.000
4.100  4.623  1294.752  1319.476  15.000
4.110  4.789  1607.381  1632.105  15.000
4.120  4.279  1812.015  1836.738  15.000
4.130  5.261  1328.612  1353.335  15.000
4.140  4.855  1653.925  1678.649  15.000
4.150  4.852  1295.422  1320.146  15.000
4.160  4.824  1383.629  1408.352  15.000
4.170  3.834  1575.844  1600.567  15.000
4.180  5.148  1676.673  1701.396  15.000
4.190  4.539  1361.142  1385.865  15.000
4.200  5.028  1615.453  1640.177  15.000
4.210  5.174  1326.242  1350.965  15.000
4.220  4.783  1326.809  1351.532  15.000
4.230  4.866  1446.966  1471.690  15.000
4.240  4.201  1630.715  1655.439  15.000
4.250  4.687  1308.143  1332.866  15.000
4.260  5.977  1502.209  1526.932  15.000
4.270  5.160  1205.325  1230.048  15.000
4.280  4.923  1385.869  1410.592  15.000
4.290  4.928  1461.242  1485.966  15.000
4.300  4.253  1774.839  1799.563  15.000
4.310  4.850  1687.412  1712.135  15.000
4.320  4.569  1815.197  1839.920  5.000
4.330  4.041  1762.292  1787.015  5.000
4.340  3.161  1218.643  1243.366  5.000
4.350  3.257  1118.220  1142.943  5.000
4.360  2.578  1198.738  1223.461  5.000
4.370  3.684  1135.230  1159.953  5.000
4.380  2.815  1134.696  1159.419  5.000
4.390  2.991  1107.322  1132.046  5.000
4.400  2.260  1116.008  1140.731  5.000
4.410  3.384  990.800  1015.523  5.000
4.420  2.421  1167.306  1192.030  5.000
4.430  3.015  1221.339  1246.062  5.000
4.440  3.485  1112.469  1137.192  5.000
4.450  2.749  1098.256  1122.979  5.000
4.460  2.538  1118.053  1142.777  5.000
4.470  2.390  1122.571  1147.294  5.000
4.480  2.735  1133.595  1158.318  5.000
4.490  2.519  1132.171  1156.894  5.000
4.500  3.211  1108.734  1133.458  5.000
4.510  2.515  1210.484  1235.207  5.000
4.520  3.924  1027.834  1052.557  5.000
4.530  2.808  1078.142  1102.865  5.000
4.540  1.740  1132.534  1157.257  5.000
4.550  2.793  1166.159  1190.883  5.000
4.560  2.686  1114.534  1139.258  5.000
4.570  3.123  1022.873  1047.597  5.000
4.580  2.198  1084.698  1109.422  5.000
4.590  2.736  1098.228  1122.951  5.000
4.600  2.926  1123.273  1147.997  5.000
4.610  2.263  1186.089  1210.812  5.000
4.620  2.803  1110.672  1135.395  5.000
4.630  2.528  1187.452  1212.175  5.000
4.640  1.648  1165.732  1190.456  5.000
4.650  3.426  960.296  985.019  5.000
4.660  3.743  961.686  986.410  5.000
4.670  2.410  1224.482  1249.205  5.000
4.680  2.448  1140.481  1165.204  5.000
4.690  2.811  1154.374  1179.097  5.000
4.700  2.689  1120.062  1144.786  5.000
4.710  2.910  1048.598  1073.321  5.000
4.720  2.531  1145.287  1170.010  5.000
4.730  2.743  1102.054  1126.778  5.000
4.740  1.801  1229.135  1253.858  5.000
4.750  3.014  1084.805  1109.529  5.000
4.760  2.356  1214.952  1239.675  5.000
4.770  2.792  1100.790  1125.513  5.000
4.780  3.117  1106.057  1130.780  5.000
4.790  3.212  1093.026  1117.749  5.000
4.800  2.405  1233.942  1258.665  5.000
4.810  2.706  1180.685  1205.408  5.000
4.820  2.992  1079.288  1104.012  5.000
4.830  2.709  1264.551  1289.274  5.000
4.840  1.976  1197.217  1221.940  5.000
4.850  3.097  1119.451  1144.174  5.000
4.860  2.495  1131.396  1156.119  5.000
4.870  2.856  1055.036  1079.760  5.000
4.880  3.038  1148.760  1173.484  5.000
4.890  3.464  1165.516  1190.239  5.000
4.900  2.763  1102.374  1127.098  5.000
4.910  3.010  1078.808  1103.531  5.000
4.920  1.715  1131.449  1156.173  5.000
4.930  2.385  1161.528  1186.252  5.000
4.940  2.937  1164.490  1189.213  5.000
4.950  3.151  934.183  958.907  5.000
4.960  2.301  1187.099  1211.823  5.000
4.970  1.908  1100.906  1125.629  5.000
4.980  1.884  1297.247  1321.970  5.000
4.990  3.756  1057.154  1081.878  5.000
5.000  3.045  1106.394  1131.118  5.000
5.010  2.558  1187.536  1212.260  5.000
5.020  2.889  1097.044  1121.767  5.000
5.030  2.260  1166.002  1190.726  5.000
5.040  2.058  1212.991  1237.714  5.000
5.050  3.010  1123.057  1147.781  5.000
5.060  2.300  1296.931  1321.654  5.000
5.070  2.826  1104.832  1129.556  5.000
5.080  1.787  1306.863  1331.586  5.000
5.090  2.280  1136.998  1161.721  5.000
5.100  1.958  1197.751  1222.474  5.000
5.110  3.663  1034.045  1058.769  5.000
5.120  2.144  1212.342  1237.065  5.000
5.130  1.878  1216.247  1240.971  5.000
5.140  3.117  1121.800  1146.523  5.000
5.150  2.641  1043.368  1068.091  5.000
5.160  3.096  1113.459  1138.182  5.000
5.170  2.028  1202.647  1227.371  5.000
5.180  2.825  1203.602  1228.326  5.000
5.190  2.357  1180.994  1205.717  5.000
5.200  3.095  1132.248  1156.971  5.000
5.210  2.847  1138.223  1162.946  5.000
5.220  3.397  1133.901  1158.625  5.000
5.230  2.210  1300.990  1325.713  5.000
5.240  1.995  1392.371  1417.094  5.000
5.250  3.184  1146.246  1170.969  5.000
5.260  2.711  1137.286  1162.009  5.000
5.270  2.510  1073.934  1098.658  5.000
5.280  3.082  1120.086  1144.810  5.000
5.290  3.002  1199.560  1224.284  5.000
5.300  3.136  1115.294  1140.018  5.000
5.310  1.842  1283.066  1307.789  5.000
5.320  3.034  1133.510  1158.234  5.000
5.330  3.273  1203.527  1228.250  5.000
5.340  2.618  1084.899  1109.622  5.000
5.350  3.467  1127.539  1152.262  5.000
5.360  1.659  1204.827  1229.550  5.000
5.370  3.533  1142.198  1166.922  5.000
5.380  3.240  1042.175  1066.898  5.000
5.390  2.835  1104.229  1128.953  5.000
5.400  2.583  1074.248  1098.971  5.000
5.410  2.124  1081.749  1106.472  5.000
5.420  3.533  1077.241  1101.965  5.000
5.430  2.633  1100.318  1125.042  5.000
5.440  2.506  1141.432  1166.156  5.000
5.450  2.609  1209.968  1234.691  5.000
5.460  2.410  1117.773  1142.496  5.000
5.470  2.941  1081.552  1106.276  5.000
5.480  2.735  1117.439  1142.162  5.000
5.490  3.167  1055.158  1079.881  5.000
5.500  2.311  1101.005  1125.728  5.000
5.510  2.948  1114.185  1138.909  5.000
5.520  3.155  1170.362  1195.085  5.000
5.530  2.524  1132.132  1156.855  5.000
5.540  3.675  1062.285  1087.008  5.000
5.550  3.464  1132.675  1157.399  5.000
5.560  3.418  1110.278  1135.002  5.000
5.570  2.892  1182.974  1207.697  5.000
5.580  2.016  1239.514  1264.238  5.000
5.590  2.889  1046.573  1071.296  5.000
5.600  3.571  931.290  956.013  5.000
5.610  1.995  1253.503  1278.226  5.000
5.620  2.917  1078.339  1103.062  5.000
5.630  2.016  1311.889  1336.612  5.000
5.640  2.928  1198.096  1222.820  5.000
5.650  3.207  1119.785  1144.508  5.000
5.660  3.428  1073.865  1098.588  5.000
5.670  3.260  1102.425  1127.149  5.000
5.680  2.316  1077.847  1102.570  5.000
5.690  2.776  1149.530  1174.253  5.000
5.700  3.323  1088.617  1113.341  5.000
5.710  2.093  1192.687  1217.410  5.000
5.720  2.285  1195.654  1220.378  5.000
5.730  3.039  1205.099  1229.823  5.000
5.740  2.883  1181.251  1205.975  5.000
5.750  2.832  1086.634  1111.358  5.000
5.760  3.284  1059.991  1084.714  5.000
5.770  2.757  1032.374  1057.098  5.000
5.780  1.807  1143.832  1168.556  5.000
5.790  2.306  1193.198  1217.921  5.000
5.800  3.240  1109.036  1133.759  5.000
5.810  2.509  992.497  1017.220  5.000
5.820  3.219  1035.871  1060.594  5.000
5.830  3.288  1044.260  1068.983  5.000
5.840  2.786  1103.804  1128.527  5.000
5.850  1.977  1148.659  1173.383  5.000
5.860  2.087  1146.980  1171.703  5.000
5.870  2.347  1134.495  1159.219  5.000
5.880  2.426  1290.392  1315.116  5.000
5.890  3.427  1077.416  1102.140  5.000
5.900  2.947  1161.543  1186.267  5.000
5.910  2.164  1217.547  1242.270  5.000
5.920  2.753  1145.021  1169.745  5.000
5.930  2.725  1184.502  1209.226  5.000
5.940  2.433  1148.854  1173.578  5.000
5.950  3.212  1155.091  1179.814  5.000
5.960  3.547  1140.855  1165.579  5.000
5.970  2.857  1075.864  1100.587  5.000
5.980  2.958  1033.008  1057.732  5.000
5.990  2.260  1173.694  1198.417  5.000
6.000  2.594  1148.516  1173.239  5.000
6.010  2.958  1189.317  1214.040  5.000
6.020  2.277  1109.720  1134.443  5.000
6.030  2.539  1284.867  1309.591  5.000
6.040  3.532  1012.209  1036.933  5.000
6.050  3.292  1074.413  1099.136  5.000
6.060  2.927  1122.700  1147.423  5.000
6.070  3.386  1098.718  1123.441  5.000
6.080  1.566  1348.128  1372.851  5.000
6.090  2.577  1139.534  1164.257  5.000
6.100  2.611  1152.629  1177.352  5.000
6.110  2.600  1018.437  1043.160  5.000
6.120  2.512  1214.705  1239.428  5.000
6.130  2.909  1051.600  1076.323  5.000
6.140  3.017  1168.221  1192.945  5.000
6.150  2.594  1146.628  1171.351  5.000
6.160  2.089  1364.802  1389.526  5.000
6.170  3.093  1069.258  1093.981  5.000
6.180  3.193  1117.872  1142.596  5.000
6.190  2.548  1160.591  1185.314  5.000
6.200  2.889  1072.809  1097.532  5.000
6.210  2.744  1148.174  1172.898  5.000
6.220  2.622  1191.137  1215.860  5.000
6.230  3.458  1073.970  1098.693  5.000
6.240  3.041  1056.659  1081.383  5.000
6.250  2.792  1148.328  1173.051  5.000
6.260  3.392  1067.196  1091.919  5.000
6.270  2.076  1324.159  1348.883  5.000
6.280  2.183  1303.161  1327.885  5.000
6.290  1.771  1216.088  1240.812  5.000
6.300  2.433  1101.773  1126.497  5.000
6.310  2.567  1190.579  1215.302  5.000
6.320  2.494  1364.569  1389.292  5.000
6.330  3.082  -1439.385  1042.682  6.000
6.340  3.110  -1313.562  1168.505  7.000
6.350  3.015  -1422.833  1059.234  8.000
6.360  3.243  -1291.061  1191.006  9.000
6.370  3.298  -1384.479  1097.588  10.000
6.380  5.134  -1254.148  1227.919  11.000
6.390  5.302  -776.300  1705.766  12.000
6.400  4.652  -1238.185  1243.881  13.000
6.410  4.824  -1071.102  1410.965  14.000
6.420  4.429  -752.220  1729.847  15.000
6.430  4.719  -1209.452  1272.615  15.000
6.440  4.690  -1156.533  1325.534  15.000
6.450  5.303  -856.771  1625.296  15.000
6.460  3.898  -599.403  1882.664  15.000
6.470  4.345  -672.586  1809.480  15.000
6.480  4.566  -897.063  1585.004  15.000
6.490  4.903  -938.869  1543.198  15.000
6.500  4.018  -1199.978  1282.089  15.000
6.510  5.626  -1214.168  1267.899  15.000
6.520  3.891  -719.783  1762.284  15.000
6.530  4.182  -718.306  1763.761  15.000
6.540  4.009  -855.659  1626.408  15.000
6.550  4.969  -1028.450  1453.616  15.000
6.560  4.408  -718.824  1763.242  15.000
6.570  4.126  -916.288  1565.779  15.000
6.580  4.653  -807.180  1674.887  15.000
6.590  4.321  -745.233  1736.834  15.000
6.600  4.575  -767.091  1714.975  15.000
6.610  4.528  -731.822  1750.245  15.000
6.620  5.199  -1237.509  1244.558  15.000
6.630  5.563  -1148.448  1333.619  15.000
6.640  4.834  -1130.240  1351.827  15.000
6.650  5.608  -1167.058  1315.009  15.000
6.660  4.460  -746.010  1736.057  15.000
6.670  5.175  -852.248  1629.819  15.000
6.680  4.671  -1047.512  1434.555  15.000
6.690  4.605  -880.119  1601.948  15.000
6.700  4.480  -1118.639  1363.428  15.000
6.710  4.014  -705.249  1776.818  15.000
6.720  4.569  -836.596  1645.471  15.000
6.730  3.653  -811.821  1670.246  15.000
6.740  4.923  -758.644  1723.423  15.000
6.750  4.439  -955.294  1526.772  15.000
6.760  4.672  -879.160  1602.907  15.000
6.770  4.314  -980.237  1501.830  15.000
6.780  4.914  -987.393  1494.674  15.000
6.790  5.153  -1158.009  1324.058  15.000
6.800  4.419  -962.768  1519.299  15.000
6.810  4.656  -789.288  1692.779  15.000
6.820  5.425  -1206.217  1275.850  15.000
6.830  5.024  -1106.792  1375.275  15.000
6.840  4.493  -920.329  1561.738  15.000
6.850  5.251  -1193.175  1288.892  15.000
6.860  5.346  -1289.159  1192.908  15.000
6.870  4.635  -1194.913  1287.154  15.000
6.880  4.298  -794.430  1687.637  15.000
6.890  4.644  -1075.062  1407.005  15.000
6.900  4.368  -823.307  1658.760  15.000
6.910  4.821  -767.522  1714.545  15.000
6.920  4.898  -1006.367  1475.699  15.000
6.930  4.926  -883.412  1598.655  15.000
6.940  4.390  -950.675  1531.392  15.000
6.950  4.160  -993.179  1488.888  15.000
6.960  4.211  -909.981  1572.086  15.000
6.970  4.408  -1012.605  1469.462  15.000
6.980  4.198  -1216.002  1266.065  15.000
6.990  4.057  -880.763  1601.304  15.000
7.000  5.129  -959.325  1522.742  15.000
7.010  4.674  -1137.504  1344.563  15.000
7.020  5.468  -1224.977  1257.090  15.000
7.030  4.609  -956.860  1525.207  15.000
7.040  3.882  -986.428  1495.639  15.000
7.050  4.400  -741.696  1740.371  15.000
7.060  3.758  -827.197  1654.870  15.000
7.070  5.380  -984.920  1497.147  15.000
7.080  4.536  -1310.834  1171.233  15.000
7.090  5.174  -1152.090  1329.977  15.000
7.100  3.911  -725.079  1756.988  15.000
7.110  4.400  -1172.956  1309.111  15.000
7.120  4.991  -655.959  1826.108  15.000
7.130  4.633  -1077.902  1404.165  15.000
7.140  4.546  -1050.317  1431.750  15.000
7.150  4.729  -1097.020  1385.047  15.000
7.160  4.467  -858.820  1623.246  15.000
7.170  4.220  -1109.268  1372.799  15.000
7.180  4.754  -1220.638  1261.429  15.000
7.190  4.932  -1163.945  1318.122  15.000
7.200  4.564  -1188.685  1293.382  15.000
7.210  5.073  -901.976  1580.091  15.000
7.220  3.777  -670.040  1812.027  15.000
7.230  3.611  -705.764  1776.303  15.000
7.240  4.533  -767.929  1714.138  15.000
7.250  3.892  -819.545  1662.522  15.000
7.260  4.693  -814.521  1667.546  15.000
7.270  4.033  -881.173  1600.893  15.000
7.280  4.886  -1115.466  1366.601  15.000
7.290  4.698  -1030.253  1451.814  15.000
7.300  4.596  -1093.784  1388.283  15.000
7.310  4.979  -1099.740  1382.327  15.000
7.320  3.975  -782.430  1699.637  15.000
7.330  4.843  -839.466  1642.601  5.000
7.340  4.018  -1025.351  1456.715  5.000
7.350  2.337  -1231.736  1250.331  5.000
7.360  2.305  -1244.832  1237.235  5.000
7.370  1.992  -1271.711  1210.356  5.000
7.380  3.980  -1513.567  968.500  5.000
7.390  3.504  -1432.838  1049.229  5.000
7.400  2.327  -1339.843  1142.224  5.000
7.410  2.834  -1293.834  1188.233  5.000
7.420  3.519  -1446.628  1035.439  5.000
7.430  3.081  -1273.400  1208.667  5.000
7.440  2.237  -1266.311  1215.756  5.000
7.450  2.212  -1293.827  1188.240  5.000
7.460  2.354  -1222.326  1259.741  5.000
7.470  2.409  -1234.808  1247.258  5.000
7.480  2.561  -1372.619  1109.448  5.000
7.490  3.078  -1322.282  1159.785  5.000
7.500  2.484  -1256.482  1225.585  5.000
7.510  2.468  -1235.653  1246.413  5.000
7.520  1.997  -1327.159  1154.908  5.000
7.530  2.713  -1259.769  1222.298  5.000
7.540  2.167  -1211.205  1270.862  5.000
7.550  2.721  -1208.657  1273.410  5.000
7.560  2.133  -1127.902  1354.165  5.000
7.570  2.455  -1303.553  1178.514  5.000
7.580  2.895  -1264.325  1217.742  5.000
7.590  2.452  -1248.357  1233.710  5.000
7.600  2.895  -1357.978  1124.089  5.000
7.610  2.465  -1159.492  1322.574  5.000
7.620  2.631  -1208.655  1273.412  5.000
7.630  2.709  -1189.982  1292.085  5.000
7.640  3.273  -1383.493  1098.574  5.000
7.650  2.278  -1346.511  1135.556  5.000
7.660  1.597  -1025.113  1456.954  5.000
7.670  3.064  -1185.624  1296.443  5.000
7.680  2.880  -1302.302  1179.765  5.000
7.690  3.086  -1322.759  1159.308  5.000
7.700  2.657  -1425.704  1056.363  5.000
7.710  2.208  -1296.359  1185.708  5.000
7.720  2.888  -1388.214  1093.852  5.000
7.730  3.662  -1331.831  1150.235  5.000
7.740  2.675  -1347.282  1134.785  5.000
7.750  2.365  -1367.993  1114.074  5.000
7.760  2.528  -1339.781  1142.286  5.000
7.770  2.450  -1278.250  1203.817  5.000
7.780  2.604  -1349.658  1132.409  5.000
7.790  2.565  -1286.963  1195.104  5.000
7.800  2.623  -1369.280  1112.787  5.000
7.810  2.258  -1432.812  1049.254  5.000
7.820  2.257  -1092.508  1389.559  5.000
7.830  2.861  -1331.211  1150.856  5.000
7.840  1.997  -1318.467  1163.600  5.000
7.850  3.077  -1425.454  1056.612  5.000
7.860  2.347  -1348.221  1133.846  5.000
7.870  3.164  -1260.548  1221.519  5.000
7.880  2.775  -1251.181  1230.886  5.000
7.890  2.868  -1416.683  1065.384  5.000
7.900  1.543  -1090.906  1391.160  5.000
7.910  3.002  -1356.836  1125.231  5.000
7.920  2.286  -1280.846  1201.221  5.000
7.930  2.676  -1437.526  1044.541  5.000
7.940  2.437  -1186.383  1295.684  5.000
7.950  2.247  -1238.651  1243.415  5.000
7.960  2.111  -1257.877  1224.190  5.000
7.970  3.165  -1443.376  1038.691  5.000
7.980  2.848  -1436.160  1045.907  5.000
7.990  2.452  -1312.350  1169.717  5.000
8.000  2.574  -1303.836  1178.230  5.000
8.010  2.762  -1384.963  1097.104  5.000
8.020  2.844  -1423.296  1058.771  5.000
8.030  2.725  -1321.643  1160.424  5.000
8.040  2.420  -1349.102  1132.964  5.000
8.050  2.923  -1319.816  1162.250  5.000
8.060  1.874  -1374.877  1107.190  5.000
8.070  2.761  -1328.742  1153.325  5.000
8.080  2.306  -1293.172  1188.895  5.000
8.090  2.775  -1358.926  1123.141  5.000
8.100  2.302  -1367.859  1114.208  5.000
8.110  2.008  -1290.879  1191.187  5.000
8.120  2.542  -1287.857  1194.210  5.000
8.130  2.773  -1311.628  1170.439  5.000
8.140  1.768  -1207.026  1275.041  5.000
8.150  2.187  -1247.606  1234.461  5.000
8.160  3.176  -1384.868  1097.199  5.000
8.170  3.475  -1349.356  1132.711  5.000
8.180  2.430  -1295.939  1186.128  5.000
8.190  2.098  -1370.145  1111.922  5.000
8.200  2.971  -1375.757  1106.309  5.000
8.210  3.208  -1345.051  1137.016  5.000
8.220  3.047  -1367.881  1114.186  5.000
8.230  3.050  -1393.155  1088.912  5.000
8.240  2.723  -1362.827  1119.240  5.000
8.250  3.013  -1316.790  1165.277  5.000
8.260  2.655  -1315.501  1166.565  5.000
8.270  2.811  -1257.063  1225.004  5.000
8.280  3.565  -1341.767  1140.299  5.000
8.290  2.629  -1414.455  1067.612  5.000
8.300  2.266  -1293.720  1188.347  5.000
8.310  2.111  -1119.394  1362.672  5.000
8.320  2.925  -1327.926  1154.141  5.000
8.330  2.243  -1282.041  1200.026  5.000
8.340  2.662  -1347.742  1134.325  5.000
8.350  1.980  -1257.988  1224.078  5.000
8.360  2.657  -1330.647  1151.419  5.000
8.370  2.752  -1373.691  1108.376  5.000
8.380  2.364  -1236.416  1245.651  5.000
8.390  1.824  -1209.085  1272.982  5.000
8.400  2.127  -1222.903  1259.164  5.000
8.410  2.535  -1313.559  1168.508  5.000
8.420  2.907  -1427.955  1054.112  5.000
8.430  2.443  -1311.525  1170.542  5.000
8.440  3.232  -1306.028  1176.039  5.000
8.450  2.576  -1260.559  1221.508  5.000
8.460  2.985  -1359.442  1122.625  5.000
8.470  2.295  -1256.499  1225.568  5.000
8.480  3.300  -1454.284  1027.782  5.000
8.490  2.649  -1402.444  1079.623  5.000
8.500  1.833  -1368.833  1113.234  5.000
8.510  2.974  -1271.295  1210.772  5.000
8.520  2.069  -1387.016  1095.050  5.000
8.530  3.062  -1335.841  1146.225  5.000
8.540  2.449  -1348.681  1133.386  5.000
8.550  1.782  -1142.110  1339.957  5.000
8.560  2.645  -1354.504  1127.563  5.000
8.570  2.727  -1280.074  1201.993  5.000
8.580  3.811  -1449.850  1032.217  5.000
8.590  2.576  -1309.420  1172.647  5.000
8.600  3.377  -1356.016  1126.050  5.000
8.610  2.464  -1353.744  1128.323  5.000
8.620  1.529  -1227.193  1254.874  5.000
8.630  2.704  -1173.691  1308.376  5.000
8.640  3.545  -1380.035  1102.032  5.000
8.650  2.522  -1260.064  1222.003  5.000
8.660  1.898  -1237.454  1244.613  5.000
8.670  4.090  -1443.018  1039.049  5.000
8.680  2.031  -1270.641  1211.426  5.000
8.690  2.195  -1220.705  1261.361  5.000
8.700  3.897  -1508.781  973.286  5.000
8.710  2.568  -1361.553  1120.514  5.000
8.720  2.290  -1328.718  1153.349  5.000
8.730  2.385  -1133.129  1348.938  5.000
8.740  1.558  -1342.884  1139.183  5.000
8.750  2.160  -1284.705  1197.362  5.000
8.760  3.346  -1373.714  1108.353  5.000
8.770  2.955  -1305.358  1176.709  5.000
8.780  2.313  -1300.244  1181.823  5.000
8.790  2.214  -1080.728  1401.339  5.000
8.800  2.254  -1183.046  1299.021  5.000
8.810  1.731  -1220.117  1261.950  5.000
8.820  2.898  -1410.669  1071.398  5.000
8.830  3.007  -1341.099  1140.968  5.000
8.840  2.253  -1245.694  1236.373  5.000
8.850  3.040  -1266.999  1215.068  5.000
8.860  2.161  -1255.641  1226.426  5.000
8.870  2.929  -1218.877  1263.189  5.000
8.880  2.749  -1211.156  1270.911  5.000
8.890  2.913  -1370.163  1111.904  5.000
8.900  3.735  -1468.164  1013.903  5.000
8.910  1.995  -1207.860  1274.206  5.000
8.920  2.717  -1311.601  1170.466  5.000
8.930  3.327  -1407.161  1074.906  5.000
8.940  2.961  -1327.230  1154.837  5.000
8.950  2.870  -1342.980  1139.087  5.000
8.960  2.183  -1167.147  1314.919  5.000
8.970  2.771  -1208.892  1273.175  5.000
8.980  3.200  -1263.336  1218.731  5.000
8.990  3.083  -1377.082  1104.985  5.000
9.000  2.391  -1341.659  1140.408  5.000
9.010  2.315  -1297.553  1184.514  5.000
9.020  1.993  -1164.119  1317.948  5.000
9.030  2.344  -1110.432  1371.635  5.000
9.040  2.827  -1336.462  1145.605  5.000
9.050  2.428  -1257.258  1224.808  5.000
9.060  2.200  -1303.707  1178.359  5.000
9.070  2.477  -1213.830  1268.237  5.000
9.080  3.341  -1390.866  1091.201  5.000
9.090  1.649  -1330.574  1151.492  5.000
9.100  2.671  -1263.149  1218.917  5.000
9.110  2.770  -1292.675  1189.392  5.000
9.120  2.765  -1271.148  1210.919  5.000
9.130  2.466  -1233.917  1248.150  5.000
9.140  3.080  -1378.441  1103.625  5.000
9.150  2.527  -1300.045  1182.022  5.000
9.160  2.576  -1251.948  1230.119  5.000
9.170  2.692  -1232.610  1249.457  5.000
9.180  2.960  -1364.276  1117.790  5.000
9.190  2.881  -1322.499  1159.568  5.000
9.200  3.341  -1471.031  1011.036  5.000
9.210  2.298  -1306.069  1175.998  5.000
9.220  3.020  -1344.207  1137.860  5.000
9.230  3.260  -1414.931  1067.136  5.000
9.240  2.506  -1256.651  1225.416  5.000
9.250  2.464  -1252.626  1229.441  5.000
9.260  3.035  -1353.520  1128.547  5.000
9.270  2.044  -1307.613  1174.454  5.000
9.280  3.790  -1409.874  1072.193  5.000
9.290  2.691  -1305.330  1176.737  5.000
9.300  1.743  -1130.936  1351.131  5.000
9.310  3.444  -1392.620  1089.447  5.000
9.320  3.329  -1339.606  1142.461  5.000
9.330  2.978  -1178.295  1303.772  5.000
9.340  1.759  -96.225  1233.997  6.000
9.350  2.224  -63.766  1266.455  7.000
9.360  2.399  -138.625  1191.597  8.000
9.370  3.697  -290.121  1040.101  9.000
9.380  3.715  -208.959  1121.262  10.000
9.390  4.651  104.990  1435.211  11.000
9.400  4.783  -38.704  1291.517  12.000
9.410  4.408  -74.116  1256.106  13.000
9.420  4.104  309.538  1639.759  14.000
9.430  4.774  -4.710  1325.511  15.000
9.440  4.277  437.897  1768.119  15.000
9.450  3.749  314.402  1644.623  15.000
9.460  3.939  472.138  1802.360  15.000
9.470  3.860  322.307  1652.528  15.000
9.480  5.001  440.688  1770.910  15.000
9.490  4.886  111.017  1441.238  15.000
9.500  4.926  80.237  1410.458  15.000
9.510  3.815  160.675  1490.896  15.000
9.520  4.240  352.683  1682.904  15.000
9.530  4.100  101.963  1432.184  15.000
9.540  4.301  416.816  1747.038  15.000
9.550  4.638  81.368  1411.589  15.000
9.560  4.534  60.259  1390.480  15.000
9.570  4.815  297.970  1628.191  15.000
9.580  5.664  177.168  1507.389  15.000
9.590  4.447  304.383  1634.604  15.000
9.600  3.853  238.183  1568.404  15.000
9.610  4.768  -53.987  1276.234  15.000
9.620  4.293  467.749  1797.970  15.000
9.630  4.716  60.400  1390.621  15.000
9.640  4.883  32.637  1362.858  15.000
9.650  3.664  528.751  1858.973  15.000
9.660  4.690  -22.397  1307.824  15.000
9.670  3.547  403.625  1733.846  15.000
9.680  4.651  18.427  1348.649  15.000
9.690  5.023  324.453  1654.674  15.000
9.700  3.974  507.742  1837.963  15.000
9.710  4.843  -38.453  1291.769  15.000
9.720  4.662  484.604  1814.826  15.000
9.730  4.318  -57.599  1272.622  15.000
9.740  4.287  406.006  1736.227  15.000
9.750  4.236  499.652  1829.873  15.000
9.760  3.775  396.753  1726.974  15.000
9.770  4.624  15.658  1345.879  15.000
9.780  3.631  402.976  1733.198  15.000
9.790  5.032  252.958  1583.180  15.000
9.800  4.809  73.536  1403.757  15.000
9.810  4.457  385.673  1715.894  15.000
9.820  4.375  276.656  1606.877  15.000
9.830  4.855  35.324  1365.545  15.000
9.840  4.188  162.630  1492.851  15.000
9.850  5.062  -89.705  1240.517  15.000
9.860  4.121  331.964  1662.185  15.000
9.870  4.571  376.959  1707.180  15.000
9.880  5.232  25.329  1355.550  15.000
9.890  3.661  108.928  1439.149  15.000
9.900  4.403  284.926  1615.147  15.000
9.910  4.490  323.169  1653.390  15.000
9.920  4.121  -12.682  1317.539  15.000
9.930  4.926  338.670  1668.891  15.000
9.940  4.029  374.165  1704.387  15.000
9.950  4.174  446.165  1776.387  15.000
9.960  4.153  499.390  1829.612  15.000
9.970  4.292  351.983  1682.205  15.000
9.980  3.620  425.397  1755.618  15.000
9.990  4.747  373.235  1703.456  15.000
10.000  4.662  339.880  1670.101  15.000
10.010  4.489  97.457  1427.678  15.000
10.020  4.226  325.490  1655.712  15.000
10.030  5.158  170.426  1500.647  15.000
10.040  4.906  74.847  1405.068  15.000
10.050  4.648  143.804  1474.025  15.000
10.060  3.909  14.866  1345.088  15.000
10.070  4.132  333.617  1663.838  15.000
10.080  5.098  362.386  1692.607  15.000
10.090  3.852  512.441  1842.662  15.000
10.100  4.420  312.769  1642.990  15.000
10.110  4.301  325.218  1655.439  15.000
10.120  5.037  -84.954  1245.267  15.000
10.130  4.899  153.966  1484.187  15.000
10.140  4.832  114.682  1444.903  15.000
10.150  4.543  373.640  1703.861  15.000
10.160  4.790  402.543  1732.764  15.000
10.170  4.443  155.166  1485.387  15.000
10.180  3.825  456.801  1787.022  15.000
10.190  4.052  -30.321  1299.901  15.000
10.200  4.460  281.766  1611.987  15.000
10.210  4.368  354.145  1684.366  15.000
10.220  4.782  143.191  1473.412  15.000
10.230  4.748  -18.772  1311.449  15.000
10.240  4.732  -109.920  1220.301  15.000
10.250  4.582  167.096  1497.317  15.000
10.260  4.575  443.567  1773.788  15.000
10.270  4.580  -16.099  1314.123  15.000
10.280  4.380  118.683  1448.905  15.000
10.290  3.790  302.393  1632.614  15.000
10.300  4.725  400.462  1730.683  15.000
10.310  4.039  363.664  1693.885  15.000
10.320  4.088  -5.633  1324.589  15.000
10.330  4.451  -6.608  1323.613  15.000
10.340  4.957  -31.260  1298.962  5.000
10.350  4.711  25.078  1355.299  5.000
10.360  2.624  310.431  1640.653  5.000
10.370  2.241  -31.598  1298.623  5.000
10.380  2.583  -198.389  1131.833  5.000
10.390  2.708  -231.866  1098.356  5.000
10.400  2.435  -119.550  1210.671  5.000
10.410  2.722  -163.657  1166.564  5.000
10.420  2.371  -124.853  1205.369  5.000
10.430  3.811  -164.827  1165.394  5.000
10.440  2.136  -213.089  1117.132  5.000
10.450  3.047  -137.558  1192.663  5.000
10.460  2.400  -57.663  1272.558  5.000
10.470  2.362  -190.281  1139.940  5.000
10.480  3.919  -371.338  958.884  5.000
10.490  2.752  -227.699  1102.522  5.000
10.500  1.348  55.211  1385.433  5.000
10.510  2.493  -85.918  1244.303  5.000
10.520  2.743  -200.787  1129.435  5.000
10.530  2.800  -188.204  1142.017  5.000
10.540  2.472  -160.323  1169.899  5.000
10.550  2.537  -49.499  1280.722  5.000
10.560  2.376  -70.123  1260.098  5.000
10.570  3.352  -231.251  1098.970  5.000
10.580  2.469  -136.850  1193.371  5.000
10.590  2.694  -207.265  1122.956  5.000
10.600  2.277  -164.779  1165.442  5.000
10.610  2.163  -113.251  1216.970  5.000
10.620  3.056  -156.010  1174.212  5.000
10.630  1.959  -81.664  1248.558  5.000
10.640  2.729  -86.932  1243.289  5.000
10.650  3.613  -382.223  947.999  5.000
10.660  3.228  -325.382  1004.839  5.000
10.670  2.085  -93.125  1237.096  5.000
10.680  3.536  -312.593  1017.628  5.000
10.690  2.270  -143.618  1186.604  5.000
10.700  2.242  -101.956  1228.265  5.000
10.710  1.820  -175.035  1155.186  5.000
10.720  2.460  -128.915  1201.307  5.000
10.730  2.756  -213.784  1116.437  5.000
10.740  2.580  -154.677  1175.544  5.000
10.750  2.615  -118.010  1212.211  5.000
10.760  2.288  -3.085  1327.137  5.000
10.770  2.320  -133.381  1196.840  5.000
10.780  2.445  -110.346  1219.876  5.000
10.790  2.308  -257.297  1072.925  5.000
10.800  2.853  -186.881  1143.340  5.000
10.810  2.935  -157.001  1173.220  5.000
10.820  2.610  -80.622  1249.599  5.000
10.830  2.215  -101.371  1228.850  5.000
10.840  3.267  -238.659  1091.562  5.000
10.850  2.367  -142.780  1187.441  5.000
10.860  2.859  -146.145  1184.076  5.000
10.870  2.750  -280.602  1049.619  5.000
10.880  2.121  -0.183  1330.039  5.000
10.890  1.955  -138.674  1191.548  5.000
10.900  2.944  -226.735  1103.486  5.000
10.910  2.224  -139.783  1190.438  5.000
10.920  2.909  -140.044  1190.177  5.000
10.930  2.334  -171.285  1158.937  5.000
10.940  2.960  -239.954  1090.268  5.000
10.950  2.411  -110.020  1220.201  5.000
10.960  3.100  -208.840  1121.381  5.000
10.970  3.187  -207.605  1122.616  5.000
10.980  2.652  -48.489  1281.732  5.000
10.990  1.839  -157.179  1173.042  5.000
11.000  3.133  -231.629  1098.592  5.000
11.010  2.905  -128.195  1202.027  5.000
11.020  3.061  -233.830  1096.392  5.000
11.030  2.571  -136.000  1194.221  5.000
11.040  2.822  -220.080  1110.141  5.000
11.050  2.617  -185.185  1145.036  5.000
11.060  2.618  -220.438  1109.783  5.000
11.070  2.775  -207.296  1122.925  5.000
11.080  2.412  -211.267  1118.954  5.000
11.090  3.048  -250.103  1080.118  5.000
11.100  3.631  -194.097  1136.124  5.000
11.110  3.245  -155.400  1174.822  5.000
11.120  3.200  -315.806  1014.415  5.000
11.130  2.356  -217.766  1112.456  5.000
11.140  2.960  -201.321  1128.901  5.000
11.150  2.615  -157.718  1172.503  5.000
11.160  3.732  -205.918  1124.303  5.000
11.170  2.957  -166.481  1163.740  5.000
11.180  1.880  -228.195  1102.026  5.000
11.190  2.244  22.501  1352.722  5.000
11.200  2.070  -185.660  1144.561  5.000
11.210  1.815  -96.764  1233.458  5.000
11.220  3.173  -261.190  1069.032  5.000
11.230  2.796  -109.154  1221.067  5.000
11.240  2.659  -263.818  1066.403  5.000
11.250  2.643  -82.039  1248.182  5.000
11.260  2.087  -41.034  1289.188  5.000
11.270  2.850  -202.186  1128.036  5.000
11.280  3.675  -183.037  1147.184  5.000
11.290  2.336  -194.301  1135.920  5.000
11.300  3.681  -262.122  1068.099  5.000
11.310  1.552  -31.010  1299.211  5.000
11.320  2.521  -83.887  1246.334  5.000
11.330  3.129  -191.080  1139.141  5.000
11.340  1.975  -109.370  1220.851  5.000
11.350  2.942  -227.367  1102.854  5.000
11.360  2.463  -157.321  1172.900  5.000
11.370  3.110  -188.916  1141.306  5.000
11.380  2.972  -281.551  1048.671  5.000
11.390  2.579  -169.075  1161.147  5.000
11.400  3.506  -73.131  1257.090  5.000
11.410  2.547  -123.452  1206.770  5.000
11.420  2.444  -82.638  1247.583  5.000
11.430  2.480  -160.053  1170.168  5.000
11.440  2.154  -122.137  1208.084  5.000
11.450  2.491  -189.641  1140.580  5.000
11.460  2.049  -40.945  1289.276  5.000
11.470  3.260  -167.344  1162.877  5.000
11.480  2.454  -22.722  1307.500  5.000
11.490  2.880  -242.197  1088.024  5.000
11.500  2.205  -269.111  1061.110  5.000
11.510  2.803  -228.332  1101.889  5.000
11.520  2.608  -51.961  1278.260  5.000
11.530  2.334  -131.032  1199.190  5.000
11.540  2.514  -179.689  1150.533  5.000
11.550  3.115  -232.316  1097.905  5.000
11.560  3.241  -184.607  1145.614  5.000
11.570  2.040  -219.368  1110.854  5.000
11.580  3.134  -252.359  1077.862  5.000
11.590  2.893  -209.326  1120.895  5.000
11.600  1.802  -78.247  1251.974  5.000
11.610  2.116  -66.753  1263.468  5.000
11.620  3.332  -224.499  1105.723  5.000
11.630  2.067  -112.067  1218.154  5.000
11.640  2.238  -166.926  1163.295  5.000
11.650  3.641  -206.345  1123.876  5.000
11.660  3.404  -318.588  1011.634  5.000
11.670  1.939  -68.563  1261.659  5.000
11.680  2.899  -155.208  1175.013  5.000
11.690  3.343  -213.883  1116.338  5.000
11.700  2.269  -96.531  1233.690  5.000
11.710  2.938  -253.969  1076.252  5.000
11.720  2.873  -128.192  1202.030  5.000
11.730  2.299  -90.090  1240.131  5.000
11.740  2.716  -119.461  1210.760  5.000
11.750  1.775  179.000  1509.221  5.000
11.760  2.127  -115.045  1215.177  5.000
11.770  2.713  -81.399  1248.822  5.000
11.780  2.357  -204.076  1126.145  5.000
11.790  3.427  -142.878  1187.343  5.000
11.800  2.550  -194.127  1136.094  5.000
11.810  3.266  -176.556  1153.665  5.000
11.820  3.018  -224.244  1105.977  5.000
11.830  2.030  -68.200  1262.021  5.000
11.840  2.835  -252.392  1077.829  5.000
11.850  2.791  -270.045  1060.176  5.000
11.860  2.482  -220.448  1109.774  5.000
11.870  2.989  -189.750  1140.471  5.000
11.880  2.765  -290.331  1039.891  5.000
11.890  2.173  -51.282  1278.939  5.000
11.900  3.331  -260.895  1069.326  5.000
11.910  1.804  -66.802  1263.420  5.000
11.920  1.863  -26.726  1303.495  5.000
11.930  2.243  -156.811  1173.410  5.000
11.940  1.566  -66.217  1264.004  5.000
11.950  2.728  -140.510  1189.711  5.000
11.960  2.431  45.348  1375.569  5.000
11.970  2.687  -27.086  1303.136  5.000
11.980  3.117  -224.863  1105.359  5.000
11.990  2.015  -132.750  1197.472  5.000
12.000  2.189  -29.533  1300.688  5.000
12.010  4.013  -248.721  1081.500  5.000
12.020  2.914  -83.061  1247.160  5.000
12.030  1.959  -189.466  1140.755  5.000
12.040  2.159  -78.979  1251.243  5.000
12.050  1.528  10.002  1340.224  5.000
12.060  2.770  -153.678  1176.544  5.000
12.070  2.990  -193.355  1136.866  5.000
12.080  3.139  -143.362  1186.859  5.000
12.090  2.469  -122.486  1207.735  5.000
12.100  2.724  -126.978  1203.243  5.000
12.110  3.271  -148.109  1182.112  5.000
12.120  2.581  -158.246  1171.976  5.000
12.130  3.319  -256.700  1073.522  5.000
12.140  2.919  -160.438  1169.784  5.000
12.150  2.383  -76.572  1253.649  5.000
12.160  3.639  -170.907  1159.314  5.000
12.170  2.381  -139.998  1190.223  5.000
12.180  3.122  -210.485  1119.737  5.000
12.190  2.119  52.845  1383.067  5.000
12.200  1.707  -18.429  1311.792  5.000
12.210  4.231  -238.556  1091.665  5.000
12.220  3.252  -196.449  1133.772  5.000
12.230  2.310  -65.323  1264.899  5.000
12.240  2.484  -93.790  1236.432  5.000
12.250  1.957  -69.401  1260.820  5.000
12.260  2.439  -227.757  1102.465  5.000
12.270  1.866  -163.306  1166.915  5.000
12.280  2.513  -184.670  1145.552  5.000
12.290  2.677  -76.614  1253.607  5.000
12.300  2.535  -55.549  1274.673  5.000
12.310  2.449  -185.330  1144.891  5.000
12.320  2.458  -161.813  1168.408  5.000
12.330  3.047  -86.183  1244.038  5.000
12.340  3.540  -163.793  1166.429  5.000
12.350  1.462  34.447  1336.789  6.000
12.360  3.476  -152.088  1150.254  7.000
12.370  2.111  -46.093  1256.249  8.000
12.380  3.293  -190.463  1111.880  9.000
12.390  3.091  -95.041  1207.302  10.000
12.400  5.076  -63.676  1238.667  11.000
12.410  5.016  8.331  1310.674  12.000
12.420  4.153  347.854  1650.197  13.000
12.430  3.978  339.667  1642.010  14.000
12.440  4.474  119.439  1421.781  15.000
12.450  4.550  -4.320  1298.022  15.000
12.460  4.082  143.769  1446.111  15.000
12.470  4.884  61.991  1364.333  15.000
12.480  4.416  -16.949  1285.393  15.000
12.490  4.486  86.156  1388.499  15.000
12.500  4.014  327.696  1630.038  15.000
12.510  4.617  287.324  1589.666  15.000
12.520  4.155  106.172  1408.514  15.000
12.530  4.003  339.461  1641.803  15.000
12.540  5.429  -129.717  1172.626  15.000
12.550  4.498  41.582  1343.924  15.000
12.560  4.365  100.369  1402.712  15.000
12.570  3.730  311.081  1613.424  15.000
12.580  4.146  206.867  1509.209  15.000
12.590  4.536  -52.381  1249.961  15.000
12.600  4.939  8.131  1310.473  15.000
12.610  4.767  353.341  1655.683  15.000
12.620  4.378  120.330  1422.672  15.000
12.630  4.342  477.512  1779.855  15.000
12.640  4.911  254.610  1556.952  15.000
12.650  5.103  -27.199  1275.144  15.000
12.660  4.117  482.527  1784.869  15.000
12.670  5.146  84.273  1386.615  15.000
12.680  4.913  153.011  1455.354  15.000
12.690  4.274  441.447  1743.789  15.000
12.700  5.172  24.098  1326.440  15.000
12.710  5.017  65.380  1367.722  15.000
12.720  4.587  298.431  1600.773  15.000
12.730  4.662  561.830  1864.172  15.000
12.740  4.398  110.281  1412.623  15.000
12.750  5.098  457.887  1760.229  15.000
12.760  4.777  309.233  1611.576  15.000
12.770  4.848  337.498  1639.840  15.000
12.780  5.130  193.020  1495.362  15.000
12.790  4.673  9.859  1312.201  15.000
12.800  3.828  450.622  1752.964  15.000
12.810  4.637  299.450  1601.792  15.000
12.820  4.975  -4.575  1297.767  15.000
12.830  4.934  471.265  1773.608  15.000
12.840  4.952  134.158  1436.500  15.000
12.850  4.756  -1.390  1300.952  15.000
12.860  5.433  121.972  1424.315  15.000
12.870  4.373  501.746  1804.089  15.000
12.880  5.201  106.824  1409.167  15.000
12.890  5.134  485.632  1787.975  15.000
12.900  3.809  527.950  1830.292  15.000
12.910  5.207  347.516  1649.858  15.000
12.920  4.467  230.749  1533.091  15.000
12.930  5.490  355.948  1658.291  15.000
12.940  5.327  85.908  1388.250  15.000
12.950  5.304  190.341  1492.683  15.000
12.960  4.809  349.143  1651.486  15.000
12.970  5.144  418.197  1720.539  15.000
12.980  5.725  359.514  1661.857  15.000
12.990  4.962  362.294  1664.636  15.000
13.000  5.094  147.027  1449.370  15.000
13.010  4.853  438.090  1740.432  15.000
13.020  5.735  34.471  1336.813  15.000
13.030  5.317  358.591  1660.934  15.000
13.040  4.868  382.223  1684.566  15.000
13.050  5.662  289.817  1592.160  15.000
13.060  4.864  130.488  1432.830  15.000
13.070  5.183  163.348  1465.691  15.000
13.080  5.001  119.527  1421.870  15.000
13.090  5.465  139.461  1441.804  15.000
13.100  4.340  114.073  1416.415  15.000
13.110  5.199  93.713  1396.055  15.000
13.120  4.638  99.415  1401.757  15.000
13.130  5.117  384.671  1687.013  15.000
13.140  4.313  381.402  1683.744  15.000
13.150  4.414  -41.467  1260.876  15.000
13.160  4.743  11.657  1314.000  15.000
13.170  5.220  85.730  1388.073  15.000
13.180  5.394  -63.498  1238.845  15.000
13.190  5.192  -48.416  1253.927  15.000
13.200  4.733  39.209  1341.552  15.000
13.210  4.931  150.004  1452.346  15.000
13.220  4.549  123.359  1425.701  15.000
13.230  4.851  139.760  1442.103  15.000
13.240  4.883  135.544  1437.886  15.000
13.250  5.140  -46.716  1255.626  15.000
13.260  5.101  66.069  1368.411  15.000
13.270  4.739  449.379  1751.722  15.000
13.280  5.058  8.928  1311.270  15.000
13.290  4.785  183.906  1486.249  15.000
13.300  4.461  577.466  1879.809  15.000
13.310  5.232  194.921  1497.264  15.000
13.320  5.193  258.859  1561.201  15.000
13.330  4.539  494.539  1796.881  15.000
13.340  4.460  387.319  1689.662  15.000
13.350  5.062  468.803  1771.145  5.000
13.360  4.668  222.834  1525.176  5.000
13.370  3.702  96.512  1398.854  5.000
13.380  2.972  -142.255  1160.088  5.000
13.390  3.277  -131.801  1170.541  5.000
13.400  2.842  -98.769  1203.573  5.000
13.410  2.855  -193.967  1108.375  5.000
13.420  2.974  -140.852  1161.490  5.000
13.430  2.445  -189.997  1112.346  5.000
13.440  2.751  -155.626  1146.717  5.000
13.450  3.447  -146.763  1155.579  5.000
13.460  2.214  -154.807  1147.536  5.000
13.470  2.753  -91.505  1210.838  5.000
13.480  2.939  -151.273  1151.069  5.000
13.490  2.104  -169.239  1133.103  5.000
13.500  2.885  -188.934  1113.408  5.000
13.510  3.112  -233.423  1068.920  5.000
13.520  3.850  -278.750  1023.593  5.000
13.530  2.498  -100.418  1201.924  5.000
13.540  3.139  -138.262  1164.081  5.000
13.550  2.081  -110.616  1191.727  5.000
13.560  2.864  -135.701  1166.642  5.000
13.570  3.811  -148.227  1154.115  5.000
13.580  2.800  -82.972  1219.371  5.000
13.590  3.000  -248.668  1053.674  5.000
13.600  3.170  -152.059  1150.284  5.000
13.610  3.368  -282.816  1019.527  5.000
13.620  3.645  -192.288  1110.054  5.000
13.630  2.630  -192.089  1110.253  5.000
13.640  2.563  -246.308  1056.034  5.000
13.650  2.729  -232.379  1069.964  5.000
13.660  3.158  -1.580  1300.763  5.000
13.670  2.977  -201.188  1101.154  5.000
13.680  2.975  -193.503  1108.839  5.000
13.690  3.506  -166.657  1135.685  5.000
13.700  4.125  -204.340  1098.003  5.000
13.710  5.810  -430.685  871.658  5.000
13.720  5.989  -415.542  886.800  5.000
13.730  5.259  -366.161  936.182  5.000
13.740  6.211  -404.571  897.771  5.000
13.750  6.018  -362.672  939.670  5.000
13.760  5.876  -373.633  928.710  5.000
13.770  6.866  -489.523  812.820  5.000
13.780  5.239  -405.549  896.793  5.000
13.790  4.953  -255.823  1046.519  5.000
13.800  4.612  -342.924  959.418  5.000
13.810  5.493  -425.896  876.447  5.000
13.820  5.199  -367.333  935.010  5.000
13.830  4.632  -283.583  1018.759  5.000
13.840  5.831  -384.052  918.291  5.000
13.850  5.208  -365.032  937.311  5.000
13.860  5.629  -341.834  960.509  5.000
13.870  5.509  -415.269  887.074  5.000
13.880  5.427  -367.228  935.114  5.000
13.890  6.094  -444.944  857.398  5.000
13.900  5.624  -372.018  930.325  5.000
13.910  5.459  -310.196  992.147  5.000
13.920  6.631  -421.847  880.495  5.000
13.930  7.510  -509.346  792.996  5.000
13.940  9.388  -573.179  729.164  5.000
13.950  10.521  -730.102  572.240  5.000
13.960  10.576  -745.861  556.481  5.000
13.970  11.073  -847.738  454.604  5.000
13.980  11.305  -799.629  502.713  5.000
13.990  10.988  -820.949  481.393  5.000
14.000  10.106  -799.218  503.125  5.000
14.010  10.235  -892.678  409.664  5.000
14.020  9.697  -949.861  352.481  5.000
14.030  9.790  -1038.239  264.104  5.000
14.040  8.852  -1166.447  135.895  5.000
14.050  7.698  -1315.494  -13.151  5.000
14.060  7.929  -1312.902  -10.559  5.000
14.070  8.976  -1307.755  -5.413  5.000
14.080  8.435  -1331.895  -29.552  5.000
14.090  8.334  -1369.419  -67.077  5.000
14.100  8.521  -1355.811  -53.469  5.000
14.110  8.811  -1373.048  -70.705  5.000
14.120  8.947  -1439.424  -137.082  5.000
14.130  8.320  -1487.877  -185.535  5.000
14.140  7.625  -1429.896  -127.554  5.000
14.150  8.160  -1368.206  -65.864  5.000
14.160  8.290  -1373.053  -70.711  5.000
14.170  8.037  -1350.095  -47.752  5.000
14.180  7.596  -1314.648  -12.306  5.000
14.190  7.565  -1286.976  15.367  5.000
14.200  7.859  -1328.332  -25.989  5.000
14.210  7.658  -1295.289  7.053  5.000
14.220  7.735  -1297.863  4.479  5.000
14.230  7.732  -1298.441  3.901  5.000
14.240  8.431  -1336.868  -34.525  5.000
14.250  7.988  -1366.652  -64.309  5.000
14.260  7.001  -1391.913  -89.570  5.000
14.270  7.803  -1349.108  -46.765  5.000
14.280  8.537  -1353.233  -50.890  5.000
14.290  8.249  -1403.241  -100.899  5.000
14.300  7.329  -1454.469  -152.126  5.000
14.310  7.475  -1374.612  -72.270  5.000
14.320  8.427  -1341.489  -39.147  5.000
14.330  8.682  -1418.071  -115.729  5.000
14.340  7.668  -1510.142  -207.800  5.000
14.350  8.254  -1521.620  -219.278  5.000
14.360  9.549  -1534.149  -231.806  5.000
14.370  8.068  -1531.420  -229.078  5.000
14.380  5.947  -1532.949  -230.607  5.000
14.390  7.755  -1473.035  -170.692  5.000
14.400  10.154  -1425.211  -122.868  5.000
14.410  8.523  -1535.524  -233.181  5.000
14.420  7.042  -1578.103  -275.760  5.000
14.430  7.937  -1531.974  -229.632  5.000
14.440  9.928  -1548.399  -246.057  5.000
14.450  9.231  -1592.196  -289.853  5.000
14.460  7.105  -1649.269  -346.927  5.000
14.470  7.883  -1661.173  -358.831  5.000
14.480  10.400  -1645.142  -342.799  5.000
14.490  10.078  -1663.970  -361.628  5.000
14.500  7.187  -1736.257  -433.915  5.000
14.510  7.107  -1671.370  -369.027  5.000
14.520  7.708  -1540.267  -237.925  5.000
14.530  8.198  -1544.953  -242.611  5.000
14.540  7.351  -1540.204  -237.862  5.000
14.550  6.639  -1464.038  -161.695  5.000
14.560  6.674  -1403.050  -100.707  5.000
14.570  6.937  -1341.320  -38.977  5.000
14.580  6.809  -1373.530  -71.188  5.000
14.590  6.448  -1375.097  -72.754  5.000
14.600  6.187  -1301.725  0.618  5.000
14.610  6.550  -1281.384  20.959  5.000
14.620  6.752  -1262.774  39.569  5.000
14.630  6.978  -1358.656  -56.314  5.000
14.640  6.639  -1381.605  -79.263  5.000
14.650  5.991  -1352.577  -50.235  5.000
14.660  6.025  -1250.273  52.070  5.000
14.670  6.059  -1210.731  91.611  5.000
14.680  6.781  -1255.966  46.376  5.000
14.690  6.677  -1279.419  22.923  5.000
14.700  6.062  -1369.913  -67.571  5.000
14.710  6.184  -1311.358  -9.015  5.000
14.720  6.419  -1269.989  32.353  5.000
14.730  6.486  -1296.741  5.601  5.000
14.740  6.219  -1338.199  -35.856  5.000
14.750  6.232  -1318.915  -16.572  5.000
14.760  6.165  -1290.818  11.524  5.000
14.770  6.311  -1284.455  17.888  5.000
14.780  6.401  -1319.858  -17.515  5.000
14.790  6.016  -1348.875  -46.533  5.000
14.800  6.274  -1284.392  17.950  5.000
14.810  6.042  -1284.692  17.650  5.000
14.820  6.267  -1292.487  9.855  5.000
14.830  5.798  -1263.588  38.754  5.000
14.840  5.841  -1253.837  48.505  5.000
14.850  6.068  -1240.678  61.664  5.000
14.860  6.024  -1231.212  71.131  5.000
14.870  6.022  -1237.734  64.608  5.000
14.880  5.962  -1271.641  30.701  5.000
14.890  5.586  -1220.301  82.042  5.000
14.900  6.250  -1257.193  45.150  5.000
14.910  6.510  -1266.705  35.637  5.000
14.920  5.117  -1334.515  -32.173  5.000
14.930  5.194  -1299.072  3.271  5.000
14.940  5.576  -1150.053  152.290  5.000
14.950  5.516  -1142.621  159.721  5.000
14.960  5.327  -1184.025  118.318  5.000
14.970  5.458  -1205.329  97.014  5.000
14.980  5.005  -1181.862  120.480  5.000
14.990  4.812  -1141.326  161.017  5.000
15.000  5.148  -1026.015  276.327  5.000
15.010  5.630  -1082.338  220.004  5.000
15.020  4.661  -1095.045  207.297  5.000
15.030  4.426  -1102.644  199.699  5.000
15.040  5.958  -1024.474  277.868  5.000
15.050  5.324  -988.168  314.174  5.000
15.060  3.790  -1101.681  200.662  5.000
15.070  4.082  -1056.775  245.568  5.000
15.080  6.786  -1001.984  300.359  5.000
15.090  6.421  -1006.437  295.905  5.000
15.100  5.057  -1133.583  168.759  5.000
15.110  3.904  -1155.831  146.511  5.000
15.120  4.539  -1063.244  239.099  5.000
15.130  6.298  -1062.304  240.039  5.000
15.140  5.664  -1011.542  290.800  5.000
15.150  3.734  -1060.817  241.525  5.000
15.160  4.187  -1086.211  216.132  5.000
15.170  6.888  -1041.617  260.725  5.000
15.180  6.571  -1050.990  251.352  5.000
15.190  5.428  -1219.239  83.104  5.000
15.200  3.906  -1183.139  119.204  5.000
15.210  5.074  -1153.507  148.835  5.000
15.220  6.872  -1117.439  184.904  5.000
15.230  5.506  -1165.417  136.925  5.000
15.240  4.305  -1207.227  95.116  5.000
15.250  5.478  -1178.250  124.092  5.000
15.260  7.001  -1158.932  143.411  5.000
15.270  4.828  -1191.688  110.654  5.000
15.280  4.032  -1260.107  42.236  5.000
15.290  6.413  -1183.340  119.002  5.000
15.300  7.181  -1104.487  197.855  5.000
15.310  5.100  -1195.711  106.632  5.000
15.320  4.268  -1266.551  35.791  5.000
15.330  6.661  -1217.974  84.368  5.000
15.340  7.762  -1169.820  132.522  5.000
15.350  4.673  -1249.334  53.008  5.000
15.360  4.809  -192.271  -39.815  6.000
15.370  7.790  -136.560  15.896  7.000
15.380  7.807  -18.403  134.053  8.000
15.390  5.709  -32.772  119.685  9.000
15.400  7.823  104.555  257.012  10.000
15.410  12.388  373.362  525.818  11.000
15.420  18.714  628.474  780.930  12.000
15.430  18.978  529.167  681.624  13.000
15.440  15.898  660.027  812.484  14.000
15.450  13.622  195.882  348.338  15.000
15.460  12.494  172.885  325.342  15.000
15.470  15.908  328.498  480.954  15.000
15.480  19.039  436.956  589.413  15.000
15.490  16.548  626.861  779.317  15.000
15.500  12.954  479.127  631.584  15.000
15.510  14.864  110.516  262.973  15.000
15.520  18.610  259.772  412.229  15.000
15.530  18.899  360.507  512.964  15.000
15.540  16.396  243.278  395.735  15.000
15.550  13.802  313.794  466.251  15.000
15.560  17.958  82.379  234.836  15.000
15.570  20.669  166.437  318.894  15.000
15.580  16.527  410.938  563.394  15.000
15.590  13.859  331.861  484.317  15.000
15.600  17.951  16.229  168.686  15.000
15.610  20.237  260.161  412.617  15.000
15.620  17.542  370.310  522.767  15.000
15.630  15.302  242.157  394.613  15.000
15.640  17.120  154.315  306.772  15.000
15.650  20.317  39.191  191.648  15.000
15.660  17.402  35.545  188.001  15.000
15.670  15.906  51.327  203.784  15.000
15.680  19.715  -233.637  -81.180  15.000
15.690  20.795  -28.975  123.482  15.000
15.700  16.559  159.215  311.672  15.000
15.710  16.999  -230.660  -78.203  15.000
15.720  18.286  -44.010  108.447  15.000
15.730  18.181  -40.370  112.087  15.000
15.740  17.010  -165.184  -12.727  15.000
15.750  18.440  -161.112  -8.655  15.000
15.760  19.196  -79.812  72.644  15.000
15.770  17.225  -177.586  -25.129  15.000
15.780  18.380  -151.068  1.389  15.000
15.790  18.443  -167.279  -14.822  15.000
15.800  17.976  -192.687  -40.230  15.000
15.810  18.245  -95.924  56.532  15.000
15.820  17.746  -135.990  16.466  15.000
15.830  18.044  -147.151  5.305  15.000
15.840  18.025  -154.551  -2.094  15.000
15.850  18.132  -173.515  -21.059  15.000
15.860  18.079  -140.990  11.467  15.000
15.870  17.802  -194.342  -41.886  15.000
15.880  17.935  -207.014  -54.557  15.000
15.890  17.779  -162.632  -10.175  15.000
15.900  17.754  -132.416  20.041  15.000
15.910  17.735  -223.459  -71.003  15.000
15.920  17.810  -226.224  -73.767  15.000
15.930  17.772  -175.878  -23.421  15.000
15.940  17.709  -182.401  -29.944  15.000
15.950  17.695  -165.669  -13.212  15.000
15.960  17.643  -139.339  13.117  15.000
15.970  17.553  -210.228  -57.772  15.000
15.980  17.693  -207.829  -55.372  15.000
15.990  17.507  -145.879  6.578  15.000
16.000  17.476  -131.844  20.613  15.000
16.010  17.585  -125.927  26.530  15.000
16.020  17.464  -203.400  -50.944  15.000
16.030  17.437  -190.865  -38.408  15.000
16.040  17.345  -141.208  11.249  15.000
16.050  17.402  -131.676  20.781  15.000
16.060  17.358  -184.125  -31.668  15.000
16.070  17.350  -180.331  -27.874  15.000
16.080  17.310  -197.045  -44.588  15.000
16.090  17.358  -156.930  -4.473  15.000
16.100  17.272  -136.983  15.473  15.000
16.110  17.233  -193.971  -41.514  15.000
16.120  17.312  -174.023  -21.567  15.000
16.130  17.234  -179.056  -26.599  15.000
16.140  17.157  -163.334  -10.878  15.000
16.150  17.168  -176.925  -24.468  15.000
16.160  17.128  -238.098  -85.641  15.000
16.170  17.119  -214.274  -61.818  15.000
16.180  17.113  -188.077  -35.620  15.000
16.190  17.126  -182.193  -29.736  15.000
16.200  17.147  -169.673  -17.216  15.000
16.210  17.032  -167.794  -15.337  15.000
16.220  16.944  -192.223  -39.766  15.000
16.230  17.022  -155.087  -2.630  15.000
16.240  17.030  -205.479  -53.022  15.000
16.250  16.973  -181.126  -28.669  15.000
16.260  17.024  -172.137  -19.680  15.000
16.270  16.886  -127.578  24.879  15.000
16.280  16.855  -94.964  57.493  15.000
16.290  16.842  -116.390  36.067  15.000
16.300  16.956  -201.559  -49.102  15.000
16.310  16.904  -151.369  1.087  15.000
16.320  16.786  -140.892  11.565  15.000
16.330  16.766  -150.629  1.828  15.000
16.340  16.854  -149.334  3.122  15.000
16.350  16.902  -161.762  -9.305  15.000
16.360  16.889  -140.086  12.371  5.000
16.370  16.527  -129.897  22.559  5.000
16.380  12.532  -496.282  -343.825  5.000
16.390  9.164  -643.848  -491.391  5.000
16.400  7.078  -817.210  -664.753  5.000
16.410  6.477  -716.503  -564.046  5.000
16.420  6.548  -677.493  -525.036  5.000
16.430  6.571  -650.003  -497.546  5.000
16.440  6.485  -666.452  -513.996  5.000
16.450  6.176  -625.499  -473.042  5.000
16.460  5.878  -602.528  -450.071  5.000
16.470  5.691  -614.790  -462.333  5.000
16.480  5.363  -582.579  -430.123  5.000
16.490  5.246  -551.924  -399.467  5.000
16.500  5.081  -549.317  -396.861  5.000
16.510  5.067  -515.981  -363.525  5.000
16.520  4.931  -508.493  -356.036  5.000
16.530  4.760  -480.946  -328.489  5.000
16.540  4.891  -460.361  -307.904  5.000
16.550  4.636  -442.287  -289.830  5.000
16.560  4.490  -386.785  -234.328  5.000
16.570  4.554  -396.946  -244.489  5.000
16.580  4.594  -380.622  -228.166  5.000
16.590  4.253  -363.528  -211.071  5.000
16.600  4.152  -368.240  -215.783  5.000
16.610  4.103  -338.076  -185.619  5.000
16.620  4.007  -320.659  -168.202  5.000
16.630  3.983  -320.338  -167.881  5.000
16.640  3.739  -324.610  -172.153  5.000
16.650  3.871  -300.182  -147.725  5.000
16.660  4.109  -313.772  -161.315  5.000
16.670  3.934  -299.097  -146.640  5.000
16.680  3.669  -299.464  -147.008  5.000
16.690  3.812  -261.142  -108.686  5.000
16.700  4.090  -282.391  -129.934  5.000
16.710  3.912  -285.606  -133.149  5.000
16.720  3.636  -271.784  -119.327  5.000
16.730  3.818  -233.371  -80.914  5.000
16.740  3.966  -236.072  -83.615  5.000
16.750  3.638  -262.908  -110.451  5.000
16.760  3.765  -233.378  -80.921  5.000
16.770  3.865  -250.817  -98.360  5.000
16.780  3.873  -246.659  -94.203  5.000
16.790  3.802  -246.382  -93.925  5.000
16.800  3.672  -202.058  -49.601  5.000
16.810  3.636  -193.328  -40.872  5.000
16.820  3.835  -173.974  -21.518  5.000
16.830  3.671  -188.512  -36.056  5.000
16.840  3.613  -162.314  -9.857  5.000
16.850  3.607  -164.948  -12.492  5.000
16.860  3.958  -137.652  14.805  5.000
16.870  3.766  -181.390  -28.933  5.000
16.880  3.834  -198.517  -46.060  5.000
16.890  3.643  -215.827  -63.370  5.000
16.900  3.649  -151.281  1.176  5.000
16.910  3.812  -160.479  -8.022  5.000
16.920  3.723  -169.493  -17.036  5.000
16.930  3.932  -160.085  -7.628  5.000
16.940  3.838  -198.205  -45.748  5.000
16.950  3.568  -156.239  -3.782  5.000
16.960  3.718  -141.181  11.276  5.000
16.970  3.673  -123.833  28.623  5.000
16.980  3.831  -125.556  26.900  5.000
16.990  3.883  -168.603  -16.146  5.000
17.000  3.710  -135.297  17.159  5.000
17.010  3.692  -145.455  7.002  5.000
17.020  3.698  -153.836  -1.379  5.000
17.030  3.831  -123.591  28.866  5.000
17.040  3.916  -141.089  11.368  5.000
17.050  3.825  -132.262  20.195  5.000
17.060  3.838  -98.000  54.457  5.000
17.070  3.642  -142.067  10.389  5.000
17.080  3.894  -142.963  9.493  5.000
17.090  3.881  -123.825  28.631  5.000
17.100  3.939  -107.710  44.747  5.000
17.110  3.936  -117.375  35.082  5.000
17.120  3.855  -120.275  32.181  5.000
17.130  3.701  -125.697  26.760  5.000
17.140  3.803  -131.644  20.812  5.000
17.150  3.948  -122.066  30.391  5.000
17.160  3.892  -117.997  34.459  5.000
17.170  3.913  -146.540  5.917  5.000
17.180  3.811  -142.907  9.550  5.000
17.190  3.793  -131.362  21.095  5.000
17.200  4.073  -134.550  17.907  5.000
17.210  3.767  -116.738  35.719  5.000
17.220  4.173  -144.638  7.819  5.000
17.230  3.994  -133.163  19.294  5.000
17.240  3.938  -123.624  28.832  5.000
17.250  3.909  -128.451  24.006  5.000
17.260  3.751  -135.391  17.066  5.000
17.270  3.739  -137.462  14.995  5.000
17.280  3.890  -138.906  13.551  5.000
17.290  4.043  -151.204  1.253  5.000
17.300  3.925  -151.831  0.625  5.000
17.310  3.779  -125.865  26.591  5.000
17.320  3.904  -122.636  29.820  5.000
17.330  3.941  -142.798  9.658  5.000
17.340  4.016  -130.135  22.322  5.000
17.350  3.933  -126.427  26.030  5.000
17.360  3.977  -118.996  33.461  5.000
17.370  4.061  -144.948  7.508  5.000
17.380  3.773  -150.022  2.435  5.000
17.390  3.830  -142.976  9.481  5.000
17.400  3.864  -143.819  8.638  5.000
17.410  3.896  -128.052  24.405  5.000
17.420  3.746  -91.195  61.261  5.000
17.430  3.917  -106.846  45.611  5.000
17.440  3.883  -144.035  8.422  5.000
17.450  4.116  -111.066  41.391  5.000
17.460  3.608  -96.346  56.111  5.000
17.470  4.054  -74.902  77.555  5.000
17.480  4.337  -114.805  37.651  5.000
17.490  4.389  -142.021  10.436  5.000
17.500  3.950  -119.168  33.289  5.000
17.510  4.308  -126.415  26.042  5.000
17.520  4.274  -146.688  5.769  5.000
17.530  4.130  -128.977  23.480  5.000
17.540  4.130  -130.591  21.866  5.000
17.550  4.327  -155.353  -2.896  5.000
17.560  4.010  -137.597  14.859  5.000
17.570  3.817  -106.843  45.614  5.000
17.580  4.151  -83.103  69.354  5.000
17.590  4.298  -132.889  19.568  5.000
17.600  4.005  -155.643  -3.186  5.000
17.610  4.268  -133.666  18.790  5.000
17.620  4.122  -134.032  18.425  5.000
17.630  3.876  -115.502  36.955  5.000
17.640  4.259  -109.887  42.570  5.000
17.650  4.184  -148.014  4.443  5.000
17.660  4.341  -147.118  5.339  5.000
17.670  4.169  -140.217  12.240  5.000
17.680  4.119  -127.513  24.944  5.000
17.690  4.052  -99.504  52.952  5.000
17.700  4.410  -122.388  30.069  5.000
17.710  4.139  -155.127  -2.670  5.000
17.720  4.335  -146.691  5.766  5.000
17.730  4.157  -140.187  12.269  5.000
17.740  4.188  -125.783  26.674  5.000
17.750  4.264  -119.423  33.034  5.000
17.760  4.274  -140.118  12.339  5.000
17.770  4.352  -157.227  -4.771  5.000
17.780  4.173  -148.713  3.743  5.000
17.790  4.263  -100.285  52.172  5.000
17.800  4.307  -149.168  3.289  5.000
17.810  4.293  -135.373  17.084  5.000
17.820  4.123  -128.246  24.210  5.000
17.830  3.958  -82.694  69.763  5.000
17.840  4.430  -83.515  68.942  5.000
17.850  4.653  -131.434  21.023  5.000
17.860  4.414  -177.079  -24.622  5.000
17.870  4.209  -157.162  -4.705  5.000
17.880  4.276  -132.608  19.849  5.000
17.890  4.471  -156.368  -3.911  5.000
17.900  4.472  -130.116  22.340  5.000
17.910  4.036  -149.585  2.872  5.000
17.920  4.374  -138.607  13.849  5.000
17.930  4.438  -106.125  46.332  5.000
17.940  4.378  -174.189  -21.733  5.000
17.950  4.383  -164.469  -12.013  5.000
17.960  4.177  -119.187  33.269  5.000
17.970  4.250  -101.106  51.351  5.000
17.980  4.535  -112.621  39.836  5.000
17.990  4.386  -97.726  54.731  5.000
18.000  4.763  -157.893  -5.436  5.000
18.010  4.338  -177.104  -24.647  5.000
18.020  4.439  -172.059  -19.603  5.000
18.030  4.163  -140.559  11.898  5.000
18.040  4.372  -118.262  34.194  5.000
18.050  4.633  -116.290  36.167  5.000
18.060  4.306  -124.708  27.748  5.000
18.070  4.324  -113.493  38.964  5.000
18.080  4.440  -119.142  33.315  5.000
18.090  4.434  -129.675  22.782  5.000
18.100  4.579  -128.879  23.578  5.000
18.110  4.575  -162.838  -10.381  5.000
18.120  4.537  -164.861  -12.405  5.000
18.130  4.282  -140.030  12.427  5.000
18.140  4.484  -127.375  25.081  5.000
18.150  4.542  -124.270  28.187  5.000
18.160  4.512  -124.549  27.907  5.000
18.170  4.540  -139.913  12.544  5.000
18.180  4.423  -159.287  -6.830  5.000
18.190  4.405  -138.656  13.800  5.000
18.200  4.878  -152.618  -0.161  5.000
18.210  4.678  -177.846  -25.390  5.000
18.220  4.518  -190.835  -38.378  5.000
18.230  4.351  -141.148  11.309  5.000
18.240  4.646  -91.535  60.922  5.000
18.250  4.695  -128.753  23.704  5.000
18.260  4.465  -159.248  -6.791  5.000
18.270  4.419  -124.932  27.525  5.000
18.280  4.574  -115.539  36.918  5.000
18.290  4.482  -140.283  12.174  5.000
18.300  4.581  -143.114  9.342  5.000
18.310  4.576  -129.214  23.242  5.000
18.320  4.376  -126.383  26.073  5.000
18.330  4.597  -96.346  56.111  5.000
18.340  4.740  -139.706  12.751  5.000
18.350  4.723  -145.478  6.978  5.000
18.360  4.679  -184.567  -32.110  5.000
18.370  4.590  704.355  -3.220  6.000
18.380  4.501  751.008  43.433  7.000
18.390  5.345  918.551  210.976  8.000
18.400  6.885  1018.515  310.940  9.000
18.410  8.195  1056.830  349.255  10.000
18.420  10.453  1217.597  510.022  11.000
18.430  13.920  1341.180  633.605  12.000
18.440  11.621  1442.531  734.956  13.000
18.450  8.400  1372.638  665.063  14.000
18.460  12.685  1172.518  464.943  15.000
18.470  16.411  1369.358  661.783  15.000
18.480  18.277  1343.129  635.553  15.000
18.490  16.825  1165.187  457.612  15.000
18.500  13.295  1009.841  302.266  15.000
18.510  10.846  1192.965  485.390  15.000
18.520  15.306  1008.350  300.775  15.000
18.530  18.339  1113.317  405.742  15.000
18.540  16.395  1062.159  354.584  15.000
18.550  13.028  863.047  155.472  15.000
18.560  13.610  1001.528  293.953  15.000
18.570  17.397  978.165  270.590  15.000
18.580  19.309  1165.236  457.661  15.000
18.590  16.368  1267.397  559.822  15.000
18.600  13.316  1177.269  469.694  15.000
18.610  15.061  916.818  209.243  15.000
18.620  18.746  940.852  233.277  15.000
18.630  17.651  1061.115  353.539  15.000
18.640  14.323  1125.136  417.561  15.000
18.650  14.659  745.658  38.083  15.000
18.660  17.466  913.854  206.279  15.000
18.670  18.551  959.399  251.824  15.000
18.680  15.703  978.886  271.311  15.000
18.690  14.637  1004.437  296.862  15.000
18.700  19.001  797.745  90.170  15.000
18.710  19.803  890.869  183.294  15.000
18.720  15.827  843.071  135.496  15.000
18.730  15.233  742.597  35.022  15.000
18.740  18.696  853.437  145.862  15.000
18.750  19.061  854.406  146.831  15.000
18.760  15.848  947.272  239.697  15.000
18.770  16.859  805.078  97.503  15.000
18.780  17.625  800.720  93.145  15.000
18.790  17.077  760.368  52.793  15.000
18.800  17.213  730.768  23.193  15.000
18.810  17.227  731.008  23.433  15.000
18.820  17.109  702.242  -5.333  15.000
18.830  17.374  709.819  2.244  15.000
18.840  16.961  691.854  -15.721  15.000
18.850  17.226  729.558  21.983  15.000
18.860  17.301  688.831  -18.744  15.000
18.870  17.192  697.773  -9.802  15.000
18.880  17.132  697.681  -9.894  15.000
18.890  16.863  699.761  -7.814  15.000
18.900  17.029  730.184  22.609  15.000
18.910  17.031  695.266  -12.309  15.000
18.920  16.991  733.019  25.444  15.000
18.930  17.095  683.304  -24.271  15.000
18.940  17.032  675.329  -32.246  15.000
18.950  17.097  703.243  -4.332  15.000
18.960  16.757  711.660  4.085  15.000
18.970  16.839  729.085  21.510  15.000
18.980  16.898  700.618  -6.957  15.000
18.990  16.841  703.088  -4.487  15.000
19.000  16.906  723.122  15.547  15.000
19.010  16.696  739.806  32.231  15.000
19.020  16.854  677.704  -29.871  15.000
19.030  16.758  645.436  -62.139  15.000
19.040  16.871  716.124  8.549  15.000
19.050  16.730  713.871  6.296  15.000
19.060  16.690  709.808  2.233  15.000
19.070  16.699  717.779  10.204  15.000
19.080  16.685  706.192  -1.383  15.000
19.090  16.667  672.870  -34.705  15.000
19.100  16.672  678.145  -29.430  15.000
19.110  16.685  697.240  -10.336  15.000
19.120  16.614  710.094  2.519  15.000
19.130  16.597  681.930  -25.645  15.000
19.140  16.587  683.239  -24.336  15.000
19.150  16.533  728.177  20.602  15.000
19.160  16.476  774.626  67.050  15.000
19.170  16.547  707.846  0.271  15.000
19.180  16.573  708.701  1.126  15.000
19.190  16.643  765.788  58.213  15.000
19.200  16.423  743.176  35.601  15.000
19.210  16.417  702.832  -4.743  15.000
19.220  16.426  683.665  -23.910  15.000
19.230  16.486  697.884  -9.691  15.000
19.240  16.434  701.676  -5.899  15.000
19.250  16.458  689.486  -18.089  15.000
19.260  16.393  747.556  39.981  15.000
19.270  16.411  701.260  -6.315  15.000
19.280  16.371  672.726  -34.849  15.000
19.290  16.371  704.056  -3.519  15.000
19.300  16.287  696.721  -10.854  15.000
19.310  16.302  653.102  -54.474  15.000
19.320  16.354  704.857  -2.718  15.000
19.330  16.350  727.116  19.541  15.000
19.340  16.321  690.868  -16.707  15.000
19.350  16.251  714.798  7.223  15.000
19.360  16.203  723.532  15.957  15.000
19.370  16.206  744.838  37.263  5.000
19.380  15.869  698.694  -8.881  5.000
19.390  11.849  454.516  -253.059  5.000
19.400  9.027  238.312  -469.263  5.000
19.410  6.868  8.089  -699.486  5.000
19.420  6.213  62.902  -644.673  5.000
19.430  6.224  190.169  -517.406  5.000
19.440  6.585  206.586  -500.989  5.000
19.450  6.425  168.515  -539.060  5.000
19.460  5.856  227.138  -480.437  5.000
19.470  5.661  278.695  -428.880  5.000
19.480  5.442  276.849  -430.726  5.000
19.490  5.106  295.443  -412.132  5.000
19.500  4.938  308.414  -399.161  5.000
19.510  4.936  347.843  -359.732  5.000
19.520  4.952  360.827  -346.748  5.000
19.530  4.786  379.174  -328.401  5.000
19.540  4.557  413.205  -294.370  5.000
19.550  4.574  469.869  -237.706  5.000
19.560  4.853  433.946  -273.629  5.000
19.570  4.505  415.769  -291.806  5.000
19.580  4.183  480.638  -226.937  5.000
19.590  4.135  503.851  -203.724  5.000
19.600  4.099  528.323  -179.252  5.000
19.610  4.123  489.401  -218.174  5.000
19.620  4.006  516.129  -191.446  5.000
19.630  3.949  553.422  -154.153  5.000
19.640  3.999  525.615  -181.960  5.000
19.650  3.845  532.476  -175.099  5.000
19.660  3.748  522.875  -184.700  5.000
19.670  4.029  531.432  -176.143  5.000
19.680  3.832  529.824  -177.751  5.000
19.690  3.518  593.659  -113.916  5.000
19.700  3.932  595.112  -112.463  5.000
19.710  4.037  553.881  -153.694  5.000
19.720  3.668  548.561  -159.014  5.000
19.730  3.437  633.738  -73.837  5.000
19.740  4.033  669.117  -38.458  5.000
19.750  4.047  592.182  -115.393  5.000
19.760  3.543  550.430  -157.145  5.000
19.770  3.382  615.691  -91.884  5.000
19.780  3.569  692.446  -15.129  5.000
19.790  3.953  687.873  -19.702  5.000
19.800  3.850  656.340  -51.235  5.000
19.810  3.699  626.486  -81.089  5.000
19.820  3.592  662.347  -45.228  5.000
19.830  3.724  670.213  -37.362  5.000
19.840  3.609  670.782  -36.793  5.000
19.850  3.748  696.437  -11.138  5.000
19.860  3.888  629.156  -78.419  5.000
19.870  3.766  643.784  -63.791  5.000
19.880  3.428  671.905  -35.670  5.000
19.890  3.444  702.952  -4.624  5.000
19.900  3.639  746.317  38.742  5.000
19.910  3.870  717.390  9.815  5.000
19.920  3.672  692.405  -15.171  5.000
19.930  3.684  674.175  -33.400  5.000
19.940  3.671  691.282  -16.293  5.000
19.950  3.661  709.243  1.668  5.000
19.960  3.605  715.554  7.979  5.000
19.970  3.640  740.586  33.011  5.000
19.980  3.490  729.970  22.395  5.000
19.990  3.583  758.383  50.808  5.000
20.000  3.710  736.136  28.561  5.000
20.010  3.597  739.553  31.978  5.000
20.020  3.644  744.220  36.645  5.000
20.030  3.820  746.916  39.341  5.000
20.040  3.726  740.145  32.570  5.000
20.050  3.823  717.372  9.797  5.000
20.060  3.845  719.352  11.777  5.000
20.070  3.814  752.428  44.853  5.000
20.080  4.184  719.767  12.192  5.000
20.090  3.936  698.905  -8.670  5.000
20.100  4.016  733.865  26.290  5.000
20.110  3.660  723.310  15.735  5.000
20.120  3.612  726.168  18.593  5.000
20.130  3.816  749.041  41.466  5.000
20.140  3.741  746.240  38.665  5.000
20.150  3.713  735.830  28.255  5.000
20.160  3.765  733.375  25.800  5.000
20.170  3.798  737.163  29.588  5.000
20.180  3.857  727.029  19.453  5.000
20.190  4.050  728.315  20.740  5.000
20.200  3.918  736.039  28.464  5.000
20.210  4.023  746.139  38.564  5.000
20.220  3.992  720.986  13.411  5.000
20.230  3.955  693.891  -13.684  5.000
20.240  4.232  698.730  -8.845  5.000
20.250  4.118  695.475  -12.100  5.000
20.260  4.007  718.106  10.531  5.000
20.270  3.893  709.335  1.760  5.000
20.280  3.930  723.274  15.699  5.000
20.290  3.790  725.120  17.544  5.000
20.300  3.834  740.601  33.026  5.000
20.310  4.038  707.068  -0.507  5.000
20.320  4.011  738.562  30.987  5.000
20.330  3.766  746.582  39.007  5.000
20.340  3.996  726.394  18.819  5.000
20.350  3.896  727.690  20.115  5.000
20.360  3.786  733.039  25.464  5.000
20.370  3.995  709.248  1.673  5.000
20.380  3.985  752.641  45.066  5.000
20.390  4.207  729.026  21.451  5.000
20.400  3.986  714.295  6.720  5.000
20.410  3.983  751.236  43.661  5.000
20.420  3.864  732.575  25.000  5.000
20.430  4.025  699.228  -8.347  5.000
20.440  4.002  692.708  -14.867  5.000
20.450  3.902  721.548  13.973  5.000
