# This is based on https://github.com/RespiraWorks/VentilatorSoftware/blob/f426ea02efdd4b04b6fe720802c9cd23de6b0672/sample-data/2020-06-21-RunForRecord2-AIR-and-OXY/20200621-RunForRecord2-OXY/covent_pc_1.dat
# rearranged into the form GUI expects with a breath_id added using a shell script
# on the condition "pressure setpoint transitioned from non-5.000 to 5.000".
#
# covent_pc_1
# Captured 2020-06-21 05:14:27.386497 by unknown user
# Built at revision 050777a (dirty)
time(sec) pressure net_flow volume breath_id
0.000 5.667 -233.806 73.983 2
0.010 5.589 -232.729 71.650 2
0.020 5.479 -228.642 69.343 2
0.030 5.544 -219.585 67.103 2
0.040 5.453 -223.112 64.889 2
0.050 5.459 -225.080 62.648 2
0.060 5.443 -227.451 60.385 2
0.070 5.403 -224.689 58.125 2
0.080 5.459 -227.066 55.866 2
0.090 5.372 -224.952 53.606 2
0.100 5.340 -216.816 51.397 2
0.110 5.241 -212.850 49.249 2
0.120 5.209 -219.122 47.089 2
0.130 5.224 -218.032 44.903 2
0.140 5.121 -212.851 42.749 2
0.150 5.183 -217.641 40.596 2
0.160 5.078 -206.394 38.476 2
0.170 5.112 -207.432 36.407 2
0.180 5.013 -204.259 34.348 2
0.190 4.890 -188.934 32.383 2
0.200 4.881 -193.064 30.473 2
0.210 4.966 -200.847 28.503 2
0.220 5.014 -184.126 26.578 2
0.230 4.941 -189.755 24.709 2
0.240 4.828 -186.164 22.829 2
0.250 4.773 -177.953 21.009 2
0.260 4.800 -167.564 19.281 2
0.270 4.911 -164.983 17.618 2
0.280 4.850 -170.058 15.943 2
0.290 4.839 -152.767 14.329 2
0.300 4.853 -146.026 12.835 2
0.310 4.868 -151.495 11.348 2
0.320 4.824 -139.647 9.892 2
0.330 4.776 -138.906 8.499 2
0.340 4.839 -129.745 7.156 2
0.350 4.762 -121.917 5.898 2
0.360 4.778 -104.561 4.765 2
0.370 4.864 -96.848 3.758 2
0.380 4.864 -91.740 2.815 2
0.390 4.834 -88.066 1.916 2
0.400 4.864 -87.865 1.037 2
0.410 4.812 -72.820 0.233 2
0.420 4.839 -69.259 -0.477 2
0.430 4.733 -49.701 -1.072 2
0.440 4.863 -53.787 -1.589 2
0.450 4.813 -34.665 -2.032 2
0.460 4.864 -25.029 -2.330 2
0.470 4.814 -16.239 -2.537 2
0.480 4.870 -19.678 -2.716 2
0.490 4.772 -2.016 -2.825 2
0.500 4.830 -11.968 -2.895 2
0.510 4.921 -18.007 -3.044 2
0.520 4.939 13.056 -3.069 2
0.530 4.932 21.355 -2.897 2
0.540 4.832 28.026 -2.650 2
0.550 4.859 35.354 -2.333 2
0.560 4.990 22.594 -2.044 2
0.570 5.007 25.098 -1.805 2
0.580 4.931 35.143 -1.504 2
0.590 4.927 39.742 -1.129 2
0.600 4.933 42.930 -0.716 2
0.610 5.003 47.262 -0.265 2
0.620 5.030 27.312 0.108 2
0.630 5.022 38.174 0.435 2
0.640 4.981 51.492 0.884 2
0.650 5.113 29.207 1.287 2
0.660 5.040 64.270 1.754 2
0.670 5.007 42.953 2.290 2
0.680 5.044 60.336 2.807 2
0.690 5.101 42.437 3.321 2
0.700 5.042 53.053 3.798 2
0.710 5.056 35.270 4.240 2
0.720 5.166 19.866 4.516 2
0.730 5.088 51.663 4.873 2
0.740 5.081 37.665 5.320 2
0.750 5.152 37.799 5.697 2
0.760 5.179 38.079 6.076 2
0.770 5.051 40.032 6.467 2
0.780 5.166 32.938 6.832 2
0.790 5.369 90.225 7.448 2
0.800 5.790 135.646 8.577 2
0.810 6.349 245.873 10.484 2
0.820 7.039 341.991 13.424 2
0.830 7.326 392.624 17.097 2
0.840 7.944 442.848 21.274 2
0.850 7.994 526.403 26.120 2
0.860 8.502 537.180 31.438 2
0.870 8.907 604.599 37.147 2
0.880 10.045 695.416 43.647 2
0.890 9.936 725.510 50.752 2
0.900 9.819 766.194 58.210 2
0.910 10.193 664.044 65.364 2
0.920 9.994 800.073 72.682 2
0.930 10.102 692.127 80.143 2
0.940 10.245 702.424 87.116 2
0.950 10.724 709.213 94.174 2
0.960 11.179 661.740 101.029 2
0.970 10.802 742.566 108.049 2
0.980 11.290 634.041 114.932 2
0.990 10.968 882.934 122.519 2
1.000 11.520 728.504 130.574 2
1.010 11.667 685.920 137.647 2
1.020 11.667 705.529 144.604 2
1.030 11.755 748.242 151.873 2
1.040 11.727 813.316 159.680 2
1.050 12.465 628.022 166.887 2
1.060 12.291 692.157 173.488 2
1.070 13.106 672.115 180.309 2
1.080 12.655 665.806 186.999 2
1.090 12.814 725.950 193.958 2
1.100 13.109 659.285 200.884 2
1.110 13.137 665.972 207.510 2
1.120 12.860 950.688 215.594 2
1.130 13.747 582.815 223.260 2
1.140 13.761 713.087 229.740 2
1.150 13.487 698.457 236.798 2
1.160 13.745 702.631 243.803 2
1.170 13.930 660.437 250.620 2
1.180 14.330 663.404 257.238 2
1.190 13.919 879.219 264.951 2
1.200 14.371 698.221 272.839 2
1.210 14.692 604.518 279.352 2
1.220 14.503 768.664 286.217 2
1.230 14.752 700.423 293.562 2
1.240 15.007 588.836 300.011 2
1.250 15.050 705.813 306.482 2
1.260 15.047 747.978 313.751 2
1.270 15.321 685.022 320.917 2
1.280 15.314 638.396 327.533 2
1.290 15.988 661.720 334.034 2
1.300 14.914 1017.596 342.430 2
1.310 16.222 583.169 350.434 2
1.320 15.608 660.021 356.650 2
1.330 15.935 653.480 363.217 2
1.340 16.192 595.787 369.464 2
1.350 15.674 713.789 376.012 2
1.360 16.051 684.327 383.002 2
1.370 15.280 634.667 389.597 2
1.380 15.815 562.092 395.581 2
1.390 16.131 557.362 401.178 2
1.400 15.912 559.570 406.762 2
1.410 16.503 512.246 412.121 2
1.420 16.377 546.616 417.417 2
1.430 16.489 512.214 422.710 2
1.440 15.797 569.040 428.116 2
1.450 16.553 476.465 433.345 2
1.460 15.814 556.876 438.510 2
1.470 15.992 474.312 443.666 2
1.480 15.982 453.434 448.305 2
1.490 15.989 440.625 452.775 2
1.500 16.317 472.107 457.340 2
1.510 16.052 426.675 461.832 2
1.520 16.761 395.705 465.945 2
1.530 16.838 378.081 469.813 2
1.540 16.024 347.520 473.441 2
1.550 15.283 366.798 477.013 2
1.560 15.481 310.936 480.402 2
1.570 15.992 271.885 483.316 2
1.580 15.978 270.892 486.030 2
1.590 15.603 248.079 488.625 2
1.600 15.735 238.827 491.060 2
1.610 16.005 221.762 493.363 2
1.620 15.731 172.885 495.335 2
1.630 15.736 215.492 497.277 2
1.640 15.745 162.770 499.168 2
1.650 15.711 142.397 500.694 2
1.660 15.504 130.189 502.057 2
1.670 15.688 79.388 503.105 2
1.680 15.170 105.954 504.032 2
1.690 15.372 60.499 504.864 2
1.700 15.395 39.920 505.366 2
1.710 15.473 39.887 505.765 2
1.720 15.435 1.662 505.973 2
1.730 15.141 1.086 505.987 2
1.740 15.337 -17.472 505.905 2
1.750 15.149 -20.241 505.716 2
1.760 15.340 -17.845 505.526 2
1.770 15.173 -47.785 505.198 3
1.780 14.978 -580.174 502.058 3
1.790 9.455 -719.453 495.560 3
1.800 11.748 -404.574 489.940 3
1.810 12.646 -669.911 484.567 3
1.820 13.204 -403.041 479.202 3
1.830 12.789 -491.772 474.728 3
1.840 12.634 -451.090 470.014 3
1.850 12.333 -472.719 465.395 3
1.860 12.421 -461.585 460.723 3
1.870 12.303 -450.841 456.161 3
1.880 12.139 -457.808 451.617 3
1.890 12.176 -455.974 447.050 3
1.900 12.008 -465.126 442.444 3
1.910 11.919 -445.284 437.892 3
1.920 11.728 -442.077 433.455 3
1.930 11.720 -446.781 429.011 3
1.940 11.717 -442.776 424.563 3
1.950 11.602 -437.876 420.160 3
1.960 11.575 -459.499 415.673 3
1.970 11.348 -443.905 411.156 3
1.980 11.331 -443.255 406.720 3
1.990 11.216 -438.971 402.309 3
2.000 11.125 -431.373 397.957 3
2.010 11.054 -435.420 393.623 3
2.020 11.042 -435.586 389.268 3
2.030 10.905 -428.638 384.946 3
2.040 10.799 -426.600 380.671 3
2.050 10.779 -421.182 376.433 3
2.060 10.736 -410.036 372.276 3
2.070 10.568 -419.397 368.129 3
2.080 10.602 -403.970 364.012 3
2.090 10.301 -410.258 359.941 3
2.100 10.340 -407.870 355.850 3
2.110 10.259 -412.839 351.747 3
2.120 10.220 -408.229 347.642 3
2.130 10.195 -396.040 343.620 3
2.140 10.027 -392.782 339.676 3
2.150 10.063 -405.071 335.687 3
2.160 10.007 -402.211 331.651 3
2.170 9.942 -401.251 327.633 3
2.180 9.867 -393.291 323.661 3
2.190 9.842 -399.067 319.699 3
2.200 9.685 -386.779 315.770 3
2.210 9.612 -382.252 311.925 3
2.220 9.480 -384.321 308.092 3
2.230 9.467 -385.702 304.242 3
2.240 9.421 -390.642 300.360 3
2.250 9.334 -387.061 296.472 3
2.260 9.293 -369.209 292.690 3
2.270 9.212 -377.386 288.957 3
2.280 9.222 -384.305 285.148 3
2.290 9.194 -376.190 281.347 3
2.300 9.030 -365.581 277.638 3
2.310 9.017 -368.854 273.966 3
2.320 8.980 -375.589 270.243 3
2.330 8.935 -361.884 266.556 3
2.340 8.795 -361.016 262.942 3
2.350 8.756 -356.773 259.353 3
2.360 8.637 -353.006 255.804 3
2.370 8.698 -358.589 252.246 3
2.380 8.603 -361.348 248.646 3
2.390 8.544 -352.476 245.077 3
2.400 8.534 -353.964 241.545 3
2.410 8.404 -353.635 238.007 3
2.420 8.389 -344.576 234.516 3
2.430 8.327 -346.371 231.061 3
2.440 8.287 -345.314 227.603 3
2.450 8.265 -340.849 224.172 3
2.460 8.135 -339.161 220.772 3
2.470 8.197 -345.059 217.351 3
2.480 8.083 -345.657 213.897 3
2.490 7.965 -338.309 210.477 3
2.500 7.910 -326.622 207.153 3
2.510 7.823 -324.051 203.899 3
2.520 7.806 -322.692 200.665 3
2.530 7.694 -323.612 197.434 3
2.540 7.674 -328.659 194.173 3
2.550 7.579 -315.251 190.954 3
2.560 7.623 -327.381 187.740 3
2.570 7.525 -322.747 184.490 3
2.580 7.526 -321.949 181.266 3
2.590 7.481 -306.308 178.125 3
2.600 7.336 -313.231 175.028 3
2.610 7.345 -317.639 171.873 3
2.620 7.264 -304.332 168.763 3
2.630 7.230 -310.726 165.688 3
2.640 7.126 -300.713 162.631 3
2.650 7.164 -304.149 159.606 3
2.660 7.142 -308.094 156.545 3
2.670 7.056 -298.335 153.512 3
2.680 6.992 -297.505 150.534 3
2.690 6.966 -300.621 147.543 3
2.700 6.861 -297.342 144.554 3
2.710 6.869 -294.146 141.596 3
2.720 6.818 -289.663 138.677 3
2.730 6.778 -289.157 135.782 3
2.740 6.749 -286.562 132.905 3
2.750 6.695 -291.468 130.014 3
2.760 6.688 -288.517 127.114 3
2.770 6.574 -279.986 124.272 3
2.780 6.565 -288.134 121.431 3
2.790 6.474 -274.289 118.618 3
2.800 6.442 -284.874 115.823 3
2.810 6.393 -276.023 113.019 3
2.820 6.369 -272.107 110.278 3
2.830 6.360 -280.361 107.516 3
2.840 6.314 -266.481 104.782 3
2.850 6.239 -268.639 102.106 3
2.860 6.167 -259.492 99.466 3
2.870 6.163 -268.241 96.827 3
2.880 6.065 -257.234 94.200 3
2.890 6.070 -263.798 91.595 3
2.900 6.073 -266.746 88.942 3
2.910 6.015 -263.179 86.292 3
2.920 5.950 -256.993 83.691 3
2.930 5.940 -253.685 81.138 3
2.940 5.894 -251.454 78.612 3
2.950 5.872 -251.228 76.099 3
2.960 5.767 -245.490 73.615 3
2.970 5.752 -239.257 71.191 3
2.980 5.710 -241.751 68.787 3
2.990 5.720 -245.535 66.350 3
3.000 5.649 -239.296 63.926 3
3.010 5.624 -237.939 61.540 3
3.020 5.617 -233.503 59.182 3
3.030 5.560 -229.873 56.866 3
3.040 5.537 -227.984 54.577 3
3.050 5.529 -234.169 52.266 3
3.060 5.462 -226.864 49.961 3
3.070 5.450 -231.282 47.670 3
3.080 5.397 -222.966 45.399 3
3.090 5.400 -231.680 43.126 3
3.100 5.327 -221.151 40.862 3
3.110 5.357 -219.953 38.656 3
3.120 5.277 -212.002 36.496 3
3.130 5.242 -213.967 34.366 3
3.140 5.186 -216.692 32.213 3
3.150 5.159 -212.653 30.066 3
3.160 5.180 -211.346 27.946 3
3.170 5.067 -202.275 25.878 3
3.180 4.994 -197.653 23.879 3
3.190 5.020 -214.730 21.817 3
3.200 4.999 -198.193 19.752 3
3.210 4.964 -200.477 17.759 3
3.220 4.994 -199.834 15.757 3
3.230 4.879 -195.734 13.779 3
3.240 4.918 -195.755 11.822 3
3.250 4.873 -186.964 9.909 3
3.260 4.846 -184.301 8.052 3
3.270 4.818 -185.655 6.202 3
3.280 4.848 -176.181 4.393 3
3.290 4.790 -163.609 2.694 3
3.300 4.772 -153.991 1.106 3
3.310 4.809 -152.678 -0.427 3
3.320 4.782 -144.622 -1.914 3
3.330 4.752 -134.331 -3.308 3
3.340 4.805 -126.517 -4.613 3
3.350 4.792 -121.982 -5.855 3
3.360 4.861 -121.304 -7.071 3
3.370 4.850 -111.120 -8.234 3
3.380 4.847 -105.541 -9.317 3
3.390 4.829 -92.121 -10.305 3
3.400 4.855 -90.178 -11.217 3
3.410 4.789 -70.307 -12.019 3
3.420 4.862 -77.331 -12.757 3
3.430 4.848 -74.409 -13.516 3
3.440 4.860 -56.249 -14.169 3
3.450 4.849 -56.472 -14.733 3
3.460 4.858 -32.247 -15.177 3
3.470 4.871 -31.969 -15.498 3
3.480 4.947 -44.898 -15.882 3
3.490 4.917 -18.117 -16.197 3
3.500 4.828 -28.038 -16.428 3
3.510 4.836 -17.061 -16.653 3
3.520 4.814 6.763 -16.705 3
3.530 4.896 -12.484 -16.733 3
3.540 4.886 0.481 -16.793 3
3.550 4.927 3.794 -16.772 3
3.560 4.908 24.322 -16.631 3
3.570 4.940 18.681 -16.416 3
3.580 4.889 22.011 -16.213 3
3.590 4.967 19.783 -16.004 3
3.600 4.977 31.658 -15.747 3
3.610 4.922 46.511 -15.356 3
3.620 4.915 30.750 -14.970 3
3.630 4.957 28.955 -14.671 3
3.640 5.003 33.466 -14.359 3
3.650 5.033 44.350 -13.970 3
3.660 4.997 53.883 -13.479 3
3.670 5.047 49.926 -12.960 3
3.680 4.893 49.374 -12.463 3
3.690 5.043 50.814 -11.962 3
3.700 4.983 42.287 -11.497 3
3.710 5.066 46.994 -11.050 3
3.720 5.061 32.955 -10.651 3
3.730 5.171 46.028 -10.256 3
3.740 5.020 43.738 -9.807 3
3.750 5.128 47.664 -9.350 3
3.760 5.150 28.799 -8.967 3
3.770 5.237 45.172 -8.598 3
3.780 5.137 47.403 -8.135 3
3.790 5.179 55.737 -7.619 3
3.800 5.414 106.150 -6.810 3
3.810 5.662 147.032 -5.544 3
3.820 6.365 244.110 -3.588 3
3.830 7.190 323.864 -0.748 3
3.840 7.388 406.996 2.906 3
3.850 7.601 490.486 7.393 3
3.860 8.069 529.680 12.494 3
3.870 8.685 544.100 17.863 3
3.880 9.104 558.455 23.375 3
3.890 10.338 564.232 28.989 3
3.900 10.092 759.567 35.608 3
3.910 10.204 692.660 42.870 3
3.920 9.963 728.002 49.972 3
3.930 10.149 637.387 56.799 3
3.940 10.556 675.622 63.364 3
3.950 9.980 979.212 71.638 3
3.960 10.990 634.693 79.710 3
3.970 10.839 700.280 86.383 3
3.980 11.460 697.636 93.373 3
3.990 11.010 738.882 100.555 3
4.000 11.310 794.226 108.222 3
4.010 10.994 969.428 117.039 3
4.020 12.156 610.979 124.941 3
4.030 11.702 758.987 131.790 3
4.040 11.487 915.388 140.162 3
4.050 12.662 580.301 147.642 3
4.060 12.210 887.030 154.977 3
4.070 12.376 683.771 162.831 3
4.080 12.542 713.828 169.819 3
4.090 12.680 718.300 176.980 3
4.100 12.945 664.484 183.894 3
4.110 13.052 686.138 190.648 3
4.120 13.498 654.693 197.352 3
4.130 13.108 820.002 204.724 3
4.140 13.638 663.091 212.140 3
4.150 13.751 588.453 218.399 3
4.160 13.900 711.190 224.896 3
4.170 13.918 684.826 231.875 3
4.180 13.888 754.807 239.073 3
4.190 14.249 699.744 246.346 3
4.200 14.090 793.304 253.813 3
4.210 14.437 688.034 261.218 3
4.220 14.873 601.506 267.666 3
4.230 14.556 772.116 274.534 3
4.240 14.709 756.744 282.181 3
4.250 14.994 748.717 289.705 3
4.260 14.952 716.634 297.032 3
4.270 15.595 643.900 303.835 3
4.280 15.315 709.793 310.603 3
4.290 15.589 638.536 317.346 3
4.300 15.505 736.791 324.222 3
4.310 15.313 780.096 331.805 3
4.320 15.734 661.787 339.015 3
4.330 16.090 664.907 345.648 3
4.340 16.433 632.602 352.136 3
4.350 16.313 656.501 358.581 3
4.360 15.428 643.632 365.082 3
4.370 15.960 512.615 370.865 3
4.380 15.169 617.975 376.516 3
4.390 15.749 602.726 382.619 3
4.400 15.946 591.111 388.589 3
4.410 16.071 545.145 394.270 3
4.420 16.136 576.685 399.879 3
4.430 15.885 621.003 405.867 3
4.440 15.780 594.793 411.946 3
4.450 16.662 517.213 417.506 3
4.460 15.638 624.449 423.214 3
4.470 16.445 539.600 429.035 3
4.480 15.648 480.239 434.134 3
4.490 16.019 453.725 438.805 3
4.500 16.092 434.754 443.246 3
4.510 15.714 445.457 447.648 3
4.520 16.178 412.116 451.935 3
4.530 16.434 463.178 456.311 3
4.540 16.605 403.637 460.645 3
4.550 16.216 425.260 464.790 3
4.560 15.590 362.098 468.727 3
4.570 15.994 327.905 472.177 3
4.580 15.175 365.248 475.642 3
4.590 15.718 299.800 478.968 3
4.600 16.037 294.353 481.939 3
4.610 16.090 248.230 484.651 3
4.620 16.051 227.157 487.028 3
4.630 15.631 218.682 489.257 3
4.640 15.874 218.367 491.443 3
4.650 15.837 188.553 493.477 3
4.660 16.122 150.851 495.174 3
4.670 15.475 161.388 496.736 3
4.680 15.449 129.671 498.191 3
4.690 15.117 124.960 499.464 3
4.700 15.347 87.097 500.524 3
4.710 15.528 89.666 501.408 3
4.720 15.562 62.918 502.171 3
4.730 15.668 29.766 502.635 3
4.740 15.280 0.720 502.787 3
4.750 15.170 8.524 502.833 3
4.760 15.165 -2.317 502.864 3
4.770 15.477 -29.070 502.707 3
4.780 15.274 -31.058 502.407 4
4.790 14.946 -495.094 499.776 4
4.800 9.472 -748.252 493.560 4
4.810 11.891 -388.920 487.873 4
4.820 12.652 -700.331 482.428 4
4.830 13.294 -387.128 476.990 4
4.840 12.940 -496.398 472.573 4
4.850 12.746 -435.302 467.914 4
4.860 12.330 -444.486 463.515 4
4.870 12.431 -454.580 459.019 4
4.880 12.390 -458.611 454.454 4
4.890 12.301 -460.324 449.859 4
4.900 12.125 -444.761 445.334 4
4.910 11.884 -446.479 440.878 4
4.920 11.868 -430.959 436.490 4
4.930 11.766 -442.611 432.123 4
4.940 11.752 -430.263 427.759 4
4.950 11.586 -434.899 423.433 4
4.960 11.614 -437.804 419.069 4
4.970 11.603 -446.530 414.648 4
4.980 11.436 -427.834 410.275 4
4.990 11.389 -451.666 405.878 4
5.000 11.195 -418.282 401.528 4
5.010 11.180 -428.535 397.294 4
5.020 11.143 -426.965 393.017 4
5.030 11.053 -417.504 388.795 4
5.040 10.898 -415.718 384.629 4
5.050 10.829 -409.195 380.504 4
5.060 10.785 -406.629 376.424 4
5.070 10.722 -418.452 372.299 4
5.080 10.760 -416.770 368.123 4
5.090 10.679 -419.221 363.943 4
5.100 10.471 -394.717 359.874 4
5.110 10.491 -399.880 355.901 4
5.120 10.410 -406.105 351.871 4
5.130 10.360 -402.305 347.829 4
5.140 10.322 -399.321 343.821 4
5.150 10.275 -400.742 339.821 4
5.160 10.053 -398.476 335.824 4
5.170 9.990 -395.649 331.854 4
5.180 9.968 -389.057 327.931 4
5.190 9.861 -394.318 324.014 4
5.200 9.835 -373.535 320.174 4
5.210 9.770 -384.522 316.384 4
5.220 9.699 -384.786 312.538 4
5.230 9.653 -385.330 308.687 4
5.240 9.603 -376.260 304.879 4
5.250 9.544 -377.815 301.108 4
5.260 9.452 -370.525 297.367 4
5.270 9.421 -377.436 293.627 4
5.280 9.378 -378.422 289.848 4
5.290 9.270 -368.142 286.115 4
5.300 9.258 -361.938 282.465 4
5.310 9.175 -364.739 278.832 4
5.320 9.095 -361.923 275.198 4
5.330 9.101 -366.765 271.555 4
5.340 9.017 -361.713 267.913 4
5.350 8.850 -351.357 264.348 4
5.360 8.850 -352.370 260.829 4
5.370 8.706 -349.879 257.317 4
5.380 8.692 -347.244 253.832 4
5.390 8.620 -337.157 250.410 4
5.400 8.567 -340.946 247.019 4
5.410 8.628 -359.083 243.519 4
5.420 8.477 -339.456 240.026 4
5.430 8.436 -342.374 236.618 4
5.440 8.283 -332.189 233.245 4
5.450 8.238 -330.299 229.932 4
5.460 8.199 -333.581 226.613 4
5.470 8.162 -342.585 223.232 4
5.480 8.159 -328.502 219.877 4
5.490 8.042 -320.668 216.631 4
5.500 8.033 -329.104 213.382 4
5.510 7.969 -317.344 210.150 4
5.520 7.866 -322.754 206.949 4
5.530 7.861 -323.352 203.719 4
5.540 7.813 -317.266 200.516 4
5.550 7.675 -312.652 197.366 4
5.560 7.684 -316.384 194.221 4
5.570 7.651 -310.247 191.088 4
5.580 7.614 -309.406 187.990 4
5.590 7.535 -299.944 184.943 4
5.600 7.460 -306.262 181.912 4
5.610 7.417 -304.376 178.859 4
5.620 7.432 -301.458 175.830 4
5.630 7.361 -301.533 172.815 4
5.640 7.338 -296.893 169.822 4
5.650 7.273 -292.902 166.874 4
5.660 7.162 -300.001 163.909 4
5.670 7.229 -302.773 160.895 4
5.680 7.118 -290.855 157.927 4
5.690 7.127 -296.129 154.992 4
5.700 6.998 -285.526 152.084 4
5.710 6.893 -286.907 149.222 4
5.720 6.927 -283.672 146.369 4
5.730 6.872 -282.216 143.540 4
5.740 6.817 -288.672 140.685 4
5.750 6.841 -279.392 137.845 4
5.760 6.686 -269.842 135.099 4
5.770 6.610 -274.584 132.377 4
5.780 6.675 -275.855 129.625 4
5.790 6.578 -272.250 126.884 4
5.800 6.546 -276.250 124.142 4
5.810 6.504 -272.242 121.399 4
5.820 6.410 -265.718 118.709 4
5.830 6.415 -266.755 116.047 4
5.840 6.322 -259.679 113.415 4
5.850 6.322 -258.947 110.822 4
5.860 6.257 -261.030 108.222 4
5.870 6.231 -253.164 105.651 4
5.880 6.207 -256.728 103.102 4
5.890 6.161 -259.935 100.518 4
5.900 6.138 -253.201 97.953 4
5.910 6.086 -248.081 95.446 4
5.920 6.115 -253.015 92.940 4
5.930 6.057 -244.463 90.453 4
5.940 6.009 -240.146 88.030 4
5.950 5.901 -240.983 85.624 4
5.960 5.923 -240.573 83.217 4
5.970 5.899 -236.637 80.831 4
5.980 5.834 -230.797 78.494 4
5.990 5.751 -235.710 76.161 4
6.000 5.811 -238.854 73.788 4
6.010 5.749 -226.315 71.463 4
6.020 5.679 -228.891 69.186 4
6.030 5.643 -223.661 66.924 4
6.040 5.626 -227.616 64.668 4
6.050 5.578 -224.350 62.408 4
6.060 5.539 -217.745 60.197 4
6.070 5.516 -219.254 58.012 4
6.080 5.493 -217.756 55.827 4
6.090 5.454 -215.197 53.662 4
6.100 5.354 -205.114 51.560 4
6.110 5.448 -220.056 49.435 4
6.120 5.326 -204.775 47.311 4
6.130 5.344 -206.929 45.252 4
6.140 5.302 -198.851 43.224 4
6.150 5.240 -203.728 41.211 4
6.160 5.170 -198.755 39.198 4
6.170 5.133 -200.539 37.202 4
6.180 5.162 -195.754 35.220 4
6.190 5.137 -193.494 33.274 4
6.200 5.116 -194.511 31.334 4
6.210 5.090 -197.061 29.376 4
6.220 4.992 -181.152 27.485 4
6.230 4.967 -192.111 25.619 4
6.240 4.936 -184.146 23.738 4
6.250 4.891 -184.629 21.894 4
6.260 4.877 -184.602 20.048 4
6.270 4.894 -178.665 18.231 4
6.280 4.875 -175.896 16.458 4
6.290 4.913 -175.190 14.703 4
6.300 4.904 -172.978 12.962 4
6.310 4.873 -165.162 11.271 4
6.320 4.810 -151.819 9.687 4
6.330 4.795 -142.459 8.215 4
6.340 4.835 -144.079 6.783 4
6.350 4.830 -136.122 5.382 4
6.360 4.842 -139.178 4.005 4
6.370 4.793 -132.111 2.649 4
6.380 4.795 -116.258 1.407 4
6.390 4.823 -109.226 0.279 4
6.400 4.876 -98.239 -0.758 4
6.410 4.828 -98.878 -1.743 4
6.420 4.858 -81.718 -2.646 4
6.430 4.835 -91.317 -3.512 4
6.440 4.808 -81.381 -4.375 4
6.450 4.837 -64.054 -5.102 4
6.460 4.863 -64.271 -5.744 4
6.470 4.851 -50.124 -6.316 4
6.480 4.849 -33.129 -6.732 4
6.490 4.916 -48.050 -7.138 4
6.500 4.927 -34.127 -7.549 4
6.510 4.862 -39.957 -7.919 4
6.520 4.897 -23.644 -8.237 4
6.530 4.856 -25.058 -8.481 4
6.540 4.881 -11.345 -8.663 4
6.550 4.874 -2.149 -8.730 4
6.560 4.889 7.445 -8.704 4
6.570 4.941 13.311 -8.600 4
6.580 4.918 10.117 -8.483 4
6.590 4.827 18.132 -8.342 4
6.600 4.867 15.455 -8.174 4
6.610 4.925 20.807 -7.992 4
6.620 4.974 23.108 -7.773 4
6.630 4.955 44.636 -7.434 4
6.640 4.900 42.038 -7.001 4
6.650 4.990 39.602 -6.592 4
6.660 4.897 40.031 -6.194 4
6.670 5.006 30.482 -5.842 4
6.680 5.112 44.622 -5.466 4
6.690 4.985 47.293 -5.007 4
6.700 4.931 45.382 -4.543 4
6.710 4.943 47.791 -4.078 4
6.720 5.038 42.069 -3.628 4
6.730 4.997 64.282 -3.096 4
6.740 5.046 44.562 -2.552 4
6.750 5.002 40.742 -2.126 4
6.760 5.041 47.729 -1.683 4
6.770 5.071 53.675 -1.176 4
6.780 5.068 63.296 -0.591 4
6.790 5.060 43.063 -0.060 4
6.800 5.221 45.972 0.385 4
6.810 5.324 123.105 1.231 4
6.820 5.758 195.855 2.826 4
6.830 6.378 271.017 5.160 4
6.840 7.142 344.364 8.237 4
6.850 7.363 410.757 12.012 4
6.860 7.605 490.945 16.521 4
6.870 8.083 495.739 21.454 4
6.880 8.619 557.107 26.719 4
6.890 8.941 658.145 32.795 4
6.900 9.799 722.741 39.699 4
6.910 9.745 916.037 47.893 4
6.920 10.666 572.632 55.336 4
6.930 10.079 728.551 61.842 4
6.940 10.112 717.607 69.073 4
6.950 10.327 678.737 76.055 4
6.960 10.465 679.776 82.847 4
6.970 10.589 964.371 91.067 4
6.980 10.705 692.376 99.351 4
6.990 10.696 958.924 107.608 4
7.000 10.979 777.897 116.292 4
7.010 10.865 802.538 124.194 4
7.020 11.412 646.846 131.441 4
7.030 11.721 674.228 138.046 4
7.040 11.651 719.310 145.017 4
7.050 11.881 714.709 152.185 4
7.060 11.516 980.169 160.658 4
7.070 12.233 702.323 169.072 4
7.080 12.304 732.424 176.244 4
7.090 12.382 778.768 183.800 4
7.100 12.839 638.684 190.887 4
7.110 12.980 709.429 197.628 4
7.120 12.924 713.754 204.743 4
7.130 13.349 703.506 211.830 4
7.140 12.900 941.024 220.052 4
7.150 13.302 662.268 228.069 4
7.160 13.845 673.691 234.749 4
7.170 13.400 913.316 242.684 4
7.180 13.764 701.476 250.759 4
7.190 14.128 682.345 257.677 4
7.200 14.234 655.051 264.364 4
7.210 14.680 665.220 270.965 4
7.220 14.554 736.353 277.974 4
7.230 14.915 596.986 284.639 4
7.240 14.839 648.433 290.866 4
7.250 14.947 778.474 298.001 4
7.260 15.131 692.841 305.357 4
7.270 15.348 673.853 312.191 4
7.280 14.973 735.930 319.240 4
7.290 15.583 634.342 326.091 4
7.300 15.547 698.159 332.754 4
7.310 15.420 652.472 339.509 4
7.320 15.244 771.895 346.629 4
7.330 15.449 720.261 354.089 4
7.340 15.823 648.593 360.933 4
7.350 15.706 696.171 367.657 4
7.360 16.543 587.450 374.076 4
7.370 16.552 581.516 379.920 4
7.380 15.908 633.741 385.996 4
7.390 14.897 685.708 392.593 4
7.400 15.189 649.652 399.271 4
7.410 16.169 561.946 405.328 4
7.420 15.789 611.399 411.195 4
7.430 15.999 615.461 417.329 4
7.440 16.505 604.555 423.429 4
7.450 16.306 540.878 429.156 4
7.460 16.512 550.233 434.612 4
7.470 16.101 571.456 440.221 4
7.480 16.328 496.182 445.559 4
7.490 15.717 486.692 450.473 4
7.500 16.055 473.041 455.272 4
7.510 15.587 520.620 460.239 4
7.520 15.771 416.131 464.923 4
7.530 16.206 451.548 469.262 4
7.540 16.385 418.671 473.613 4
7.550 16.360 448.415 477.949 4
7.560 16.629 445.032 482.415 4
7.570 15.918 367.127 486.476 4
7.580 15.623 334.643 489.985 4
7.590 15.348 343.817 493.377 4
7.600 15.831 270.749 496.450 4
7.610 15.903 312.407 499.366 4
7.620 15.892 275.041 502.303 4
7.630 15.773 244.200 504.899 4
7.640 15.898 193.631 507.088 4
7.650 15.783 216.971 509.141 4
7.660 16.025 172.848 511.090 4
7.670 15.955 163.956 512.774 4
7.680 15.689 141.729 514.303 4
7.690 15.270 130.011 515.661 4
7.700 15.633 107.803 516.850 4
7.710 15.206 95.818 517.869 4
7.720 15.525 49.040 518.593 4
7.730 15.493 54.160 519.109 4
7.740 15.541 17.475 519.467 4
7.750 15.268 -3.855 519.535 4
7.760 15.343 -9.757 519.467 4
7.770 15.310 -23.136 519.303 4
7.780 15.405 -46.847 518.953 4
7.790 15.262 -77.507 518.331 5
7.800 14.945 -567.671 515.105 5
7.810 9.839 -770.262 508.416 5
7.820 11.984 -436.811 502.380 5
7.830 12.706 -596.190 497.215 5
7.840 13.240 -388.857 492.290 5
7.850 12.826 -502.484 487.833 5
7.860 12.709 -437.370 483.133 5
7.870 12.368 -452.254 478.686 5
7.880 12.418 -452.428 474.163 5
7.890 12.344 -446.620 469.667 5
7.900 12.193 -453.652 465.166 5
7.910 12.177 -452.567 460.635 5
7.920 11.992 -444.640 456.148 5
7.930 11.991 -450.657 451.673 5
7.940 11.882 -436.796 447.235 5
7.950 11.731 -435.201 442.874 5
7.960 11.711 -446.263 438.468 5
7.970 11.671 -434.560 434.064 5
7.980 11.583 -421.874 429.782 5
7.990 11.538 -444.336 425.451 5
8.000 11.443 -441.431 421.022 5
8.010 11.285 -422.199 416.704 5
8.020 11.199 -419.641 412.495 5
8.030 11.132 -429.571 408.249 5
8.040 11.143 -430.741 403.947 5
8.050 10.992 -427.930 399.654 5
8.060 10.967 -414.678 395.441 5
8.070 10.785 -414.659 391.293 5
8.080 10.742 -401.547 387.213 5
8.090 10.683 -424.608 383.083 5
8.100 10.726 -407.733 378.921 5
8.110 10.684 -412.888 374.818 5
8.120 10.511 -398.475 370.761 5
8.130 10.328 -404.213 366.747 5
8.140 10.334 -407.228 362.689 5
8.150 10.257 -396.432 358.672 5
8.160 10.211 -410.962 354.635 5
8.170 10.149 -381.033 350.675 5
8.180 10.066 -389.094 346.825 5
8.190 9.975 -396.753 342.896 5
8.200 10.027 -402.730 338.898 5
8.210 9.816 -390.294 334.933 5
8.220 9.804 -388.434 331.039 5
8.230 9.713 -386.571 327.164 5
8.240 9.658 -378.064 323.341 5
8.250 9.513 -376.925 319.565 5
8.260 9.496 -372.494 315.819 5
8.270 9.456 -366.121 312.126 5
8.280 9.436 -375.213 308.419 5
8.290 9.250 -366.724 304.710 5
8.300 9.244 -361.685 301.068 5
8.310 9.183 -368.351 297.418 5
8.320 9.188 -361.900 293.767 5
8.330 9.020 -360.880 290.152 5
8.340 9.084 -358.089 286.558 5
8.350 8.987 -356.462 282.985 5
8.360 8.939 -359.486 279.405 5
8.370 8.839 -364.316 275.785 5
8.380 8.792 -353.542 272.197 5
8.390 8.746 -346.314 268.698 5
8.400 8.570 -346.874 265.232 5
8.410 8.595 -338.952 261.803 5
8.420 8.530 -342.384 258.396 5
8.430 8.437 -345.146 254.958 5
8.440 8.349 -347.082 251.497 5
8.450 8.355 -338.597 248.069 5
8.460 8.314 -340.721 244.672 5
8.470 8.220 -330.369 241.317 5
8.480 8.211 -333.135 238.000 5
8.490 8.181 -336.970 234.648 5
8.500 8.153 -335.040 231.289 5
8.510 8.001 -322.767 228.000 5
8.520 7.951 -327.349 224.749 5
8.530 7.933 -323.005 221.498 5
8.540 7.803 -323.267 218.266 5
8.550 7.844 -314.838 215.076 5
8.560 7.724 -313.763 211.933 5
8.570 7.719 -313.797 208.795 5
8.580 7.694 -317.173 205.640 5
8.590 7.587 -313.444 202.487 5
8.600 7.498 -312.460 199.358 5
8.610 7.452 -303.179 196.280 5
8.620 7.439 -310.182 193.213 5
8.630 7.421 -298.894 190.167 5
8.640 7.341 -299.521 187.175 5
8.650 7.278 -298.459 184.186 5
8.660 7.240 -290.291 181.242 5
8.670 7.171 -298.618 178.297 5
8.680 7.172 -295.041 175.329 5
8.690 7.085 -287.621 172.416 5
8.700 7.020 -285.297 169.551 5
8.710 6.997 -287.261 166.689 5
8.720 6.991 -285.979 163.822 5
8.730 6.875 -282.247 160.981 5
8.740 6.868 -281.051 158.165 5
8.750 6.779 -273.940 155.390 5
8.760 6.759 -279.738 152.621 5
8.770 6.763 -274.415 149.851 5
8.780 6.694 -277.106 147.093 5
8.790 6.635 -270.303 144.356 5
8.800 6.713 -274.679 141.631 5
8.810 6.545 -267.774 138.919 5
8.820 6.551 -267.038 136.245 5
8.830 6.477 -275.036 133.534 5
8.840 6.471 -259.828 130.860 5
8.850 6.368 -263.693 128.243 5
8.860 6.358 -265.412 125.597 5
8.870 6.367 -264.837 122.946 5
8.880 6.308 -260.672 120.318 5
8.890 6.268 -255.843 117.736 5
8.900 6.229 -260.038 115.156 5
8.910 6.136 -255.094 112.581 5
8.920 6.112 -246.854 110.071 5
8.930 6.113 -253.675 107.568 5
8.940 6.031 -242.213 105.089 5
8.950 5.954 -243.932 102.658 5
8.960 5.965 -240.352 100.237 5
8.970 5.924 -246.373 97.803 5
8.980 5.872 -235.096 95.396 5
8.990 5.875 -239.708 93.022 5
9.000 5.869 -238.318 90.632 5
9.010 5.812 -236.007 88.260 5
9.020 5.805 -232.599 85.917 5
9.030 5.777 -226.180 83.623 5
9.040 5.698 -229.377 81.345 5
9.050 5.703 -225.760 79.070 5
9.060 5.643 -218.277 76.850 5
9.070 5.624 -224.379 74.637 5
9.080 5.516 -224.922 72.390 5
9.090 5.497 -217.079 70.180 5
9.100 5.491 -218.865 68.000 5
9.110 5.449 -215.580 65.828 5
9.120 5.390 -204.737 63.727 5
9.130 5.364 -209.465 61.656 5
9.140 5.339 -203.200 59.592 5
9.150 5.316 -209.027 57.531 5
9.160 5.279 -206.639 55.452 5
9.170 5.230 -210.221 53.368 5
9.180 5.220 -200.824 51.313 5
9.190 5.196 -199.149 49.313 5
9.200 5.177 -195.713 47.339 5
9.210 5.148 -201.435 45.353 5
9.220 5.030 -182.330 43.435 5
9.230 5.045 -190.368 41.571 5
9.240 5.110 -197.998 39.629 5
9.250 5.012 -181.925 37.730 5
9.260 4.991 -187.579 35.882 5
9.270 4.930 -179.529 34.047 5
9.280 4.927 -179.496 32.251 5
9.290 4.919 -187.421 30.417 5
9.300 4.916 -178.879 28.586 5
9.310 4.874 -173.844 26.822 5
9.320 4.865 -172.219 25.092 5
9.330 4.821 -158.872 23.436 5
9.340 4.775 -162.773 21.828 5
9.350 4.776 -144.813 20.290 5
9.360 4.796 -143.459 18.849 5
9.370 4.846 -128.113 17.491 5
9.380 4.793 -128.367 16.209 5
9.390 4.845 -121.802 14.957 5
9.400 4.772 -112.026 13.789 5
9.410 4.845 -105.002 12.703 5
9.420 4.811 -107.683 11.640 5
9.430 4.859 -100.102 10.601 5
9.440 4.853 -77.609 9.712 5
9.450 4.786 -78.969 8.930 5
9.460 4.835 -75.035 8.160 5
9.470 4.855 -59.982 7.484 5
9.480 4.826 -69.922 6.835 5
9.490 4.820 -43.471 6.268 5
9.500 4.824 -40.155 5.850 5
9.510 4.831 -38.325 5.458 5
9.520 4.863 -30.492 5.113 5
9.530 4.891 -9.715 4.912 5
9.540 4.807 2.086 4.874 5
9.550 4.938 4.913 4.909 5
9.560 4.932 -8.648 4.891 5
9.570 4.900 5.572 4.875 5
9.580 4.844 11.330 4.960 5
9.590 4.857 13.661 5.085 5
9.600 4.886 15.404 5.230 5
9.610 4.926 14.669 5.380 5
9.620 5.018 25.371 5.581 5
9.630 4.911 34.877 5.882 5
9.640 4.890 37.282 6.243 5
9.650 4.904 40.922 6.634 5
9.660 5.001 36.319 7.020 5
9.670 5.032 44.893 7.426 5
9.680 5.002 55.611 7.928 5
9.690 4.994 40.972 8.411 5
9.700 4.900 49.798 8.865 5
9.710 4.997 47.338 9.351 5
9.720 5.041 40.753 9.791 5
9.730 5.062 57.728 10.284 5
9.740 5.091 62.268 10.884 5
9.750 4.949 50.934 11.450 5
9.760 5.102 33.291 11.871 5
9.770 5.031 45.852 12.266 5
9.780 5.103 46.506 12.728 5
9.790 5.031 47.149 13.197 5
9.800 5.101 26.591 13.565 5
9.810 5.088 54.068 13.968 5
9.820 5.388 103.909 14.758 5
9.830 5.816 178.559 16.171 5
9.840 6.342 272.797 18.427 5
9.850 7.137 324.622 21.415 5
9.860 7.235 402.317 25.049 5
9.870 7.584 461.575 29.370 5
9.880 8.219 513.764 34.245 5
9.890 8.674 593.143 39.779 5
9.900 8.954 539.789 45.444 5
9.910 10.296 609.468 51.191 5
9.920 10.089 732.462 57.902 5
9.930 10.389 712.736 65.126 5
9.940 10.103 689.373 72.138 5
9.950 9.936 762.922 79.398 5
9.960 9.891 1003.016 88.227 5
9.970 10.657 770.759 97.096 5
9.980 10.657 671.713 104.309 5
9.990 11.238 638.691 110.861 5
10.000 10.981 719.536 117.652 5
10.010 11.252 718.014 124.839 5
10.020 11.343 690.812 131.884 5
10.030 11.437 692.105 138.797 5
10.040 11.814 654.814 145.534 5
10.050 11.821 738.010 152.496 5
10.060 11.653 852.663 160.449 5
10.070 12.211 619.271 167.809 5
10.080 12.076 663.500 174.224 5
10.090 12.512 678.245 180.932 5
10.100 12.322 739.465 188.022 5
10.110 12.880 646.478 194.950 5
10.120 12.282 778.739 202.076 5
10.130 13.149 717.902 209.559 5
10.140 12.554 979.154 218.045 5
10.150 12.960 752.647 226.705 5
10.160 13.449 677.209 233.855 5
10.170 13.370 781.399 241.147 5
10.180 13.341 738.599 248.745 5
10.190 13.864 718.388 256.032 5
10.200 13.448 979.579 264.520 5
10.210 14.306 657.210 272.704 5
10.220 14.200 662.594 279.303 5
10.230 14.673 671.910 285.977 5
10.240 14.276 807.455 293.372 5
10.250 14.709 647.723 300.648 5
10.260 15.048 619.945 306.986 5
10.270 14.736 774.466 313.958 5
10.280 15.547 641.876 321.039 5
10.290 14.928 685.577 327.678 5
10.300 15.442 641.384 334.311 5
10.310 15.379 710.693 341.074 5
10.320 15.738 635.546 347.803 5
10.330 15.523 683.531 354.398 5
10.340 15.580 768.077 361.657 5
10.350 15.857 652.678 368.762 5
10.360 16.077 709.175 375.569 5
10.370 16.576 566.019 381.945 5
10.380 16.029 624.437 387.898 5
10.390 15.186 662.537 394.333 5
10.400 15.468 644.364 400.867 5
10.410 15.156 619.345 407.186 5
10.420 15.910 566.792 413.116 5
10.430 15.449 635.953 419.129 5
10.440 15.997 544.790 425.033 5
10.450 15.861 608.671 430.800 5
10.460 15.993 532.991 436.509 5
10.470 16.707 483.356 441.592 5
10.480 16.319 530.515 446.660 5
10.490 16.388 522.900 451.927 5
10.500 16.124 516.727 457.125 5
10.510 15.801 508.881 462.253 5
10.520 16.021 444.916 467.022 5
10.530 15.887 446.052 471.478 5
10.540 16.314 399.590 475.705 5
10.550 16.641 454.886 479.978 5
10.560 16.865 403.172 484.267 5
10.570 16.250 392.603 488.246 5
10.580 15.557 382.131 492.120 5
10.590 15.471 346.581 495.764 5
10.600 16.051 303.151 499.012 5
10.610 15.586 321.251 502.134 5
10.620 16.046 266.393 505.072 5
10.630 15.622 290.194 507.855 5
10.640 15.742 218.969 510.401 5
10.650 15.857 212.842 512.560 5
10.660 15.757 195.741 514.603 5
10.670 16.042 184.376 516.504 5
10.680 16.073 142.064 518.136 5
10.690 15.647 138.852 519.541 5
10.700 15.274 131.391 520.892 5
10.710 15.325 99.379 522.046 5
10.720 15.534 86.888 522.977 5
10.730 15.566 73.617 523.779 5
10.740 15.350 31.910 524.307 5
10.750 15.527 14.717 524.540 5
10.760 15.215 -2.189 524.603 5
10.770 15.396 -28.465 524.450 5
10.780 15.458 -39.105 524.112 5
10.790 15.259 -37.214 523.730 5
10.800 15.114 -65.458 523.217 6
10.810 14.853 -444.873 520.666 6
10.820 9.293 -699.353 514.945 6
10.830 11.970 -407.442 509.411 6
10.840 12.732 -718.031 503.784 6
10.850 13.335 -393.678 498.225 6
10.860 12.817 -487.486 493.820 6
10.870 12.797 -446.571 489.149 6
10.880 12.413 -468.734 484.573 6
10.890 12.464 -473.464 479.862 6
10.900 12.485 -465.860 475.165 6
10.910 12.229 -455.506 470.558 6
10.920 12.201 -459.363 465.984 6
10.930 11.995 -452.005 461.427 6
10.940 12.004 -451.168 456.911 6
10.950 11.936 -446.215 452.423 6
10.960 11.803 -449.518 447.946 6
10.970 11.681 -444.977 443.473 6
10.980 11.694 -447.076 439.013 6
10.990 11.635 -452.066 434.518 6
11.000 11.498 -431.905 430.098 6
11.010 11.363 -450.189 425.687 6
11.020 11.377 -439.933 421.237 6
11.030 11.139 -426.043 416.907 6
11.040 11.126 -419.937 412.677 6
11.050 11.036 -419.791 408.478 6
11.060 11.035 -416.836 404.295 6
11.070 10.958 -451.714 399.952 6
11.080 10.891 -420.150 395.593 6
11.090 10.865 -428.260 391.351 6
11.100 10.696 -416.357 387.128 6
11.110 10.636 -419.425 382.949 6
11.120 10.587 -424.006 378.732 6
11.130 10.510 -413.861 374.543 6
11.140 10.436 -406.888 370.439 6
11.150 10.338 -408.201 366.364 6
11.160 10.276 -404.304 362.300 6
11.170 10.185 -403.582 358.262 6
11.180 10.093 -395.933 354.264 6
11.190 10.110 -399.422 350.287 6
11.200 10.028 -413.240 346.224 6
11.210 9.966 -397.768 342.169 6
11.220 9.985 -402.946 338.166 6
11.230 9.883 -393.395 334.184 6
11.240 9.727 -371.741 330.359 6
11.250 9.711 -383.173 326.584 6
11.260 9.642 -394.126 322.698 6
11.270 9.526 -385.620 318.799 6
11.280 9.441 -388.351 314.929 6
11.290 9.370 -381.142 311.082 6
11.300 9.404 -377.834 307.287 6
11.310 9.309 -380.365 303.496 6
11.320 9.203 -373.550 299.726 6
11.330 9.131 -372.001 295.998 6
11.340 9.124 -375.955 292.259 6
11.350 9.106 -377.925 288.489 6
11.360 9.036 -375.694 284.721 6
11.370 8.951 -360.814 281.038 6
11.380 8.878 -353.488 277.467 6
11.390 8.841 -359.134 273.904 6
11.400 8.722 -353.266 270.341 6
11.410 8.669 -356.248 266.795 6
11.420 8.623 -352.321 263.252 6
11.430 8.557 -360.017 259.690 6
11.440 8.534 -349.044 256.145 6
11.450 8.399 -353.961 252.630 6
11.460 8.332 -338.538 249.167 6
11.470 8.359 -333.211 245.809 6
11.480 8.365 -349.112 242.397 6
11.490 8.219 -339.751 238.953 6
11.500 8.188 -340.114 235.554 6
11.510 8.109 -343.070 232.138 6
11.520 8.044 -341.756 228.714 6
11.530 8.001 -332.339 225.343 6
11.540 7.978 -330.716 222.028 6
11.550 7.968 -326.613 218.741 6
11.560 7.823 -323.712 215.490 6
11.570 7.763 -323.547 212.253 6
11.580 7.716 -323.300 209.019 6
11.590 7.723 -330.381 205.750 6
11.600 7.624 -320.275 202.497 6
11.610 7.581 -316.838 199.312 6
11.620 7.583 -312.918 196.162 6
11.630 7.477 -305.352 193.072 6
11.640 7.496 -312.975 189.980 6
11.650 7.389 -307.545 186.877 6
11.660 7.304 -304.682 183.816 6
11.670 7.289 -314.950 180.718 6
11.680 7.267 -304.972 177.618 6
11.690 7.177 -308.980 174.549 6
11.700 7.170 -303.972 171.484 6
11.710 7.092 -299.509 168.467 6
11.720 7.072 -296.276 165.488 6
11.730 7.010 -292.326 162.545 6
11.740 6.961 -287.497 159.645 6
11.750 6.933 -288.108 156.768 6
11.760 6.936 -292.954 153.863 6
11.770 6.983 -292.757 150.934 6
11.780 6.874 -285.625 148.042 6
11.790 6.798 -290.443 145.162 6
11.800 6.754 -290.950 142.255 6
11.810 6.677 -287.015 139.365 6
11.820 6.653 -279.590 136.532 6
11.830 6.616 -282.856 133.720 6
11.840 6.514 -274.706 130.932 6
11.850 6.422 -271.047 128.203 6
11.860 6.422 -271.112 125.493 6
11.870 6.408 -267.868 122.798 6
11.880 6.388 -272.836 120.094 6
11.890 6.300 -270.162 117.379 6
11.900 6.200 -257.652 114.740 6
11.910 6.260 -268.270 112.111 6
11.920 6.205 -266.884 109.434 6
11.930 6.149 -257.775 106.812 6
11.940 6.110 -256.898 104.238 6
11.950 6.165 -256.826 101.669 6
11.960 6.060 -251.409 99.128 6
11.970 6.011 -248.198 96.630 6
11.980 5.982 -257.541 94.102 6
11.990 5.971 -255.046 91.539 6
12.000 5.862 -251.786 89.005 6
12.010 5.810 -237.726 86.557 6
12.020 5.779 -235.281 84.192 6
12.030 5.782 -243.942 81.796 6
12.040 5.795 -244.914 79.351 6
12.050 5.683 -237.377 76.940 6
12.060 5.682 -232.569 74.591 6
12.070 5.568 -226.177 72.297 6
12.080 5.569 -226.601 70.033 6
12.090 5.584 -229.448 67.753 6
12.100 5.557 -224.794 65.482 6
12.110 5.548 -230.649 63.204 6
12.120 5.450 -216.996 60.966 6
12.130 5.381 -219.359 58.785 6
12.140 5.385 -208.401 56.646 6
12.150 5.360 -217.907 54.514 6
12.160 5.396 -223.670 52.306 6
12.170 5.340 -219.832 50.089 6
12.180 5.287 -218.436 47.898 6
12.190 5.277 -206.139 45.775 6
12.200 5.258 -204.798 43.720 6
12.210 5.194 -206.084 41.666 6
12.220 5.186 -207.556 39.597 6
12.230 5.068 -200.033 37.559 6
12.240 5.084 -201.975 35.549 6
12.250 5.046 -196.217 33.558 6
12.260 5.030 -199.403 31.580 6
12.270 5.008 -198.461 29.591 6
12.280 5.005 -198.326 27.607 6
12.290 4.945 -192.665 25.652 6
12.300 4.951 -190.946 23.734 6
12.310 4.891 -190.242 21.828 6
12.320 4.852 -182.255 19.966 6
12.330 4.832 -176.251 18.173 6
12.340 4.890 -179.988 16.392 6
12.350 4.809 -161.691 14.684 6
12.360 4.845 -161.700 13.067 6
12.370 4.760 -148.017 11.518 6
12.380 4.837 -158.870 9.984 6
12.390 4.820 -142.701 8.476 6
12.400 4.852 -134.033 7.092 6
12.410 4.800 -133.305 5.756 6
12.420 4.833 -121.624 4.481 6
12.430 4.743 -117.537 3.285 6
12.440 4.785 -106.787 2.163 6
12.450 4.793 -95.169 1.154 6
12.460 4.939 -96.139 0.197 6
12.470 4.868 -85.160 -0.709 6
12.480 4.822 -83.629 -1.553 6
12.490 4.809 -84.648 -2.395 6
12.500 4.797 -62.717 -3.131 6
12.510 4.816 -38.782 -3.639 6
12.520 4.860 -51.795 -4.092 6
12.530 4.893 -43.286 -4.567 6
12.540 4.836 -39.323 -4.980 6
12.550 4.942 -22.931 -5.292 6
12.560 4.862 -24.145 -5.527 6
12.570 4.825 -18.463 -5.740 6
12.580 4.868 -0.357 -5.834 6
12.590 4.919 -4.765 -5.860 6
12.600 4.907 7.704 -5.845 6
12.610 4.881 4.898 -5.782 6
12.620 4.914 -3.481 -5.775 6
12.630 4.917 0.469 -5.790 6
12.640 4.942 15.362 -5.711 6
12.650 4.858 17.078 -5.548 6
12.660 4.870 31.116 -5.308 6
12.670 4.980 20.609 -5.049 6
12.680 4.973 24.240 -4.825 6
12.690 5.023 30.373 -4.552 6
12.700 4.968 45.991 -4.170 6
12.710 5.039 31.398 -3.783 6
12.720 4.975 41.036 -3.421 6
12.730 5.001 44.574 -2.993 6
12.740 5.014 50.781 -2.516 6
12.750 5.047 48.046 -2.022 6
12.760 5.070 32.121 -1.621 6
12.770 5.104 28.693 -1.317 6
12.780 5.014 42.528 -0.961 6
12.790 5.115 41.267 -0.542 6
12.800 5.072 41.053 -0.130 6
12.810 5.155 37.824 0.264 6
12.820 5.162 64.844 0.777 6
12.830 5.301 126.102 1.732 6
12.840 5.879 167.834 3.202 6
12.850 6.424 247.054 5.276 6
12.860 7.058 328.839 8.156 6
12.870 7.602 363.046 11.615 6
12.880 7.270 516.553 16.013 6
12.890 7.937 523.977 21.216 6
12.900 8.662 498.939 26.330 6
12.910 8.951 632.414 31.987 6
12.920 9.848 780.921 39.056 6
12.930 9.863 740.344 46.660 6
12.940 10.300 683.900 53.781 6
12.950 9.831 718.439 60.795 6
12.960 9.992 693.188 67.851 6
12.970 10.090 781.947 75.226 6
12.980 10.391 656.498 82.418 6
12.990 10.915 692.997 89.165 6
13.000 10.535 917.128 97.216 6
13.010 11.048 687.820 105.242 6
13.020 10.954 661.622 111.988 6
13.030 11.529 715.125 118.872 6
13.040 11.695 757.249 126.235 6
13.050 11.333 935.643 134.698 6
13.060 11.781 661.279 142.683 6
13.070 12.187 663.084 149.306 6
13.080 11.597 963.444 157.437 6
13.090 12.501 668.488 165.596 6
13.100 12.195 728.044 172.579 6
13.110 12.355 732.065 179.880 6
13.120 12.784 726.641 187.174 6
13.130 12.423 754.999 194.580 6
13.140 12.820 672.699 201.719 6
13.150 13.252 684.246 208.504 6
13.160 13.082 687.444 215.362 6
13.170 13.779 614.126 221.870 6
13.180 13.385 711.184 228.497 6
13.190 13.312 708.257 235.594 6
13.200 14.236 679.615 242.533 6
13.210 13.987 682.585 249.344 6
13.220 14.075 692.520 256.220 6
13.230 14.472 676.330 263.063 6
13.240 14.142 677.219 269.831 6
13.250 14.649 658.901 276.512 6
13.260 14.702 719.195 283.402 6
13.270 14.743 687.226 290.434 6
13.280 15.300 650.545 297.123 6
13.290 15.289 688.803 303.820 6
13.300 15.105 655.641 310.542 6
13.310 15.651 607.755 316.859 6
13.320 15.356 709.332 323.444 6
13.330 15.634 680.706 330.395 6
13.340 15.680 656.799 337.082 6
13.350 15.826 669.760 343.714 6
13.360 16.338 652.578 350.327 6
13.370 16.557 579.945 356.490 6
13.380 15.574 633.045 362.553 6
13.390 15.459 560.487 368.524 6
13.400 15.329 623.333 374.441 6
13.410 15.656 584.714 380.482 6
13.420 15.753 611.062 386.459 6
13.430 15.593 592.594 392.478 6
13.440 16.159 513.159 398.008 6
13.450 16.307 553.555 403.341 6
13.460 16.335 553.415 408.875 6
13.470 16.644 473.361 414.009 6
13.480 16.070 532.279 419.038 6
13.490 16.026 540.518 424.400 6
13.500 15.944 494.625 429.576 6
13.510 15.535 495.306 434.526 6
13.520 15.701 461.644 439.311 6
13.530 15.955 473.706 443.987 6
13.540 15.746 444.926 448.580 6
13.550 16.640 377.753 452.694 6
13.560 16.192 470.710 456.937 6
13.570 16.301 392.446 461.252 6
13.580 16.141 421.001 465.319 6
13.590 15.934 336.934 469.109 6
13.600 15.904 359.995 472.593 6
13.610 15.284 326.788 476.028 6
13.620 15.785 283.428 479.078 6
13.630 16.029 267.793 481.835 6
13.640 15.790 243.740 484.392 6
13.650 15.875 220.769 486.715 6
13.660 15.762 196.255 488.800 6
13.670 15.747 208.292 490.822 6
13.680 15.916 169.858 492.713 6
13.690 16.056 156.014 494.343 6
13.700 15.553 129.506 495.770 6
13.710 15.381 92.012 496.878 6
13.720 15.509 93.300 497.804 6
13.730 15.381 92.226 498.732 6
13.740 15.531 55.998 499.473 6
13.750 15.241 44.684 499.977 6
13.760 15.580 3.829 500.219 6
13.770 15.486 -17.744 500.149 6
13.780 15.183 -14.657 499.988 6
13.790 15.076 -27.179 499.778 6
13.800 15.048 -30.829 499.488 6
13.810 15.639 -45.973 499.104 7
13.820 14.924 -382.744 496.961 7
13.830 9.143 -757.971 491.257 7
13.840 11.697 -383.167 485.550 7
13.850 12.620 -718.974 480.041 7
13.860 13.413 -399.898 474.446 7
13.870 12.896 -514.901 469.872 7
13.880 12.767 -447.562 465.060 7
13.890 12.289 -453.249 460.556 7
13.900 12.503 -459.236 455.994 7
13.910 12.425 -444.069 451.477 7
13.920 12.299 -449.982 447.007 7
13.930 12.190 -450.776 442.503 7
13.940 12.081 -450.842 437.995 7
13.950 11.934 -438.359 433.549 7
13.960 11.805 -452.924 429.092 7
13.970 11.785 -439.148 424.633 7
13.980 11.628 -435.830 420.256 7
13.990 11.619 -435.470 415.901 7
14.000 11.529 -425.766 411.595 7
14.010 11.311 -441.939 407.256 7
14.020 11.359 -421.535 402.939 7
14.030 11.255 -430.885 398.677 7
14.040 11.323 -433.621 394.355 7
14.050 11.117 -424.383 390.065 7
14.060 11.179 -423.938 385.823 7
14.070 11.095 -419.008 381.608 7
14.080 10.980 -420.634 377.410 7
14.090 10.857 -431.291 373.151 7
14.100 10.695 -417.222 368.908 7
14.110 10.611 -416.121 364.741 7
14.120 10.602 -404.055 360.641 7
14.130 10.481 -407.431 356.583 7
14.140 10.454 -401.826 352.537 7
14.150 10.354 -415.275 348.451 7
14.160 10.242 -395.179 344.399 7
14.170 10.241 -405.936 340.394 7
14.180 10.231 -408.106 336.323 7
14.190 10.115 -390.773 332.329 7
14.200 10.051 -392.979 328.410 7
14.210 10.074 -392.788 324.482 7
14.220 10.070 -391.690 320.559 7
14.230 9.882 -389.559 316.652 7
14.240 9.864 -377.981 312.815 7
14.250 9.786 -385.287 308.999 7
14.260 9.590 -374.234 305.201 7
14.270 9.580 -384.053 301.410 7
14.280 9.573 -376.931 297.605 7
14.290 9.527 -377.132 293.835 7
14.300 9.420 -367.926 290.109 7
14.310 9.348 -373.424 286.403 7
14.320 9.191 -365.408 282.709 7
14.330 9.166 -361.213 279.076 7
14.340 9.197 -357.839 275.480 7
14.350 9.039 -356.713 271.908 7
14.360 9.014 -364.918 268.300 7
14.370 9.040 -362.261 264.664 7
14.380 8.928 -357.245 261.066 7
14.390 8.873 -353.929 257.510 7
14.400 8.751 -350.466 253.988 7
14.410 8.740 -356.076 250.456 7
14.420 8.602 -348.323 246.934 7
14.430 8.579 -340.565 243.490 7
14.440 8.514 -343.000 240.072 7
14.450 8.486 -334.428 236.685 7
14.460 8.431 -347.757 233.274 7
14.470 8.337 -331.016 229.879 7
14.480 8.283 -335.334 226.548 7
14.490 8.257 -329.396 223.224 7
14.500 8.226 -333.903 219.908 7
14.510 8.154 -327.623 216.600 7
14.520 8.046 -330.399 213.310 7
14.530 8.066 -332.287 209.997 7
14.540 8.004 -324.916 206.710 7
14.550 7.945 -318.842 203.492 7
14.560 7.875 -315.662 200.319 7
14.570 7.824 -323.043 197.125 7
14.580 7.824 -324.327 193.889 7
14.590 7.802 -319.447 190.669 7
14.600 7.749 -317.942 187.483 7
14.610 7.640 -318.910 184.299 7
14.620 7.571 -304.254 181.183 7
14.630 7.500 -316.204 178.081 7
14.640 7.527 -305.192 174.974 7
14.650 7.456 -309.359 171.901 7
14.660 7.472 -305.559 168.827 7
14.670 7.380 -300.905 165.794 7
14.680 7.281 -307.248 162.754 7
14.690 7.266 -302.167 159.706 7
14.700 7.244 -302.293 156.685 7
14.710 7.192 -296.924 153.688 7
14.720 7.132 -301.348 150.697 7
14.730 7.085 -294.219 147.719 7
14.740 7.067 -295.299 144.772 7
14.750 6.985 -280.959 141.890 7
14.760 7.021 -283.243 139.069 7
14.770 6.888 -278.054 136.263 7
14.780 6.816 -284.539 133.450 7
14.790 6.771 -281.532 130.620 7
14.800 6.759 -278.275 127.821 7
14.810 6.686 -271.123 125.074 7
14.820 6.662 -277.786 122.329 7
14.830 6.582 -270.652 119.586 7
14.840 6.527 -274.652 116.861 7
14.850 6.524 -275.951 114.108 7
14.860 6.462 -272.212 111.367 7
14.870 6.454 -269.802 108.657 7
14.880 6.367 -268.825 105.964 7
14.890 6.318 -255.811 103.340 7
14.900 6.269 -257.328 100.775 7
14.910 6.235 -255.490 98.211 7
14.920 6.183 -256.941 95.648 7
14.930 6.204 -252.015 93.104 7
14.940 6.171 -257.373 90.557 7
14.950 6.127 -243.757 88.051 7
14.960 6.076 -246.826 85.598 7
14.970 6.124 -251.451 83.107 7
14.980 5.975 -243.365 80.633 7
14.990 5.960 -249.233 78.170 7
15.000 5.926 -243.052 75.708 7
15.010 5.829 -234.335 73.322 7
15.020 5.829 -237.784 70.961 7
15.030 5.924 -240.343 68.570 7
15.040 5.762 -227.253 66.232 7
15.050 5.777 -226.349 63.964 7
15.060 5.686 -227.273 61.696 7
15.070 5.706 -227.398 59.423 7
15.080 5.684 -232.800 57.122 7
15.090 5.634 -230.481 54.806 7
15.100 5.584 -219.975 52.553 7
15.110 5.545 -222.324 50.342 7
15.120 5.524 -215.743 48.151 7
15.130 5.477 -214.387 46.001 7
15.140 5.466 -221.239 43.823 7
15.150 5.422 -218.254 41.625 7
15.160 5.370 -213.172 39.468 7
15.170 5.313 -207.301 37.366 7
15.180 5.292 -207.751 35.290 7
15.190 5.287 -206.957 33.217 7
15.200 5.262 -206.874 31.148 7
15.210 5.183 -200.712 29.110 7
15.220 5.173 -201.107 27.101 7
15.230 5.147 -195.761 25.117 7
15.240 5.100 -190.889 23.183 7
15.250 5.109 -202.436 21.217 7
15.260 5.082 -198.631 19.212 7
15.270 5.038 -190.224 17.267 7
15.280 4.976 -186.196 15.385 7
15.290 4.997 -189.115 13.509 7
15.300 4.951 -190.747 11.609 7
15.310 4.919 -182.896 9.741 7
15.320 4.909 -182.231 7.915 7
15.330 4.871 -171.474 6.147 7
15.340 4.907 -178.905 4.395 7
15.350 4.820 -162.089 2.689 7
15.360 4.819 -158.501 1.087 7
15.370 4.840 -155.878 -0.485 7
15.380 4.804 -158.132 -2.055 7
15.390 4.842 -141.346 -3.552 7
15.400 4.815 -144.827 -4.983 7
15.410 4.861 -125.579 -6.335 7
15.420 4.779 -124.585 -7.586 7
15.430 4.835 -118.973 -8.804 7
15.440 4.787 -121.611 -10.007 7
15.450 4.806 -100.757 -11.118 7
15.460 4.822 -98.891 -12.117 7
15.470 4.808 -89.441 -13.058 7
15.480 4.892 -79.300 -13.902 7
15.490 4.865 -83.018 -14.713 7
15.500 4.878 -67.768 -15.467 7
15.510 4.859 -61.491 -16.114 7
15.520 4.835 -52.444 -16.683 7
15.530 4.803 -50.177 -17.197 7
15.540 4.861 -42.683 -17.661 7
15.550 4.929 -44.796 -18.098 7
15.560 4.889 -30.922 -18.477 7
15.570 4.814 -18.435 -18.724 7
15.580 4.789 -9.486 -18.863 7
15.590 4.852 -8.838 -18.955 7
15.600 4.948 -8.396 -19.041 7
15.610 4.918 1.408 -19.076 7
15.620 4.911 10.801 -19.015 7
15.630 4.820 15.936 -18.881 7
15.640 4.846 20.635 -18.698 7
15.650 4.926 30.326 -18.444 7
15.660 5.026 26.361 -18.160 7
15.670 4.964 25.593 -17.900 7
15.680 4.963 37.100 -17.587 7
15.690 4.895 37.866 -17.212 7
15.700 4.898 46.953 -16.788 7
15.710 5.028 38.012 -16.363 7
15.720 5.013 32.727 -16.009 7
15.730 5.103 32.669 -15.682 7
15.740 4.854 65.693 -15.191 7
15.750 4.984 43.191 -14.646 7
15.760 5.058 38.924 -14.236 7
15.770 5.039 40.485 -13.839 7
15.780 5.033 39.632 -13.438 7
15.790 5.016 45.334 -13.013 7
15.800 5.037 36.756 -12.603 7
15.810 4.995 64.046 -12.099 7
15.820 5.017 59.267 -11.482 7
15.830 5.180 67.665 -10.848 7
15.840 5.409 130.860 -9.855 7
15.850 5.771 198.880 -8.206 7
15.860 6.460 276.484 -5.829 7
15.870 7.176 346.870 -2.713 7
15.880 7.543 403.103 1.037 7
15.890 7.858 439.260 5.249 7
15.900 7.972 515.529 10.023 7
15.910 8.708 579.649 15.499 7
15.920 9.047 589.987 21.346 7
15.930 10.002 778.831 28.190 7
15.940 9.861 962.290 36.896 7
15.950 10.336 675.016 45.083 7
15.960 9.814 821.530 52.567 7
15.970 10.185 629.949 59.823 7
15.980 10.518 711.813 66.532 7
15.990 10.156 968.770 74.934 7
16.000 10.690 704.708 83.302 7
16.010 10.599 741.923 90.535 7
16.020 11.171 717.346 97.831 7
16.030 11.177 678.097 104.808 7
16.040 11.485 665.904 111.528 7
16.050 11.305 756.017 118.637 7
16.060 11.458 787.337 126.354 7
16.070 11.857 751.563 134.049 7
16.080 11.905 591.510 140.764 7
16.090 11.947 715.292 147.298 7
16.100 12.136 658.553 154.169 7
16.110 12.769 711.449 161.017 7
16.120 12.166 933.820 169.245 7
16.130 12.765 696.044 177.393 7
16.140 12.787 662.924 184.188 7
16.150 13.088 639.667 190.701 7
16.160 13.039 770.922 197.754 7
16.170 13.229 720.156 205.211 7
16.180 13.192 717.963 212.399 7
16.190 13.763 593.539 218.957 7
16.200 13.734 749.629 225.673 7
16.210 14.425 606.382 232.453 7
16.220 14.185 713.022 239.050 7
16.230 14.209 716.776 246.199 7
16.240 14.444 699.190 253.278 7
16.250 14.354 752.351 260.536 7
16.260 14.665 617.554 267.386 7
16.270 14.902 666.417 273.805 7
16.280 14.945 752.610 280.901 7
16.290 14.536 749.597 288.414 7
16.300 14.688 773.752 296.028 7
16.310 15.034 689.169 303.342 7
16.320 15.514 696.770 310.272 7
16.330 15.451 665.395 317.083 7
16.340 15.717 623.890 323.532 7
16.350 15.256 725.623 330.277 7
16.360 15.529 672.565 337.268 7
16.370 15.698 697.952 344.121 7
16.380 15.756 726.742 351.244 7
16.390 16.437 645.464 358.105 7
16.400 16.168 687.211 364.768 7
16.410 16.046 615.481 371.281 7
16.420 15.525 624.519 377.481 7
16.430 15.598 616.026 383.684 7
16.440 15.883 569.317 389.610 7
16.450 15.995 517.660 395.045 7
16.460 16.343 550.577 400.386 7
16.470 16.023 579.030 406.034 7
16.480 16.717 515.752 411.508 7
16.490 16.438 565.633 416.916 7
16.500 16.202 518.042 422.334 7
16.510 15.959 512.421 427.486 7
16.520 15.795 474.948 432.423 7
16.530 15.971 501.740 437.306 7
16.540 15.993 495.297 442.291 7
16.550 15.907 394.334 446.740 7
16.560 16.242 469.473 451.059 7
16.570 16.167 477.753 455.794 7
16.580 16.804 410.667 460.236 7
16.590 15.999 441.602 464.499 7
16.600 15.276 427.277 468.842 7
16.610 16.113 291.885 472.438 7
16.620 15.620 324.298 475.519 7
16.630 15.992 295.515 478.618 7
16.640 15.594 294.327 481.567 7
16.650 15.560 288.787 484.483 7
16.660 15.557 256.744 487.210 7
16.670 16.070 195.127 489.470 7
16.680 15.970 234.950 491.620 7
16.690 15.938 207.875 493.834 7
16.700 15.645 172.488 495.736 7
16.710 15.787 144.748 497.322 7
16.720 15.469 130.098 498.696 7
16.730 15.400 102.135 499.857 7
16.740 15.412 85.505 500.796 7
16.750 15.428 65.035 501.548 7
16.760 15.489 50.675 502.127 7
16.770 15.412 28.491 502.523 7
16.780 15.386 15.426 502.742 7
16.790 15.173 29.214 502.965 7
16.800 15.314 -2.804 503.097 7
16.810 15.312 -17.548 502.996 7
16.820 15.244 -49.095 502.662 8
16.830 14.976 -437.942 500.228 8
16.840 9.210 -693.768 494.569 8
16.850 11.948 -384.596 489.177 8
16.860 12.673 -670.326 483.903 8
16.870 13.266 -385.034 478.626 8
16.880 12.930 -487.367 474.264 8
16.890 12.845 -441.020 469.622 8
16.900 12.403 -435.165 465.241 8
16.910 12.401 -434.871 460.891 8
16.920 12.464 -468.193 456.375 8
16.930 12.281 -430.662 451.881 8
16.940 12.127 -446.551 447.495 8
16.950 11.971 -429.813 443.113 8
16.960 11.867 -439.563 438.767 8
16.970 11.903 -439.962 434.369 8
16.980 11.765 -432.052 430.009 8
16.990 11.852 -432.260 425.688 8
17.000 11.691 -429.222 421.379 8
17.010 11.780 -443.742 417.015 8
17.020 11.646 -425.258 412.670 8
17.030 11.432 -444.801 408.320 8
17.040 11.253 -409.999 404.046 8
17.050 11.136 -419.071 399.901 8
17.060 11.139 -413.690 395.736 8
17.070 11.037 -411.106 391.613 8
17.080 10.959 -417.955 387.468 8
17.090 10.817 -403.927 383.358 8
17.100 10.857 -409.519 379.290 8
17.110 10.787 -397.474 375.255 8
17.120 10.685 -403.444 371.252 8
17.130 10.747 -412.070 367.174 8
17.140 10.555 -404.012 363.094 8
17.150 10.479 -396.491 359.091 8
17.160 10.390 -395.856 355.130 8
17.170 10.328 -403.909 351.131 8
17.180 10.328 -387.383 347.174 8
17.190 10.168 -387.239 343.301 8
17.200 10.128 -403.049 339.350 8
17.210 10.090 -390.376 335.383 8
17.220 10.077 -397.791 331.441 8
17.230 9.949 -385.571 327.525 8
17.240 9.856 -384.761 323.674 8
17.250 9.725 -382.336 319.838 8
17.260 9.815 -391.775 315.968 8
17.270 9.680 -372.930 312.144 8
17.280 9.624 -366.163 308.449 8
17.290 9.579 -374.167 304.747 8
17.300 9.539 -363.313 301.060 8
17.310 9.478 -370.645 297.389 8
17.320 9.293 -361.723 293.728 8
17.330 9.260 -358.761 290.126 8
17.340 9.171 -358.877 286.537 8
17.350 9.164 -355.091 282.967 8
17.360 9.179 -365.121 279.367 8
17.370 9.074 -349.889 275.792 8
17.380 9.027 -358.423 272.250 8
17.390 8.939 -348.677 268.714 8
17.400 8.913 -355.274 265.195 8
17.410 8.860 -357.982 261.628 8
17.420 8.731 -346.547 258.105 8
17.430 8.702 -339.504 254.676 8
17.440 8.650 -349.598 251.230 8
17.450 8.535 -336.023 247.802 8
17.460 8.513 -338.666 244.429 8
17.470 8.433 -330.770 241.081 8
17.480 8.447 -345.026 237.702 8
17.490 8.368 -330.635 234.324 8
17.500 8.234 -321.485 231.064 8
17.510 8.272 -329.499 227.808 8
17.520 8.176 -325.764 224.533 8
17.530 8.141 -322.321 221.291 8
17.540 8.182 -327.276 218.044 8
17.550 8.088 -324.149 214.787 8
17.560 8.011 -327.336 211.530 8
17.570 7.916 -321.263 208.287 8
17.580 7.848 -324.322 205.059 8
17.590 7.780 -307.968 201.897 8
17.600 7.712 -314.237 198.786 8
17.610 7.672 -307.049 195.680 8
17.620 7.604 -306.792 192.611 8
17.630 7.604 -304.947 189.552 8
17.640 7.575 -301.060 186.522 8
17.650 7.508 -306.797 183.483 8
17.660 7.447 -294.451 180.476 8
17.670 7.404 -300.292 177.503 8
17.680 7.322 -294.944 174.526 8
17.690 7.346 -294.271 171.580 8
17.700 7.330 -289.516 168.662 8
17.710 7.285 -295.255 165.738 8
17.720 7.179 -280.889 162.857 8
17.730 7.058 -293.480 159.985 8
17.740 7.022 -276.275 157.137 8
17.750 7.005 -289.710 154.307 8
17.760 6.924 -279.428 151.461 8
17.770 6.947 -282.416 148.652 8
17.780 6.863 -270.284 145.888 8
17.790 6.821 -270.644 143.184 8
17.800 6.769 -267.507 140.493 8
17.810 6.739 -271.316 137.799 8
17.820 6.720 -278.453 135.050 8
17.830 6.674 -261.244 132.352 8
17.840 6.598 -267.768 129.707 8
17.850 6.553 -262.634 127.054 8
17.860 6.625 -261.550 124.434 8
17.870 6.533 -259.942 121.826 8
17.880 6.512 -261.521 119.219 8
17.890 6.407 -253.410 116.644 8
17.900 6.314 -251.350 114.121 8
17.910 6.289 -261.233 111.557 8
17.920 6.317 -253.163 108.986 8
17.930 6.254 -250.464 106.468 8
17.940 6.229 -250.693 103.962 8
17.950 6.177 -249.390 101.462 8
17.960 6.112 -242.668 99.001 8
17.970 6.113 -243.626 96.570 8
17.980 6.067 -239.520 94.154 8
17.990 6.019 -241.121 91.751 8
18.000 5.993 -250.023 89.295 8
18.010 5.996 -239.043 86.850 8
18.020 5.874 -226.049 84.524 8
18.030 5.875 -224.090 82.274 8
18.040 5.855 -233.817 79.984 8
18.050 5.839 -227.839 77.675 8
18.060 5.804 -230.848 75.383 8
18.070 5.760 -224.268 73.107 8
18.080 5.699 -222.601 70.873 8
18.090 5.687 -224.887 68.635 8
18.100 5.663 -220.040 66.411 8
18.110 5.600 -215.182 64.234 8
18.120 5.562 -215.981 62.078 8
18.130 5.540 -209.360 59.952 8
18.140 5.504 -213.094 57.840 8
18.150 5.452 -206.938 55.740 8
18.160 5.415 -206.443 53.673 8
18.170 5.331 -204.326 51.619 8
18.180 5.308 -206.051 49.567 8
18.190 5.361 -205.334 47.510 8
18.200 5.299 -197.552 45.495 8
18.210 5.269 -196.309 43.526 8
18.220 5.183 -197.610 41.557 8
18.230 5.208 -194.413 39.597 8
18.240 5.146 -185.937 37.695 8
18.250 5.131 -193.749 35.797 8
18.260 5.141 -189.604 33.880 8
18.270 5.101 -190.909 31.977 8
18.280 5.052 -181.631 30.114 8
18.290 5.003 -184.205 28.285 8
18.300 4.994 -179.601 26.466 8
18.310 4.962 -176.425 24.686 8
18.320 4.986 -177.963 22.914 8
18.330 4.961 -183.778 21.105 8
18.340 4.906 -178.783 19.293 8
18.350 4.890 -177.555 17.511 8
18.360 4.870 -159.350 15.827 8
18.370 4.810 -161.692 14.221 8
18.380 4.827 -152.322 12.651 8
18.390 4.805 -140.554 11.187 8
18.400 4.795 -142.031 9.774 8
18.410 4.855 -140.402 8.362 8
18.420 4.830 -135.622 6.982 8
18.430 4.828 -129.207 5.658 8
18.440 4.809 -112.530 4.449 8
18.450 4.827 -111.555 3.329 8
18.460 4.859 -108.632 2.228 8
18.470 4.874 -98.573 1.192 8
18.480 4.846 -87.429 0.262 8
18.490 4.860 -87.183 -0.611 8
18.500 4.777 -78.488 -1.440 8
18.510 4.851 -67.064 -2.168 8
18.520 4.870 -74.996 -2.878 8
18.530 4.852 -61.446 -3.560 8
18.540 4.846 -54.110 -4.138 8
18.550 4.819 -41.124 -4.614 8
18.560 4.851 -36.806 -5.004 8
18.570 4.883 -35.647 -5.366 8
18.580 4.830 -18.020 -5.634 8
18.590 4.832 -0.932 -5.729 8
18.600 4.812 -4.789 -5.758 8
18.610 4.885 -3.309 -5.798 8
18.620 4.882 7.587 -5.777 8
18.630 4.888 15.138 -5.663 8
18.640 4.883 11.581 -5.529 8
18.650 4.930 25.240 -5.345 8
18.660 4.820 25.266 -5.093 8
18.670 4.945 25.031 -4.841 8
18.680 4.903 33.627 -4.548 8
18.690 5.005 33.375 -4.213 8
18.700 4.899 50.636 -3.793 8
18.710 4.991 43.598 -3.322 8
18.720 4.926 65.636 -2.776 8
18.730 4.965 39.204 -2.251 8
18.740 5.021 45.856 -1.826 8
18.750 5.027 45.366 -1.370 8
18.760 5.014 65.592 -0.815 8
18.770 4.942 77.346 -0.101 8
18.780 5.044 52.938 0.551 8
18.790 5.052 59.814 1.115 8
18.800 5.012 61.905 1.723 8
18.810 5.011 55.278 2.309 8
18.820 5.168 43.252 2.802 8
18.830 4.975 45.238 3.244 8
18.840 5.137 60.690 3.774 8
18.850 5.308 132.932 4.742 8
18.860 5.856 195.284 6.383 8
18.870 6.445 255.971 8.639 8
18.880 7.194 327.332 11.556 8
18.890 7.121 445.342 15.419 8
18.900 7.758 469.915 19.995 8
18.910 8.183 522.740 24.959 8
18.920 8.543 539.353 30.269 8
18.930 9.253 536.027 35.646 8
18.940 10.233 638.398 41.518 8
18.950 9.975 953.244 49.476 8
18.960 10.171 725.863 57.874 8
18.970 10.159 651.705 64.759 8
18.980 10.481 635.848 71.197 8
18.990 10.298 765.094 78.202 8
19.000 10.883 657.557 85.315 8
19.010 10.840 753.160 92.369 8
19.020 10.928 689.895 99.584 8
19.030 10.808 715.889 106.613 8
19.040 10.957 725.105 113.819 8
19.050 11.437 643.474 120.661 8
19.060 11.517 663.502 127.196 8
19.070 11.531 783.240 134.429 8
19.080 11.573 674.953 141.723 8
19.090 12.094 607.563 148.133 8
19.100 11.817 760.358 154.972 8
19.110 12.231 683.829 162.193 8
19.120 11.980 1043.734 170.831 8
19.130 12.234 771.120 179.905 8
19.140 13.023 604.803 186.785 8
19.150 12.575 738.130 193.499 8
19.160 13.295 667.228 200.526 8
19.170 13.052 761.763 207.671 8
19.180 13.227 784.207 215.401 8
19.190 13.461 701.643 222.830 8
19.200 13.428 724.705 229.964 8
19.210 13.832 688.854 237.030 8
19.220 14.040 665.548 243.802 8
19.230 14.565 646.099 250.360 8
19.240 14.179 760.722 257.393 8
19.250 14.503 592.675 264.160 8
19.260 13.969 784.456 271.046 8
19.270 14.666 628.875 278.113 8
19.280 14.599 728.895 284.902 8
19.290 14.887 735.268 292.222 8
19.300 14.941 731.615 299.557 8
19.310 14.932 802.885 307.229 8
19.320 15.251 687.710 314.685 8
19.330 15.234 696.109 321.602 8
19.340 15.468 741.053 328.787 8
19.350 15.856 612.193 335.554 8
19.360 15.445 678.217 342.006 8
19.370 15.900 623.408 348.514 8
19.380 15.678 670.760 354.985 8
19.390 16.389 583.341 361.254 8
19.400 15.610 684.385 367.593 8
19.410 15.945 643.219 374.231 8
19.420 15.490 678.820 380.841 8
19.430 16.147 501.886 386.745 8
19.440 16.009 549.965 392.004 8
19.450 15.797 606.603 397.787 8
19.460 15.717 557.205 403.607 8
19.470 16.634 500.512 408.895 8
19.480 15.842 619.938 414.497 8
19.490 16.774 471.797 419.956 8
19.500 16.229 555.724 425.093 8
19.510 16.041 536.119 430.552 8
19.520 15.928 503.891 435.753 8
19.530 15.643 501.435 440.779 8
19.540 16.555 432.631 445.449 8
19.550 15.985 410.218 449.663 8
19.560 16.071 480.581 454.117 8
19.570 16.264 436.385 458.702 8
19.580 16.412 444.461 463.106 8
19.590 16.249 405.329 467.355 8
19.600 15.816 367.438 471.219 8
19.610 15.852 345.918 474.786 8
19.620 15.692 348.464 478.258 8
19.630 15.665 298.323 481.492 8
19.640 15.995 261.292 484.290 8
19.650 15.730 244.662 486.819 8
19.660 15.966 236.507 489.225 8
19.670 15.642 246.759 491.641 8
19.680 15.886 201.784 493.884 8
19.690 15.966 160.658 495.696 8
19.700 15.626 191.559 497.458 8
19.710 15.871 156.393 499.197 8
19.720 15.540 126.959 500.614 8
19.730 15.409 77.428 501.636 8
19.740 15.220 83.391 502.440 8
19.750 15.357 62.002 503.167 8
19.760 15.427 58.771 503.771 8
19.770 15.441 44.036 504.285 8
19.780 15.365 24.230 504.626 8
19.790 15.327 5.303 504.774 8
19.800 15.056 10.088 504.851 8
19.810 15.303 -18.677 504.808 8
19.820 15.420 -28.459 504.572 8
19.830 15.166 -35.748 504.251 9
19.840 14.696 -440.314 501.871 9
19.850 9.076 -693.150 496.204 9
19.860 11.903 -420.622 490.634 9
19.870 12.745 -566.683 485.698 9
19.880 13.419 -387.361 480.928 9
19.890 12.922 -474.435 476.619 9
19.900 12.739 -439.160 472.051 9
19.910 12.368 -451.672 467.597 9
19.920 12.551 -455.629 463.061 9
19.930 12.280 -447.109 458.545 9
19.940 12.209 -450.097 454.061 9
19.950 12.281 -445.922 449.581 9
19.960 11.946 -436.479 445.169 9
19.970 11.890 -448.574 440.744 9
19.980 11.925 -450.914 436.246 9
19.990 11.732 -434.813 431.818 9
20.000 11.756 -432.459 427.481 9
20.010 11.637 -432.588 423.156 9
20.020 11.612 -439.018 418.798 9
20.030 11.430 -421.868 414.493 9
20.040 11.252 -416.394 410.302 9
20.050 11.246 -422.876 406.105 9
20.060 11.260 -432.389 401.830 9
20.070 11.123 -418.597 397.574 9
20.080 11.132 -431.903 393.323 9
20.090 11.011 -414.777 389.089 9
20.100 10.895 -404.359 384.993 9
20.110 10.756 -419.722 380.873 9
20.120 10.744 -406.182 376.744 9
20.130 10.771 -408.321 372.671 9
20.140 10.600 -408.071 368.589 9
20.150 10.614 -410.672 364.495 9
20.160 10.464 -398.692 360.449 9
20.170 10.385 -396.419 356.473 9
20.180 10.245 -389.637 352.543 9
20.190 10.275 -407.783 348.556 9
20.200 10.188 -396.621 344.532 9
20.210 10.189 -399.778 340.552 9
20.220 10.063 -379.848 336.654 9
20.230 10.107 -399.955 332.754 9
20.240 10.001 -380.456 328.853 9
20.250 9.876 -381.284 325.044 9
20.260 9.827 -378.740 321.244 9
20.270 9.796 -382.106 317.440 9
20.280 9.639 -370.554 313.677 9
20.290 9.629 -374.807 309.950 9
20.300 9.489 -372.365 306.214 9
20.310 9.464 -371.407 302.495 9
20.320 9.424 -370.404 298.785 9
20.330 9.342 -369.938 295.084 9
20.340 9.300 -362.062 291.424 9
20.350 9.238 -367.307 287.778 9
20.360 9.193 -363.272 284.125 9
20.370 9.174 -361.396 280.501 9
20.380 8.990 -359.463 276.897 9
20.390 8.961 -357.378 273.313 9
20.400 8.950 -352.997 269.761 9
20.410 8.834 -344.000 266.275 9
20.420 8.848 -350.416 262.804 9
20.430 8.751 -342.896 259.338 9
20.440 8.655 -353.394 255.855 9
20.450 8.685 -349.639 252.341 9
20.460 8.629 -338.507 248.900 9
20.470 8.540 -335.200 245.532 9
20.480 8.494 -342.714 242.142 9
20.490 8.419 -331.454 238.771 9
20.500 8.305 -333.940 235.444 9
20.510 8.250 -328.186 232.134 9
20.520 8.232 -334.194 228.822 9
20.530 8.206 -327.228 225.515 9
20.540 8.175 -332.479 222.216 9
20.550 8.127 -334.633 218.881 9
20.560 8.042 -320.785 215.604 9
20.570 8.009 -323.989 212.380 9
20.580 7.919 -315.728 209.181 9
20.590 7.830 -309.256 206.057 9
20.600 7.896 -321.343 202.904 9
20.610 7.865 -316.832 199.713 9
20.620 7.755 -310.366 196.577 9
20.630 7.682 -305.031 193.500 9
20.640 7.563 -308.003 190.435 9
20.650 7.588 -311.309 187.338 9
20.660 7.491 -301.862 184.272 9
20.670 7.408 -309.392 181.216 9
20.680 7.393 -299.588 178.171 9
20.690 7.317 -285.185 175.247 9
20.700 7.287 -300.630 172.318 9
20.710 7.298 -303.132 169.299 9
20.720 7.254 -302.150 166.273 9
20.730 7.203 -293.623 163.294 9
20.740 7.170 -292.386 160.364 9
20.750 7.068 -282.375 157.490 9
20.760 7.088 -289.306 154.632 9
20.770 6.990 -288.279 151.744 9
20.780 6.934 -283.148 148.886 9
20.790 6.876 -277.172 146.085 9
20.800 6.824 -279.008 143.304 9
20.810 6.895 -281.980 140.500 9
20.820 6.754 -273.262 137.724 9
20.830 6.728 -273.932 134.988 9
20.840 6.743 -276.925 132.233 9
20.850 6.615 -269.556 129.501 9
20.860 6.597 -264.709 126.829 9
20.870 6.540 -258.468 124.213 9
20.880 6.467 -260.934 121.617 9
20.890 6.458 -258.268 119.021 9
20.900 6.451 -262.862 116.415 9
20.910 6.377 -262.947 113.786 9
20.920 6.355 -255.697 111.192 9
20.930 6.334 -256.491 108.632 9
20.940 6.257 -259.870 106.050 9
20.950 6.263 -253.446 103.483 9
20.960 6.197 -245.046 100.991 9
20.970 6.129 -250.327 98.514 9
20.980 6.125 -243.566 96.045 9
20.990 6.073 -245.415 93.599 9
21.000 6.077 -245.234 91.147 9
21.010 6.047 -251.782 88.661 9
21.020 6.020 -242.243 86.191 9
21.030 5.961 -234.560 83.807 9
21.040 5.931 -234.637 81.461 9
21.050 5.922 -236.340 79.107 9
21.060 5.882 -232.154 76.764 9
21.070 5.785 -231.732 74.445 9
21.080 5.775 -232.570 72.123 9
21.090 5.740 -232.651 69.797 9
21.100 5.665 -224.749 67.510 9
21.110 5.617 -225.207 65.261 9
21.120 5.584 -214.384 63.063 9
21.130 5.627 -219.178 60.895 9
21.140 5.574 -217.261 58.713 9
21.150 5.519 -215.292 56.550 9
21.160 5.474 -207.163 54.438 9
21.170 5.426 -209.203 52.356 9
21.180 5.428 -201.949 50.300 9
21.190 5.462 -210.894 48.236 9
21.200 5.319 -201.423 46.174 9
21.210 5.303 -206.965 44.132 9
21.220 5.285 -199.760 42.099 9
21.230 5.296 -199.265 40.104 9
21.240 5.218 -197.596 38.119 9
21.250 5.234 -190.739 36.178 9
21.260 5.145 -193.175 34.258 9
21.270 5.126 -193.372 32.325 9
21.280 5.148 -191.450 30.401 9
21.290 5.102 -191.533 28.486 9
21.300 5.110 -194.361 26.557 9
21.310 5.035 -191.760 24.626 9
21.320 5.041 -185.629 22.739 9
21.330 4.966 -174.701 20.938 9
21.340 4.967 -176.896 19.180 9
21.350 4.908 -174.506 17.423 9
21.360 4.860 -168.490 15.708 9
21.370 4.912 -175.634 13.987 9
21.380 4.899 -168.178 12.268 9
21.390 4.834 -155.614 10.649 9
21.400 4.791 -157.072 9.086 9
21.410 4.810 -148.144 7.560 9
21.420 4.814 -146.430 6.087 9
21.430 4.832 -137.803 4.666 9
21.440 4.806 -135.322 3.300 9
21.450 4.818 -117.387 2.037 9
21.460 4.804 -115.672 0.871 9
21.470 4.781 -102.891 -0.222 9
21.480 4.857 -112.135 -1.297 9
21.490 4.853 -90.884 -2.312 9
21.500 4.862 -91.221 -3.222 9
21.510 4.812 -77.192 -4.064 9
21.520 4.850 -72.282 -4.812 9
21.530 4.894 -73.284 -5.540 9
21.540 4.863 -62.110 -6.217 9
21.550 4.856 -66.128 -6.858 9
21.560 4.785 -38.837 -7.383 9
21.570 4.878 -26.523 -7.709 9
21.580 4.893 -28.269 -7.983 9
21.590 4.842 -28.493 -8.267 9
21.600 4.833 -27.228 -8.546 9
21.610 4.818 -2.928 -8.696 9
21.620 4.961 -0.048 -8.711 9
21.630 4.882 6.901 -8.677 9
21.640 4.917 1.090 -8.637 9
21.650 4.899 6.228 -8.601 9
21.660 4.973 -12.151 -8.630 9
21.670 4.896 10.589 -8.638 9
21.680 4.869 27.646 -8.447 9
21.690 4.871 14.790 -8.235 9
21.700 5.025 19.128 -8.065 9
21.710 5.048 23.906 -7.850 9
21.720 4.856 37.862 -7.541 9
21.730 4.926 42.708 -7.138 9
21.740 4.864 43.700 -6.706 9
21.750 5.024 39.381 -6.291 9
21.760 5.056 39.027 -5.899 9
21.770 4.949 58.065 -5.413 9
21.780 4.980 46.634 -4.890 9
21.790 4.968 61.292 -4.350 9
21.800 4.989 55.341 -3.767 9
21.810 5.028 47.156 -3.255 9
21.820 5.078 45.687 -2.790 9
21.830 5.103 46.080 -2.331 9
21.840 5.106 49.581 -1.853 9
21.850 5.167 73.729 -1.237 9
21.860 5.210 129.276 -0.222 9
21.870 5.829 174.748 1.299 9
21.880 6.414 274.254 3.543 9
21.890 7.167 349.688 6.663 9
21.900 7.162 414.767 10.485 9
21.910 7.639 508.025 15.099 9
21.920 7.874 543.522 20.357 9
21.930 8.483 554.818 25.849 9
21.940 9.172 574.743 31.497 9
21.950 10.257 700.260 37.872 9
21.960 9.736 787.036 45.310 9
21.970 10.261 671.901 52.603 9
21.980 9.832 707.296 59.499 9
21.990 9.666 867.775 67.374 9
22.000 10.136 666.662 75.046 9
22.010 10.574 722.766 81.993 9
22.020 10.376 929.522 90.255 9
22.030 10.754 680.923 98.306 9
22.040 11.009 737.063 105.396 9
22.050 11.462 605.523 112.110 9
22.060 11.471 763.831 118.956 9
22.070 11.222 725.599 126.403 9
22.080 12.024 598.042 133.021 9
22.090 11.635 790.545 139.964 9
22.100 11.743 692.339 147.379 9
22.110 12.222 638.112 154.032 9
22.120 11.629 817.494 161.309 9
22.130 12.676 626.756 168.530 9
22.140 12.418 703.260 175.180 9
22.150 12.864 618.107 181.786 9
22.160 12.858 729.393 188.524 9
22.170 12.857 705.032 195.697 9
22.180 13.050 643.702 202.440 9
22.190 13.095 670.383 209.010 9
22.200 13.338 720.186 215.963 9
22.210 13.589 815.480 223.641 9
22.220 13.774 731.295 231.375 9
22.230 13.463 709.388 238.581 9
22.240 13.885 735.922 245.805 9
22.250 13.917 680.763 252.889 9
22.260 14.286 657.491 259.580 9
22.270 14.025 699.442 266.364 9
22.280 14.162 686.204 273.293 9
22.290 14.806 708.271 280.264 9
22.300 14.776 692.411 287.268 9
22.310 14.718 694.637 294.204 9
22.320 15.066 646.190 300.909 9
22.330 14.793 776.286 308.020 9
22.340 15.296 725.355 315.528 9
22.350 15.390 648.619 322.398 9
22.360 15.554 752.284 329.402 9
22.370 15.548 703.652 336.682 9
22.380 15.623 725.548 343.829 9
22.390 15.850 616.613 350.539 9
22.400 16.214 630.892 356.776 9
22.410 16.108 731.685 363.588 9
22.420 15.890 716.040 370.828 9
22.430 15.880 630.953 377.563 9
22.440 15.846 644.075 383.937 9
22.450 15.432 626.082 390.288 9
22.460 15.746 537.437 396.106 9
22.470 15.828 579.514 401.690 9
22.480 16.475 525.703 407.216 9
22.490 16.230 536.971 412.530 9
22.500 16.645 543.358 417.931 9
22.510 15.920 598.807 423.643 9
22.520 16.143 516.676 429.220 9
22.530 16.136 460.604 434.106 9
22.540 15.830 502.990 438.925 9
22.550 15.927 471.659 443.797 9
22.560 16.024 419.276 448.251 9
22.570 16.133 407.625 452.386 9
22.580 16.465 432.561 456.587 9
22.590 16.824 446.883 460.984 9
22.600 16.332 418.562 465.312 9
22.610 15.497 436.227 469.585 9
22.620 15.801 360.648 473.570 9
22.630 15.912 322.995 476.988 9
22.640 15.912 316.822 480.187 9
22.650 15.382 331.332 483.428 9
22.660 16.274 231.313 486.241 9
22.670 15.708 275.192 488.774 9
22.680 15.693 209.516 491.197 9
22.690 15.704 244.010 493.465 9
22.700 15.838 199.929 495.684 9
22.710 15.785 199.608 497.682 9
22.720 16.044 171.985 499.540 9
22.730 15.574 143.864 501.119 9
22.740 15.306 109.079 502.384 9
22.750 15.326 107.317 503.466 9
22.760 15.601 116.962 504.587 9
22.770 15.575 64.878 505.496 9
22.780 15.523 41.969 506.031 9
22.790 15.192 10.299 506.292 9
22.800 15.181 13.014 506.409 9
22.810 15.326 -25.064 506.348 9
22.820 15.524 -24.308 506.102 9
22.830 15.397 -44.282 505.759 9
22.840 15.299 -44.053 505.317 10
22.850 14.763 -478.478 502.704 10
22.860 9.387 -702.693 496.798 10
22.870 12.112 -406.265 491.252 10
22.880 12.859 -605.367 486.195 10
22.890 13.377 -392.368 481.207 10
22.900 12.827 -466.637 476.911 10
22.910 12.755 -440.317 472.377 10
22.920 12.383 -430.463 468.022 10
22.930 12.563 -450.875 463.616 10
22.940 12.416 -450.796 459.108 10
22.950 12.355 -448.665 454.611 10
22.960 12.199 -438.917 450.173 10
22.970 11.881 -436.326 445.797 10
22.980 11.957 -434.322 441.443 10
22.990 11.794 -426.843 437.137 10
23.000 11.866 -432.796 432.840 10
23.010 11.754 -428.591 428.532 10
23.020 11.709 -444.159 424.169 10
23.030 11.677 -413.209 419.882 10
23.040 11.511 -428.231 415.675 10
23.050 11.401 -431.351 411.376 10
23.060 11.425 -422.239 407.109 10
23.070 11.282 -402.298 402.986 10
23.080 11.135 -418.906 398.880 10
23.090 11.247 -426.921 394.651 10
23.100 10.997 -410.362 390.465 10
23.110 10.854 -425.194 386.287 10
23.120 10.965 -417.648 382.073 10
23.130 10.848 -413.022 377.920 10
23.140 10.827 -414.680 373.781 10
23.150 10.552 -397.940 369.718 10
23.160 10.576 -404.456 365.706 10
23.170 10.442 -391.415 361.726 10
23.180 10.359 -394.544 357.796 10
23.190 10.322 -396.632 353.841 10
23.200 10.236 -395.258 349.882 10
23.210 10.238 -396.036 345.925 10
23.220 10.138 -393.799 341.976 10
23.230 10.121 -378.744 338.114 10
23.240 10.100 -389.438 334.273 10
23.250 10.055 -396.541 330.343 10
23.260 9.974 -385.156 326.434 10
23.270 9.925 -375.977 322.629 10
23.280 9.824 -375.968 318.869 10
23.290 9.787 -376.327 315.108 10
23.300 9.635 -372.864 311.362 10
23.310 9.608 -369.275 307.651 10
23.320 9.528 -382.753 303.890 10
23.330 9.386 -359.326 300.180 10
23.340 9.343 -355.414 296.607 10
23.350 9.317 -356.521 293.047 10
23.360 9.253 -354.794 289.490 10
23.370 9.156 -363.650 285.899 10
23.380 9.228 -358.582 282.287 10
23.390 9.187 -358.760 278.700 10
23.400 9.085 -350.551 275.153 10
23.410 8.979 -341.648 271.693 10
23.420 8.857 -341.934 268.275 10
23.430 8.865 -346.502 264.833 10
23.440 8.822 -347.621 261.362 10
23.450 8.719 -333.585 257.956 10
23.460 8.654 -341.320 254.582 10
23.470 8.521 -333.186 251.209 10
23.480 8.594 -337.776 247.855 10
23.490 8.679 -348.159 244.425 10
23.500 8.561 -329.090 241.038 10
23.510 8.410 -318.203 237.803 10
23.520 8.263 -331.338 234.555 10
23.530 8.305 -339.526 231.199 10
23.540 8.306 -334.543 227.830 10
23.550 8.312 -324.603 224.534 10
23.560 8.268 -338.984 221.216 10
23.570 8.089 -319.534 217.924 10
23.580 8.076 -321.326 214.720 10
23.590 8.017 -325.480 211.486 10
23.600 8.003 -325.291 208.231 10
23.610 7.861 -316.693 205.021 10
23.620 7.780 -293.421 201.971 10
23.630 7.763 -302.425 198.992 10
23.640 7.750 -304.633 195.957 10
23.650 7.676 -305.141 192.908 10
23.660 7.575 -306.457 189.850 10
23.670 7.582 -290.025 186.868 10
23.680 7.521 -304.394 183.896 10
23.690 7.482 -300.487 180.871 10
23.700 7.447 -305.434 177.842 10
23.710 7.451 -306.382 174.782 10
23.720 7.296 -286.316 171.818 10
23.730 7.235 -288.763 168.944 10
23.740 7.248 -285.624 166.072 10
23.750 7.203 -293.774 163.175 10
23.760 7.157 -279.578 160.308 10
23.770 7.107 -289.180 157.464 10
23.780 7.009 -274.167 154.648 10
23.790 7.013 -274.341 151.905 10
23.800 6.980 -274.802 149.159 10
23.810 6.938 -282.544 146.372 10
23.820 6.949 -265.794 143.631 10
23.830 6.879 -269.959 140.952 10
23.840 6.873 -279.607 138.204 10
23.850 6.775 -266.730 135.473 10
23.860 6.704 -254.659 132.866 10
23.870 6.730 -262.568 130.279 10
23.880 6.677 -256.896 127.682 10
23.890 6.589 -260.170 125.097 10
23.900 6.446 -250.085 122.546 10
23.910 6.459 -270.185 119.945 10
23.920 6.427 -257.346 117.307 10
23.930 6.351 -247.626 114.782 10
23.940 6.404 -254.604 112.271 10
23.950 6.353 -248.519 109.755 10
23.960 6.235 -243.383 107.296 10
23.970 6.304 -244.407 104.857 10
23.980 6.164 -244.356 102.413 10
23.990 6.168 -244.374 99.969 10
24.000 6.101 -239.761 97.549 10
24.010 6.041 -237.849 95.161 10
24.020 6.110 -238.109 92.781 10
24.030 6.019 -233.635 90.422 10
24.040 5.983 -233.018 88.089 10
24.050 5.914 -229.770 85.775 10
24.060 5.861 -228.632 83.483 10
24.070 5.894 -238.068 81.150 10
24.080 5.872 -225.433 78.832 10
24.090 5.869 -234.455 76.533 10
24.100 5.867 -227.427 74.223 10
24.110 5.814 -220.388 71.984 10
24.120 5.707 -215.875 69.803 10
24.130 5.662 -215.689 67.645 10
24.140 5.569 -210.025 65.517 10
24.150 5.540 -215.099 63.391 10
24.160 5.542 -208.963 61.271 10
24.170 5.568 -209.975 59.176 10
24.180 5.519 -206.982 57.091 10
24.190 5.556 -215.331 54.980 10
24.200 5.465 -217.977 52.813 10
24.210 5.386 -205.098 50.698 10
24.220 5.336 -202.348 48.661 10
24.230 5.379 -209.490 46.601 10
24.240 5.339 -203.795 44.535 10
24.250 5.265 -190.796 42.562 10
24.260 5.246 -199.041 40.613 10
24.270 5.215 -192.760 38.654 10
24.280 5.198 -187.694 36.752 10
24.290 5.124 -183.193 34.897 10
24.300 5.093 -177.402 33.094 10
24.310 5.122 -191.262 31.251 10
24.320 5.033 -183.856 29.375 10
24.330 5.047 -179.787 27.557 10
24.340 4.971 -177.332 25.772 10
24.350 4.948 -170.446 24.033 10
24.360 4.971 -185.608 22.252 10
24.370 4.968 -172.980 20.460 10
24.380 4.943 -171.134 18.739 10
24.390 4.879 -158.534 17.090 10
24.400 4.807 -152.581 15.535 10
24.410 4.870 -160.022 13.972 10
24.420 4.906 -153.703 12.404 10
24.430 4.838 -145.388 10.908 10
24.440 4.810 -146.623 9.448 10
24.450 4.829 -137.805 8.026 10
24.460 4.828 -121.483 6.729 10
24.470 4.833 -124.705 5.499 10
24.480 4.800 -112.051 4.314 10
24.490 4.794 -119.475 3.157 10
24.500 4.876 -109.208 2.014 10
24.510 4.846 -101.702 0.959 10
24.520 4.871 -93.562 -0.017 10
24.530 4.813 -85.006 -0.910 10
24.540 4.847 -82.347 -1.747 10
24.550 4.746 -67.445 -2.496 10
24.560 4.867 -66.760 -3.167 10
24.570 4.955 -64.002 -3.821 10
24.580 4.934 -55.669 -4.419 10
24.590 4.766 -31.170 -4.853 10
24.600 4.836 -22.985 -5.124 10
24.610 4.860 -34.096 -5.409 10
24.620 4.807 -29.224 -5.726 10
24.630 4.911 -29.018 -6.017 10
24.640 4.898 -5.659 -6.191 10
24.650 4.924 -10.545 -6.272 10
24.660 4.875 -3.760 -6.343 10
24.670 4.776 13.638 -6.294 10
24.680 4.812 20.713 -6.122 10
24.690 5.010 5.195 -5.992 10
24.700 5.058 2.448 -5.954 10
24.710 4.954 22.896 -5.827 10
24.720 4.733 48.037 -5.473 10
24.730 4.852 27.106 -5.097 10
24.740 4.984 34.167 -4.791 10
24.750 5.059 22.850 -4.506 10
24.760 4.970 31.597 -4.233 10
24.770 4.977 42.952 -3.861 10
24.780 4.889 52.332 -3.384 10
24.790 5.015 37.698 -2.934 10
24.800 5.053 37.979 -2.556 10
24.810 5.064 51.186 -2.110 10
24.820 4.991 41.206 -1.648 10
24.830 5.031 43.446 -1.225 10
24.840 5.110 36.787 -0.824 10
24.850 5.098 52.093 -0.379 10
24.860 5.212 54.377 0.153 10
24.870 5.255 133.403 1.092 10
24.880 5.700 193.669 2.727 10
24.890 6.402 282.435 5.108 10
24.900 7.176 338.638 8.213 10
24.910 7.361 401.794 11.915 10
24.920 7.726 472.508 16.287 10
24.930 7.586 620.026 21.751 10
24.940 8.737 519.213 27.446 10
24.950 9.002 599.406 33.038 10
24.960 10.090 680.579 39.438 10
24.970 9.861 785.387 46.769 10
24.980 10.504 617.021 53.780 10
24.990 9.647 763.127 60.682 10
25.000 10.281 699.858 67.996 10
25.010 10.054 713.207 75.061 10
25.020 10.541 700.954 82.132 10
25.030 11.142 663.381 88.954 10
25.040 10.459 920.186 96.871 10
25.050 11.295 666.269 104.803 10
25.060 11.135 680.602 111.538 10
25.070 11.143 706.819 118.475 10
25.080 11.289 726.764 125.643 10
25.090 11.769 714.819 132.851 10
25.100 11.792 689.168 139.871 10
25.110 11.800 697.422 146.804 10
25.120 11.912 714.219 153.861 10
25.130 12.216 692.107 160.893 10
25.140 12.410 729.584 168.001 10
25.150 12.527 686.531 175.082 10
25.160 12.241 736.713 182.198 10
25.170 13.064 597.192 188.868 10
25.180 12.792 759.881 195.653 10
25.190 13.308 617.346 202.539 10
25.200 13.088 801.013 209.631 10
25.210 13.357 713.388 217.204 10
25.220 13.097 868.729 225.113 10
25.230 13.773 646.695 232.690 10
25.240 14.096 685.443 239.351 10
25.250 14.008 729.725 246.427 10
25.260 14.395 628.276 253.216 10
25.270 14.219 719.749 259.956 10
25.280 14.927 523.432 266.172 10
25.290 14.592 673.322 272.156 10
25.300 14.479 751.849 279.282 10
25.310 14.911 743.976 286.761 10
25.320 14.853 711.597 294.039 10
25.330 15.173 677.055 300.982 10
25.340 15.211 645.011 307.592 10
25.350 15.216 776.338 314.699 10
25.360 15.315 646.616 321.814 10
25.370 15.437 733.472 328.714 10
25.380 15.389 760.120 336.182 10
25.390 15.862 637.461 343.172 10
25.400 15.856 617.586 349.445 10
25.410 15.668 910.383 357.085 10
25.420 16.633 684.744 365.062 10
25.430 15.585 633.561 371.653 10
25.440 16.194 560.201 377.621 10
25.450 15.776 594.970 383.397 10
25.460 15.055 624.893 389.498 10
25.470 15.701 594.499 395.593 10
25.480 15.905 528.573 401.209 10
25.490 15.791 662.901 407.167 10
25.500 16.498 560.209 413.282 10
25.510 16.185 541.019 418.788 10
25.520 16.780 525.522 424.120 10
25.530 15.731 591.341 429.706 10
25.540 16.495 501.848 435.172 10
25.550 16.294 530.596 440.333 10
25.560 15.804 495.218 445.462 10
25.570 15.560 471.400 450.295 10
25.580 15.938 441.245 454.858 10
25.590 16.140 441.524 459.272 10
25.600 16.336 463.456 463.797 10
25.610 16.741 397.598 468.102 10
25.620 16.510 417.045 472.175 10
25.630 15.862 367.282 476.097 10
25.640 15.931 324.628 479.556 10
25.650 15.690 317.203 482.765 10
25.660 15.730 304.341 485.873 10
25.670 15.558 291.868 488.854 10
25.680 16.130 230.974 491.468 10
25.690 15.582 262.111 493.934 10
25.700 15.714 214.674 496.318 10
25.710 15.959 187.480 498.328 10
25.720 15.934 192.258 500.227 10
25.730 15.937 182.473 502.101 10
25.740 15.572 155.867 503.792 10
25.750 15.698 121.337 505.178 10
25.760 15.367 99.318 506.282 10
25.770 15.402 53.602 507.046 10
25.780 15.139 73.304 507.681 10
25.790 15.595 54.775 508.321 10
25.800 15.321 30.229 508.746 10
25.810 15.550 14.084 508.968 10
25.820 15.316 -27.728 508.900 10
25.830 15.311 -21.601 508.653 10
25.840 15.185 -45.797 508.316 10
25.850 15.344 -48.998 507.842 11
25.860 15.126 -446.589 505.364 11
25.870 9.388 -713.170 499.566 11
25.880 11.939 -403.253 493.984 11
25.890 12.721 -607.987 488.928 11
25.900 13.354 -387.385 483.951 11
25.910 12.959 -493.214 479.548 11
25.920 12.952 -445.281 474.856 11
25.930 12.394 -449.805 470.380 11
25.940 12.558 -441.609 465.923 11
25.950 12.484 -454.543 461.442 11
25.960 12.287 -429.543 457.022 11
25.970 12.052 -438.496 452.681 11
25.980 12.045 -425.561 448.361 11
25.990 12.011 -432.651 444.070 11
26.000 11.838 -428.008 439.767 11
26.010 11.781 -437.377 435.440 11
26.020 11.757 -445.485 431.026 11
26.030 11.730 -432.083 426.638 11
26.040 11.571 -428.009 422.337 11
26.050 11.548 -428.709 418.054 11
26.060 11.388 -421.220 413.805 11
26.070 11.381 -430.181 409.548 11
26.080 11.219 -425.290 405.270 11
26.090 11.241 -427.103 401.008 11
26.100 11.164 -424.886 396.748 11
26.110 11.000 -399.807 392.625 11
26.120 10.921 -442.512 388.413 11
26.130 10.895 -411.755 384.142 11
26.140 10.898 -413.302 380.017 11
26.150 10.753 -402.447 375.938 11
26.160 10.539 -404.648 371.903 11
26.170 10.554 -411.618 367.822 11
26.180 10.566 -410.339 363.712 11
26.190 10.498 -401.326 359.654 11
26.200 10.583 -408.152 355.606 11
26.210 10.458 -395.091 351.590 11
26.220 10.270 -393.480 347.647 11
26.230 10.138 -387.070 343.744 11
26.240 10.112 -390.780 339.855 11
26.250 10.107 -395.853 335.922 11
26.260 10.076 -381.320 332.036 11
26.270 9.995 -387.405 328.192 11
26.280 9.905 -370.376 324.404 11
26.290 9.946 -390.242 320.601 11
26.300 9.737 -391.863 316.690 11
26.310 9.729 -375.434 312.854 11
26.320 9.556 -366.460 309.144 11
26.330 9.442 -374.613 305.438 11
26.340 9.503 -366.230 301.735 11
26.350 9.305 -360.846 298.099 11
26.360 9.358 -359.947 294.495 11
26.370 9.272 -360.109 290.895 11
26.380 9.301 -350.021 287.344 11
26.390 9.059 -352.565 283.832 11
26.400 9.048 -355.791 280.290 11
26.410 9.069 -366.440 276.679 11
26.420 9.004 -357.960 273.057 11
26.430 8.918 -354.082 269.496 11
26.440 8.843 -339.652 266.027 11
26.450 8.787 -355.025 262.554 11
26.460 8.781 -342.740 259.066 11
26.470 8.687 -341.118 255.647 11
26.480 8.596 -340.508 252.238 11
26.490 8.602 -342.970 248.821 11
26.500 8.619 -339.978 245.406 11
26.510 8.468 -331.043 242.051 11
26.520 8.351 -334.304 238.724 11
26.530 8.354 -331.488 235.395 11
26.540 8.281 -324.478 232.116 11
26.550 8.265 -333.970 228.823 11
26.560 8.182 -321.450 225.546 11
26.570 8.151 -318.604 222.346 11
26.580 8.070 -316.000 219.173 11
26.590 8.061 -322.904 215.979 11
26.600 7.927 -321.218 212.757 11
26.610 7.919 -311.400 209.595 11
26.620 7.827 -307.636 206.500 11
26.630 7.760 -308.277 203.420 11
26.640 7.810 -312.644 200.316 11
26.650 7.685 -303.062 197.237 11
26.660 7.694 -306.371 194.190 11
26.670 7.639 -300.022 191.158 11
26.680 7.559 -297.887 188.169 11
26.690 7.507 -303.466 185.161 11
26.700 7.533 -297.688 182.156 11
26.710 7.396 -294.194 179.197 11
26.720 7.409 -285.522 176.298 11
26.730 7.308 -297.793 173.382 11
26.740 7.277 -288.723 170.449 11
26.750 7.163 -280.517 167.602 11
26.760 7.151 -293.605 164.732 11
26.770 7.139 -282.780 161.850 11
26.780 7.121 -284.928 159.012 11
26.790 6.969 -270.207 156.236 11
26.800 6.981 -278.191 153.494 11
26.810 6.993 -282.711 150.690 11
26.820 6.973 -277.820 147.887 11
26.830 6.870 -278.466 145.106 11
26.840 6.830 -272.018 142.354 11
26.850 6.739 -262.877 139.679 11
26.860 6.772 -269.759 137.016 11
26.870 6.793 -278.926 134.272 11
26.880 6.659 -254.527 131.605 11
26.890 6.599 -263.666 129.014 11
26.900 6.558 -254.952 126.421 11
26.910 6.527 -262.551 123.834 11
26.920 6.502 -257.267 121.235 11
26.930 6.497 -264.244 118.627 11
26.940 6.497 -264.752 115.982 11
26.950 6.354 -251.258 113.402 11
26.960 6.259 -247.742 110.907 11
26.970 6.332 -252.335 108.407 11
26.980 6.285 -258.894 105.851 11
26.990 6.240 -247.916 103.317 11
27.000 6.185 -241.812 100.868 11
27.010 6.168 -245.885 98.429 11
27.020 6.059 -231.124 96.044 11
27.030 5.986 -230.078 93.738 11
27.040 6.065 -232.644 91.425 11
27.050 6.019 -241.904 89.052 11
27.060 6.022 -233.978 86.673 11
27.070 5.930 -229.462 84.356 11
27.080 5.872 -237.220 82.022 11
27.090 5.812 -221.596 79.728 11
27.100 5.829 -227.011 77.485 11
27.110 5.783 -219.673 75.252 11
27.120 5.789 -224.498 73.031 11
27.130 5.698 -209.145 70.863 11
27.140 5.632 -218.185 68.726 11
27.150 5.597 -222.768 66.521 11
27.160 5.547 -212.281 64.346 11
27.170 5.536 -208.955 62.240 11
27.180 5.480 -203.403 60.178 11
27.190 5.510 -210.138 58.110 11
27.200 5.443 -208.269 56.018 11
27.210 5.461 -208.914 53.933 11
27.220 5.353 -197.128 51.902 11
27.230 5.361 -198.269 49.925 11
27.240 5.322 -196.315 47.952 11
27.250 5.235 -188.773 46.027 11
27.260 5.283 -192.598 44.120 11
27.270 5.258 -198.216 42.166 11
27.280 5.237 -198.164 40.184 11
27.290 5.208 -182.627 38.280 11
27.300 5.060 -183.545 36.449 11
27.310 5.162 -182.909 34.617 11
27.320 5.096 -184.945 32.778 11
27.330 5.050 -184.999 30.928 11
27.340 5.076 -176.360 29.121 11
27.350 5.038 -187.930 27.300 11
27.360 5.005 -175.060 25.485 11
27.370 4.979 -171.630 23.752 11
27.380 4.886 -171.313 22.037 11
27.390 4.849 -166.477 20.348 11
27.400 4.886 -169.082 18.670 11
27.410 4.898 -161.370 17.018 11
27.420 4.906 -158.931 15.416 11
27.430 4.896 -153.394 13.855 11
27.440 4.857 -163.843 12.269 11
27.450 4.857 -145.887 10.720 11
27.460 4.777 -136.441 9.308 11
27.470 4.830 -129.547 7.979 11
27.480 4.796 -119.920 6.731 11
27.490 4.819 -124.750 5.508 11
27.500 4.832 -114.435 4.312 11
27.510 4.816 -100.903 3.235 11
27.520 4.829 -103.701 2.212 11
27.530 4.820 -84.755 1.270 11
27.540 4.871 -90.771 0.392 11
27.550 4.827 -74.147 -0.432 11
27.560 4.822 -54.079 -1.073 11
27.570 4.828 -52.567 -1.607 11
27.580 4.854 -48.658 -2.113 11
27.590 4.899 -52.202 -2.617 11
27.600 4.885 -46.128 -3.109 11
27.610 4.844 -30.776 -3.493 11
27.620 4.790 -27.405 -3.784 11
27.630 4.897 -25.714 -4.050 11
27.640 4.921 -27.473 -4.316 11
27.650 4.886 -19.654 -4.551 11
27.660 4.817 -12.640 -4.713 11
27.670 4.860 4.617 -4.753 11
27.680 4.866 2.070 -4.720 11
27.690 4.989 2.451 -4.697 11
27.700 4.900 15.731 -4.606 11
27.710 4.919 12.442 -4.465 11
27.720 4.882 15.614 -4.325 11
27.730 4.956 19.570 -4.149 11
27.740 4.998 33.598 -3.883 11
27.750 4.920 38.192 -3.524 11
27.760 4.956 38.087 -3.143 11
27.770 4.957 44.009 -2.732 11
27.780 4.985 33.481 -2.345 11
27.790 5.044 39.187 -1.982 11
27.800 4.925 49.137 -1.540 11
27.810 4.972 48.613 -1.051 11
27.820 4.967 43.709 -0.590 11
27.830 5.063 34.964 -0.196 11
27.840 5.053 29.305 0.125 11
27.850 5.119 30.369 0.424 11
27.860 4.925 44.531 0.798 11
27.870 5.157 65.295 1.347 11
27.880 5.270 127.628 2.312 11
27.890 5.863 191.731 3.908 11
27.900 6.421 255.562 6.145 11
27.910 7.231 329.105 9.068 11
27.920 7.314 383.570 12.632 11
27.930 7.642 480.304 16.951 11
27.940 8.117 477.992 21.742 11
27.950 8.640 531.301 26.789 11
27.960 9.270 555.703 32.224 11
27.970 10.190 606.444 38.035 11
27.980 10.049 632.483 44.229 11
27.990 10.188 654.185 50.664 11
28.000 9.890 717.619 57.522 11
28.010 10.030 719.826 64.709 11
28.020 10.437 638.104 71.498 11
28.030 10.313 754.328 78.461 11
28.040 10.523 1060.781 87.535 11
28.050 10.590 758.713 96.633 11
28.060 10.842 714.009 103.998 11
28.070 10.921 679.133 110.962 11
28.080 11.289 688.358 117.800 11
28.090 11.896 622.486 124.355 11
28.100 11.503 684.662 130.891 11
28.110 11.781 689.217 137.759 11
28.120 11.708 653.760 144.474 11
28.130 11.717 738.639 151.436 11
28.140 12.567 661.346 158.436 11
28.150 12.550 696.938 165.228 11
28.160 12.518 782.578 172.625 11
28.170 12.683 787.772 180.476 11
28.180 12.683 763.003 188.229 11
28.190 13.120 666.670 195.378 11
28.200 13.431 626.623 201.844 11
28.210 13.399 654.677 208.251 11
28.220 13.686 657.358 214.812 11
28.230 13.447 652.158 221.359 11
28.240 13.436 719.500 228.217 11
28.250 14.008 707.925 235.355 11
28.260 13.887 740.527 242.596 11
28.270 14.195 652.015 249.561 11
28.280 14.400 639.719 256.018 11
28.290 14.283 704.956 262.742 11
28.300 14.439 719.109 269.863 11
28.310 14.950 641.254 276.663 11
28.320 15.460 621.505 282.976 11
28.330 14.273 968.148 290.925 11
28.340 15.512 702.639 299.279 11
28.350 14.301 965.304 307.621 11
28.360 15.648 637.023 315.630 11
28.370 15.381 663.313 322.132 11
28.380 15.458 826.679 329.582 11
28.390 15.785 572.585 336.579 11
28.400 15.211 747.157 343.177 11
28.410 16.047 627.029 350.048 11
28.420 15.875 678.280 356.574 11
28.430 16.298 644.328 363.187 11
28.440 16.011 658.353 369.700 11
28.450 15.656 695.981 376.474 11
28.460 15.799 588.285 382.893 11
28.470 14.792 652.809 389.098 11
28.480 15.665 621.929 395.472 11
28.490 15.792 564.700 401.405 11
28.500 16.242 573.315 407.095 11
28.510 15.932 613.861 413.031 11
28.520 16.217 549.557 418.849 11
28.530 16.477 509.398 424.143 11
28.540 16.584 489.008 429.136 11
28.550 15.989 567.417 434.417 11
28.560 16.359 461.991 439.564 11
28.570 15.644 448.535 444.117 11
28.580 16.213 470.093 448.710 11
28.590 15.632 522.251 453.671 11
28.600 16.161 450.341 458.536 11
28.610 16.608 380.449 462.688 11
28.620 16.663 437.582 466.779 11
28.630 15.996 435.413 471.144 11
28.640 15.990 373.677 475.189 11
28.650 15.771 412.931 479.122 11
28.660 15.918 333.731 482.855 11
28.670 15.499 326.964 486.159 11
28.680 15.931 266.364 489.125 11
28.690 15.567 254.836 491.732 11
28.700 15.735 271.400 494.363 11
28.710 15.680 260.281 497.021 11
28.720 16.014 202.119 499.333 11
28.730 16.090 217.328 501.430 11
28.740 16.116 166.789 503.351 11
28.750 15.714 150.029 504.935 11
28.760 15.473 129.499 506.332 11
28.770 15.467 122.278 507.591 11
28.780 15.554 95.037 508.678 11
28.790 15.187 80.481 509.555 11
28.800 15.550 25.035 510.083 11
28.810 15.684 38.653 510.401 11
28.820 15.401 -18.198 510.504 11
28.830 15.275 -32.231 510.252 11
28.840 15.192 -22.756 509.977 11
28.850 15.481 -27.809 509.724 11
28.860 15.309 -74.210 509.214 12
28.870 15.200 -495.379 506.366 12
28.880 9.502 -727.797 500.250 12
28.890 12.007 -430.383 494.459 12
28.900 12.834 -660.213 489.006 12
28.910 13.372 -385.367 483.778 12
28.920 12.846 -484.191 479.430 12
28.930 12.812 -447.573 474.772 12
28.940 12.462 -449.576 470.286 12
28.950 12.557 -455.101 465.762 12
28.960 12.487 -440.466 461.285 12
28.970 12.320 -450.849 456.828 12
28.980 12.244 -444.579 452.351 12
28.990 12.021 -419.307 448.032 12
29.000 12.092 -458.537 443.643 12
29.010 12.031 -433.938 439.180 12
29.020 11.782 -428.823 434.867 12
29.030 11.736 -449.032 430.477 12
29.040 11.790 -432.494 426.070 12
29.050 11.583 -428.839 421.763 12
29.060 11.572 -423.069 417.503 12
29.070 11.469 -429.106 413.243 12
29.080 11.363 -424.126 408.977 12
29.090 11.335 -414.243 404.785 12
29.100 11.259 -424.205 400.593 12
29.110 11.229 -413.869 396.402 12
29.120 11.034 -418.029 392.243 12
29.130 11.062 -403.323 388.135 12
29.140 10.832 -411.098 384.064 12
29.150 10.765 -406.651 379.975 12
29.160 10.689 -396.754 375.958 12
29.170 10.668 -424.595 371.851 12
29.180 10.546 -397.238 367.741 12
29.190 10.449 -396.106 363.775 12
29.200 10.424 -398.978 359.800 12
29.210 10.326 -389.722 355.857 12
29.220 10.332 -390.707 351.955 12
29.230 10.381 -398.226 348.009 12
29.240 10.280 -386.690 344.086 12
29.250 10.297 -386.611 340.219 12
29.260 10.125 -387.535 336.348 12
29.270 10.115 -384.534 332.488 12
29.280 9.945 -387.948 328.626 12
29.290 9.903 -376.005 324.805 12
29.300 9.899 -375.906 321.046 12
29.310 9.783 -379.508 317.269 12
29.320 9.734 -378.413 313.480 12
29.330 9.580 -360.116 309.786 12
29.340 9.585 -366.799 306.152 12
29.350 9.533 -363.921 302.498 12
29.360 9.418 -359.714 298.881 12
29.370 9.361 -368.554 295.240 12
29.380 9.331 -357.070 291.611 12
29.390 9.276 -361.462 288.019 12
29.400 9.212 -346.750 284.478 12
29.410 9.148 -362.666 280.931 12
29.420 9.038 -356.253 277.336 12
29.430 8.978 -345.350 273.828 12
29.440 9.096 -358.078 270.311 12
29.450 8.905 -353.614 266.752 12
29.460 8.883 -356.718 263.201 12
29.470 8.792 -334.130 259.747 12
29.480 8.769 -344.631 256.352 12
29.490 8.681 -342.567 252.917 12
29.500 8.594 -331.545 249.547 12
29.510 8.567 -333.098 246.223 12
29.520 8.582 -338.924 242.863 12
29.530 8.433 -331.084 239.513 12
29.540 8.391 -331.365 236.201 12
29.550 8.385 -337.919 232.854 12
29.560 8.267 -327.024 229.530 12
29.570 8.260 -323.794 226.276 12
29.580 8.082 -305.238 223.130 12
29.590 8.111 -319.922 220.005 12
29.600 8.071 -322.381 216.792 12
29.610 8.062 -319.024 213.586 12
29.620 8.017 -312.701 210.428 12
29.630 7.912 -321.850 207.255 12
29.640 7.927 -316.779 204.062 12
29.650 7.737 -306.638 200.945 12
29.660 7.710 -307.494 197.874 12
29.670 7.689 -301.114 194.831 12
29.680 7.627 -294.345 191.854 12
29.690 7.581 -296.832 188.898 12
29.700 7.582 -310.321 185.862 12
29.710 7.508 -293.030 182.845 12
29.720 7.395 -289.692 179.932 12
29.730 7.326 -292.022 177.023 12
29.740 7.316 -292.458 174.101 12
29.750 7.229 -286.345 171.207 12
29.760 7.334 -292.340 168.313 12
29.770 7.265 -284.089 165.432 12
29.780 7.200 -283.807 162.592 12
29.790 7.211 -283.580 159.755 12
29.800 7.093 -274.688 156.964 12
29.810 6.956 -280.847 154.186 12
29.820 6.915 -283.366 151.365 12
29.830 6.851 -277.428 148.561 12
29.840 6.943 -279.717 145.775 12
29.850 6.854 -278.422 142.985 12
29.860 6.731 -258.455 140.300 12
29.870 6.799 -274.674 137.635 12
29.880 6.668 -261.947 134.952 12
29.890 6.653 -274.693 132.269 12
29.900 6.668 -260.187 129.594 12
29.910 6.646 -263.359 126.976 12
29.920 6.602 -260.392 124.358 12
29.930 6.532 -262.273 121.744 12
29.940 6.476 -259.345 119.136 12
29.950 6.503 -260.057 116.539 12
29.960 6.384 -248.613 113.996 12
29.970 6.336 -246.272 111.521 12
29.980 6.257 -244.803 109.066 12
29.990 6.328 -261.826 106.533 12
30.000 6.274 -249.996 103.974 12
30.010 6.164 -241.364 101.517 12
30.020 6.129 -247.202 99.075 12
30.030 6.144 -236.639 96.655 12
30.040 6.118 -239.073 94.276 12
30.050 6.116 -232.598 91.918 12
30.060 5.998 -230.857 89.601 12
30.070 5.979 -236.687 87.263 12
30.080 5.910 -231.449 84.923 12
30.090 5.910 -232.515 82.603 12
30.100 5.942 -231.572 80.283 12
30.110 5.845 -221.541 78.017 12
30.120 5.781 -226.424 75.777 12
30.130 5.747 -223.889 73.526 12
30.140 5.684 -219.123 71.311 12
30.150 5.693 -216.835 69.131 12
30.160 5.680 -214.937 66.972 12
30.170 5.580 -214.322 64.826 12
30.180 5.523 -207.836 62.715 12
30.190 5.550 -213.085 60.610 12
30.200 5.521 -215.365 58.468 12
30.210 5.515 -199.905 56.391 12
30.220 5.474 -197.502 54.405 12
30.230 5.424 -199.131 52.422 12
30.240 5.346 -203.289 50.409 12
30.250 5.413 -203.208 48.377 12
30.260 5.366 -196.867 46.377 12
30.270 5.320 -194.329 44.420 12
30.280 5.245 -192.177 42.488 12
30.290 5.230 -193.613 40.559 12
30.300 5.203 -184.543 38.669 12
30.310 5.190 -186.717 36.812 12
30.320 5.160 -190.533 34.926 12
30.330 5.122 -177.544 33.086 12
30.340 5.077 -182.389 31.286 12
30.350 5.090 -179.408 29.476 12
30.360 5.062 -183.411 27.663 12
30.370 4.990 -181.330 25.839 12
30.380 4.985 -178.909 24.038 12
30.390 5.032 -188.264 22.202 12
30.400 4.996 -169.520 20.413 12
30.410 4.943 -168.350 18.724 12
30.420 4.905 -160.257 17.081 12
30.430 4.815 -171.550 15.421 12
30.440 4.846 -160.305 13.762 12
30.450 4.885 -161.127 12.155 12
30.460 4.933 -154.835 10.576 12
30.470 4.844 -144.269 9.080 12
30.480 4.829 -148.623 7.616 12
30.490 4.759 -136.267 6.191 12
30.500 4.807 -131.636 4.852 12
30.510 4.845 -122.759 3.579 12
30.520 4.906 -135.058 2.291 12
30.530 4.732 -115.019 1.040 12
30.540 4.807 -103.465 -0.052 12
30.550 4.811 -88.754 -1.013 12
30.560 4.857 -92.470 -1.919 12
30.570 4.921 -94.123 -2.852 12
30.580 4.897 -84.525 -3.745 12
30.590 4.784 -79.611 -4.566 12
30.600 4.813 -71.491 -5.322 12
30.610 4.724 -47.181 -5.915 12
30.620 4.919 -58.171 -6.442 12
30.630 4.868 -40.026 -6.933 12
30.640 4.916 -26.786 -7.267 12
30.650 4.856 -28.229 -7.542 12
30.660 4.807 -17.233 -7.769 12
30.670 4.930 -24.785 -7.979 12
30.680 4.803 4.848 -8.079 12
30.690 4.879 -0.126 -8.055 12
30.700 4.885 5.874 -8.027 12
30.710 4.908 0.459 -7.995 12
30.720 4.866 19.488 -7.895 12
30.730 4.932 14.476 -7.725 12
30.740 4.865 21.500 -7.546 12
30.750 4.902 19.334 -7.341 12
30.760 4.870 24.532 -7.122 12
30.770 4.980 48.818 -6.755 12
30.780 4.830 41.436 -6.304 12
30.790 5.065 38.975 -5.902 12
30.800 4.893 60.741 -5.403 12
30.810 4.952 60.529 -4.797 12
30.820 5.018 42.157 -4.284 12
30.830 4.950 44.183 -3.852 12
30.840 5.035 49.529 -3.383 12
30.850 4.915 72.369 -2.774 12
30.860 4.954 77.878 -2.023 12
30.870 5.117 52.132 -1.373 12
30.880 5.213 84.772 -0.688 12
30.890 5.365 153.587 0.504 12
30.900 5.724 216.505 2.355 12
30.910 6.447 273.911 4.806 12
30.920 7.142 358.736 7.970 12
30.930 7.198 424.654 11.886 12
30.940 7.666 468.365 16.351 12
30.950 8.209 491.676 21.151 12
30.960 8.611 561.995 26.421 12
30.970 8.911 622.266 32.341 12
30.980 9.745 710.888 39.006 12
30.990 9.535 751.270 46.319 12
31.000 10.002 809.466 54.120 12
31.010 10.056 663.954 61.487 12
31.020 9.961 738.008 68.497 12
31.030 9.911 811.458 76.244 12
31.040 10.107 937.179 84.990 12
31.050 10.632 778.264 93.565 12
31.060 10.899 779.645 101.354 12
31.070 10.434 885.980 109.683 12
31.080 11.486 622.070 117.224 12
31.090 11.500 700.859 123.838 12
31.100 11.339 681.822 130.750 12
31.110 11.505 627.975 137.299 12
31.120 11.806 621.670 143.549 12
31.130 11.862 707.124 150.191 12
31.140 12.149 743.267 157.446 12
31.150 12.248 594.034 164.132 12
31.160 12.559 672.771 170.465 12
31.170 12.508 753.145 177.594 12
31.180 12.768 664.258 184.684 12
31.190 12.618 698.231 191.495 12
31.200 13.044 720.794 198.588 12
31.210 12.773 845.183 206.417 12
31.220 13.171 670.382 213.996 12
31.230 13.774 655.055 220.623 12
31.240 13.142 925.791 228.528 12
31.250 13.561 737.086 236.841 12
31.260 13.775 655.931 243.808 12
31.270 13.401 988.711 252.029 12
31.280 14.171 652.666 260.236 12
31.290 14.143 680.551 266.902 12
31.300 14.488 683.166 273.721 12
