time(sec)  pressure
0.000  20.136
0.010  20.182
0.020  20.091
0.030  20.020
0.040  19.926
0.050  20.414
0.060  20.390
0.070  20.335
0.080  20.309
0.090  20.187
0.100  19.983
0.110  20.208
0.120  20.635
0.130  20.468
0.140  20.058
0.150  19.757
0.160  20.424
0.170  20.217
0.180  20.284
0.190  20.108
0.200  19.899
0.210  20.222
0.220  20.464
0.230  20.376
0.240  20.484
0.250  20.221
0.260  19.973
0.270  20.223
0.280  20.511
0.290  20.196
0.300  20.596
0.310  20.717
0.320  20.009
0.330  19.785
0.340  20.199
0.350  20.649
0.360  20.450
0.370  19.857
0.380  20.279
0.390  20.225
0.400  19.973
0.410  20.112
0.420  20.612
0.430  20.403
0.440  20.166
0.450  20.216
0.460  20.250
0.470  20.321
0.480  20.223
0.490  20.547
0.500  20.372
0.510  20.259
0.520  20.228
0.530  20.566
0.540  20.264
0.550  20.197
0.560  20.216
0.570  20.096
0.580  20.228
0.590  20.479
0.600  20.456
0.610  20.359
0.620  20.016
0.630  20.018
0.640  20.318
0.650  20.344
0.660  20.144
0.670  20.124
0.680  19.870
0.690  20.381
0.700  20.512
0.710  20.232
0.720  20.319
0.730  20.285
0.740  20.400
0.750  20.588
0.760  20.323
0.770  20.258
0.780  20.717
0.790  20.624
0.800  19.987
0.810  20.373
0.820  20.250
0.830  20.470
0.840  20.089
0.850  20.072
0.860  20.304
0.870  20.501
0.880  20.281
0.890  20.204
0.900  20.255
0.910  20.468
0.920  20.615
0.930  20.335
0.940  20.287
0.950  20.637
0.960  20.121
0.970  20.349
0.980  20.143
0.990  20.328
1.000  20.199
1.010  20.007
1.020  20.309
1.030  20.707
1.040  20.204
1.050  20.006
1.060  20.306
1.070  20.333
1.080  20.326
1.090  20.525
1.100  20.576
1.110  20.177
1.120  20.474
1.130  20.357
1.140  20.332
1.150  20.827
1.160  20.264
1.170  20.225
1.180  20.463
1.190  20.298
1.200  20.354
1.210  20.571
1.220  20.447
1.230  20.057
1.240  20.123
1.250  20.298
1.260  20.286
1.270  20.205
1.280  20.701
1.290  20.408
1.300  20.507
1.310  20.066
1.320  20.256
1.330  20.464
1.340  20.129
1.350  20.491
1.360  20.027
1.370  20.114
1.380  20.786
1.390  20.341
1.400  20.262
1.410  20.221
1.420  20.267
1.430  20.356
1.440  20.337
1.450  20.414
1.460  20.701
1.470  20.316
1.480  20.188
1.490  20.399
1.500  20.181
1.510  20.451
1.520  20.580
1.530  20.109
1.540  20.139
1.550  20.609
1.560  20.599
1.570  20.074
1.580  20.259
1.590  20.312
1.600  20.418
1.610  20.405
1.620  20.410
1.630  20.347
1.640  20.300
1.650  20.471
1.660  20.491
1.670  20.963
1.680  20.547
1.690  20.128
1.700  20.338
1.710  20.650
1.720  20.454
1.730  20.421
1.740  20.498
1.750  20.234
1.760  20.427
1.770  20.462
1.780  20.301
1.790  20.299
1.800  20.078
1.810  19.985
1.820  20.590
1.830  20.703
1.840  20.557
1.850  20.447
1.860  20.346
1.870  20.330
1.880  20.385
1.890  19.939
1.900  20.056
1.910  20.844
1.920  20.770
1.930  20.451
1.940  20.224
1.950  20.194
1.960  20.362
1.970  20.862
1.980  20.572
1.990  20.098
2.000  20.341
2.010  20.145
2.020  20.270
2.030  20.476
2.040  20.567
2.050  20.643
2.060  20.585
2.070  19.933
2.080  19.994
2.090  20.281
2.100  20.171
2.110  20.476
2.120  20.700
2.130  20.338
2.140  20.487
2.150  20.305
2.160  20.332
2.170  20.472
2.180  20.377
2.190  20.267
2.200  20.696
2.210  20.575
2.220  20.168
2.230  19.771
2.240  20.382
2.250  20.851
2.260  20.428
2.270  20.274
2.280  20.276
2.290  20.675
2.300  20.486
2.310  20.224
2.320  20.063
2.330  20.570
2.340  20.571
2.350  20.314
2.360  20.448
2.370  20.066
2.380  20.364
2.390  20.351
2.400  20.218
2.410  20.632
2.420  20.473
2.430  20.217
2.440  20.282
2.450  20.803
2.460  20.588
2.470  19.940
2.480  19.686
2.490  20.078
2.500  20.506
2.510  20.682
2.520  20.329
2.530  20.182
2.540  19.830
2.550  20.187
2.560  20.719
2.570  20.357
2.580  20.203
2.590  20.262
2.600  20.219
2.610  20.416
2.620  20.515
2.630  20.627
2.640  20.334
2.650  20.375
2.660  20.295
2.670  20.297
2.680  20.238
2.690  20.438
2.700  20.323
2.710  20.296
2.720  20.169
2.730  20.420
2.740  20.350
2.750  20.612
2.760  20.281
2.770  20.211
2.780  20.497
2.790  20.365
2.800  20.523
2.810  20.610
2.820  20.300
2.830  20.260
2.840  20.675
2.850  20.579
2.860  20.195
2.870  20.606
2.880  20.426
2.890  20.255
2.900  20.292
2.910  20.770
2.920  20.547
2.930  20.168
2.940  20.079
2.950  20.447
2.960  20.137
2.970  20.502
2.980  20.210
2.990  20.433
3.000  20.686
3.010  20.498
3.020  20.247
3.030  20.091
3.040  20.402
3.050  20.546
3.060  20.484
3.070  20.427
3.080  20.274
3.090  20.285
3.100  20.075
3.110  20.462
3.120  20.597
3.130  20.509
3.140  20.446
3.150  20.520
3.160  20.068
3.170  20.499
3.180  20.585
3.190  19.871
3.200  20.498
3.210  20.467
3.220  20.580
3.230  20.481
3.240  20.368
3.250  20.559
3.260  20.322
3.270  20.455
3.280  20.626
3.290  20.429
3.300  20.155
3.310  20.210
3.320  20.450
3.330  20.747
3.340  20.750
3.350  20.214
3.360  20.727
3.370  20.277
3.380  20.749
3.390  20.818
3.400  20.312
3.410  20.399
3.420  20.583
3.430  20.588
3.440  19.888
3.450  20.285
3.460  20.346
3.470  20.317
3.480  20.582
3.490  20.714
3.500  20.423
3.510  20.170
3.520  20.444
3.530  20.603
3.540  20.405
3.550  20.553
3.560  20.356
3.570  20.410
3.580  19.936
3.590  20.422
3.600  20.392
3.610  20.788
3.620  20.592
3.630  20.492
3.640  20.214
3.650  19.848
3.660  20.461
3.670  20.227
3.680  20.492
3.690  20.636
3.700  20.495
3.710  20.486
3.720  20.209
3.730  20.470
3.740  20.858
3.750  20.390
3.760  20.229
3.770  20.313
3.780  20.452
3.790  20.535
3.800  20.454
3.810  20.606
3.820  20.389
3.830  20.223
3.840  20.208
3.850  20.294
3.860  20.442
3.870  20.537
3.880  20.304
3.890  20.852
3.900  20.786
3.910  19.896
3.920  19.885
3.930  20.703
3.940  20.600
3.950  20.391
3.960  20.538
3.970  20.691
3.980  20.571
3.990  20.404
4.000  20.421
4.010  20.325
4.020  20.369
4.030  20.261
4.040  20.691
4.050  20.696
4.060  20.526
4.070  20.389
4.080  20.395
4.090  20.741
4.100  20.585
4.110  20.170
4.120  20.236
4.130  20.525
4.140  20.867
4.150  20.770
4.160  20.120
4.170  20.242
4.180  20.199
4.190  20.398
4.200  20.536
4.210  20.544
4.220  20.341
4.230  20.542
4.240  20.273
4.250  20.123
4.260  20.310
4.270  20.605
4.280  20.558
4.290  20.738
4.300  20.370
4.310  20.687
4.320  20.450
4.330  20.615
4.340  20.400
4.350  19.916
4.360  20.087
4.370  20.596
4.380  20.604
4.390  20.330
4.400  20.521
4.410  20.627
4.420  20.481
4.430  20.517
4.440  20.218
4.450  20.274
4.460  20.334
4.470  20.239
4.480  20.323
4.490  20.724
4.500  20.654
4.510  20.266
4.520  20.462
4.530  20.515
4.540  20.625
4.550  20.386
4.560  20.071
4.570  20.445
4.580  20.347
4.590  20.385
4.600  20.723
4.610  20.519
4.620  20.180
4.630  20.039
4.640  20.455
4.650  20.613
4.660  20.423
4.670  20.373
4.680  20.499
4.690  20.319
4.700  20.183
4.710  20.316
4.720  20.556
4.730  20.686
4.740  20.640
4.750  20.068
4.760  20.066
4.770  20.044
4.780  20.397
4.790  20.703
4.800  20.105
4.810  20.100
4.820  20.460
4.830  20.378
4.840  20.754
4.850  20.216
4.860  20.274
4.870  20.404
4.880  20.779
4.890  20.381
4.900  20.093
4.910  20.144
4.920  20.632
4.930  20.715
4.940  20.358
4.950  20.343
4.960  20.552
4.970  20.667
4.980  20.401
4.990  20.069
5.000  20.152
5.010  20.599
5.020  20.166
5.030  20.309
5.040  20.120
5.050  20.416
5.060  20.137
5.070  20.102
5.080  20.288
5.090  20.445
5.100  20.616
5.110  20.585
5.120  20.395
5.130  20.157
5.140  19.897
5.150  20.287
5.160  20.509
5.170  20.483
5.180  20.454
5.190  20.379
5.200  20.225
5.210  20.454
5.220  20.647
5.230  20.475
5.240  20.389
5.250  20.440
5.260  20.358
5.270  20.371
5.280  20.185
5.290  20.128
5.300  20.102
5.310  20.669
5.320  20.524
5.330  20.041
5.340  20.128
5.350  20.489
5.360  20.165
5.370  20.590
5.380  20.718
5.390  20.476
5.400  20.393
5.410  20.205
5.420  20.199
5.430  20.479
5.440  20.488
5.450  20.012
5.460  20.270
5.470  20.277
5.480  20.555
5.490  20.238
5.500  20.416
5.510  20.484
5.520  20.262
5.530  20.675
5.540  20.641
5.550  20.430
5.560  20.279
5.570  19.793
5.580  20.378
5.590  20.891
5.600  20.945
5.610  20.018
5.620  20.027
5.630  20.501
5.640  20.463
5.650  20.258
5.660  20.450
5.670  20.604
5.680  20.172
5.690  20.283
5.700  20.462
5.710  20.580
5.720  20.231
5.730  20.254
5.740  20.149
5.750  20.405
5.760  20.186
5.770  20.364
5.780  20.677
5.790  20.382
5.800  20.123
5.810  20.053
5.820  20.010
5.830  20.265
5.840  20.716
5.850  20.564
5.860  20.171
5.870  20.061
5.880  20.383
5.890  20.387
5.900  20.208
5.910  20.857
5.920  20.653
5.930  20.135
5.940  20.184
5.950  20.137
5.960  20.144
5.970  20.072
5.980  19.885
5.990  20.481
6.000  20.799
6.010  20.516
6.020  19.964
6.030  19.899
6.040  20.225
6.050  20.516
6.060  20.582
6.070  20.488
6.080  20.445
6.090  20.372
6.100  20.089
6.110  20.195
6.120  20.655
6.130  20.178
6.140  20.047
6.150  20.389
6.160  20.375
6.170  20.242
6.180  20.183
6.190  20.354
6.200  20.390
6.210  20.064
6.220  20.476
6.230  20.548
6.240  20.146
6.250  20.148
6.260  20.321
6.270  20.459
6.280  20.856
6.290  20.207
6.300  20.055
6.310  20.704
6.320  20.826
6.330  20.791
6.340  20.547
6.350  20.639
6.360  20.341
6.370  20.384
6.380  20.326
6.390  20.127
6.400  20.068
6.410  20.532
6.420  20.459
6.430  20.387
