time(sec)  pressure
0.000  31.554
0.010  31.540
0.020  32.065
0.030  32.640
0.040  32.028
0.050  31.617
0.060  31.575
0.070  31.526
0.080  32.220
0.090  32.304
0.100  32.227
0.110  32.092
0.120  32.174
0.130  31.560
0.140  32.411
0.150  32.801
0.160  31.909
0.170  31.974
0.180  32.261
0.190  32.095
0.200  31.976
0.210  32.210
0.220  32.148
0.230  32.841
0.240  32.084
0.250  31.683
0.260  31.728
0.270  32.012
0.280  32.095
0.290  32.363
0.300  32.453
0.310  32.148
0.320  32.103
0.330  32.006
0.340  32.030
0.350  31.956
0.360  32.148
0.370  32.046
0.380  32.548
0.390  32.194
0.400  32.219
0.410  31.376
0.420  31.766
0.430  31.720
0.440  32.584
0.450  32.591
0.460  31.737
0.470  31.541
0.480  31.628
0.490  32.110
0.500  32.601
0.510  32.275
0.520  32.133
0.530  31.790
0.540  31.741
0.550  32.419
0.560  32.138
0.570  32.063
0.580  32.680
0.590  32.453
0.600  32.055
0.610  31.495
0.620  31.545
0.630  32.421
0.640  32.647
0.650  31.955
0.660  31.649
0.670  31.915
0.680  32.034
0.690  32.411
0.700  31.514
0.710  31.987
0.720  31.969
0.730  32.279
0.740  32.636
0.750  31.494
0.760  31.868
0.770  32.725
0.780  32.194
0.790  32.052
0.800  31.758
0.810  32.299
0.820  32.359
0.830  32.091
0.840  31.831
0.850  31.300
0.860  31.903
0.870  32.569
0.880  32.316
0.890  32.109
0.900  31.724
0.910  32.040
0.920  32.687
0.930  32.154
0.940  31.824
0.950  31.779
0.960  32.291
0.970  31.594
0.980  32.362
0.990  32.458
1.000  31.698
1.010  31.995
1.020  32.211
1.030  32.069
1.040  31.803
1.050  32.143
1.060  32.481
1.070  32.314
1.080  32.323
1.090  31.483
1.100  31.851
1.110  32.130
1.120  32.280
1.130  33.088
1.140  32.765
1.150  32.459
1.160  31.602
1.170  31.414
1.180  32.274
1.190  32.909
1.200  32.435
1.210  31.983
1.220  30.776
1.230  31.770
1.240  32.413
1.250  32.635
1.260  32.167
1.270  32.054
1.280  31.508
1.290  31.961
1.300  32.207
1.310  32.452
1.320  31.857
1.330  31.688
1.340  32.040
1.350  31.563
1.360  32.145
1.370  31.943
1.380  32.250
1.390  32.615
1.400  31.922
1.410  31.805
1.420  31.239
1.430  32.168
1.440  32.120
1.450  32.147
1.460  32.204
1.470  31.351
1.480  31.706
1.490  32.438
1.500  32.366
1.510  32.150
1.520  32.038
1.530  31.658
1.540  32.080
1.550  32.035
1.560  32.308
1.570  31.738
1.580  31.476
1.590  31.764
1.600  31.695
1.610  32.349
1.620  32.349
1.630  32.548
1.640  31.956
1.650  31.314
1.660  31.570
1.670  32.354
1.680  32.232
1.690  32.492
1.700  31.809
1.710  31.689
1.720  32.043
1.730  32.366
1.740  32.212
1.750  31.654
1.760  31.557
1.770  32.264
1.780  32.035
1.790  32.055
1.800  31.699
1.810  32.236
1.820  32.216
1.830  31.499
1.840  32.140
1.850  32.733
1.860  32.416
1.870  31.523
1.880  31.694
1.890  32.416
1.900  31.741
1.910  31.397
1.920  32.066
1.930  32.447
1.940  32.659
1.950  32.003
1.960  31.246
1.970  31.598
1.980  32.923
1.990  32.157
2.000  31.865
2.010  31.489
2.020  32.261
2.030  32.868
2.040  32.226
2.050  31.638
2.060  31.861
2.070  31.988
2.080  32.424
2.090  32.066
2.100  31.682
2.110  31.833
2.120  31.741
2.130  32.126
2.140  32.482
2.150  32.419
2.160  32.417
2.170  31.960
2.180  32.018
2.190  31.640
2.200  32.031
2.210  32.292
2.220  31.961
2.230  32.135
2.240  32.407
2.250  31.901
2.260  31.960
2.270  31.941
2.280  31.781
2.290  31.860
2.300  31.741
2.310  32.235
2.320  32.133
2.330  31.837
2.340  32.515
2.350  32.405
2.360  31.788
2.370  31.649
2.380  32.106
2.390  32.396
2.400  32.195
2.410  32.007
2.420  31.812
2.430  31.774
2.440  32.236
2.450  31.980
2.460  32.316
2.470  32.507
2.480  31.821
2.490  31.771
2.500  31.806
2.510  31.763
2.520  32.362
2.530  31.455
2.540  31.822
2.550  32.141
2.560  32.070
2.570  31.777
2.580  31.511
2.590  31.624
2.600  32.187
2.610  32.277
2.620  31.971
2.630  31.887
2.640  31.599
2.650  31.783
2.660  31.811
2.670  32.106
2.680  31.785
2.690  31.722
2.700  31.755
2.710  32.089
2.720  31.863
2.730  31.853
2.740  31.941
2.750  31.345
2.760  32.553
2.770  32.297
2.780  31.907
2.790  32.252
2.800  31.720
2.810  31.991
2.820  32.129
2.830  32.056
2.840  32.195
2.850  32.392
2.860  32.212
2.870  32.089
2.880  31.680
2.890  32.151
2.900  32.012
2.910  32.137
2.920  32.482
2.930  32.369
2.940  32.418
2.950  31.615
2.960  31.381
2.970  32.397
2.980  32.390
2.990  32.236
3.000  32.263
3.010  31.756
3.020  31.640
3.030  31.777
3.040  31.702
3.050  32.338
3.060  32.831
3.070  31.982
3.080  32.438
3.090  31.976
3.100  31.370
3.110  32.328
3.120  32.104
3.130  31.788
3.140  32.092
3.150  31.722
3.160  31.415
3.170  31.459
3.180  31.958
3.190  31.943
3.200  32.216
3.210  32.373
3.220  32.397
3.230  32.265
3.240  31.081
3.250  31.274
3.260  32.594
3.270  32.592
3.280  31.860
3.290  32.043
3.300  32.181
3.310  31.918
3.320  32.715
3.330  32.239
3.340  32.238
3.350  31.777
3.360  31.700
3.370  31.421
3.380  32.115
3.390  32.722
3.400  32.332
3.410  31.505
3.420  31.787
3.430  32.177
3.440  32.078
3.450  32.139
3.460  32.303
3.470  31.797
3.480  32.029
3.490  32.099
3.500  32.208
3.510  32.270
3.520  31.964
3.530  31.842
3.540  32.056
3.550  31.899
3.560  32.651
3.570  31.994
3.580  31.523
3.590  31.900
3.600  32.123
3.610  31.773
3.620  31.600
3.630  32.356
3.640  31.673
3.650  31.974
3.660  32.503
3.670  31.877
3.680  32.275
3.690  32.367
3.700  32.922
3.710  31.997
3.720  31.893
3.730  31.896
3.740  31.794
3.750  31.442
3.760  32.081
3.770  31.436
3.780  32.174
3.790  31.847
3.800  31.796
3.810  31.781
3.820  31.673
3.830  31.815
3.840  32.305
3.850  32.673
3.860  32.220
3.870  31.743
3.880  31.942
3.890  31.436
3.900  32.258
3.910  32.397
3.920  31.497
3.930  32.168
3.940  32.011
3.950  32.295
3.960  32.155
3.970  32.561
3.980  32.191
3.990  31.501
4.000  32.407
4.010  32.046
4.020  32.010
4.030  32.191
4.040  32.086
4.050  31.586
4.060  31.664
4.070  31.771
4.080  32.313
4.090  32.318
4.100  31.896
4.110  32.258
4.120  32.107
4.130  32.048
4.140  32.022
4.150  31.280
4.160  31.356
4.170  31.818
4.180  32.368
4.190  31.800
4.200  31.608
4.210  32.049
4.220  32.253
4.230  32.102
4.240  31.905
4.250  31.777
4.260  31.922
4.270  31.800
4.280  31.976
4.290  31.693
4.300  32.055
4.310  32.483
4.320  31.281
4.330  31.897
4.340  32.353
4.350  32.021
4.360  31.995
4.370  31.572
4.380  31.371
4.390  31.897
4.400  32.383
4.410  31.916
4.420  31.657
4.430  31.952
4.440  31.305
4.450  31.861
4.460  32.576
4.470  31.962
4.480  31.386
4.490  31.412
4.500  31.556
4.510  32.270
4.520  31.944
4.530  32.382
4.540  32.053
4.550  31.660
4.560  32.169
4.570  31.667
4.580  32.062
4.590  31.233
4.600  31.386
4.610  32.213
4.620  32.009
4.630  32.057
4.640  31.377
4.650  31.423
4.660  32.267
4.670  32.009
4.680  32.529
4.690  32.026
4.700  31.288
4.710  31.335
4.720  31.506
4.730  32.319
4.740  32.334
4.750  31.978
4.760  32.001
4.770  31.217
4.780  31.778
4.790  31.489
4.800  32.121
4.810  32.622
4.820  32.419
4.830  31.546
4.840  31.849
4.850  31.705
4.860  32.339
4.870  32.035
4.880  31.729
4.890  32.453
4.900  32.810
4.910  31.947
4.920  31.386
4.930  31.817
4.940  32.253
4.950  31.982
4.960  31.894
4.970  32.075
4.980  31.768
4.990  32.326
5.000  32.226
5.010  32.195
5.020  31.964
5.030  31.542
5.040  32.056
5.050  32.437
5.060  32.208
5.070  31.867
5.080  31.842
5.090  31.901
5.100  31.810
5.110  32.216
5.120  32.698
5.130  32.730
5.140  31.972
5.150  31.453
5.160  31.738
5.170  31.531
5.180  32.481
5.190  32.290
5.200  32.009
5.210  31.583
5.220  31.772
5.230  31.907
5.240  31.969
5.250  32.178
5.260  31.848
5.270  31.641
5.280  31.847
5.290  31.779
5.300  32.317
5.310  32.476
5.320  31.834
5.330  31.892
5.340  31.798
5.350  32.671
5.360  31.948
5.370  32.046
5.380  31.890
5.390  31.501
5.400  31.256
5.410  32.407
5.420  32.149
5.430  32.451
5.440  31.931
5.450  31.836
5.460  32.395
5.470  31.624
5.480  31.178
5.490  32.120
5.500  32.792
5.510  32.291
5.520  31.500
5.530  32.146
5.540  32.235
5.550  32.163
5.560  31.776
5.570  32.402
5.580  32.090
5.590  31.876
5.600  32.191
5.610  31.785
5.620  31.996
5.630  32.181
5.640  32.236
5.650  31.284
5.660  31.844
5.670  32.176
5.680  31.802
5.690  32.166
5.700  32.529
5.710  31.319
5.720  31.963
5.730  32.586
5.740  31.945
5.750  31.884
5.760  32.298
5.770  32.378
5.780  32.166
5.790  31.851
5.800  31.981
5.810  31.613
5.820  32.050
5.830  31.954
5.840  31.778
5.850  32.449
5.860  31.723
5.870  31.971
5.880  31.919
5.890  31.995
5.900  31.914
5.910  32.287
5.920  32.668
5.930  31.793
5.940  31.542
5.950  32.172
5.960  32.619
5.970  32.639
5.980  31.628
5.990  31.690
6.000  32.147
6.010  32.064
6.020  32.053
6.030  31.944
6.040  31.652
6.050  31.619
6.060  32.046
6.070  31.976
6.080  32.896
6.090  32.130
6.100  31.643
6.110  31.657
6.120  32.125
6.130  32.577
6.140  32.201
6.150  32.327
6.160  32.043
6.170  31.765
6.180  31.904
6.190  31.441
6.200  31.794
6.210  31.675
6.220  31.907
6.230  32.334
6.240  32.480
6.250  32.026
6.260  31.932
6.270  32.306
6.280  32.032
6.290  31.873
6.300  31.937
6.310  31.776
6.320  32.139
6.330  32.551
6.340  32.400
6.350  32.662
6.360  31.601
6.370  31.875
6.380  31.948
6.390  32.635
6.400  31.768
6.410  31.901
6.420  31.870
6.430  32.084
6.440  31.976
