time(sec)  pressure
0.000  14.347
0.010  14.346
0.020  14.142
0.030  13.920
0.040  14.120
0.050  13.922
0.060  14.040
0.070  14.231
0.080  14.067
0.090  13.864
0.100  13.832
0.110  14.013
0.120  14.228
0.130  14.039
0.140  13.718
0.150  13.905
0.160  14.162
0.170  14.318
0.180  14.051
0.190  13.849
0.200  13.991
0.210  13.736
0.220  14.049
0.230  14.306
0.240  13.898
0.250  13.797
0.260  14.114
0.270  14.292
0.280  14.200
0.290  13.952
0.300  14.032
0.310  14.178
0.320  14.163
0.330  13.837
0.340  14.051
0.350  14.062
0.360  14.108
0.370  14.094
0.380  14.051
0.390  13.926
0.400  14.118
0.410  14.031
0.420  13.686
0.430  13.833
0.440  14.211
0.450  14.213
0.460  14.242
0.470  13.868
0.480  14.100
0.490  13.881
0.500  13.980
0.510  14.284
0.520  13.682
0.530  13.940
0.540  14.348
0.550  14.044
0.560  13.873
0.570  13.654
0.580  14.091
0.590  14.140
0.600  13.985
0.610  13.986
0.620  13.792
0.630  14.103
0.640  14.123
0.650  14.001
0.660  14.117
0.670  14.245
0.680  14.055
0.690  14.118
0.700  14.226
0.710  14.067
0.720  14.012
0.730  14.187
0.740  14.030
0.750  14.164
0.760  14.402
0.770  14.086
0.780  13.907
0.790  13.949
0.800  14.222
0.810  14.094
0.820  13.946
0.830  14.218
0.840  13.877
0.850  14.087
0.860  14.305
0.870  13.908
0.880  13.851
0.890  13.773
0.900  13.773
0.910  14.208
0.920  14.359
0.930  14.049
0.940  14.009
0.950  13.947
0.960  14.132
0.970  13.980
0.980  13.803
0.990  13.978
1.000  14.049
1.010  14.015
1.020  14.083
1.030  14.098
1.040  13.908
1.050  14.019
1.060  14.065
1.070  14.212
1.080  14.091
1.090  13.738
1.100  14.116
1.110  14.018
1.120  14.074
1.130  14.074
1.140  14.194
1.150  14.135
1.160  13.898
1.170  13.871
1.180  14.101
1.190  14.245
1.200  13.847
1.210  14.145
1.220  14.227
1.230  14.053
1.240  14.260
1.250  14.252
1.260  14.093
1.270  14.001
1.280  13.983
1.290  13.893
1.300  14.206
1.310  14.036
1.320  14.079
1.330  14.037
1.340  13.831
1.350  14.135
1.360  14.266
1.370  14.141
1.380  13.654
1.390  13.612
1.400  13.910
1.410  14.096
1.420  14.117
1.430  14.286
1.440  14.258
1.450  14.057
1.460  13.842
1.470  13.819
1.480  14.083
1.490  13.909
1.500  14.032
1.510  14.124
1.520  14.253
1.530  14.099
1.540  13.855
1.550  14.089
1.560  14.221
1.570  14.166
1.580  14.107
1.590  14.116
1.600  13.905
1.610  14.048
1.620  14.253
1.630  13.966
1.640  14.125
1.650  14.058
1.660  14.054
1.670  14.346
1.680  14.046
1.690  13.843
1.700  13.958
1.710  13.931
1.720  14.280
1.730  14.069
1.740  14.149
1.750  13.999
1.760  13.949
1.770  13.919
1.780  14.021
1.790  14.042
1.800  14.138
1.810  13.993
1.820  14.078
1.830  14.021
1.840  14.245
1.850  14.171
1.860  14.129
1.870  14.188
1.880  14.172
1.890  13.884
1.900  13.998
1.910  14.140
1.920  14.106
1.930  13.748
1.940  13.630
1.950  14.083
1.960  14.241
1.970  14.003
1.980  14.106
1.990  14.074
2.000  14.052
2.010  14.217
2.020  13.992
2.030  14.135
2.040  14.199
2.050  14.077
2.060  13.996
2.070  13.945
2.080  13.805
2.090  14.052
2.100  14.232
2.110  13.964
2.120  13.898
2.130  14.053
2.140  13.886
2.150  14.019
2.160  14.394
2.170  14.316
2.180  13.934
2.190  14.183
2.200  14.176
2.210  13.758
2.220  13.947
2.230  14.015
2.240  14.318
2.250  14.117
2.260  14.017
2.270  14.184
2.280  14.159
2.290  14.009
2.300  13.804
2.310  14.036
2.320  14.342
2.330  14.390
2.340  13.852
2.350  13.881
2.360  14.082
2.370  14.216
2.380  14.060
2.390  14.140
2.400  14.201
2.410  14.147
2.420  14.165
2.430  13.892
2.440  14.074
2.450  14.024
2.460  14.065
2.470  14.206
2.480  14.150
2.490  14.317
2.500  13.728
2.510  13.756
2.520  13.965
2.530  14.272
2.540  14.245
2.550  13.962
2.560  13.790
2.570  13.949
2.580  13.990
2.590  14.064
2.600  13.930
2.610  14.008
2.620  14.132
2.630  14.183
2.640  14.141
2.650  13.835
2.660  14.266
2.670  14.275
2.680  14.329
2.690  13.940
2.700  13.980
2.710  14.013
2.720  14.049
2.730  13.930
2.740  14.166
2.750  14.198
2.760  13.947
2.770  13.955
2.780  14.192
2.790  14.353
2.800  14.051
2.810  13.720
2.820  14.088
2.830  14.223
2.840  13.983
2.850  14.032
2.860  14.009
2.870  14.209
2.880  13.931
2.890  13.944
2.900  14.071
2.910  14.055
2.920  14.007
2.930  14.004
2.940  14.237
2.950  14.391
2.960  14.278
2.970  13.704
2.980  13.857
2.990  14.099
3.000  14.437
3.010  13.962
3.020  13.988
3.030  13.927
3.040  14.123
3.050  14.295
3.060  14.132
3.070  14.127
3.080  14.039
3.090  13.724
3.100  14.035
3.110  14.236
3.120  14.306
3.130  13.715
3.140  13.860
3.150  14.186
3.160  14.107
3.170  14.074
3.180  14.087
3.190  14.214
3.200  14.216
3.210  13.980
3.220  13.925
3.230  13.953
3.240  13.943
3.250  14.309
3.260  14.111
3.270  14.047
3.280  13.967
3.290  14.135
3.300  14.181
3.310  14.111
3.320  14.052
3.330  13.967
3.340  14.235
3.350  14.352
3.360  14.418
3.370  14.087
3.380  13.971
3.390  13.799
3.400  13.982
3.410  14.137
3.420  14.106
3.430  14.021
3.440  14.077
3.450  14.017
3.460  13.649
3.470  13.579
3.480  14.033
3.490  14.417
3.500  14.168
3.510  13.831
3.520  13.827
3.530  13.959
3.540  14.218
3.550  13.911
3.560  13.917
3.570  14.170
3.580  14.050
3.590  13.958
3.600  14.018
3.610  13.849
3.620  13.933
3.630  14.076
3.640  14.264
3.650  13.887
3.660  13.941
3.670  14.110
3.680  14.011
3.690  13.853
3.700  13.781
3.710  13.978
3.720  14.188
3.730  13.723
3.740  14.004
3.750  14.119
3.760  14.318
3.770  13.927
3.780  14.062
3.790  14.125
3.800  14.249
3.810  13.967
3.820  14.094
3.830  14.100
3.840  14.054
3.850  14.017
3.860  13.955
3.870  14.085
3.880  14.133
3.890  14.273
3.900  13.798
3.910  13.899
3.920  14.241
3.930  14.220
3.940  13.838
3.950  14.067
3.960  13.916
3.970  14.061
3.980  14.244
3.990  14.221
4.000  14.041
4.010  13.815
4.020  13.940
4.030  14.051
4.040  14.201
4.050  14.079
4.060  14.156
4.070  13.907
4.080  13.825
4.090  13.822
4.100  13.946
4.110  14.179
4.120  14.253
4.130  14.119
4.140  14.058
4.150  13.868
4.160  14.026
4.170  13.914
4.180  14.170
4.190  14.040
4.200  14.037
4.210  13.998
4.220  13.866
4.230  14.015
4.240  14.096
4.250  14.122
4.260  13.809
4.270  14.021
4.280  14.250
4.290  14.070
4.300  14.246
4.310  14.051
4.320  13.822
4.330  13.912
4.340  14.088
4.350  14.248
4.360  14.283
4.370  14.035
4.380  14.143
4.390  13.787
4.400  14.035
4.410  14.101
4.420  14.141
4.430  14.199
4.440  13.946
4.450  14.033
4.460  14.111
4.470  14.277
4.480  14.110
4.490  13.924
4.500  14.005
4.510  13.906
4.520  13.866
4.530  14.259
4.540  14.068
4.550  13.925
4.560  14.022
4.570  13.996
4.580  14.280
4.590  13.862
4.600  13.805
4.610  14.154
4.620  14.012
4.630  13.834
4.640  13.661
4.650  13.819
4.660  14.138
4.670  14.143
4.680  13.899
4.690  13.941
4.700  14.137
4.710  14.052
4.720  13.961
4.730  14.092
4.740  14.151
4.750  13.962
4.760  13.861
4.770  13.852
4.780  13.810
4.790  14.075
4.800  14.165
4.810  14.027
4.820  14.115
4.830  13.907
4.840  13.856
4.850  14.065
4.860  14.216
4.870  14.035
4.880  13.799
4.890  13.936
4.900  14.105
4.910  14.099
4.920  13.641
4.930  13.827
4.940  13.871
4.950  14.010
4.960  14.158
4.970  13.825
4.980  13.971
4.990  14.095
5.000  14.027
5.010  13.947
5.020  13.769
5.030  14.136
5.040  14.223
5.050  13.993
5.060  14.126
5.070  14.197
5.080  13.676
5.090  13.895
5.100  14.149
5.110  14.008
5.120  13.809
5.130  13.968
5.140  14.180
5.150  14.166
5.160  13.992
5.170  13.888
5.180  14.021
5.190  14.129
5.200  14.079
5.210  14.247
5.220  13.832
5.230  13.914
5.240  14.029
5.250  14.139
5.260  14.295
5.270  14.145
5.280  13.922
5.290  13.955
5.300  14.021
5.310  13.990
5.320  13.927
5.330  13.990
5.340  14.074
5.350  13.926
5.360  13.994
5.370  14.159
5.380  14.146
5.390  13.769
5.400  13.992
5.410  13.960
5.420  13.832
5.430  14.055
5.440  13.997
5.450  14.051
5.460  13.950
5.470  13.720
5.480  14.153
5.490  14.159
5.500  13.903
5.510  13.868
5.520  14.122
5.530  14.280
5.540  14.120
5.550  13.960
5.560  14.276
5.570  13.772
5.580  13.902
5.590  13.931
5.600  14.401
5.610  14.354
5.620  13.994
5.630  13.782
5.640  13.883
5.650  14.118
5.660  14.321
5.670  13.908
5.680  13.904
5.690  13.867
5.700  14.120
5.710  14.151
5.720  14.155
5.730  13.958
5.740  14.022
5.750  14.098
5.760  13.976
5.770  14.031
5.780  14.084
5.790  14.041
5.800  14.137
5.810  14.027
5.820  13.894
5.830  14.072
5.840  14.003
5.850  14.051
5.860  14.029
5.870  13.831
5.880  14.101
5.890  14.119
5.900  13.783
5.910  13.867
5.920  13.917
5.930  14.292
5.940  14.119
5.950  13.975
5.960  13.854
5.970  13.774
5.980  14.120
5.990  14.118
6.000  14.258
6.010  14.128
6.020  14.059
6.030  13.898
6.040  14.038
6.050  14.026
6.060  14.212
6.070  14.017
6.080  13.775
6.090  13.980
6.100  14.160
6.110  14.167
6.120  13.951
6.130  13.960
6.140  13.900
6.150  14.147
6.160  14.346
6.170  14.116
6.180  13.925
6.190  14.035
6.200  13.979
6.210  13.928
6.220  13.995
6.230  14.103
6.240  14.091
6.250  14.129
6.260  13.821
6.270  14.180
6.280  14.230
6.290  14.087
6.300  14.097
6.310  13.855
6.320  13.667
6.330  13.987
6.340  14.265
6.350  14.263
6.360  14.166
6.370  13.944
6.380  14.101
6.390  14.229
6.400  14.153
6.410  14.074
6.420  13.961
6.430  13.801
6.440  13.907
