time(sec)  pressure
0.000  34.912
0.010  35.816
0.020  36.100
0.030  35.159
0.040  34.098
0.050  34.493
0.060  34.790
0.070  35.865
0.080  35.346
0.090  35.742
0.100  34.690
0.110  35.087
0.120  35.311
0.130  35.435
0.140  34.781
0.150  34.610
0.160  35.129
0.170  35.229
0.180  36.084
0.190  35.370
0.200  34.734
0.210  34.914
0.220  35.492
0.230  35.649
0.240  35.089
0.250  35.462
0.260  34.262
0.270  34.739
0.280  35.298
0.290  35.296
0.300  35.132
0.310  34.810
0.320  35.465
0.330  35.722
0.340  35.360
0.350  35.342
0.360  35.188
0.370  35.387
0.380  34.811
0.390  35.216
0.400  35.814
0.410  34.848
0.420  34.763
0.430  35.157
0.440  35.324
0.450  35.381
0.460  34.756
0.470  35.166
0.480  35.231
0.490  35.123
0.500  35.014
0.510  35.069
0.520  34.671
0.530  34.776
0.540  35.401
0.550  35.705
0.560  35.071
0.570  34.628
0.580  35.459
0.590  35.247
0.600  35.433
0.610  34.648
0.620  35.089
0.630  34.820
0.640  35.496
0.650  34.914
0.660  34.758
0.670  34.947
0.680  34.936
0.690  35.637
0.700  35.604
0.710  35.773
0.720  34.888
0.730  35.102
0.740  35.411
0.750  35.450
0.760  36.270
0.770  35.488
0.780  35.562
0.790  34.972
0.800  35.337
0.810  35.198
0.820  34.956
0.830  35.254
0.840  34.859
0.850  34.755
0.860  35.029
0.870  35.016
0.880  35.720
0.890  35.612
0.900  34.575
0.910  35.042
0.920  34.588
0.930  35.706
0.940  36.018
0.950  35.221
0.960  34.153
0.970  35.318
0.980  35.741
0.990  35.331
1.000  35.434
1.010  35.652
1.020  35.014
1.030  34.799
1.040  35.101
1.050  35.194
1.060  35.207
1.070  35.284
1.080  35.334
1.090  34.349
1.100  34.463
1.110  34.949
1.120  35.220
1.130  35.583
1.140  34.920
1.150  35.061
1.160  36.110
1.170  35.383
1.180  35.006
1.190  35.366
1.200  35.643
1.210  35.603
1.220  35.295
1.230  35.063
1.240  35.187
1.250  35.318
1.260  35.368
1.270  34.841
1.280  35.869
1.290  35.698
1.300  35.006
1.310  35.640
1.320  35.976
1.330  35.512
1.340  34.741
1.350  34.352
1.360  34.609
1.370  36.361
1.380  36.084
1.390  35.246
1.400  35.423
1.410  35.658
1.420  34.993
1.430  34.710
1.440  35.227
1.450  34.906
1.460  35.557
1.470  35.657
1.480  34.640
1.490  35.609
1.500  35.672
1.510  34.737
1.520  35.132
1.530  35.447
1.540  35.694
1.550  35.306
1.560  34.860
1.570  35.345
1.580  35.109
1.590  35.094
1.600  35.720
1.610  35.245
1.620  35.121
1.630  34.798
1.640  35.140
1.650  35.657
1.660  34.663
1.670  35.762
1.680  35.359
1.690  35.323
1.700  35.589
1.710  35.364
1.720  35.698
1.730  35.014
1.740  35.617
1.750  35.528
1.760  35.285
1.770  34.794
1.780  34.532
1.790  34.663
1.800  35.950
1.810  35.368
1.820  35.267
1.830  34.662
1.840  34.839
1.850  35.801
1.860  35.207
1.870  35.523
1.880  35.013
1.890  35.214
1.900  36.091
1.910  35.450
1.920  35.353
1.930  35.070
1.940  34.534
1.950  35.136
1.960  35.353
1.970  35.542
1.980  34.854
1.990  34.336
2.000  34.682
2.010  35.686
2.020  35.215
2.030  35.370
2.040  34.939
2.050  34.864
2.060  34.744
2.070  35.356
2.080  35.328
2.090  35.414
2.100  35.219
2.110  34.855
2.120  34.527
2.130  35.045
2.140  35.922
2.150  35.553
2.160  35.697
2.170  35.374
2.180  34.364
2.190  35.074
2.200  35.736
2.210  35.773
2.220  35.148
2.230  34.599
2.240  35.080
2.250  35.765
2.260  35.402
2.270  35.381
2.280  35.025
2.290  35.439
2.300  35.011
2.310  34.684
2.320  35.023
2.330  35.738
2.340  35.353
2.350  35.006
2.360  35.137
2.370  34.943
2.380  35.068
2.390  35.307
2.400  35.727
2.410  35.207
2.420  34.969
2.430  35.090
2.440  35.619
2.450  35.754
2.460  35.359
2.470  35.183
2.480  35.495
2.490  34.534
2.500  34.984
2.510  34.939
2.520  34.994
2.530  35.530
2.540  35.444
2.550  34.923
2.560  35.475
2.570  35.387
2.580  34.799
2.590  35.753
2.600  35.274
2.610  34.916
2.620  35.262
2.630  34.597
2.640  35.441
2.650  35.379
2.660  35.091
2.670  35.038
2.680  35.106
2.690  34.971
2.700  34.759
2.710  35.823
2.720  34.883
2.730  35.127
2.740  34.918
2.750  35.060
2.760  35.433
2.770  35.432
2.780  34.927
2.790  34.895
2.800  34.867
2.810  34.706
2.820  35.215
2.830  35.109
2.840  34.903
2.850  34.811
2.860  35.154
2.870  35.046
2.880  35.180
2.890  34.225
2.900  35.137
2.910  35.724
2.920  35.479
2.930  34.734
2.940  34.886
2.950  34.876
2.960  35.487
2.970  35.285
2.980  34.690
2.990  34.627
3.000  34.993
3.010  35.901
3.020  36.131
3.030  35.568
3.040  35.101
3.050  34.473
3.060  34.556
3.070  34.900
3.080  34.798
3.090  34.950
3.100  35.236
3.110  35.085
3.120  35.324
3.130  34.669
3.140  35.006
3.150  35.153
3.160  34.367
3.170  34.946
3.180  35.369
3.190  36.259
3.200  35.195
3.210  34.902
3.220  35.037
3.230  35.839
3.240  35.394
3.250  35.455
3.260  35.115
3.270  35.704
3.280  34.944
3.290  34.743
3.300  35.645
3.310  35.676
3.320  35.186
3.330  35.243
3.340  35.032
3.350  35.570
3.360  34.981
3.370  35.586
3.380  35.254
3.390  35.403
3.400  35.589
3.410  34.672
3.420  34.497
3.430  35.633
3.440  35.691
3.450  34.489
3.460  34.687
3.470  35.425
3.480  35.672
3.490  35.580
3.500  34.968
3.510  34.898
3.520  35.262
3.530  35.511
3.540  35.510
3.550  34.814
3.560  35.491
3.570  34.995
3.580  34.667
3.590  35.121
3.600  35.077
3.610  34.860
3.620  35.650
3.630  35.516
3.640  35.697
3.650  34.944
3.660  34.935
3.670  35.437
3.680  35.317
3.690  35.125
3.700  34.801
3.710  35.340
3.720  35.608
3.730  35.524
3.740  35.519
3.750  34.926
3.760  34.628
3.770  34.868
3.780  34.917
3.790  35.708
3.800  35.731
3.810  35.798
3.820  35.520
3.830  34.791
3.840  35.452
3.850  35.901
3.860  35.522
3.870  34.725
3.880  34.887
3.890  35.024
3.900  36.113
3.910  35.580
3.920  35.196
3.930  35.623
3.940  34.999
3.950  35.479
3.960  35.733
3.970  35.595
3.980  35.624
3.990  36.209
4.000  35.613
4.010  34.973
4.020  35.197
4.030  35.395
4.040  35.350
4.050  34.790
4.060  35.058
4.070  34.935
4.080  35.140
4.090  35.412
4.100  35.094
4.110  35.090
4.120  35.248
4.130  35.187
4.140  35.028
4.150  35.421
4.160  35.331
4.170  35.716
4.180  35.263
4.190  35.560
4.200  35.095
4.210  35.142
4.220  34.708
4.230  35.454
4.240  35.117
4.250  35.307
4.260  35.209
4.270  35.066
4.280  35.155
4.290  35.345
4.300  34.952
4.310  35.249
4.320  35.913
4.330  34.910
4.340  35.876
4.350  35.332
4.360  34.613
4.370  35.123
4.380  35.733
4.390  35.133
4.400  35.550
4.410  35.515
4.420  35.056
4.430  35.598
4.440  35.395
4.450  34.318
4.460  35.143
4.470  35.121
4.480  35.648
4.490  35.843
4.500  35.638
4.510  34.950
4.520  35.136
4.530  35.492
4.540  35.098
4.550  35.201
4.560  34.941
4.570  35.814
4.580  35.698
4.590  34.945
4.600  34.885
4.610  34.701
4.620  35.743
4.630  35.493
4.640  35.171
4.650  35.052
4.660  34.454
4.670  35.536
4.680  35.591
4.690  35.045
4.700  35.278
4.710  36.131
4.720  35.383
4.730  35.063
4.740  34.912
4.750  34.715
4.760  34.721
4.770  35.112
4.780  35.425
4.790  36.040
4.800  35.280
4.810  34.874
4.820  35.500
4.830  35.151
4.840  35.233
4.850  35.145
4.860  35.542
4.870  35.648
4.880  35.292
4.890  35.542
4.900  35.270
4.910  35.518
4.920  35.132
4.930  35.279
4.940  34.927
4.950  35.023
4.960  35.022
4.970  35.041
4.980  35.410
4.990  35.605
5.000  35.851
5.010  34.853
5.020  34.352
5.030  34.873
5.040  35.422
5.050  35.541
5.060  35.686
5.070  35.048
5.080  35.320
5.090  35.928
5.100  35.241
5.110  34.393
5.120  35.230
5.130  35.650
5.140  35.528
5.150  35.175
5.160  35.128
5.170  35.667
5.180  35.074
5.190  35.356
5.200  35.385
5.210  35.229
5.220  35.159
5.230  35.009
5.240  35.339
5.250  35.491
5.260  35.128
5.270  36.089
5.280  35.403
5.290  34.746
5.300  35.045
5.310  35.518
5.320  36.220
5.330  35.691
5.340  35.068
5.350  34.686
5.360  35.714
5.370  35.837
5.380  35.452
5.390  35.648
5.400  35.466
5.410  35.272
5.420  35.309
5.430  34.857
5.440  35.009
5.450  35.035
5.460  35.810
5.470  35.501
5.480  35.484
5.490  35.646
5.500  35.181
5.510  35.402
5.520  34.756
5.530  35.551
5.540  35.334
5.550  35.308
5.560  34.854
5.570  35.214
5.580  35.374
5.590  35.341
5.600  34.813
5.610  35.109
5.620  35.786
5.630  35.479
5.640  35.512
5.650  34.617
5.660  35.239
5.670  35.635
5.680  36.023
5.690  35.974
5.700  35.074
5.710  35.283
5.720  34.990
5.730  35.428
5.740  35.391
5.750  35.496
5.760  36.300
5.770  35.577
5.780  34.929
5.790  34.873
5.800  35.422
5.810  35.065
5.820  35.646
5.830  35.040
5.840  35.401
5.850  35.151
5.860  35.154
5.870  35.118
5.880  35.170
5.890  35.542
5.900  35.259
5.910  35.530
5.920  35.577
5.930  35.062
5.940  35.578
5.950  35.759
5.960  35.113
5.970  34.871
5.980  35.154
5.990  35.679
6.000  35.646
6.010  35.277
6.020  35.212
6.030  35.044
6.040  35.965
6.050  35.405
6.060  35.269
6.070  35.648
6.080  36.038
6.090  34.952
6.100  34.885
6.110  35.030
6.120  34.881
6.130  35.177
6.140  35.335
6.150  35.536
6.160  35.187
6.170  35.189
6.180  35.290
6.190  35.021
6.200  34.927
6.210  35.461
6.220  35.638
6.230  35.271
6.240  34.806
6.250  35.233
6.260  35.524
6.270  35.675
6.280  35.435
6.290  35.165
6.300  34.853
6.310  35.622
6.320  35.533
6.330  34.944
6.340  35.113
6.350  35.474
6.360  35.004
6.370  35.054
6.380  35.596
6.390  35.453
6.400  35.125
6.410  35.278
6.420  34.841
6.430  35.326
6.440  34.894
6.450  35.264
6.460  35.287
6.470  34.412
