time(sec)  pressure
0.000  0.013
0.010  0.015
0.020  0.009
0.030  0.012
0.040  0.009
0.050  0.021
0.060  0.011
0.070  0.015
0.080  0.006
0.090  0.007
0.100  0.008
0.110  0.011
0.120  0.011
0.130  0.010
0.140  0.006
0.150  0.008
0.160  0.010
0.170  0.007
0.180  0.009
0.190  0.014
0.200  0.014
0.210  0.009
0.220  0.007
0.230  0.010
0.240  0.010
0.250  0.008
0.260  0.002
0.270  0.004
0.280  0.006
0.290  0.007
0.300  0.009
0.310  0.007
0.320  0.012
0.330  0.007
0.340  0.005
0.350  0.007
0.360  0.007
0.370  0.016
0.380  0.017
0.390  0.007
0.400  0.011
0.410  0.010
0.420  0.006
0.430  0.005
0.440  0.009
0.450  0.009
0.460  0.009
0.470  0.008
0.480  0.008
0.490  0.009
0.500  0.016
0.510  0.010
0.520  0.009
0.530  0.011
0.540  0.006
0.550  0.012
0.560  0.004
0.570  0.014
0.580  0.008
0.590  0.007
0.600  0.007
0.610  0.004
0.620  0.010
0.630  0.005
0.640  0.009
0.650  0.010
0.660  0.005
0.670  0.010
0.680  0.014
0.690  0.011
0.700  0.011
0.710  0.005
0.720  0.004
0.730  0.010
0.740  0.014
0.750  0.013
0.760  0.005
0.770  0.006
0.780  0.007
0.790  0.005
0.800  0.009
0.810  0.008
0.820  0.007
0.830  0.007
0.840  0.008
0.850  0.011
0.860  0.011
0.870  0.008
0.880  0.009
0.890  0.006
0.900  0.014
0.910  0.009
0.920  0.007
0.930  0.004
0.940  0.022
0.950  0.013
0.960  0.017
0.970  0.015
0.980  0.011
0.990  0.006
1.000  0.008
1.010  0.009
1.020  0.010
1.030  0.004
1.040  0.009
1.050  0.010
1.060  0.018
1.070  0.009
1.080  0.007
1.090  0.015
1.100  0.013
1.110  0.010
1.120  0.018
1.130  0.006
1.140  0.010
1.150  0.008
1.160  0.011
1.170  0.006
1.180  0.008
1.190  0.010
1.200  0.012
1.210  0.007
1.220  0.007
1.230  0.007
1.240  0.004
1.250  0.008
1.260  0.011
1.270  0.002
1.280  0.006
1.290  0.008
1.300  0.004
1.310  0.009
1.320  0.010
1.330  0.008
1.340  0.007
1.350  0.012
1.360  0.008
1.370  0.010
1.380  0.007
1.390  0.007
1.400  0.010
1.410  0.021
1.420  0.011
1.430  0.016
1.440  0.014
1.450  0.007
1.460  0.009
1.470  0.006
1.480  0.009
1.490  0.009
1.500  0.014
1.510  0.005
1.520  0.008
1.530  0.005
1.540  0.004
1.550  0.004
1.560  0.012
1.570  0.009
1.580  0.002
1.590  0.001
1.600  0.002
1.610  0.004
1.620  0.003
1.630  0.012
1.640  0.006
1.650  0.008
1.660  0.009
1.670  0.007
1.680  0.008
1.690  0.008
1.700  0.004
1.710  0.005
1.720  0.012
1.730  0.012
1.740  0.010
1.750  0.011
1.760  0.006
1.770  0.012
1.780  0.006
1.790  0.002
1.800  0.015
1.810  0.007
1.820  0.004
1.830  0.010
1.840  0.008
1.850  0.004
1.860  0.006
1.870  0.009
1.880  0.009
1.890  0.010
1.900  0.012
1.910  0.011
1.920  0.009
1.930  0.006
1.940  0.008
1.950  0.006
1.960  0.002
1.970  0.017
1.980  0.009
1.990  0.000
2.000  0.008
2.010  0.016
2.020  0.009
2.030  0.004
2.040  -0.002
2.050  0.007
2.060  0.004
2.070  -0.001
2.080  0.013
2.090  0.005
2.100  0.007
2.110  0.011
2.120  0.008
2.130  0.010
2.140  0.008
2.150  0.007
2.160  0.008
2.170  0.011
2.180  0.018
2.190  0.010
2.200  0.007
2.210  0.002
2.220  0.007
2.230  0.013
2.240  0.008
2.250  0.010
2.260  0.013
2.270  0.011
2.280  0.009
2.290  0.013
2.300  0.007
2.310  0.010
2.320  0.016
2.330  0.012
2.340  0.016
2.350  0.013
2.360  0.007
2.370  0.014
2.380  0.007
2.390  0.010
2.400  0.012
2.410  0.012
2.420  0.010
2.430  0.006
2.440  0.013
2.450  0.006
2.460  0.018
2.470  0.017
2.480  0.016
2.490  0.014
2.500  0.009
2.510  0.008
2.520  0.013
2.530  0.012
2.540  0.011
2.550  0.011
2.560  0.006
2.570  0.006
2.580  0.006
2.590  0.008
2.600  0.004
2.610  0.011
2.620  0.011
2.630  0.015
2.640  0.005
2.650  0.004
2.660  0.009
2.670  0.012
2.680  0.007
2.690  0.006
2.700  0.016
2.710  0.013
2.720  0.010
2.730  0.007
2.740  0.008
2.750  0.007
2.760  0.009
2.770  0.010
2.780  0.008
2.790  0.014
2.800  0.005
2.810  0.014
2.820  0.008
2.830  0.003
2.840  0.007
2.850  0.007
2.860  0.007
2.870  0.005
2.880  0.010
2.890  0.008
2.900  0.008
2.910  0.005
2.920  0.005
2.930  0.011
2.940  0.010
2.950  0.012
2.960  0.015
2.970  0.002
2.980  0.003
2.990  -0.001
3.000  0.001
3.010  0.009
3.020  0.008
3.030  0.007
3.040  0.012
3.050  0.012
3.060  0.011
3.070  0.011
3.080  0.013
3.090  0.016
3.100  0.008
3.110  0.016
3.120  0.013
3.130  0.011
3.140  0.006
3.150  0.008
3.160  0.011
3.170  0.010
3.180  0.003
3.190  0.009
3.200  0.002
3.210  0.002
3.220  0.008
3.230  0.009
3.240  0.002
3.250  0.007
3.260  0.009
3.270  0.011
3.280  0.003
3.290  0.012
3.300  0.010
3.310  0.005
3.320  0.005
3.330  0.006
3.340  0.006
3.350  0.002
3.360  0.006
3.370  0.008
3.380  0.007
3.390  0.003
3.400  0.009
3.410  -0.001
3.420  0.007
3.430  0.002
3.440  0.008
3.450  0.002
3.460  0.003
3.470  0.008
3.480  0.010
3.490  0.006
3.500  0.005
3.510  0.005
3.520  0.008
3.530  0.008
3.540  0.019
3.550  0.009
3.560  0.003
3.570  0.015
3.580  0.005
3.590  0.001
3.600  0.007
3.610  0.008
3.620  0.000
3.630  0.006
3.640  0.006
3.650  0.011
3.660  0.009
3.670  0.010
3.680  0.006
3.690  0.007
3.700  0.006
3.710  0.002
3.720  0.005
3.730  0.005
3.740  0.006
3.750  0.001
3.760  0.001
3.770  0.001
3.780  0.004
3.790  0.007
3.800  0.008
3.810  0.007
3.820  0.008
3.830  0.004
3.840  0.008
3.850  0.007
3.860  0.004
3.870  0.001
3.880  0.007
3.890  0.007
3.900  0.013
3.910  0.005
3.920  0.004
3.930  0.009
3.940  0.009
3.950  0.008
3.960  0.005
3.970  0.009
3.980  0.018
3.990  0.009
4.000  0.016
4.010  0.010
4.020  0.007
4.030  0.009
4.040  0.004
4.050  0.011
4.060  0.007
4.070  0.009
4.080  0.010
4.090  0.015
4.100  0.013
4.110  0.008
4.120  0.009
4.130  0.003
4.140  0.005
4.150  0.007
4.160  0.003
4.170  0.004
4.180  0.009
4.190  0.014
4.200  0.010
4.210  0.002
4.220  0.006
4.230  0.011
4.240  0.011
4.250  0.003
4.260  0.003
4.270  0.013
4.280  0.010
4.290  0.008
4.300  0.008
4.310  0.002
4.320  0.012
4.330  0.007
4.340  0.004
4.350  0.000
4.360  0.007
4.370  0.011
4.380  0.010
4.390  0.004
4.400  0.004
4.410  0.009
4.420  0.006
4.430  0.003
4.440  0.009
4.450  0.014
4.460  0.010
4.470  0.014
4.480  0.003
4.490  0.006
4.500  0.010
4.510  0.006
4.520  0.009
4.530  0.017
4.540  0.016
4.550  0.007
4.560  0.012
4.570  0.009
4.580  0.013
4.590  0.013
4.600  0.010
4.610  0.006
4.620  0.009
4.630  0.008
4.640  0.006
4.650  0.008
4.660  0.004
4.670  0.008
4.680  0.008
4.690  0.008
4.700  0.008
4.710  0.008
4.720  0.010
4.730  0.009
4.740  0.001
4.750  0.006
4.760  0.006
4.770  0.007
4.780  0.011
4.790  0.007
4.800  0.011
4.810  0.003
4.820  0.005
4.830  0.011
4.840  0.003
4.850  0.016
4.860  0.014
4.870  0.002
4.880  0.009
4.890  0.003
4.900  0.011
4.910  0.009
4.920  0.008
4.930  0.006
4.940  0.009
4.950  0.005
4.960  0.006
4.970  0.005
4.980  -0.001
4.990  0.002
5.000  0.007
5.010  0.008
5.020  0.006
5.030  0.007
5.040  0.005
5.050  0.006
5.060  0.005
5.070  0.004
5.080  0.009
5.090  0.009
5.100  0.008
5.110  0.005
5.120  0.001
5.130  0.007
5.140  0.008
5.150  0.008
5.160  0.008
5.170  0.007
5.180  0.010
5.190  0.009
5.200  0.004
5.210  0.007
5.220  0.006
5.230  0.007
5.240  0.005
5.250  0.006
5.260  0.009
5.270  0.007
5.280  0.009
5.290  0.003
5.300  0.003
5.310  0.006
5.320  0.007
5.330  0.007
5.340  0.005
5.350  0.012
5.360  0.009
5.370  0.007
5.380  0.010
5.390  0.013
5.400  0.013
5.410  0.011
5.420  0.006
5.430  0.006
5.440  0.006
5.450  0.006
5.460  0.008
5.470  0.009
5.480  0.008
5.490  0.008
5.500  0.007
5.510  0.009
5.520  0.006
5.530  0.007
5.540  0.011
5.550  0.005
5.560  0.013
5.570  0.008
5.580  0.009
5.590  0.013
5.600  0.012
5.610  0.004
5.620  0.007
5.630  0.004
5.640  0.009
5.650  0.009
5.660  0.006
5.670  0.006
5.680  0.005
5.690  0.012
5.700  0.011
5.710  0.009
5.720  0.011
5.730  0.010
5.740  0.013
5.750  0.016
5.760  0.006
5.770  0.004
5.780  0.004
5.790  0.015
5.800  0.008
5.810  0.003
5.820  0.001
5.830  0.011
5.840  0.002
5.850  -0.001
5.860  0.011
5.870  0.010
5.880  0.004
5.890  0.005
5.900  0.009
5.910  0.007
5.920  0.007
5.930  0.005
5.940  0.010
5.950  0.009
5.960  0.003
5.970  0.001
5.980  0.005
5.990  0.004
6.000  0.010
6.010  0.003
6.020  -0.001
6.030  0.008
6.040  0.003
6.050  0.010
6.060  0.002
6.070  0.003
6.080  0.002
6.090  0.004
6.100  0.005
6.110  0.005
6.120  0.004
6.130  0.007
6.140  0.001
6.150  0.001
6.160  -0.001
6.170  -0.000
6.180  -0.000
6.190  -0.003
