time(sec)  pressure
0.000  16.506
0.010  16.521
0.020  16.924
0.030  16.528
0.040  16.185
0.050  16.313
0.060  16.464
0.070  16.792
0.080  16.891
0.090  16.462
0.100  16.596
0.110  16.617
0.120  16.710
0.130  16.519
0.140  16.446
0.150  16.663
0.160  16.317
0.170  16.406
0.180  16.876
0.190  16.868
0.200  16.247
0.210  16.412
0.220  16.558
0.230  16.606
0.240  16.748
0.250  16.379
0.260  16.496
0.270  16.751
0.280  16.990
0.290  16.528
0.300  16.445
0.310  16.729
0.320  16.645
0.330  16.487
0.340  16.248
0.350  16.550
0.360  16.875
0.370  16.563
0.380  16.534
0.390  16.863
0.400  16.567
0.410  16.345
0.420  16.613
0.430  16.799
0.440  16.645
0.450  16.459
0.460  16.595
0.470  16.824
0.480  16.473
0.490  16.669
0.500  16.631
0.510  16.540
0.520  16.523
0.530  16.675
0.540  16.541
0.550  16.460
0.560  16.782
0.570  16.828
0.580  16.345
0.590  16.551
0.600  16.430
0.610  16.923
0.620  16.919
0.630  16.540
0.640  16.391
0.650  16.378
0.660  16.491
0.670  16.833
0.680  16.678
0.690  16.648
0.700  16.392
0.710  16.289
0.720  16.753
0.730  16.654
0.740  16.647
0.750  16.309
0.760  16.277
0.770  16.398
0.780  16.797
0.790  16.706
0.800  16.636
0.810  16.691
0.820  16.702
0.830  16.389
0.840  16.377
0.850  16.356
0.860  16.482
0.870  16.764
0.880  16.371
0.890  16.425
0.900  16.525
0.910  16.231
0.920  16.753
0.930  16.846
0.940  16.545
0.950  16.330
0.960  16.529
0.970  16.672
0.980  16.868
0.990  16.512
1.000  16.634
1.010  16.338
1.020  16.642
1.030  16.500
1.040  16.501
1.050  16.724
1.060  16.339
1.070  16.475
1.080  16.252
1.090  16.375
1.100  16.846
1.110  16.678
1.120  16.495
1.130  16.358
1.140  16.700
1.150  16.694
1.160  16.517
1.170  16.506
1.180  16.644
1.190  16.502
1.200  16.426
1.210  16.984
1.220  16.435
1.230  16.645
1.240  16.340
1.250  16.364
1.260  16.396
1.270  16.255
1.280  16.596
1.290  16.606
1.300  16.634
1.310  16.889
1.320  16.557
1.330  16.378
1.340  16.165
1.350  16.606
1.360  17.057
1.370  16.644
1.380  16.395
1.390  16.457
1.400  16.516
1.410  16.441
1.420  16.459
1.430  16.597
1.440  16.623
1.450  16.513
1.460  16.624
1.470  16.716
1.480  16.357
1.490  16.310
1.500  16.359
1.510  16.274
1.520  16.354
1.530  16.906
1.540  16.506
1.550  16.596
1.560  16.719
1.570  16.703
1.580  16.631
1.590  16.418
1.600  16.328
1.610  16.654
1.620  16.610
1.630  16.505
1.640  16.459
1.650  16.598
1.660  16.317
1.670  16.414
1.680  16.540
1.690  16.521
1.700  16.416
1.710  16.543
1.720  16.578
1.730  16.837
1.740  16.481
1.750  16.197
1.760  16.653
1.770  16.546
1.780  16.533
1.790  16.276
1.800  16.307
1.810  16.621
1.820  16.830
1.830  16.504
1.840  16.286
1.850  16.848
1.860  16.551
1.870  16.418
1.880  16.633
1.890  16.528
1.900  16.632
1.910  16.723
1.920  16.457
1.930  16.559
1.940  16.708
1.950  16.427
1.960  16.628
1.970  16.324
1.980  16.383
1.990  16.620
2.000  16.552
2.010  16.458
2.020  16.585
2.030  16.536
2.040  16.232
2.050  16.572
2.060  16.895
2.070  16.859
2.080  16.419
2.090  16.189
2.100  16.131
2.110  16.394
2.120  16.596
2.130  17.116
2.140  16.881
2.150  16.359
2.160  16.293
2.170  16.164
2.180  16.359
2.190  16.414
2.200  16.505
2.210  16.506
2.220  16.365
2.230  16.590
2.240  16.411
2.250  16.362
2.260  16.516
2.270  16.482
2.280  16.321
2.290  16.536
2.300  16.758
2.310  16.188
2.320  16.089
2.330  16.708
2.340  16.688
2.350  16.474
2.360  16.354
2.370  16.684
2.380  16.593
2.390  16.671
2.400  16.215
2.410  16.426
2.420  16.727
2.430  16.621
2.440  16.697
2.450  16.728
2.460  16.492
2.470  16.423
2.480  16.395
2.490  16.198
2.500  16.616
2.510  16.791
2.520  16.740
2.530  16.560
2.540  16.528
2.550  16.417
2.560  16.498
2.570  16.797
2.580  16.578
2.590  16.654
2.600  16.266
2.610  16.486
2.620  16.412
2.630  16.560
2.640  16.466
2.650  16.675
2.660  16.738
2.670  16.632
2.680  16.212
2.690  16.364
2.700  16.315
2.710  16.643
2.720  16.695
2.730  16.436
2.740  16.612
2.750  16.385
2.760  16.557
2.770  16.435
2.780  16.648
2.790  16.522
2.800  16.521
2.810  16.781
2.820  16.667
2.830  16.736
2.840  16.705
2.850  16.270
2.860  16.216
2.870  16.773
2.880  17.074
2.890  16.426
2.900  16.253
2.910  16.560
2.920  16.622
2.930  16.689
2.940  16.587
2.950  16.665
2.960  16.398
2.970  16.191
2.980  16.293
2.990  16.901
3.000  16.769
3.010  16.425
3.020  16.173
3.030  16.422
3.040  16.585
3.050  16.519
3.060  16.568
3.070  16.641
3.080  16.739
3.090  16.730
3.100  16.201
3.110  16.672
3.120  16.357
3.130  16.533
3.140  16.647
3.150  16.608
3.160  16.754
3.170  16.761
3.180  16.402
3.190  16.405
3.200  16.622
3.210  16.574
3.220  16.793
3.230  16.545
3.240  16.202
3.250  16.580
3.260  16.512
3.270  16.616
3.280  16.557
3.290  16.453
3.300  16.605
3.310  16.558
3.320  16.398
3.330  16.684
3.340  16.623
3.350  16.228
3.360  16.366
3.370  16.301
3.380  16.578
3.390  16.470
3.400  16.475
3.410  16.546
3.420  16.360
3.430  16.165
3.440  16.387
3.450  16.661
3.460  16.608
3.470  16.333
3.480  16.393
3.490  16.375
3.500  16.578
3.510  16.835
3.520  16.653
3.530  16.267
3.540  16.358
3.550  16.483
3.560  16.689
3.570  16.465
3.580  16.592
3.590  16.170
3.600  16.367
3.610  16.503
3.620  16.546
3.630  16.653
3.640  16.934
3.650  16.609
3.660  16.496
3.670  16.513
3.680  16.602
3.690  16.640
3.700  16.534
3.710  16.720
3.720  16.650
3.730  16.479
3.740  16.340
3.750  16.564
3.760  16.373
3.770  16.323
3.780  16.675
3.790  16.833
3.800  16.781
3.810  16.578
3.820  16.577
3.830  16.697
3.840  16.447
3.850  16.511
3.860  16.539
3.870  16.522
3.880  16.524
3.890  16.262
3.900  16.664
3.910  16.616
3.920  16.648
3.930  16.657
3.940  16.502
3.950  16.835
3.960  16.629
3.970  16.651
3.980  16.419
3.990  16.595
4.000  16.260
4.010  16.623
4.020  16.888
4.030  16.580
4.040  16.549
4.050  16.424
4.060  16.682
4.070  16.618
4.080  16.482
4.090  16.458
4.100  16.273
4.110  16.206
4.120  16.232
4.130  16.459
4.140  16.521
4.150  16.640
4.160  16.454
4.170  16.347
4.180  16.629
4.190  16.327
4.200  16.612
4.210  16.984
4.220  16.500
4.230  16.508
4.240  16.612
4.250  16.588
4.260  16.567
4.270  16.524
4.280  16.478
4.290  16.498
4.300  16.546
4.310  16.537
4.320  16.349
4.330  16.505
4.340  16.617
4.350  16.619
4.360  16.383
4.370  16.342
4.380  16.416
4.390  16.336
4.400  16.361
4.410  16.806
4.420  16.773
4.430  16.667
4.440  16.313
4.450  16.386
4.460  16.758
4.470  16.461
4.480  16.331
4.490  16.463
4.500  16.415
4.510  16.358
4.520  16.791
4.530  16.752
4.540  16.562
4.550  16.411
4.560  16.250
4.570  16.221
4.580  16.569
4.590  16.581
4.600  16.485
4.610  16.140
4.620  16.464
4.630  16.508
4.640  16.613
4.650  16.860
4.660  16.605
4.670  15.878
4.680  16.145
4.690  16.695
4.700  16.554
4.710  16.384
4.720  16.393
4.730  16.479
4.740  16.323
4.750  16.208
4.760  16.330
4.770  16.433
4.780  16.476
4.790  16.749
4.800  16.350
4.810  16.355
4.820  16.442
4.830  16.510
4.840  16.870
4.850  16.375
4.860  16.399
4.870  16.739
4.880  16.695
4.890  16.569
4.900  16.349
4.910  16.522
4.920  16.335
4.930  16.452
4.940  16.428
4.950  16.307
4.960  16.399
4.970  16.757
4.980  16.490
4.990  16.028
5.000  16.341
5.010  16.591
5.020  16.425
5.030  16.411
5.040  16.288
5.050  16.453
5.060  16.572
5.070  16.863
5.080  16.689
5.090  16.456
5.100  16.367
5.110  16.571
5.120  16.418
5.130  16.462
5.140  16.521
5.150  16.626
5.160  16.530
5.170  16.359
5.180  16.344
5.190  16.420
5.200  16.511
5.210  16.374
5.220  16.417
5.230  16.429
5.240  16.601
5.250  16.501
5.260  16.308
5.270  16.075
5.280  16.291
5.290  16.591
5.300  16.753
5.310  16.614
5.320  16.072
5.330  16.563
5.340  16.686
5.350  16.684
5.360  16.213
5.370  16.368
5.380  16.498
5.390  16.430
5.400  16.488
5.410  16.459
5.420  16.553
5.430  16.597
5.440  16.665
5.450  16.440
5.460  16.433
5.470  16.506
5.480  16.360
5.490  16.610
5.500  16.520
5.510  15.969
5.520  16.279
5.530  16.760
5.540  16.601
5.550  16.583
5.560  16.345
5.570  16.276
5.580  16.275
5.590  16.371
5.600  16.764
5.610  16.543
5.620  16.371
5.630  16.485
5.640  16.539
5.650  16.057
5.660  16.411
5.670  16.496
5.680  16.438
5.690  16.516
5.700  16.499
5.710  16.475
5.720  16.390
5.730  16.709
5.740  16.573
5.750  16.468
5.760  16.328
5.770  16.560
5.780  16.477
5.790  16.300
5.800  16.270
5.810  16.521
5.820  16.672
5.830  16.450
5.840  16.428
5.850  16.628
5.860  16.597
5.870  16.480
5.880  16.536
5.890  16.419
5.900  16.283
5.910  16.398
5.920  16.662
5.930  16.613
5.940  16.419
5.950  16.694
5.960  16.512
5.970  16.329
5.980  16.457
5.990  16.822
6.000  16.810
6.010  16.409
6.020  16.098
6.030  16.275
6.040  16.444
6.050  16.593
6.060  16.372
6.070  16.376
6.080  16.466
6.090  16.410
6.100  16.598
6.110  16.389
6.120  16.422
6.130  16.407
6.140  16.398
6.150  16.801
6.160  16.747
6.170  16.605
6.180  16.632
6.190  16.251
6.200  16.097
6.210  16.331
6.220  16.655
6.230  16.637
6.240  16.794
6.250  16.489
6.260  16.275
6.270  16.619
6.280  16.447
6.290  16.592
6.300  16.295
6.310  16.699
6.320  16.580
6.330  16.293
6.340  16.227
6.350  16.473
6.360  16.930
6.370  16.776
6.380  16.684
6.390  16.469
6.400  16.544
6.410  16.459
6.420  16.477
6.430  16.609
6.440  16.715
