time(sec)  pressure
0.000  0.522
0.010  0.514
0.020  0.490
0.030  0.500
0.040  0.508
0.050  0.534
0.060  0.513
0.070  0.497
0.080  0.485
0.090  0.491
0.100  0.513
0.110  0.517
0.120  0.505
0.130  0.495
0.140  0.494
0.150  0.499
0.160  0.512
0.170  0.506
0.180  0.504
0.190  0.510
0.200  0.504
0.210  0.501
0.220  0.516
0.230  0.542
0.240  0.508
0.250  0.493
0.260  0.493
0.270  0.518
0.280  0.531
0.290  0.509
0.300  0.494
0.310  0.493
0.320  0.512
0.330  0.512
0.340  0.505
0.350  0.513
0.360  0.538
0.370  0.510
0.380  0.482
0.390  0.499
0.400  0.536
0.410  0.526
0.420  0.508
0.430  0.501
0.440  0.518
0.450  0.551
0.460  0.520
0.470  0.487
0.480  0.501
0.490  0.514
0.500  0.534
0.510  0.555
0.520  0.511
0.530  0.487
0.540  0.509
0.550  0.518
0.560  0.513
0.570  0.525
0.580  0.529
0.590  0.512
0.600  0.519
0.610  0.514
0.620  0.527
0.630  0.517
0.640  0.511
0.650  0.505
0.660  0.518
0.670  0.536
0.680  0.526
0.690  0.515
0.700  0.513
0.710  0.531
0.720  0.530
0.730  0.532
0.740  0.518
0.750  0.517
0.760  0.511
0.770  0.528
0.780  0.544
0.790  0.531
0.800  0.533
0.810  0.528
0.820  0.516
0.830  0.509
0.840  0.524
0.850  0.523
0.860  0.534
0.870  0.531
0.880  0.523
0.890  0.533
0.900  0.537
0.910  0.531
0.920  0.539
0.930  0.526
0.940  0.527
0.950  0.503
0.960  0.528
0.970  0.548
0.980  0.535
0.990  0.510
1.000  0.511
1.010  0.534
1.020  0.543
1.030  0.538
1.040  0.514
1.050  0.508
1.060  0.531
1.070  0.529
1.080  0.539
1.090  0.528
1.100  0.514
1.110  0.513
1.120  0.522
1.130  0.550
1.140  0.536
1.150  0.516
1.160  0.529
1.170  0.529
1.180  0.535
1.190  0.518
1.200  0.508
1.210  0.518
1.220  0.539
1.230  0.534
1.240  0.525
1.250  0.513
1.260  0.519
1.270  0.544
1.280  0.544
1.290  0.538
1.300  0.531
1.310  0.517
1.320  0.526
1.330  0.543
1.340  0.548
1.350  0.523
1.360  0.519
1.370  0.533
1.380  0.525
1.390  0.539
1.400  0.528
1.410  0.544
1.420  0.522
1.430  0.530
1.440  0.526
1.450  0.528
1.460  0.535
1.470  0.551
1.480  0.533
1.490  0.529
1.500  0.521
1.510  0.531
1.520  0.540
1.530  0.530
1.540  0.538
1.550  0.536
1.560  0.532
1.570  0.531
1.580  0.518
1.590  0.550
1.600  0.537
1.610  0.541
1.620  0.548
1.630  0.525
1.640  0.507
1.650  0.520
1.660  0.529
1.670  0.543
1.680  0.544
1.690  0.535
1.700  0.537
1.710  0.538
1.720  0.554
1.730  0.553
1.740  0.533
1.750  0.525
1.760  0.530
1.770  0.527
1.780  0.528
1.790  0.547
1.800  0.526
1.810  0.512
1.820  0.526
1.830  0.546
1.840  0.542
1.850  0.538
1.860  0.551
1.870  0.535
1.880  0.522
1.890  0.520
1.900  0.533
1.910  0.549
1.920  0.570
1.930  0.530
1.940  0.524
1.950  0.535
1.960  0.543
1.970  0.531
1.980  0.544
1.990  0.541
2.000  0.535
2.010  0.544
2.020  0.555
2.030  0.548
2.040  0.526
2.050  0.533
2.060  0.534
2.070  0.530
2.080  0.539
2.090  0.547
2.100  0.557
2.110  0.522
2.120  0.537
2.130  0.520
2.140  0.536
2.150  0.554
2.160  0.545
2.170  0.537
2.180  0.544
2.190  0.551
2.200  0.548
2.210  0.545
2.220  0.528
2.230  0.551
2.240  0.540
2.250  0.544
2.260  0.541
2.270  0.542
2.280  0.533
2.290  0.555
2.300  0.548
2.310  0.534
2.320  0.534
2.330  0.550
2.340  0.548
2.350  0.536
2.360  0.530
2.370  0.554
2.380  0.542
2.390  0.542
2.400  0.537
2.410  0.542
2.420  0.550
2.430  0.545
2.440  0.543
2.450  0.531
2.460  0.538
2.470  0.553
2.480  0.544
2.490  0.543
2.500  0.517
2.510  0.543
2.520  0.558
2.530  0.557
2.540  0.553
2.550  0.543
2.560  0.530
2.570  0.542
2.580  0.547
2.590  0.546
2.600  0.553
2.610  0.552
2.620  0.552
2.630  0.563
2.640  0.533
2.650  0.538
2.660  0.561
2.670  0.551
2.680  0.547
2.690  0.542
2.700  0.545
2.710  0.555
2.720  0.548
2.730  0.543
2.740  0.533
2.750  0.550
2.760  0.553
2.770  0.543
2.780  0.546
2.790  0.544
2.800  0.550
2.810  0.547
2.820  0.539
2.830  0.558
2.840  0.571
2.850  0.546
2.860  0.521
2.870  0.531
2.880  0.550
2.890  0.554
2.900  0.548
2.910  0.549
2.920  0.560
2.930  0.551
2.940  0.515
2.950  0.519
2.960  0.554
2.970  0.551
2.980  0.548
2.990  0.523
3.000  0.545
3.010  0.558
3.020  0.560
3.030  0.557
3.040  0.543
3.050  0.546
3.060  0.539
3.070  0.549
3.080  0.540
3.090  0.549
3.100  0.541
3.110  0.542
3.120  0.548
3.130  0.533
3.140  0.549
3.150  0.548
3.160  0.561
3.170  0.563
3.180  0.552
3.190  0.533
3.200  0.545
3.210  0.551
3.220  0.543
3.230  0.563
3.240  0.562
3.250  0.553
3.260  0.555
3.270  0.558
3.280  0.551
3.290  0.555
3.300  0.555
3.310  0.532
3.320  0.512
3.330  0.543
3.340  0.576
3.350  0.561
3.360  0.537
3.370  0.561
3.380  0.560
3.390  0.561
3.400  0.548
3.410  0.534
3.420  0.544
3.430  0.539
3.440  0.547
3.450  0.552
3.460  0.537
3.470  0.547
3.480  0.553
3.490  0.558
3.500  0.556
3.510  0.559
3.520  0.572
3.530  0.563
3.540  0.548
3.550  0.532
3.560  0.533
3.570  0.563
3.580  0.564
3.590  0.536
3.600  0.527
3.610  0.534
3.620  0.550
3.630  0.567
3.640  0.553
3.650  0.534
3.660  0.552
3.670  0.554
3.680  0.571
3.690  0.552
3.700  0.523
3.710  0.555
3.720  0.559
3.730  0.568
3.740  0.556
3.750  0.558
3.760  0.553
3.770  0.551
3.780  0.530
3.790  0.526
3.800  0.559
3.810  0.558
3.820  0.551
3.830  0.536
3.840  0.543
3.850  0.554
3.860  0.558
3.870  0.538
3.880  0.551
3.890  0.566
3.900  0.540
3.910  0.544
3.920  0.537
3.930  0.542
3.940  0.546
3.950  0.546
3.960  0.563
3.970  0.552
3.980  0.545
3.990  0.547
4.000  0.556
4.010  0.554
4.020  0.536
4.030  0.540
4.040  0.545
4.050  0.543
4.060  0.541
4.070  0.536
4.080  0.538
4.090  0.534
4.100  0.567
4.110  0.539
4.120  0.529
4.130  0.520
4.140  0.549
4.150  0.562
4.160  0.552
4.170  0.525
4.180  0.532
4.190  0.539
4.200  0.551
4.210  0.551
4.220  0.526
4.230  0.539
4.240  0.533
4.250  0.532
4.260  0.528
4.270  0.550
4.280  0.555
4.290  0.528
4.300  0.523
4.310  0.547
4.320  0.540
4.330  0.533
4.340  0.512
4.350  0.533
4.360  0.537
4.370  0.547
4.380  0.535
4.390  0.532
4.400  0.545
4.410  0.536
4.420  0.519
4.430  0.543
4.440  0.537
4.450  0.529
4.460  0.540
4.470  0.538
4.480  0.527
4.490  0.550
4.500  0.542
4.510  0.531
4.520  0.532
4.530  0.535
4.540  0.538
4.550  0.535
4.560  0.527
4.570  0.536
4.580  0.526
4.590  0.537
4.600  0.533
4.610  0.547
4.620  0.552
4.630  0.537
4.640  0.543
4.650  0.557
4.660  0.562
4.670  0.545
4.680  0.555
4.690  0.565
4.700  0.572
4.710  0.560
4.720  0.552
4.730  0.531
4.740  0.539
4.750  0.535
4.760  0.553
4.770  0.566
4.780  0.536
4.790  0.524
4.800  0.526
4.810  0.550
4.820  0.571
4.830  0.551
4.840  0.551
4.850  0.549
4.860  0.546
4.870  0.549
4.880  0.551
4.890  0.547
4.900  0.564
4.910  0.565
4.920  0.554
4.930  0.540
4.940  0.547
4.950  0.538
4.960  0.544
4.970  0.559
4.980  0.551
4.990  0.543
5.000  0.547
5.010  0.547
5.020  0.545
5.030  0.553
5.040  0.565
5.050  0.549
5.060  0.539
5.070  0.540
5.080  0.548
5.090  0.554
5.100  0.561
5.110  0.558
5.120  0.550
5.130  0.541
5.140  0.549
5.150  0.548
5.160  0.561
5.170  0.554
5.180  0.563
5.190  0.566
5.200  0.557
5.210  0.574
5.220  0.568
5.230  0.559
5.240  0.547
5.250  0.569
5.260  0.566
5.270  0.545
5.280  0.550
5.290  0.564
5.300  0.573
5.310  0.558
5.320  0.549
5.330  0.555
5.340  0.546
5.350  0.557
5.360  0.564
5.370  0.560
5.380  0.547
5.390  0.563
5.400  0.549
5.410  0.560
5.420  0.559
5.430  0.557
5.440  0.546
5.450  0.577
5.460  0.569
5.470  0.545
5.480  0.551
5.490  0.559
5.500  0.582
5.510  0.568
5.520  0.550
5.530  0.562
5.540  0.570
5.550  0.586
5.560  0.592
5.570  0.546
5.580  0.544
5.590  0.581
5.600  0.598
5.610  0.606
5.620  0.557
5.630  0.547
5.640  0.590
5.650  0.578
5.660  0.585
5.670  0.580
5.680  0.563
5.690  0.582
5.700  0.566
5.710  0.562
5.720  0.573
5.730  0.585
5.740  0.565
5.750  0.561
5.760  0.579
5.770  0.572
5.780  0.562
5.790  0.551
5.800  0.572
5.810  0.579
5.820  0.570
5.830  0.597
5.840  0.585
5.850  0.602
5.860  0.589
5.870  0.565
5.880  0.579
5.890  0.557
5.900  0.578
5.910  0.584
5.920  0.594
5.930  0.604
5.940  0.593
5.950  0.561
5.960  0.557
5.970  0.593
5.980  0.595
5.990  0.593
6.000  0.603
6.010  0.606
6.020  0.584
6.030  0.592
6.040  0.595
6.050  0.599
6.060  0.590
6.070  0.582
6.080  0.589
6.090  0.597
6.100  0.585
6.110  0.580
6.120  0.579
6.130  0.585
6.140  0.603
6.150  0.627
6.160  0.624
6.170  0.594
6.180  0.574
6.190  0.568
6.200  0.569
6.210  0.586
6.220  0.613
6.230  0.598
6.240  0.610
6.250  0.592
6.260  0.600
6.270  0.606
6.280  0.592
6.290  0.575
6.300  0.584
6.310  0.594
6.320  0.620
6.330  0.593
6.340  0.591
6.350  0.581
6.360  0.591
6.370  0.599
6.380  0.585
6.390  0.601
6.400  0.618
6.410  0.621
6.420  0.586
6.430  0.576
6.440  0.617
