time(sec)  pressure
0.000  15.525
0.010  15.049
0.020  15.240
0.030  15.288
0.040  15.052
0.050  15.187
0.060  15.339
0.070  15.360
0.080  15.381
0.090  15.201
0.100  14.935
0.110  15.199
0.120  15.389
0.130  15.473
0.140  15.414
0.150  15.189
0.160  15.204
0.170  15.345
0.180  15.314
0.190  15.200
0.200  15.169
0.210  15.045
0.220  15.337
0.230  15.286
0.240  15.242
0.250  15.350
0.260  15.030
0.270  14.894
0.280  15.243
0.290  15.308
0.300  15.125
0.310  15.028
0.320  15.116
0.330  15.294
0.340  15.468
0.350  15.291
0.360  15.097
0.370  15.023
0.380  15.065
0.390  15.259
0.400  15.389
0.410  15.468
0.420  15.244
0.430  15.129
0.440  15.216
0.450  15.022
0.460  15.180
0.470  15.447
0.480  15.667
0.490  15.270
0.500  15.418
0.510  15.378
0.520  15.140
0.530  15.086
0.540  15.023
0.550  15.276
0.560  15.318
0.570  15.127
0.580  14.981
0.590  15.157
0.600  15.172
0.610  15.182
0.620  15.588
0.630  15.232
0.640  15.081
0.650  15.077
0.660  15.353
0.670  15.403
0.680  15.401
0.690  15.256
0.700  15.034
0.710  15.129
0.720  15.431
0.730  15.245
0.740  15.230
0.750  15.386
0.760  15.580
0.770  15.194
0.780  15.189
0.790  15.134
0.800  15.425
0.810  15.292
0.820  15.017
0.830  15.390
0.840  15.367
0.850  15.238
0.860  15.275
0.870  14.760
0.880  15.302
0.890  15.290
0.900  15.138
0.910  15.159
0.920  15.365
0.930  15.482
0.940  15.137
0.950  15.405
0.960  15.098
0.970  15.184
0.980  15.253
0.990  15.318
1.000  15.101
1.010  15.042
1.020  15.183
1.030  15.435
1.040  15.265
1.050  15.221
1.060  15.225
1.070  15.223
1.080  15.244
1.090  15.219
1.100  15.000
1.110  14.819
1.120  15.285
1.130  15.553
1.140  15.276
1.150  15.255
1.160  15.523
1.170  15.387
1.180  15.461
1.190  15.108
1.200  15.546
1.210  15.146
1.220  14.949
1.230  15.035
1.240  15.049
1.250  15.400
1.260  15.403
1.270  14.990
1.280  14.962
1.290  15.019
1.300  15.109
1.310  15.514
1.320  15.192
1.330  15.157
1.340  15.195
1.350  15.273
1.360  15.211
1.370  15.003
1.380  15.114
1.390  15.289
1.400  15.187
1.410  15.318
1.420  15.186
1.430  15.496
1.440  15.430
1.450  15.048
1.460  14.589
1.470  15.283
1.480  15.385
1.490  15.359
1.500  15.177
1.510  14.863
1.520  15.157
1.530  15.549
1.540  15.322
1.550  15.289
1.560  15.329
1.570  14.971
1.580  14.877
1.590  15.287
1.600  15.328
1.610  15.181
1.620  15.184
1.630  15.145
1.640  15.176
1.650  15.039
1.660  15.172
1.670  15.376
1.680  15.440
1.690  15.229
1.700  15.182
1.710  15.187
1.720  14.983
1.730  15.234
1.740  15.172
1.750  15.305
1.760  15.650
1.770  15.149
1.780  15.126
1.790  15.010
1.800  15.386
1.810  15.405
1.820  15.383
1.830  15.458
1.840  15.342
1.850  15.061
1.860  15.003
1.870  15.083
1.880  15.316
1.890  15.245
1.900  14.908
1.910  15.011
1.920  15.224
1.930  15.414
1.940  14.990
1.950  15.184
1.960  15.192
1.970  15.096
1.980  15.209
1.990  15.483
2.000  15.313
2.010  14.964
2.020  15.336
2.030  15.396
2.040  15.277
2.050  15.089
2.060  15.163
2.070  15.256
2.080  15.037
2.090  15.333
2.100  15.295
2.110  15.267
2.120  15.409
2.130  15.280
2.140  15.322
2.150  15.337
2.160  15.217
2.170  15.029
2.180  15.095
2.190  15.025
2.200  15.635
2.210  15.246
2.220  15.368
2.230  15.182
2.240  15.029
2.250  15.037
2.260  15.332
2.270  15.545
2.280  15.655
2.290  15.252
2.300  15.047
2.310  15.152
2.320  15.458
2.330  15.281
2.340  15.060
2.350  15.266
2.360  15.599
2.370  15.297
2.380  14.859
2.390  14.794
2.400  15.379
2.410  15.643
2.420  15.550
2.430  15.210
2.440  15.088
2.450  15.131
2.460  15.119
2.470  15.433
2.480  15.266
2.490  15.205
2.500  15.002
2.510  15.101
2.520  15.376
2.530  15.398
2.540  15.300
2.550  15.120
2.560  15.117
2.570  15.016
2.580  15.056
2.590  15.134
2.600  15.442
2.610  15.329
2.620  15.127
2.630  15.081
2.640  15.214
2.650  15.424
2.660  15.425
2.670  15.303
2.680  15.174
2.690  14.852
2.700  15.247
2.710  15.423
2.720  15.321
2.730  15.386
2.740  15.260
2.750  15.446
2.760  15.196
2.770  15.318
2.780  15.328
2.790  15.247
2.800  14.983
2.810  14.892
2.820  15.298
2.830  15.342
2.840  15.153
2.850  15.103
2.860  15.127
2.870  14.847
2.880  15.170
2.890  15.348
2.900  15.259
2.910  15.155
2.920  15.277
2.930  15.206
2.940  15.231
2.950  15.090
2.960  15.158
2.970  14.992
2.980  15.257
2.990  15.269
3.000  15.201
3.010  14.990
3.020  15.090
3.030  15.085
3.040  15.086
3.050  15.115
3.060  15.220
3.070  14.949
3.080  15.104
3.090  15.340
3.100  15.341
3.110  15.112
3.120  15.374
3.130  15.325
3.140  15.310
3.150  15.134
3.160  15.244
3.170  15.024
3.180  14.903
3.190  15.174
3.200  15.536
3.210  15.431
3.220  14.976
3.230  15.191
3.240  15.507
3.250  15.284
3.260  15.010
3.270  15.138
3.280  14.901
3.290  14.874
3.300  15.287
3.310  15.327
3.320  15.229
3.330  14.795
3.340  15.065
3.350  15.288
3.360  15.198
3.370  14.987
3.380  15.241
3.390  15.243
3.400  15.238
3.410  15.043
3.420  15.347
3.430  15.248
3.440  14.879
3.450  15.099
3.460  15.107
3.470  15.062
3.480  15.282
3.490  15.077
3.500  14.947
3.510  14.977
3.520  15.138
3.530  15.293
3.540  15.284
3.550  14.944
3.560  14.971
3.570  15.195
3.580  15.221
3.590  15.211
3.600  15.148
3.610  15.295
3.620  15.308
3.630  15.184
3.640  15.500
3.650  15.309
3.660  15.116
3.670  15.026
3.680  15.215
3.690  15.167
3.700  15.063
3.710  15.240
3.720  15.114
3.730  15.164
3.740  14.829
3.750  15.242
3.760  15.234
3.770  15.124
3.780  15.125
3.790  15.009
3.800  15.070
3.810  15.233
3.820  15.156
3.830  15.242
3.840  15.277
3.850  15.421
3.860  15.124
3.870  15.067
3.880  15.252
3.890  15.121
3.900  15.059
3.910  15.120
3.920  14.966
3.930  15.088
3.940  14.892
3.950  15.305
3.960  15.389
3.970  15.184
3.980  14.736
3.990  15.179
4.000  15.218
4.010  15.332
4.020  15.189
4.030  15.120
4.040  15.028
4.050  15.162
4.060  15.333
4.070  15.194
4.080  15.271
4.090  15.243
4.100  15.092
4.110  15.356
4.120  15.248
4.130  15.141
4.140  15.176
4.150  15.153
4.160  15.125
4.170  15.204
4.180  15.202
4.190  15.120
4.200  14.997
4.210  15.143
4.220  15.261
4.230  15.429
4.240  15.332
4.250  15.203
4.260  15.118
4.270  14.857
4.280  15.005
4.290  15.288
4.300  15.262
4.310  14.931
4.320  14.864
4.330  15.225
4.340  15.375
4.350  15.606
4.360  15.086
4.370  14.890
4.380  15.052
4.390  15.238
4.400  15.088
4.410  15.194
4.420  15.081
4.430  14.919
4.440  15.126
4.450  15.279
4.460  15.214
4.470  14.958
4.480  15.175
4.490  15.074
4.500  15.112
4.510  15.139
4.520  15.265
4.530  15.038
4.540  15.031
4.550  15.556
4.560  15.598
4.570  15.221
4.580  15.225
4.590  15.158
4.600  15.274
4.610  15.383
4.620  15.208
4.630  15.084
4.640  14.822
4.650  15.040
4.660  15.303
4.670  15.551
4.680  15.432
4.690  15.161
4.700  15.088
4.710  15.280
4.720  15.345
4.730  15.374
4.740  15.273
4.750  15.314
4.760  15.337
4.770  15.183
4.780  15.219
4.790  14.957
4.800  15.087
4.810  14.915
4.820  15.140
4.830  15.264
4.840  15.309
4.850  15.035
4.860  14.797
4.870  15.115
4.880  15.466
4.890  15.439
4.900  15.173
4.910  15.056
4.920  15.229
4.930  15.279
4.940  15.357
4.950  15.204
4.960  15.272
4.970  15.213
4.980  14.909
4.990  14.940
5.000  15.090
5.010  15.233
5.020  15.266
5.030  15.238
5.040  15.400
5.050  15.426
5.060  15.332
5.070  15.128
5.080  15.121
5.090  14.945
5.100  15.342
5.110  15.315
5.120  15.212
5.130  14.890
5.140  15.018
5.150  15.240
5.160  15.248
5.170  15.287
5.180  15.167
5.190  15.272
5.200  15.254
5.210  15.212
5.220  15.440
5.230  15.226
5.240  15.134
5.250  15.303
5.260  15.284
5.270  15.339
5.280  15.364
5.290  15.434
5.300  15.455
5.310  15.293
5.320  14.966
5.330  15.020
5.340  15.464
5.350  15.133
5.360  14.991
5.370  15.271
5.380  15.108
5.390  15.294
5.400  15.180
5.410  15.032
5.420  15.287
5.430  15.491
5.440  15.262
5.450  14.983
5.460  14.904
5.470  15.355
5.480  15.481
5.490  14.875
5.500  15.054
5.510  15.320
5.520  15.495
5.530  15.224
5.540  14.952
5.550  15.235
5.560  15.578
5.570  15.189
5.580  15.078
5.590  15.379
5.600  15.242
5.610  15.115
5.620  14.886
5.630  15.230
5.640  15.304
5.650  15.350
5.660  15.008
5.670  15.069
5.680  15.118
5.690  15.102
5.700  15.208
5.710  15.047
5.720  14.970
5.730  15.441
5.740  15.323
5.750  15.431
5.760  15.293
5.770  15.035
5.780  15.378
5.790  15.426
5.800  15.220
5.810  15.181
5.820  15.030
5.830  15.166
5.840  15.170
5.850  15.341
5.860  15.280
5.870  15.307
5.880  15.157
5.890  15.148
5.900  15.104
5.910  15.516
5.920  15.511
5.930  14.948
5.940  14.929
5.950  14.992
5.960  15.384
5.970  15.397
5.980  15.285
5.990  15.197
6.000  14.997
6.010  15.010
6.020  15.420
6.030  15.210
6.040  15.176
6.050  15.224
6.060  15.100
6.070  15.003
6.080  15.032
6.090  15.122
6.100  15.158
6.110  15.085
6.120  15.073
6.130  14.999
6.140  15.254
6.150  15.206
6.160  15.242
6.170  15.175
6.180  15.243
6.190  15.396
6.200  14.946
6.210  14.715
6.220  14.973
6.230  15.223
6.240  15.295
6.250  15.194
6.260  15.271
6.270  15.264
6.280  15.217
6.290  15.283
6.300  15.111
6.310  14.969
6.320  14.962
6.330  15.194
6.340  15.471
6.350  15.402
6.360  15.117
6.370  14.943
6.380  15.022
6.390  15.203
6.400  15.186
6.410  15.341
6.420  15.010
6.430  15.201
6.440  15.146
