time(sec)  pressure
0.000  1.753
0.010  1.785
0.020  1.741
0.030  1.754
0.040  1.759
0.050  1.790
0.060  1.782
0.070  1.780
0.080  1.745
0.090  1.731
0.100  1.801
0.110  1.789
0.120  1.766
0.130  1.737
0.140  1.785
0.150  1.821
0.160  1.809
0.170  1.742
0.180  1.751
0.190  1.765
0.200  1.754
0.210  1.757
0.220  1.781
0.230  1.823
0.240  1.763
0.250  1.767
0.260  1.818
0.270  1.822
0.280  1.801
0.290  1.763
0.300  1.761
0.310  1.829
0.320  1.798
0.330  1.806
0.340  1.799
0.350  1.805
0.360  1.855
0.370  1.789
0.380  1.727
0.390  1.819
0.400  1.816
0.410  1.789
0.420  1.781
0.430  1.802
0.440  1.818
0.450  1.772
0.460  1.791
0.470  1.782
0.480  1.803
0.490  1.832
0.500  1.786
0.510  1.764
0.520  1.790
0.530  1.827
0.540  1.831
0.550  1.787
0.560  1.788
0.570  1.803
0.580  1.860
0.590  1.812
0.600  1.826
0.610  1.849
0.620  1.797
0.630  1.782
0.640  1.810
0.650  1.854
0.660  1.811
0.670  1.802
0.680  1.819
0.690  1.843
0.700  1.806
0.710  1.842
0.720  1.876
0.730  1.847
0.740  1.785
0.750  1.824
0.760  1.867
0.770  1.827
0.780  1.764
0.790  1.780
0.800  1.845
0.810  1.877
0.820  1.819
0.830  1.768
0.840  1.800
0.850  1.836
0.860  1.836
0.870  1.838
0.880  1.827
0.890  1.807
0.900  1.799
0.910  1.849
0.920  1.863
0.930  1.837
0.940  1.797
0.950  1.787
0.960  1.838
0.970  1.824
0.980  1.817
0.990  1.824
1.000  1.832
1.010  1.842
1.020  1.856
1.030  1.855
1.040  1.792
1.050  1.793
1.060  1.818
1.070  1.836
1.080  1.819
1.090  1.848
1.100  1.843
1.110  1.825
1.120  1.806
1.130  1.807
1.140  1.839
1.150  1.856
1.160  1.823
1.170  1.805
1.180  1.836
1.190  1.813
1.200  1.833
1.210  1.828
1.220  1.807
1.230  1.836
1.240  1.848
1.250  1.825
1.260  1.814
1.270  1.867
1.280  1.866
1.290  1.839
1.300  1.816
1.310  1.806
1.320  1.851
1.330  1.806
1.340  1.784
1.350  1.836
1.360  1.866
1.370  1.896
1.380  1.824
1.390  1.805
1.400  1.850
1.410  1.843
1.420  1.802
1.430  1.818
1.440  1.837
1.450  1.842
1.460  1.873
1.470  1.820
1.480  1.796
1.490  1.870
1.500  1.865
1.510  1.792
1.520  1.853
1.530  1.878
1.540  1.811
1.550  1.828
1.560  1.862
1.570  1.897
1.580  1.850
1.590  1.877
1.600  1.849
1.610  1.846
1.620  1.843
1.630  1.870
1.640  1.890
1.650  1.844
1.660  1.836
1.670  1.846
1.680  1.881
1.690  1.890
1.700  1.867
1.710  1.814
1.720  1.852
1.730  1.854
1.740  1.845
1.750  1.846
1.760  1.897
1.770  1.882
1.780  1.880
1.790  1.834
1.800  1.865
1.810  1.892
1.820  1.861
1.830  1.872
1.840  1.840
1.850  1.858
1.860  1.862
1.870  1.887
1.880  1.913
1.890  1.881
1.900  1.843
1.910  1.818
1.920  1.875
1.930  1.890
1.940  1.883
1.950  1.865
1.960  1.885
1.970  1.821
1.980  1.843
1.990  1.899
2.000  1.854
2.010  1.816
2.020  1.880
2.030  1.907
2.040  1.918
2.050  1.869
2.060  1.827
2.070  1.795
2.080  1.948
2.090  1.920
2.100  1.881
2.110  1.849
2.120  1.823
2.130  1.850
2.140  1.908
2.150  1.894
2.160  1.898
2.170  1.891
2.180  1.884
2.190  1.864
2.200  1.873
2.210  1.905
2.220  1.896
2.230  1.865
2.240  1.858
2.250  1.854
2.260  1.864
2.270  1.902
2.280  1.886
2.290  1.852
2.300  1.848
2.310  1.893
2.320  1.900
2.330  1.879
2.340  1.865
2.350  1.865
2.360  1.850
2.370  1.814
2.380  1.883
2.390  1.917
2.400  1.897
2.410  1.833
2.420  1.842
2.430  1.846
2.440  1.897
2.450  1.971
2.460  1.951
2.470  1.847
2.480  1.851
2.490  1.891
2.500  1.928
2.510  1.899
2.520  1.887
2.530  1.886
2.540  1.911
2.550  1.918
2.560  1.912
2.570  1.881
2.580  1.893
2.590  1.918
2.600  1.921
2.610  1.905
2.620  1.863
2.630  1.884
2.640  1.860
2.650  1.913
2.660  1.928
2.670  1.888
2.680  1.877
2.690  1.911
2.700  1.914
2.710  1.892
2.720  1.909
2.730  1.858
2.740  1.860
2.750  1.932
2.760  1.930
2.770  1.901
2.780  1.868
2.790  1.868
2.800  1.912
2.810  1.913
2.820  1.892
2.830  1.908
2.840  1.856
2.850  1.904
2.860  1.943
2.870  1.880
2.880  1.867
2.890  1.883
2.900  1.868
2.910  1.858
2.920  1.921
2.930  1.974
2.940  1.891
2.950  1.891
2.960  1.900
2.970  1.886
2.980  1.896
2.990  1.918
3.000  1.887
3.010  1.891
3.020  1.933
3.030  1.857
3.040  1.842
3.050  1.934
3.060  1.918
3.070  1.879
3.080  1.896
3.090  1.950
3.100  1.904
3.110  1.822
3.120  1.895
3.130  1.894
3.140  1.911
3.150  1.887
3.160  1.886
3.170  1.905
3.180  1.884
3.190  1.861
3.200  1.925
3.210  1.946
3.220  1.938
3.230  1.815
3.240  1.891
3.250  1.928
3.260  1.911
3.270  1.874
3.280  1.923
3.290  1.910
3.300  1.883
3.310  1.843
3.320  1.890
3.330  1.952
3.340  1.923
3.350  1.954
3.360  1.939
3.370  1.865
3.380  1.924
3.390  1.949
3.400  1.864
3.410  1.861
3.420  1.886
3.430  1.844
3.440  1.918
3.450  1.983
3.460  1.937
3.470  1.850
3.480  1.835
3.490  1.906
3.500  1.950
3.510  1.941
3.520  1.917
3.530  1.883
3.540  1.874
3.550  1.902
3.560  1.876
3.570  1.935
3.580  2.016
3.590  1.951
3.600  1.840
3.610  1.903
3.620  1.975
3.630  1.925
3.640  1.870
3.650  1.886
3.660  1.937
3.670  1.926
3.680  1.904
3.690  1.902
3.700  1.912
3.710  1.892
3.720  1.900
3.730  1.936
3.740  1.891
3.750  1.884
3.760  1.873
3.770  1.902
3.780  1.916
3.790  1.941
3.800  1.959
3.810  1.927
3.820  1.931
3.830  1.846
3.840  1.886
3.850  1.928
3.860  1.935
3.870  1.935
3.880  1.912
3.890  1.902
3.900  1.915
3.910  1.859
3.920  1.934
3.930  1.972
3.940  1.884
3.950  1.841
3.960  1.882
3.970  1.969
3.980  1.950
3.990  1.899
4.000  1.886
4.010  1.945
4.020  1.903
4.030  1.856
4.040  1.928
4.050  1.910
4.060  1.938
4.070  1.874
4.080  1.933
4.090  1.926
4.100  1.922
4.110  1.920
4.120  1.935
4.130  1.926
4.140  1.931
4.150  1.898
4.160  1.869
4.170  1.854
4.180  1.913
4.190  1.965
4.200  1.973
4.210  1.922
4.220  1.816
4.230  1.882
4.240  1.936
4.250  1.978
4.260  1.935
4.270  1.923
4.280  1.871
4.290  1.862
4.300  1.940
4.310  1.931
4.320  1.906
4.330  1.940
4.340  1.928
4.350  1.924
4.360  1.886
4.370  1.936
4.380  1.963
4.390  1.948
4.400  1.887
4.410  1.872
4.420  1.898
4.430  1.950
4.440  1.903
4.450  1.905
4.460  1.904
4.470  1.899
4.480  1.933
4.490  1.935
4.500  1.948
4.510  1.879
4.520  1.950
4.530  1.959
4.540  1.900
4.550  1.903
4.560  1.895
4.570  1.887
4.580  1.915
4.590  1.942
4.600  1.958
4.610  1.928
4.620  1.907
4.630  1.922
4.640  1.909
4.650  1.911
4.660  1.942
4.670  1.910
4.680  1.848
4.690  1.877
4.700  1.932
4.710  1.956
4.720  1.879
4.730  1.883
4.740  1.889
4.750  1.949
4.760  1.960
4.770  1.920
4.780  1.839
4.790  1.886
4.800  1.922
4.810  1.908
4.820  1.937
4.830  1.924
4.840  1.935
4.850  1.914
4.860  1.881
4.870  1.863
4.880  1.917
4.890  1.946
4.900  1.932
4.910  1.879
4.920  1.930
4.930  1.941
4.940  1.884
4.950  1.887
4.960  1.931
4.970  1.901
4.980  1.887
4.990  1.939
5.000  1.924
5.010  1.898
5.020  1.925
5.030  1.912
5.040  1.941
5.050  1.892
5.060  1.869
5.070  1.921
5.080  1.993
5.090  1.933
5.100  1.892
5.110  1.847
5.120  1.960
5.130  1.996
5.140  1.909
5.150  1.882
5.160  1.921
5.170  1.952
5.180  1.879
5.190  1.939
5.200  1.914
5.210  1.875
5.220  1.923
5.230  1.929
5.240  1.975
5.250  1.980
5.260  1.894
5.270  1.889
5.280  1.938
5.290  1.926
5.300  1.914
5.310  1.925
5.320  1.961
5.330  1.897
5.340  1.856
5.350  1.876
5.360  1.953
5.370  1.934
5.380  1.975
5.390  1.959
5.400  1.895
5.410  1.910
5.420  1.928
5.430  1.929
5.440  1.923
5.450  1.879
5.460  1.903
5.470  1.880
5.480  1.967
5.490  1.967
5.500  1.907
5.510  1.951
5.520  1.901
5.530  1.903
5.540  1.902
5.550  1.936
5.560  1.948
5.570  1.910
5.580  1.874
5.590  1.888
5.600  1.949
5.610  1.996
5.620  1.948
5.630  1.884
5.640  1.916
5.650  1.936
5.660  1.917
5.670  1.915
5.680  1.917
5.690  1.893
5.700  1.944
5.710  1.969
5.720  1.933
5.730  1.860
5.740  1.893
5.750  1.920
5.760  1.950
5.770  1.962
5.780  1.932
5.790  1.880
5.800  1.917
5.810  1.937
5.820  1.902
5.830  1.942
5.840  1.909
5.850  1.888
5.860  1.916
5.870  1.949
5.880  1.947
5.890  1.937
5.900  1.936
5.910  1.894
5.920  1.920
5.930  1.947
5.940  1.943
5.950  1.884
5.960  1.885
5.970  1.894
5.980  1.932
5.990  1.922
6.000  1.907
6.010  1.903
6.020  1.903
6.030  1.920
6.040  1.924
6.050  1.945
6.060  1.973
6.070  1.916
6.080  1.899
6.090  1.899
6.100  1.902
6.110  1.898
6.120  1.917
6.130  1.936
6.140  1.910
6.150  1.897
6.160  1.891
6.170  1.937
6.180  1.905
6.190  1.910
6.200  1.946
6.210  1.929
6.220  1.926
6.230  1.897
6.240  1.889
6.250  1.897
6.260  1.972
6.270  1.973
6.280  1.925
6.290  1.880
6.300  1.917
6.310  1.944
6.320  1.943
6.330  1.882
6.340  1.854
6.350  1.871
6.360  1.942
6.370  1.929
6.380  1.945
6.390  1.923
6.400  1.904
6.410  1.888
6.420  1.897
6.430  1.959
6.440  1.943
