time(sec)  pressure
0.000  21.293
0.010  21.780
0.020  21.738
0.030  21.806
0.040  21.768
0.050  21.478
0.060  21.451
0.070  22.039
0.080  22.174
0.090  22.180
0.100  21.797
0.110  21.480
0.120  21.268
0.130  21.884
0.140  21.816
0.150  21.992
0.160  21.783
0.170  21.785
0.180  21.835
0.190  21.515
0.200  21.895
0.210  21.738
0.220  21.673
0.230  21.692
0.240  21.688
0.250  21.621
0.260  21.756
0.270  21.655
0.280  21.971
0.290  21.688
0.300  21.756
0.310  21.945
0.320  21.819
0.330  21.841
0.340  21.524
0.350  21.533
0.360  21.670
0.370  21.709
0.380  21.914
0.390  22.136
0.400  21.732
0.410  21.340
0.420  21.790
0.430  22.363
0.440  22.128
0.450  21.602
0.460  21.779
0.470  21.876
0.480  21.928
0.490  22.109
0.500  21.705
0.510  21.901
0.520  22.403
0.530  21.790
0.540  21.636
0.550  21.502
0.560  21.988
0.570  21.667
0.580  21.725
0.590  22.116
0.600  22.040
0.610  21.716
0.620  21.436
0.630  21.440
0.640  21.793
0.650  22.172
0.660  22.082
0.670  21.956
0.680  22.219
0.690  22.064
0.700  21.708
0.710  21.837
0.720  21.723
0.730  21.762
0.740  21.932
0.750  21.794
0.760  22.093
0.770  21.967
0.780  22.023
0.790  21.969
0.800  22.010
0.810  22.024
0.820  21.471
0.830  21.478
0.840  21.498
0.850  22.066
0.860  22.317
0.870  21.864
0.880  21.616
0.890  21.917
0.900  22.036
0.910  21.702
0.920  21.406
0.930  21.800
0.940  22.036
0.950  21.798
0.960  21.475
0.970  21.894
0.980  21.900
0.990  21.591
1.000  21.790
1.010  21.516
1.020  21.515
1.030  22.031
1.040  21.963
1.050  21.669
1.060  21.733
1.070  22.062
1.080  21.651
1.090  21.715
1.100  21.929
1.110  21.850
1.120  21.623
1.130  21.371
1.140  21.907
1.150  21.877
1.160  21.828
1.170  21.910
1.180  21.742
1.190  21.763
1.200  21.685
1.210  21.800
1.220  21.981
1.230  22.117
1.240  22.025
1.250  21.849
1.260  21.837
1.270  21.675
1.280  21.688
1.290  21.593
1.300  21.538
1.310  21.676
1.320  21.309
1.330  21.969
1.340  22.209
1.350  21.764
1.360  21.649
1.370  21.842
1.380  21.546
1.390  21.889
1.400  21.955
1.410  21.729
1.420  21.412
1.430  21.829
1.440  21.998
1.450  21.484
1.460  21.837
1.470  21.665
1.480  21.873
1.490  22.028
1.500  22.071
1.510  22.302
1.520  21.924
1.530  21.648
1.540  21.393
1.550  21.964
1.560  21.911
1.570  21.868
1.580  22.061
1.590  21.924
1.600  21.533
1.610  21.668
1.620  21.720
1.630  22.110
1.640  21.733
1.650  22.175
1.660  22.187
1.670  21.740
1.680  21.869
1.690  22.174
1.700  21.846
1.710  21.683
1.720  21.517
1.730  21.924
1.740  22.174
1.750  21.710
1.760  21.618
1.770  21.754
1.780  21.958
1.790  21.731
1.800  21.535
1.810  21.894
1.820  21.757
1.830  21.980
1.840  21.832
1.850  21.665
1.860  21.442
1.870  21.593
1.880  21.785
1.890  21.823
1.900  21.900
1.910  22.100
1.920  21.657
1.930  21.544
1.940  21.376
1.950  21.545
1.960  21.946
1.970  21.923
1.980  21.788
1.990  21.678
2.000  21.722
2.010  21.736
2.020  21.987
2.030  21.854
2.040  21.946
2.050  21.909
2.060  21.490
2.070  21.638
2.080  22.000
2.090  21.884
2.100  21.941
2.110  22.081
2.120  21.288
2.130  21.723
2.140  21.750
2.150  21.533
2.160  21.871
2.170  21.654
2.180  21.961
2.190  21.826
2.200  21.620
2.210  21.748
2.220  21.564
2.230  21.953
2.240  21.742
2.250  21.516
2.260  21.814
2.270  22.023
2.280  21.829
2.290  21.979
2.300  22.216
2.310  21.758
2.320  21.515
2.330  21.429
2.340  21.717
2.350  21.592
2.360  21.580
2.370  21.866
2.380  21.749
2.390  21.596
2.400  21.832
2.410  21.763
2.420  21.968
2.430  21.651
2.440  21.396
2.450  22.004
2.460  22.210
2.470  21.677
2.480  21.556
2.490  21.920
2.500  21.644
2.510  21.845
2.520  21.630
2.530  21.824
2.540  21.831
2.550  21.882
2.560  22.252
2.570  21.853
2.580  21.523
2.590  21.540
2.600  21.992
2.610  21.877
2.620  21.933
2.630  21.760
2.640  22.216
2.650  21.551
2.660  21.479
2.670  22.040
2.680  22.015
2.690  21.601
2.700  21.421
2.710  21.746
2.720  21.830
2.730  21.761
2.740  21.587
2.750  21.900
2.760  21.970
2.770  21.746
2.780  21.762
2.790  21.728
2.800  22.056
2.810  22.024
2.820  21.587
2.830  21.424
2.840  21.465
2.850  21.854
2.860  21.876
2.870  21.653
2.880  21.945
2.890  22.009
2.900  22.030
2.910  21.721
2.920  21.454
2.930  21.830
2.940  21.922
2.950  21.261
2.960  21.649
2.970  21.898
2.980  21.969
2.990  21.721
3.000  21.437
3.010  22.194
3.020  22.354
3.030  22.107
3.040  21.393
3.050  21.445
3.060  21.828
3.070  22.045
3.080  22.137
3.090  21.733
3.100  21.707
3.110  21.652
3.120  21.791
3.130  21.904
3.140  21.749
3.150  21.836
3.160  22.130
3.170  21.451
3.180  21.667
3.190  22.037
3.200  21.766
3.210  21.452
3.220  21.657
3.230  22.123
3.240  22.218
3.250  21.488
3.260  21.607
3.270  21.548
3.280  21.770
3.290  21.899
3.300  21.949
3.310  22.212
3.320  21.935
3.330  21.706
3.340  21.699
3.350  21.626
3.360  21.574
3.370  21.560
3.380  21.924
3.390  22.380
3.400  21.957
3.410  21.707
3.420  21.953
3.430  22.070
3.440  22.140
3.450  21.605
3.460  21.290
3.470  21.806
3.480  21.630
3.490  21.786
3.500  21.775
3.510  21.873
3.520  21.691
3.530  21.600
3.540  21.226
3.550  21.878
3.560  21.973
3.570  22.064
3.580  21.996
3.590  21.707
3.600  21.746
3.610  21.827
3.620  21.847
3.630  21.913
3.640  21.477
3.650  21.961
3.660  21.993
3.670  21.807
3.680  21.629
3.690  21.530
3.700  21.683
3.710  21.925
3.720  21.740
3.730  21.552
3.740  22.049
3.750  21.696
3.760  21.703
3.770  21.953
3.780  22.009
3.790  22.017
3.800  21.642
3.810  21.784
3.820  21.551
3.830  21.527
3.840  21.481
3.850  21.159
3.860  21.927
3.870  21.500
3.880  21.790
3.890  21.940
3.900  21.417
3.910  21.505
3.920  21.666
3.930  21.466
3.940  21.772
3.950  21.680
3.960  21.971
3.970  21.954
3.980  21.644
3.990  21.501
4.000  21.874
4.010  21.989
4.020  21.860
4.030  21.803
4.040  21.688
4.050  21.787
4.060  21.590
4.070  21.761
4.080  21.945
4.090  22.095
4.100  22.105
4.110  21.856
4.120  21.788
4.130  22.265
4.140  21.840
4.150  21.614
4.160  22.043
4.170  21.800
4.180  21.954
4.190  21.907
4.200  22.058
4.210  21.653
4.220  21.718
4.230  22.063
4.240  22.017
4.250  21.872
4.260  22.036
4.270  21.524
4.280  21.302
4.290  21.991
4.300  21.892
4.310  21.808
4.320  21.816
4.330  21.970
4.340  21.704
4.350  21.710
4.360  21.639
4.370  21.887
4.380  21.666
4.390  21.804
4.400  22.088
4.410  21.585
4.420  21.590
4.430  21.404
4.440  21.403
4.450  21.845
4.460  21.769
4.470  21.321
4.480  21.613
4.490  22.154
4.500  21.984
4.510  21.573
4.520  21.653
4.530  21.509
4.540  21.784
4.550  21.750
4.560  21.841
4.570  21.967
4.580  22.045
4.590  21.421
4.600  21.517
4.610  21.744
4.620  21.671
4.630  21.849
4.640  21.894
4.650  21.674
4.660  21.513
4.670  21.824
4.680  21.914
4.690  21.745
4.700  21.830
4.710  22.130
4.720  21.490
4.730  21.823
4.740  21.566
4.750  21.872
4.760  22.011
4.770  21.780
4.780  21.757
4.790  21.241
4.800  21.935
4.810  21.726
4.820  21.907
4.830  22.267
4.840  21.648
4.850  21.823
4.860  21.504
4.870  21.759
4.880  21.693
4.890  21.924
4.900  22.370
4.910  21.856
4.920  21.859
4.930  21.942
4.940  21.690
4.950  21.573
4.960  21.835
4.970  21.518
4.980  21.797
4.990  21.528
5.000  21.715
5.010  21.527
5.020  21.875
5.030  21.884
5.040  22.108
5.050  21.503
5.060  21.400
5.070  21.664
5.080  21.972
5.090  21.778
5.100  21.736
5.110  21.813
5.120  21.963
5.130  21.907
5.140  21.610
5.150  21.536
5.160  21.779
5.170  21.314
5.180  21.688
5.190  21.708
5.200  21.849
5.210  21.659
5.220  21.897
5.230  21.637
5.240  21.750
5.250  21.674
5.260  21.629
5.270  21.660
5.280  21.793
5.290  21.775
5.300  21.669
5.310  21.448
5.320  21.272
5.330  21.724
5.340  22.136
5.350  21.971
5.360  21.894
5.370  21.597
5.380  21.431
5.390  21.542
5.400  21.830
5.410  21.814
5.420  21.866
5.430  21.773
5.440  21.393
5.450  21.795
5.460  22.250
5.470  22.397
5.480  21.570
5.490  21.334
5.500  21.652
5.510  21.911
5.520  21.941
5.530  21.943
5.540  21.448
5.550  21.414
5.560  22.182
5.570  21.954
5.580  21.779
5.590  21.797
5.600  21.895
5.610  21.862
5.620  21.695
5.630  21.596
5.640  21.688
5.650  21.713
5.660  21.776
5.670  21.489
5.680  21.333
5.690  21.706
5.700  21.804
5.710  22.069
5.720  21.515
5.730  21.380
5.740  21.859
5.750  21.984
5.760  21.614
5.770  21.781
5.780  21.637
5.790  21.936
5.800  21.837
5.810  21.735
5.820  22.070
5.830  21.863
5.840  21.680
5.850  21.858
5.860  21.842
5.870  21.981
5.880  21.610
5.890  21.275
5.900  21.319
5.910  21.532
5.920  21.946
5.930  21.842
5.940  21.836
5.950  21.261
5.960  21.317
5.970  21.594
5.980  22.137
5.990  21.841
6.000  21.586
6.010  21.204
6.020  21.549
6.030  21.843
6.040  22.022
6.050  21.822
6.060  21.459
6.070  21.224
6.080  21.779
6.090  22.223
6.100  22.144
6.110  21.704
6.120  20.992
6.130  21.238
6.140  21.696
6.150  21.960
6.160  21.641
6.170  22.014
6.180  21.689
6.190  21.488
6.200  21.631
6.210  21.176
6.220  21.649
6.230  21.799
6.240  21.892
6.250  21.795
6.260  22.046
6.270  22.017
6.280  21.870
6.290  21.709
6.300  21.144
6.310  21.973
6.320  21.910
6.330  21.389
6.340  21.422
6.350  21.977
6.360  22.037
6.370  21.494
6.380  21.753
6.390  21.897
6.400  21.506
6.410  21.537
6.420  21.952
6.430  21.710
