time(sec)  pressure
0.000  25.775
0.010  25.943
0.020  25.909
0.030  26.118
0.040  26.133
0.050  25.640
0.060  25.586
0.070  26.029
0.080  25.936
0.090  26.036
0.100  25.732
0.110  25.922
0.120  26.086
0.130  25.669
0.140  25.792
0.150  25.939
0.160  25.689
0.170  25.546
0.180  25.880
0.190  26.162
0.200  26.112
0.210  25.859
0.220  25.242
0.230  25.889
0.240  26.335
0.250  26.106
0.260  26.127
0.270  26.141
0.280  25.769
0.290  25.943
0.300  25.628
0.310  26.350
0.320  26.506
0.330  25.794
0.340  25.549
0.350  25.629
0.360  25.836
0.370  26.111
0.380  26.372
0.390  25.676
0.400  25.812
0.410  25.938
0.420  25.895
0.430  26.200
0.440  26.026
0.450  26.306
0.460  25.902
0.470  26.052
0.480  26.261
0.490  26.182
0.500  26.112
0.510  25.936
0.520  25.980
0.530  25.676
0.540  25.779
0.550  25.597
0.560  26.268
0.570  26.160
0.580  26.548
0.590  25.921
0.600  25.865
0.610  25.628
0.620  25.733
0.630  25.790
0.640  26.390
0.650  26.636
0.660  26.275
0.670  25.722
0.680  25.727
0.690  25.987
0.700  25.855
0.710  26.399
0.720  25.761
0.730  25.506
0.740  26.096
0.750  26.175
0.760  26.536
0.770  25.644
0.780  25.579
0.790  25.827
0.800  26.293
0.810  25.998
0.820  25.931
0.830  25.842
0.840  26.211
0.850  26.066
0.860  26.067
0.870  25.862
0.880  25.916
0.890  25.688
0.900  25.996
0.910  26.122
0.920  25.824
0.930  26.022
0.940  26.226
0.950  25.882
0.960  25.402
0.970  26.215
0.980  26.329
0.990  26.187
1.000  25.900
1.010  25.714
1.020  25.802
1.030  25.706
1.040  25.854
1.050  25.810
1.060  26.262
1.070  26.257
1.080  26.126
1.090  25.579
1.100  25.959
1.110  26.020
1.120  25.795
1.130  25.713
1.140  26.083
1.150  25.810
1.160  25.887
1.170  26.100
1.180  25.862
1.190  25.541
1.200  25.298
1.210  26.356
1.220  26.316
1.230  26.136
1.240  26.219
1.250  25.480
1.260  26.017
1.270  25.737
1.280  25.779
1.290  25.854
1.300  26.150
1.310  26.242
1.320  25.999
1.330  25.768
1.340  25.928
1.350  25.532
1.360  25.820
1.370  26.301
1.380  26.313
1.390  25.977
1.400  25.394
1.410  25.792
1.420  26.039
1.430  26.050
1.440  26.067
1.450  26.575
1.460  25.464
1.470  25.509
1.480  25.685
1.490  26.382
1.500  26.151
1.510  25.736
1.520  25.897
1.530  25.782
1.540  25.972
1.550  25.715
1.560  26.069
1.570  25.572
1.580  25.825
1.590  26.361
1.600  25.960
1.610  25.545
1.620  26.033
1.630  26.049
1.640  25.643
1.650  25.481
1.660  25.996
1.670  26.230
1.680  26.171
1.690  25.846
1.700  25.829
1.710  26.280
1.720  26.080
1.730  26.368
1.740  25.864
1.750  25.698
1.760  25.934
1.770  25.919
1.780  25.743
1.790  25.803
1.800  25.430
1.810  26.475
1.820  25.862
1.830  26.411
1.840  26.120
1.850  25.665
1.860  25.585
1.870  25.900
1.880  25.936
1.890  26.085
1.900  25.959
1.910  26.141
1.920  26.009
1.930  25.442
1.940  26.225
1.950  26.450
1.960  26.094
1.970  25.645
1.980  25.413
1.990  25.643
2.000  25.844
2.010  25.903
2.020  25.972
2.030  25.621
2.040  25.817
2.050  25.887
2.060  26.258
2.070  26.579
2.080  26.150
2.090  25.815
2.100  25.948
2.110  25.867
2.120  25.761
2.130  26.227
2.140  25.937
2.150  25.742
2.160  25.527
2.170  25.751
2.180  26.173
2.190  26.165
2.200  25.676
2.210  25.946
2.220  26.131
2.230  26.173
2.240  26.197
2.250  25.821
2.260  26.109
2.270  26.278
2.280  26.106
2.290  25.628
2.300  25.561
2.310  25.875
2.320  25.771
2.330  25.292
2.340  25.865
2.350  25.882
2.360  26.318
2.370  26.532
2.380  25.829
2.390  25.625
2.400  25.591
2.410  26.006
2.420  25.679
2.430  26.078
2.440  26.214
2.450  25.835
2.460  25.867
2.470  26.208
2.480  25.958
2.490  25.900
2.500  26.048
2.510  25.914
2.520  26.675
2.530  26.121
2.540  26.156
2.550  25.919
2.560  25.858
2.570  25.597
2.580  25.890
2.590  26.234
2.600  26.371
2.610  25.803
2.620  25.456
2.630  26.342
2.640  26.083
2.650  25.938
2.660  25.861
2.670  25.910
2.680  26.676
2.690  26.864
2.700  25.465
2.710  25.397
2.720  25.857
2.730  26.324
2.740  26.113
2.750  25.737
2.760  25.616
2.770  25.874
2.780  26.501
2.790  26.318
2.800  25.801
2.810  25.630
2.820  25.741
2.830  26.145
2.840  26.304
2.850  25.970
2.860  25.450
2.870  25.504
2.880  25.989
2.890  25.896
2.900  25.738
2.910  25.833
2.920  26.260
2.930  25.799
2.940  25.964
2.950  25.707
2.960  26.141
2.970  26.207
2.980  25.530
2.990  25.569
3.000  26.189
3.010  26.468
3.020  25.581
3.030  25.741
3.040  25.662
3.050  25.594
3.060  26.293
3.070  26.106
3.080  25.948
3.090  25.536
3.100  25.941
3.110  26.082
3.120  26.788
3.130  26.314
3.140  25.308
3.150  25.108
3.160  26.137
3.170  26.524
3.180  26.115
3.190  25.530
3.200  25.738
3.210  26.120
3.220  26.239
3.230  26.493
3.240  26.120
3.250  25.682
3.260  25.390
3.270  25.868
3.280  26.291
3.290  26.165
3.300  25.930
3.310  25.551
3.320  25.329
3.330  25.945
3.340  26.291
3.350  25.963
3.360  25.707
3.370  26.282
3.380  26.546
3.390  26.293
3.400  25.881
3.410  26.181
3.420  25.924
3.430  25.998
3.440  25.985
3.450  25.707
3.460  25.862
3.470  26.001
3.480  25.923
3.490  25.770
3.500  26.122
3.510  26.315
3.520  26.118
3.530  25.360
3.540  25.346
3.550  25.690
3.560  26.390
3.570  25.554
3.580  26.069
3.590  26.329
3.600  25.651
3.610  25.846
3.620  26.138
3.630  25.852
3.640  26.659
3.650  26.352
3.660  26.076
3.670  26.145
3.680  25.440
3.690  25.209
3.700  25.871
3.710  25.913
3.720  26.166
3.730  25.885
3.740  25.287
3.750  25.867
3.760  26.091
3.770  26.332
3.780  25.816
3.790  25.435
3.800  25.730
3.810  25.921
3.820  25.952
3.830  25.544
3.840  25.972
3.850  25.801
3.860  25.634
3.870  25.931
3.880  25.551
3.890  25.668
3.900  25.944
3.910  26.211
3.920  25.141
3.930  25.097
3.940  25.873
3.950  26.047
3.960  25.544
3.970  25.874
3.980  25.697
3.990  25.241
4.000  25.976
4.010  25.783
4.020  26.273
4.030  26.118
4.040  25.530
4.050  25.463
4.060  25.577
4.070  26.032
4.080  26.088
4.090  25.727
4.100  25.976
4.110  25.908
4.120  25.876
4.130  25.909
4.140  25.661
4.150  26.311
4.160  26.505
4.170  25.893
4.180  25.448
4.190  25.451
4.200  25.916
4.210  26.297
4.220  25.943
4.230  25.927
4.240  25.443
4.250  25.386
4.260  26.142
4.270  26.119
4.280  26.180
4.290  25.816
4.300  25.955
4.310  25.754
4.320  26.291
4.330  26.114
4.340  25.940
4.350  25.313
4.360  25.708
4.370  26.070
4.380  26.341
4.390  26.378
4.400  25.647
4.410  25.651
4.420  25.778
4.430  26.013
4.440  25.651
4.450  25.370
4.460  25.877
4.470  26.058
4.480  25.668
4.490  26.450
4.500  25.576
4.510  25.239
4.520  26.030
4.530  26.401
4.540  25.749
4.550  25.701
4.560  25.583
4.570  25.537
4.580  26.213
4.590  25.862
4.600  25.876
4.610  25.640
4.620  26.258
4.630  26.257
4.640  25.739
4.650  25.877
4.660  25.846
4.670  25.802
4.680  25.763
4.690  25.584
4.700  26.227
4.710  25.750
4.720  25.399
4.730  25.913
4.740  25.845
4.750  25.825
4.760  26.288
4.770  26.140
4.780  26.135
4.790  25.931
4.800  25.435
4.810  25.892
4.820  26.043
4.830  26.004
4.840  25.325
4.850  25.859
4.860  25.958
4.870  26.059
4.880  25.743
4.890  26.034
4.900  25.523
4.910  25.523
4.920  25.634
4.930  25.877
4.940  25.915
4.950  26.164
4.960  25.845
4.970  25.718
4.980  25.900
4.990  25.820
5.000  25.697
5.010  25.857
5.020  26.086
5.030  26.030
5.040  25.959
5.050  26.149
5.060  25.911
5.070  25.641
5.080  26.092
5.090  26.020
5.100  25.775
5.110  26.077
5.120  25.738
5.130  25.331
5.140  25.413
5.150  26.023
5.160  26.272
5.170  26.208
5.180  26.120
5.190  25.705
5.200  25.415
5.210  25.346
5.220  26.403
5.230  25.929
5.240  26.407
5.250  25.865
5.260  25.693
5.270  26.145
5.280  26.000
5.290  25.884
5.300  25.682
5.310  25.469
5.320  26.048
5.330  26.262
5.340  26.183
5.350  26.138
5.360  25.369
5.370  25.851
5.380  25.872
5.390  26.144
5.400  25.375
5.410  26.032
5.420  26.144
5.430  25.949
5.440  26.112
5.450  25.897
5.460  25.867
5.470  26.091
5.480  26.271
5.490  25.857
5.500  25.870
5.510  25.268
5.520  26.100
5.530  26.439
5.540  26.024
5.550  25.565
5.560  25.763
5.570  25.838
5.580  26.191
5.590  26.159
5.600  26.535
5.610  26.045
5.620  25.719
5.630  25.800
5.640  25.900
5.650  26.080
5.660  25.830
5.670  26.132
5.680  26.218
5.690  25.878
5.700  26.088
5.710  26.154
5.720  25.802
5.730  25.815
5.740  25.628
5.750  25.962
5.760  25.338
5.770  25.643
5.780  26.002
5.790  25.715
5.800  26.282
5.810  25.724
5.820  25.834
5.830  26.172
5.840  26.209
5.850  26.223
5.860  26.134
5.870  26.400
5.880  25.995
5.890  25.898
5.900  26.165
5.910  26.625
5.920  26.261
5.930  25.744
5.940  25.899
5.950  26.023
5.960  26.097
5.970  26.129
5.980  26.097
5.990  26.173
6.000  26.395
6.010  26.143
6.020  25.572
6.030  26.200
6.040  25.803
6.050  26.004
6.060  25.539
6.070  25.716
6.080  26.133
6.090  26.433
6.100  26.041
6.110  25.747
6.120  26.322
6.130  26.259
6.140  25.526
6.150  26.031
6.160  26.166
6.170  25.907
6.180  26.282
6.190  26.006
6.200  26.029
6.210  25.862
6.220  25.936
6.230  26.085
6.240  26.452
6.250  25.772
6.260  25.780
6.270  26.365
6.280  26.078
6.290  26.222
6.300  26.169
6.310  26.320
6.320  26.551
6.330  25.540
6.340  25.498
6.350  25.720
6.360  26.172
6.370  26.367
6.380  26.005
6.390  26.229
6.400  26.553
6.410  25.978
6.420  25.687
6.430  25.776
