time(sec)  pressure
0.000  12.201
0.010  12.155
0.020  12.146
0.030  12.081
0.040  12.232
0.050  12.370
0.060  12.021
0.070  11.971
0.080  12.165
0.090  12.324
0.100  12.273
0.110  12.078
0.120  12.269
0.130  12.185
0.140  12.024
0.150  11.938
0.160  12.332
0.170  12.473
0.180  12.302
0.190  11.964
0.200  12.000
0.210  12.120
0.220  12.163
0.230  12.116
0.240  12.128
0.250  12.108
0.260  12.386
0.270  12.148
0.280  12.012
0.290  11.888
0.300  12.007
0.310  11.983
0.320  12.061
0.330  12.254
0.340  12.105
0.350  12.304
0.360  12.142
0.370  12.184
0.380  12.227
0.390  12.238
0.400  12.124
0.410  12.151
0.420  12.265
0.430  12.127
0.440  12.082
0.450  12.375
0.460  12.221
0.470  12.184
0.480  12.141
0.490  12.090
0.500  12.142
0.510  12.114
0.520  12.226
0.530  11.994
0.540  11.995
0.550  12.282
0.560  12.129
0.570  12.001
0.580  12.034
0.590  12.213
0.600  12.389
0.610  12.309
0.620  12.130
0.630  12.106
0.640  12.181
0.650  12.339
0.660  12.089
0.670  12.036
0.680  12.146
0.690  12.184
0.700  12.257
0.710  12.317
0.720  12.384
0.730  12.246
0.740  11.842
0.750  11.939
0.760  12.173
0.770  12.376
0.780  12.534
0.790  12.409
0.800  12.186
0.810  12.020
0.820  12.158
0.830  12.338
0.840  12.432
0.850  12.355
0.860  12.111
0.870  12.158
0.880  12.254
0.890  12.154
0.900  12.275
0.910  12.193
0.920  11.959
0.930  12.283
0.940  12.385
0.950  12.191
0.960  12.226
0.970  12.228
0.980  12.167
0.990  12.332
1.000  12.184
1.010  12.341
1.020  12.245
1.030  11.974
1.040  12.147
1.050  12.498
1.060  12.429
1.070  12.076
1.080  12.133
1.090  12.314
1.100  12.158
1.110  12.052
1.120  12.101
1.130  12.067
1.140  12.257
1.150  12.125
1.160  12.196
1.170  12.398
1.180  12.217
1.190  12.261
1.200  12.130
1.210  12.031
1.220  12.128
1.230  12.360
1.240  12.097
1.250  12.236
1.260  11.962
1.270  11.757
1.280  12.190
1.290  12.443
1.300  12.600
1.310  12.150
1.320  12.186
1.330  12.193
1.340  12.224
1.350  12.198
1.360  12.136
1.370  12.041
1.380  12.315
1.390  12.481
1.400  12.361
1.410  12.149
1.420  11.857
1.430  12.039
1.440  12.360
1.450  12.363
1.460  12.163
1.470  12.288
1.480  12.281
1.490  12.243
1.500  12.175
1.510  12.178
1.520  12.191
1.530  12.357
1.540  12.244
1.550  12.008
1.560  12.165
1.570  12.162
1.580  12.283
1.590  12.214
1.600  12.331
1.610  12.199
1.620  12.172
1.630  11.987
1.640  12.139
1.650  12.317
1.660  11.964
1.670  11.963
1.680  12.372
1.690  12.312
1.700  12.082
1.710  12.339
1.720  12.094
1.730  12.160
1.740  12.302
1.750  12.283
1.760  12.202
1.770  11.950
1.780  12.198
1.790  12.395
1.800  12.155
1.810  12.334
1.820  12.432
1.830  12.297
1.840  12.124
1.850  12.236
1.860  12.179
1.870  12.235
1.880  12.165
1.890  12.191
1.900  12.466
1.910  12.369
1.920  12.092
1.930  11.870
1.940  12.308
1.950  12.411
1.960  12.234
1.970  11.944
1.980  12.163
1.990  12.456
2.000  12.477
2.010  12.186
2.020  12.246
2.030  12.209
2.040  12.253
2.050  12.060
2.060  12.270
2.070  12.422
2.080  12.031
2.090  12.133
2.100  12.434
2.110  12.236
2.120  12.111
2.130  12.288
2.140  12.239
2.150  12.436
2.160  11.978
2.170  12.253
2.180  12.208
2.190  12.207
2.200  12.313
2.210  12.295
2.220  12.122
2.230  12.084
2.240  12.102
2.250  12.283
2.260  12.421
2.270  12.146
2.280  11.987
2.290  12.123
2.300  12.183
2.310  12.349
2.320  12.085
2.330  12.023
2.340  12.120
2.350  12.225
2.360  12.103
2.370  11.996
2.380  12.142
2.390  12.055
2.400  12.290
2.410  12.188
2.420  12.142
2.430  12.019
2.440  12.120
2.450  12.362
2.460  12.238
2.470  12.169
2.480  12.075
2.490  12.115
2.500  12.236
2.510  12.362
2.520  12.230
2.530  12.236
2.540  11.984
2.550  12.255
2.560  12.239
2.570  12.127
2.580  12.326
2.590  12.432
2.600  11.984
2.610  12.003
2.620  12.346
2.630  12.233
2.640  12.254
2.650  12.196
2.660  12.169
2.670  12.146
2.680  11.986
2.690  11.989
2.700  12.211
2.710  12.206
2.720  12.234
2.730  12.212
2.740  12.019
2.750  12.008
2.760  12.354
2.770  12.504
2.780  12.042
2.790  11.987
2.800  12.122
2.810  12.125
2.820  12.110
2.830  12.031
2.840  12.147
2.850  12.026
2.860  12.448
2.870  12.243
2.880  11.952
2.890  12.023
2.900  12.229
2.910  12.454
2.920  12.091
2.930  11.921
2.940  12.101
2.950  12.311
2.960  12.266
2.970  12.141
2.980  11.976
2.990  11.981
3.000  12.258
3.010  12.243
3.020  12.244
3.030  11.951
3.040  11.952
3.050  12.016
3.060  12.296
3.070  12.151
3.080  11.986
3.090  12.452
3.100  12.353
3.110  12.271
3.120  12.089
3.130  12.149
3.140  12.053
3.150  11.974
3.160  12.116
3.170  12.070
3.180  12.172
3.190  12.170
3.200  12.276
3.210  12.451
3.220  12.165
3.230  12.174
3.240  12.233
3.250  12.341
3.260  12.050
3.270  11.991
3.280  12.016
3.290  12.230
3.300  12.269
3.310  12.267
3.320  12.179
3.330  12.113
3.340  12.076
3.350  12.045
3.360  12.029
3.370  12.255
3.380  12.435
3.390  12.364
3.400  11.984
3.410  12.122
3.420  11.988
3.430  11.925
3.440  12.286
3.450  12.330
3.460  12.022
3.470  11.995
3.480  11.974
3.490  12.015
3.500  12.004
3.510  12.178
3.520  12.116
3.530  12.016
3.540  12.153
3.550  12.405
3.560  12.232
3.570  12.279
3.580  12.112
3.590  11.855
3.600  11.879
3.610  12.264
3.620  12.268
3.630  12.269
3.640  12.188
3.650  11.981
3.660  12.214
3.670  12.178
3.680  12.367
3.690  12.008
3.700  11.739
3.710  12.098
3.720  12.295
3.730  12.349
3.740  12.282
3.750  12.036
3.760  12.089
3.770  12.237
3.780  11.955
3.790  12.058
3.800  12.368
3.810  12.101
3.820  11.876
3.830  12.155
3.840  11.970
3.850  12.094
3.860  12.264
3.870  12.072
3.880  12.248
3.890  12.209
3.900  11.977
3.910  11.993
3.920  12.162
3.930  12.127
3.940  12.335
3.950  12.248
3.960  12.178
3.970  12.204
3.980  11.875
3.990  11.866
4.000  12.336
4.010  12.154
4.020  12.105
4.030  12.238
4.040  12.225
4.050  12.296
4.060  12.121
4.070  12.295
4.080  12.257
4.090  12.080
4.100  12.039
4.110  11.980
4.120  12.212
4.130  12.181
4.140  12.080
4.150  12.067
4.160  12.111
4.170  12.264
4.180  12.157
4.190  12.098
4.200  12.077
4.210  12.201
4.220  12.193
4.230  12.203
4.240  12.244
4.250  12.143
4.260  12.209
4.270  11.961
4.280  12.166
4.290  12.218
4.300  12.294
4.310  12.232
4.320  12.291
4.330  12.069
4.340  12.171
4.350  12.121
4.360  12.275
4.370  12.194
4.380  12.096
4.390  12.275
4.400  12.345
4.410  12.018
4.420  11.935
4.430  12.089
4.440  12.203
4.450  11.952
4.460  11.982
4.470  12.235
4.480  12.276
4.490  12.149
4.500  12.008
4.510  12.087
4.520  12.215
4.530  12.192
4.540  11.980
4.550  12.278
4.560  12.156
4.570  12.271
4.580  12.034
4.590  11.935
4.600  12.137
4.610  12.352
4.620  12.440
4.630  11.903
4.640  11.797
4.650  12.235
4.660  12.441
4.670  12.029
4.680  12.171
4.690  12.199
4.700  12.191
4.710  11.886
4.720  12.247
4.730  12.284
4.740  12.005
4.750  11.949
4.760  12.362
4.770  12.159
4.780  12.108
4.790  12.184
4.800  12.294
4.810  12.065
4.820  11.933
4.830  11.926
4.840  12.257
4.850  12.216
4.860  11.899
4.870  12.227
4.880  12.170
4.890  12.267
4.900  11.873
4.910  11.933
4.920  12.373
4.930  12.424
4.940  12.293
4.950  12.148
4.960  11.888
4.970  12.128
4.980  12.259
4.990  12.230
5.000  12.283
5.010  12.219
5.020  12.155
5.030  12.312
5.040  12.132
5.050  12.194
5.060  12.264
5.070  11.984
5.080  12.047
5.090  12.353
5.100  12.315
5.110  12.125
5.120  11.961
5.130  12.219
5.140  12.254
5.150  12.244
5.160  12.188
5.170  12.070
5.180  12.087
5.190  12.183
5.200  12.166
5.210  12.311
5.220  12.178
5.230  12.076
5.240  12.258
5.250  12.229
5.260  12.094
5.270  12.198
5.280  12.259
5.290  12.216
5.300  12.090
5.310  12.454
5.320  12.362
5.330  12.040
5.340  12.053
5.350  12.137
5.360  12.204
5.370  12.043
5.380  12.304
5.390  12.212
5.400  12.103
5.410  11.881
5.420  12.025
5.430  12.301
5.440  12.115
5.450  11.964
5.460  12.124
5.470  12.271
5.480  12.285
5.490  12.199
5.500  12.064
5.510  12.066
5.520  12.165
5.530  12.134
5.540  12.184
5.550  12.305
5.560  12.299
5.570  12.227
5.580  11.937
5.590  11.926
5.600  12.273
5.610  12.448
5.620  12.390
5.630  12.346
5.640  12.268
5.650  12.214
5.660  12.064
5.670  12.088
5.680  12.107
5.690  12.057
5.700  12.054
5.710  12.134
5.720  12.220
5.730  12.200
5.740  12.146
5.750  12.090
5.760  11.870
5.770  12.033
5.780  12.057
5.790  11.990
5.800  11.950
5.810  11.969
5.820  12.073
5.830  11.886
5.840  12.113
5.850  12.053
5.860  12.180
5.870  12.072
5.880  11.954
5.890  12.212
5.900  12.279
5.910  12.187
5.920  11.947
5.930  11.934
5.940  12.220
5.950  12.276
5.960  12.238
5.970  12.165
5.980  12.038
5.990  11.930
6.000  11.948
6.010  12.197
6.020  12.282
6.030  12.444
6.040  12.095
6.050  11.841
6.060  12.016
6.070  12.407
6.080  12.062
6.090  12.021
6.100  12.135
6.110  12.122
6.120  11.992
6.130  12.012
6.140  12.161
6.150  12.042
6.160  11.864
6.170  12.185
6.180  12.306
6.190  12.058
6.200  11.757
6.210  11.986
6.220  12.140
6.230  12.169
6.240  12.023
6.250  11.923
6.260  11.955
6.270  12.204
6.280  12.185
6.290  12.261
6.300  12.114
6.310  12.136
6.320  12.062
6.330  11.779
6.340  12.015
6.350  12.165
6.360  12.416
6.370  12.090
6.380  12.084
6.390  12.019
6.400  12.228
6.410  12.025
6.420  11.975
6.430  12.005
