time(sec)  pressure
0.000  24.443
0.010  24.034
0.020  24.108
0.030  23.958
0.040  24.175
0.050  24.437
0.060  24.291
0.070  24.024
0.080  23.891
0.090  23.917
0.100  24.029
0.110  24.243
0.120  24.078
0.130  24.298
0.140  24.497
0.150  24.267
0.160  23.704
0.170  23.691
0.180  24.569
0.190  24.482
0.200  24.367
0.210  24.045
0.220  23.653
0.230  24.125
0.240  24.376
0.250  24.366
0.260  23.890
0.270  23.664
0.280  24.125
0.290  24.820
0.300  23.707
0.310  23.828
0.320  24.054
0.330  24.210
0.340  24.075
0.350  23.949
0.360  23.652
0.370  24.289
0.380  24.220
0.390  24.389
0.400  24.460
0.410  23.836
0.420  23.878
0.430  24.132
0.440  23.887
0.450  24.103
0.460  24.359
0.470  24.164
0.480  23.506
0.490  23.990
0.500  24.402
0.510  24.002
0.520  23.749
0.530  24.388
0.540  23.836
0.550  23.864
0.560  24.200
0.570  24.301
0.580  23.828
0.590  23.932
0.600  23.863
0.610  23.730
0.620  24.249
0.630  24.200
0.640  24.276
0.650  24.172
0.660  23.744
0.670  24.303
0.680  24.457
0.690  24.040
0.700  23.572
0.710  24.005
0.720  24.045
0.730  24.002
0.740  23.906
0.750  24.148
0.760  24.260
0.770  23.802
0.780  23.669
0.790  24.119
0.800  23.935
0.810  24.230
0.820  24.195
0.830  23.996
0.840  23.758
0.850  23.724
0.860  24.177
0.870  23.822
0.880  23.878
0.890  24.035
0.900  24.055
0.910  23.848
0.920  24.433
0.930  24.383
0.940  24.321
0.950  24.259
0.960  23.876
0.970  24.200
0.980  24.431
0.990  24.141
1.000  24.408
1.010  24.473
1.020  24.436
1.030  24.135
1.040  23.991
1.050  24.419
1.060  23.972
1.070  23.846
1.080  24.173
1.090  24.111
1.100  24.548
1.110  24.202
1.120  23.901
1.130  24.298
1.140  24.501
1.150  24.164
1.160  23.908
1.170  23.963
1.180  23.856
1.190  24.123
1.200  24.637
1.210  24.561
1.220  23.735
1.230  23.589
1.240  23.903
1.250  24.403
1.260  24.411
1.270  24.150
1.280  23.738
1.290  23.751
1.300  24.791
1.310  24.294
1.320  23.728
1.330  23.817
1.340  23.872
1.350  24.051
1.360  24.345
1.370  24.325
1.380  24.306
1.390  23.937
1.400  24.460
1.410  24.208
1.420  24.529
1.430  24.375
1.440  24.145
1.450  23.946
1.460  24.173
1.470  23.946
1.480  24.150
1.490  24.092
1.500  24.098
1.510  24.293
1.520  24.632
1.530  23.976
1.540  23.776
1.550  24.341
1.560  23.967
1.570  23.770
1.580  24.076
1.590  24.486
1.600  24.009
1.610  24.109
1.620  24.257
1.630  23.729
1.640  23.846
1.650  24.039
1.660  24.288
1.670  23.869
1.680  23.753
1.690  23.820
1.700  24.398
1.710  24.140
1.720  24.047
1.730  23.719
1.740  24.229
1.750  24.294
1.760  23.824
1.770  24.417
1.780  24.423
1.790  24.478
1.800  23.474
1.810  24.059
1.820  24.539
1.830  23.962
1.840  24.020
1.850  23.969
1.860  23.897
1.870  24.245
1.880  23.938
1.890  23.990
1.900  24.169
1.910  23.764
1.920  23.865
1.930  23.976
1.940  24.162
1.950  23.776
1.960  23.801
1.970  23.805
1.980  24.156
1.990  24.293
2.000  24.147
2.010  24.003
2.020  24.284
2.030  24.076
2.040  24.051
2.050  23.968
2.060  24.257
2.070  24.262
2.080  23.376
2.090  23.856
2.100  24.351
2.110  24.209
2.120  24.079
2.130  23.888
2.140  23.895
2.150  24.017
2.160  24.564
2.170  24.454
2.180  24.308
2.190  24.086
2.200  23.800
2.210  23.761
2.220  24.293
2.230  24.248
2.240  23.738
2.250  23.917
2.260  24.069
2.270  24.264
2.280  23.909
2.290  24.137
2.300  23.943
2.310  23.932
2.320  23.923
2.330  24.357
2.340  24.295
2.350  24.098
2.360  24.033
2.370  24.052
2.380  23.842
2.390  24.060
2.400  24.156
2.410  23.748
2.420  24.235
2.430  24.385
2.440  23.839
2.450  23.659
2.460  23.731
2.470  24.157
2.480  24.502
2.490  23.695
2.500  23.976
2.510  24.166
2.520  24.449
2.530  24.029
2.540  23.415
2.550  23.798
2.560  24.259
2.570  24.058
2.580  24.031
2.590  24.064
2.600  24.158
2.610  23.748
2.620  24.355
2.630  24.277
2.640  23.907
2.650  23.781
2.660  23.926
2.670  24.210
2.680  24.177
2.690  23.767
2.700  23.908
2.710  24.052
2.720  23.721
2.730  23.883
2.740  24.194
2.750  24.374
2.760  23.603
2.770  23.354
2.780  23.860
2.790  24.635
2.800  24.626
2.810  24.320
2.820  23.982
2.830  23.896
2.840  23.872
2.850  24.256
2.860  23.925
2.870  24.516
2.880  23.602
2.890  24.038
2.900  24.130
2.910  23.812
2.920  24.134
2.930  24.046
2.940  23.828
2.950  24.130
2.960  24.261
2.970  23.876
2.980  24.019
2.990  24.526
3.000  24.049
3.010  23.799
3.020  23.982
3.030  23.974
3.040  23.819
3.050  23.798
3.060  23.576
3.070  24.026
3.080  24.209
3.090  23.981
3.100  23.883
3.110  24.198
3.120  24.472
3.130  24.193
3.140  24.065
3.150  24.062
3.160  24.390
3.170  23.908
3.180  24.106
3.190  24.575
3.200  24.402
3.210  23.837
3.220  23.720
3.230  24.262
3.240  24.178
3.250  24.686
3.260  24.418
3.270  23.887
3.280  23.955
3.290  24.160
3.300  24.183
3.310  24.366
3.320  23.974
3.330  23.849
3.340  24.099
3.350  24.424
3.360  24.408
3.370  24.196
3.380  23.933
3.390  23.924
3.400  24.052
3.410  23.970
3.420  23.678
3.430  24.113
3.440  24.073
3.450  23.893
3.460  24.073
3.470  24.077
3.480  24.403
3.490  24.219
3.500  23.994
3.510  24.025
3.520  24.145
3.530  24.004
3.540  24.095
3.550  23.796
3.560  24.296
3.570  24.328
3.580  23.714
3.590  24.021
3.600  24.178
3.610  24.101
3.620  24.090
3.630  24.273
3.640  23.866
3.650  23.701
3.660  23.934
3.670  24.261
3.680  23.969
3.690  24.055
3.700  23.793
3.710  24.168
3.720  24.257
3.730  24.054
3.740  23.839
3.750  23.879
3.760  24.037
3.770  24.542
3.780  24.378
3.790  23.791
3.800  23.678
3.810  24.285
3.820  24.426
3.830  24.356
3.840  24.393
3.850  24.035
3.860  23.549
3.870  23.582
3.880  24.082
3.890  23.991
3.900  23.951
3.910  23.778
3.920  24.282
3.930  24.187
3.940  23.780
3.950  23.901
3.960  23.955
3.970  24.139
3.980  23.717
3.990  23.878
4.000  24.013
4.010  24.311
4.020  24.224
4.030  24.167
4.040  24.123
4.050  23.735
4.060  24.134
4.070  24.041
4.080  24.619
4.090  23.823
4.100  23.253
4.110  24.309
4.120  24.397
4.130  24.177
4.140  23.798
4.150  23.772
4.160  23.820
4.170  24.219
4.180  24.457
4.190  23.938
4.200  24.131
4.210  24.094
4.220  24.117
4.230  23.674
4.240  24.056
4.250  24.318
4.260  24.028
4.270  24.195
4.280  24.170
4.290  23.852
4.300  23.820
4.310  23.577
4.320  23.870
4.330  24.221
4.340  23.952
4.350  24.013
4.360  24.225
4.370  23.774
4.380  24.193
4.390  24.579
4.400  23.822
4.410  23.746
4.420  24.113
4.430  24.581
4.440  23.783
4.450  23.829
4.460  24.258
4.470  24.291
4.480  23.905
4.490  23.894
4.500  23.948
4.510  23.872
4.520  24.353
4.530  24.370
4.540  23.978
4.550  24.108
4.560  23.978
4.570  23.820
4.580  24.032
4.590  24.027
4.600  23.870
4.610  23.934
4.620  24.252
4.630  23.659
4.640  23.750
4.650  23.627
4.660  24.199
4.670  24.227
4.680  23.737
4.690  23.965
4.700  24.027
4.710  23.999
4.720  23.771
4.730  23.935
4.740  23.984
4.750  23.469
4.760  23.950
4.770  23.999
4.780  24.180
4.790  24.021
4.800  23.743
4.810  24.320
4.820  23.791
4.830  23.860
4.840  24.196
4.850  23.895
4.860  23.497
4.870  24.311
4.880  24.057
4.890  24.040
4.900  23.801
4.910  24.161
4.920  24.231
4.930  23.995
4.940  23.847
4.950  24.040
4.960  23.915
4.970  23.855
4.980  23.735
4.990  23.744
5.000  24.131
5.010  24.057
5.020  23.411
5.030  23.953
5.040  23.788
5.050  24.030
5.060  23.631
5.070  24.269
5.080  24.263
5.090  23.850
5.100  23.602
5.110  24.302
5.120  24.379
5.130  24.223
5.140  24.321
5.150  23.847
5.160  23.866
5.170  24.007
5.180  24.327
5.190  23.904
5.200  23.550
5.210  23.676
5.220  24.019
5.230  23.928
5.240  23.802
5.250  23.524
5.260  23.856
5.270  24.212
5.280  24.409
5.290  24.253
5.300  24.071
5.310  24.171
5.320  23.644
5.330  23.862
5.340  24.486
5.350  24.119
5.360  23.480
5.370  23.888
5.380  23.707
5.390  23.995
5.400  24.493
5.410  23.723
5.420  23.703
5.430  24.047
5.440  24.203
5.450  23.928
5.460  23.783
5.470  23.851
5.480  23.672
5.490  23.757
5.500  23.948
5.510  24.573
5.520  23.863
5.530  23.529
5.540  23.410
5.550  24.264
5.560  24.091
5.570  23.824
5.580  24.279
5.590  24.144
5.600  24.041
5.610  24.122
5.620  23.833
5.630  24.016
5.640  24.301
5.650  24.521
5.660  23.200
5.670  23.532
5.680  23.918
5.690  24.285
5.700  24.120
5.710  24.156
5.720  24.125
5.730  23.914
5.740  24.204
5.750  23.878
5.760  23.860
5.770  23.850
5.780  24.137
5.790  24.231
5.800  23.760
5.810  23.729
5.820  23.910
5.830  24.107
5.840  23.973
5.850  23.905
5.860  23.850
5.870  23.606
5.880  23.979
5.890  24.046
5.900  24.470
5.910  23.811
5.920  23.943
5.930  23.919
5.940  23.902
5.950  23.926
5.960  23.742
5.970  24.041
5.980  24.354
5.990  24.075
6.000  24.069
6.010  24.258
6.020  24.144
6.030  24.416
6.040  24.071
6.050  23.511
6.060  24.248
6.070  23.814
6.080  23.600
6.090  23.895
6.100  23.756
6.110  23.619
6.120  23.966
6.130  24.251
6.140  24.327
6.150  23.995
6.160  23.334
6.170  24.017
6.180  24.359
6.190  24.044
6.200  23.815
6.210  23.915
6.220  24.128
6.230  24.234
6.240  24.285
6.250  23.944
6.260  23.666
6.270  23.765
6.280  23.999
6.290  23.967
6.300  24.357
6.310  24.174
6.320  23.947
6.330  23.786
6.340  24.071
6.350  24.518
6.360  24.312
6.370  23.791
6.380  23.954
6.390  24.287
6.400  24.213
6.410  23.897
6.420  23.870
6.430  24.392
6.440  24.037
