time(sec)  pressure
0.000  19.333
0.010  19.372
0.020  19.661
0.030  19.700
0.040  19.244
0.050  19.593
0.060  19.678
0.070  19.689
0.080  19.551
0.090  19.389
0.100  19.120
0.110  19.154
0.120  19.674
0.130  19.584
0.140  19.859
0.150  19.532
0.160  19.405
0.170  19.655
0.180  19.707
0.190  19.165
0.200  19.146
0.210  19.683
0.220  19.679
0.230  19.712
0.240  19.206
0.250  19.213
0.260  19.456
0.270  19.616
0.280  19.842
0.290  19.802
0.300  19.695
0.310  19.235
0.320  19.190
0.330  19.505
0.340  19.559
0.350  19.413
0.360  19.642
0.370  19.702
0.380  19.386
0.390  19.378
0.400  19.558
0.410  19.482
0.420  19.709
0.430  19.816
0.440  19.367
0.450  19.694
0.460  19.181
0.470  19.401
0.480  19.345
0.490  19.322
0.500  19.573
0.510  19.467
0.520  19.400
0.530  19.804
0.540  19.636
0.550  19.060
0.560  19.488
0.570  19.679
0.580  19.616
0.590  19.802
0.600  19.702
0.610  19.594
0.620  19.286
0.630  19.538
0.640  19.397
0.650  19.278
0.660  19.919
0.670  19.754
0.680  19.503
0.690  19.654
0.700  19.808
0.710  20.031
0.720  19.670
0.730  19.549
0.740  19.123
0.750  19.261
0.760  19.649
0.770  19.759
0.780  19.856
0.790  19.513
0.800  19.196
0.810  19.141
0.820  19.345
0.830  19.848
0.840  19.799
0.850  19.267
0.860  19.539
0.870  19.525
0.880  19.520
0.890  19.588
0.900  19.358
0.910  19.276
0.920  19.221
0.930  19.687
0.940  20.016
0.950  19.648
0.960  19.389
0.970  19.184
0.980  19.267
0.990  19.947
1.000  19.550
1.010  19.257
1.020  19.432
1.030  19.281
1.040  19.396
1.050  19.331
1.060  19.430
1.070  19.705
1.080  19.100
1.090  19.198
1.100  19.582
1.110  19.812
1.120  19.812
1.130  19.456
1.140  19.492
1.150  19.451
1.160  19.347
1.170  19.509
1.180  19.665
1.190  19.425
1.200  19.241
1.210  19.405
1.220  19.670
1.230  19.454
1.240  19.235
1.250  19.332
1.260  19.495
1.270  19.543
1.280  19.393
1.290  19.769
1.300  19.355
1.310  19.604
1.320  19.723
1.330  19.385
1.340  19.619
1.350  19.346
1.360  19.604
1.370  19.714
1.380  19.630
1.390  19.191
1.400  19.360
1.410  19.384
1.420  19.688
1.430  19.589
1.440  19.482
1.450  19.401
1.460  19.371
1.470  19.419
1.480  19.724
1.490  19.400
1.500  19.473
1.510  19.784
1.520  19.635
1.530  19.273
1.540  19.763
1.550  19.727
1.560  19.747
1.570  19.855
1.580  19.587
1.590  19.519
1.600  19.790
1.610  19.771
1.620  19.589
1.630  19.574
1.640  19.193
1.650  19.312
1.660  19.873
1.670  19.395
1.680  19.335
1.690  19.565
1.700  19.496
1.710  19.631
1.720  19.768
1.730  19.500
1.740  19.396
1.750  19.328
1.760  19.417
1.770  19.812
1.780  20.131
1.790  19.552
1.800  19.249
1.810  19.491
1.820  19.848
1.830  19.742
1.840  19.565
1.850  19.236
1.860  18.905
1.870  19.461
1.880  19.495
1.890  19.698
1.900  19.518
1.910  19.505
1.920  19.256
1.930  19.423
1.940  19.713
1.950  19.877
1.960  19.395
1.970  19.264
1.980  19.633
1.990  19.563
2.000  19.589
2.010  19.322
2.020  19.492
2.030  19.478
2.040  19.786
2.050  19.371
2.060  19.661
2.070  19.710
2.080  19.348
2.090  19.316
2.100  19.712
2.110  19.706
2.120  19.589
2.130  19.384
2.140  19.274
2.150  19.138
2.160  19.565
2.170  19.628
2.180  19.381
2.190  19.435
2.200  19.616
2.210  19.305
2.220  19.296
2.230  19.096
2.240  19.765
2.250  19.722
2.260  19.284
2.270  19.022
2.280  19.441
2.290  20.049
2.300  19.682
2.310  19.651
2.320  19.598
2.330  19.632
2.340  19.346
2.350  19.701
2.360  19.501
2.370  20.007
2.380  19.491
2.390  19.379
2.400  19.949
2.410  19.805
2.420  19.534
2.430  19.281
2.440  19.200
2.450  19.419
2.460  19.893
2.470  19.707
2.480  19.431
2.490  19.102
2.500  19.323
2.510  19.595
2.520  19.546
2.530  19.597
2.540  19.624
2.550  19.738
2.560  19.744
2.570  19.649
2.580  19.393
2.590  19.501
2.600  19.683
2.610  19.534
2.620  19.436
2.630  19.650
2.640  19.494
2.650  19.218
2.660  19.268
2.670  19.656
2.680  19.571
2.690  19.778
2.700  19.188
2.710  19.396
2.720  19.619
2.730  19.425
2.740  18.996
2.750  19.415
2.760  19.777
2.770  19.210
2.780  19.390
2.790  19.478
2.800  19.230
2.810  19.365
2.820  19.379
2.830  19.382
2.840  19.204
2.850  19.236
2.860  19.549
2.870  19.330
2.880  19.714
2.890  19.166
2.900  19.274
2.910  19.551
2.920  19.690
2.930  19.413
2.940  19.627
2.950  19.441
2.960  19.425
2.970  19.307
2.980  19.283
2.990  19.342
3.000  19.652
3.010  19.526
3.020  19.391
3.030  19.439
3.040  19.479
3.050  19.070
3.060  19.244
3.070  19.597
3.080  19.466
3.090  19.206
3.100  19.200
3.110  19.393
3.120  19.644
3.130  19.600
3.140  19.434
3.150  19.345
3.160  19.326
3.170  19.489
3.180  19.420
3.190  19.408
3.200  19.468
3.210  19.041
3.220  19.283
3.230  19.524
3.240  19.657
3.250  19.522
3.260  19.597
3.270  19.371
3.280  19.315
3.290  19.479
3.300  19.584
3.310  19.499
3.320  19.097
3.330  19.518
3.340  19.264
3.350  19.733
3.360  19.517
3.370  19.446
3.380  19.374
3.390  19.438
3.400  19.637
3.410  19.508
3.420  19.164
3.430  19.098
3.440  19.274
3.450  19.560
3.460  19.312
3.470  19.576
3.480  19.466
3.490  19.276
3.500  19.366
3.510  19.674
3.520  19.679
3.530  19.931
3.540  19.361
3.550  19.420
3.560  19.477
3.570  19.193
3.580  19.420
3.590  19.570
3.600  19.614
3.610  19.355
3.620  19.186
3.630  19.636
3.640  19.873
3.650  19.464
3.660  19.374
3.670  19.348
3.680  19.641
3.690  19.958
3.700  19.860
3.710  19.187
3.720  19.337
3.730  19.631
3.740  19.592
3.750  19.710
3.760  19.467
3.770  19.340
3.780  19.303
3.790  19.865
3.800  19.941
3.810  19.439
3.820  19.364
3.830  19.345
3.840  19.677
3.850  19.338
3.860  19.677
3.870  19.563
3.880  19.058
3.890  18.824
3.900  19.744
3.910  19.936
3.920  19.639
3.930  19.256
3.940  19.329
3.950  19.669
3.960  19.785
3.970  19.652
3.980  19.327
3.990  19.434
4.000  19.389
4.010  19.550
4.020  19.471
4.030  19.470
4.040  19.596
4.050  19.547
4.060  19.535
4.070  19.656
4.080  19.341
4.090  19.026
4.100  19.476
4.110  19.496
4.120  19.677
4.130  19.292
4.140  19.627
4.150  19.528
4.160  19.418
4.170  19.775
4.180  19.589
4.190  19.368
4.200  19.501
4.210  19.410
4.220  19.574
4.230  19.406
4.240  19.674
4.250  19.476
4.260  19.448
4.270  19.551
4.280  19.268
4.290  19.198
4.300  19.655
4.310  19.838
4.320  19.559
4.330  19.137
4.340  19.556
4.350  20.006
4.360  19.474
4.370  19.440
4.380  19.607
4.390  19.662
4.400  19.915
4.410  19.806
4.420  19.463
4.430  19.528
4.440  19.581
4.450  19.655
4.460  19.485
4.470  19.879
4.480  19.519
4.490  19.438
4.500  19.610
4.510  19.568
4.520  19.585
4.530  19.555
4.540  19.744
4.550  19.775
4.560  19.777
4.570  19.699
4.580  19.509
4.590  19.393
4.600  19.526
4.610  19.521
4.620  19.855
4.630  19.483
4.640  19.428
4.650  19.581
4.660  19.900
4.670  19.555
4.680  19.541
4.690  19.912
4.700  19.820
4.710  19.389
4.720  19.477
4.730  19.617
4.740  19.356
4.750  19.393
4.760  19.434
4.770  19.299
4.780  19.888
4.790  19.804
4.800  19.849
4.810  19.504
4.820  19.624
4.830  19.375
4.840  19.457
4.850  19.610
4.860  19.506
4.870  19.567
4.880  19.151
4.890  19.757
4.900  19.811
4.910  19.628
4.920  19.335
4.930  19.638
4.940  19.436
4.950  19.549
4.960  19.904
4.970  19.748
4.980  19.621
4.990  19.128
5.000  19.519
5.010  19.847
5.020  19.495
5.030  19.435
5.040  19.366
5.050  19.345
5.060  19.665
5.070  19.650
5.080  19.547
5.090  19.634
5.100  19.864
5.110  19.380
5.120  19.008
5.130  19.303
5.140  20.005
5.150  20.038
5.160  19.539
5.170  19.312
5.180  19.394
5.190  19.501
5.200  19.376
5.210  19.778
5.220  19.709
5.230  19.673
5.240  19.286
5.250  19.100
5.260  19.772
5.270  20.055
5.280  19.749
5.290  19.671
5.300  19.170
5.310  19.374
5.320  19.523
5.330  19.511
5.340  19.676
5.350  19.312
5.360  19.494
5.370  19.680
5.380  19.528
5.390  19.440
5.400  19.801
5.410  19.836
5.420  20.047
5.430  19.541
5.440  19.149
5.450  19.497
5.460  19.610
5.470  19.638
5.480  19.526
5.490  19.724
5.500  19.634
5.510  19.661
5.520  19.799
5.530  19.540
5.540  19.606
5.550  19.774
5.560  19.428
5.570  19.129
5.580  19.553
5.590  19.619
5.600  19.434
5.610  19.751
5.620  19.485
5.630  19.457
5.640  19.549
5.650  18.972
5.660  19.719
5.670  19.331
5.680  19.767
5.690  19.714
5.700  19.824
5.710  19.357
5.720  19.317
5.730  19.856
5.740  19.664
5.750  19.659
5.760  19.496
5.770  19.672
5.780  19.879
5.790  19.423
5.800  19.412
5.810  19.677
5.820  19.381
5.830  19.367
5.840  19.567
5.850  19.426
5.860  19.566
5.870  19.591
5.880  19.264
5.890  19.217
5.900  19.133
5.910  19.464
5.920  19.579
5.930  19.779
5.940  19.592
5.950  19.296
5.960  19.350
5.970  19.692
5.980  19.750
5.990  19.648
6.000  19.295
6.010  19.190
6.020  19.667
6.030  19.769
6.040  19.621
6.050  19.320
6.060  19.311
6.070  19.935
6.080  19.865
6.090  19.484
6.100  19.324
6.110  19.614
6.120  19.281
6.130  19.606
6.140  19.475
6.150  19.600
6.160  19.156
6.170  19.385
6.180  19.728
6.190  19.607
6.200  19.317
6.210  19.356
6.220  19.610
6.230  19.692
6.240  19.771
6.250  19.328
6.260  19.727
6.270  19.743
6.280  19.412
6.290  19.853
6.300  19.682
6.310  19.690
6.320  19.302
6.330  19.607
6.340  19.616
6.350  19.352
6.360  19.306
6.370  19.707
6.380  19.448
6.390  19.787
6.400  19.915
6.410  19.426
6.420  19.642
6.430  19.409
6.440  19.545
