time(sec)  pressure
0.000  33.461
0.010  33.607
0.020  33.422
0.030  34.017
0.040  34.057
0.050  33.422
0.060  33.191
0.070  34.183
0.080  34.504
0.090  33.338
0.100  33.486
0.110  33.702
0.120  33.903
0.130  33.792
0.140  33.204
0.150  33.681
0.160  33.679
0.170  33.320
0.180  33.712
0.190  33.745
0.200  32.948
0.210  33.413
0.220  33.856
0.230  34.032
0.240  33.194
0.250  33.521
0.260  33.804
0.270  33.431
0.280  33.619
0.290  33.950
0.300  33.676
0.310  33.937
0.320  33.719
0.330  33.033
0.340  33.410
0.350  33.328
0.360  33.972
0.370  33.999
0.380  33.247
0.390  33.699
0.400  33.603
0.410  33.697
0.420  33.365
0.430  34.042
0.440  33.254
0.450  33.410
0.460  33.886
0.470  32.918
0.480  33.115
0.490  33.437
0.500  33.808
0.510  33.325
0.520  32.865
0.530  33.637
0.540  33.209
0.550  33.374
0.560  33.736
0.570  34.155
0.580  33.623
0.590  33.599
0.600  33.352
0.610  33.858
0.620  34.294
0.630  33.695
0.640  33.007
0.650  33.418
0.660  33.457
0.670  34.157
0.680  34.598
0.690  33.308
0.700  32.728
0.710  33.659
0.720  33.636
0.730  34.007
0.740  33.707
0.750  33.064
0.760  33.011
0.770  33.625
0.780  34.350
0.790  33.524
0.800  33.198
0.810  32.961
0.820  33.740
0.830  34.068
0.840  33.770
0.850  33.246
0.860  33.294
0.870  33.347
0.880  33.368
0.890  33.511
0.900  33.261
0.910  33.552
0.920  34.018
0.930  33.798
0.940  33.349
0.950  33.663
0.960  33.352
0.970  33.497
0.980  33.672
0.990  33.702
1.000  33.345
1.010  33.252
1.020  34.580
1.030  34.100
1.040  33.299
1.050  33.649
1.060  33.216
1.070  33.284
1.080  33.397
1.090  33.516
1.100  33.380
1.110  33.775
1.120  33.873
1.130  33.877
1.140  33.296
1.150  33.957
1.160  33.978
1.170  33.875
1.180  33.386
1.190  32.646
1.200  33.151
1.210  34.175
1.220  34.543
1.230  33.224
1.240  33.126
1.250  33.346
1.260  33.103
1.270  33.500
1.280  33.698
1.290  33.591
1.300  33.864
1.310  33.514
1.320  33.409
1.330  33.377
1.340  33.737
1.350  33.413
1.360  33.400
1.370  33.242
1.380  33.672
1.390  33.697
1.400  32.982
1.410  33.773
1.420  33.793
1.430  33.456
1.440  33.384
1.450  33.317
1.460  33.636
1.470  33.470
1.480  33.043
1.490  33.831
1.500  33.433
1.510  33.496
1.520  33.984
1.530  33.574
1.540  33.349
1.550  33.486
1.560  33.784
1.570  33.214
1.580  32.988
1.590  33.649
1.600  33.755
1.610  33.054
1.620  33.250
1.630  34.006
1.640  33.382
1.650  33.801
1.660  33.746
1.670  33.616
1.680  33.336
1.690  33.383
1.700  33.478
1.710  33.424
1.720  33.440
1.730  33.922
1.740  33.508
1.750  33.407
1.760  33.798
1.770  33.077
1.780  33.463
1.790  33.446
1.800  33.474
1.810  33.362
1.820  33.645
1.830  34.062
1.840  33.308
1.850  33.538
1.860  34.546
1.870  33.985
1.880  33.096
1.890  33.497
1.900  33.759
1.910  33.986
1.920  34.084
1.930  33.475
1.940  33.700
1.950  33.793
1.960  33.748
1.970  33.885
1.980  34.434
1.990  33.444
2.000  33.489
2.010  33.580
2.020  33.457
2.030  32.781
2.040  33.180
2.050  33.781
2.060  33.164
2.070  33.219
2.080  34.095
2.090  33.716
2.100  33.291
2.110  32.984
2.120  32.984
2.130  34.307
2.140  34.215
2.150  34.097
2.160  33.522
2.170  33.018
2.180  33.713
2.190  33.669
2.200  33.237
2.210  32.987
2.220  33.096
2.230  33.367
2.240  33.558
2.250  33.898
2.260  33.644
2.270  33.421
2.280  33.327
2.290  33.649
2.300  33.476
2.310  33.478
2.320  33.409
2.330  33.496
2.340  32.782
2.350  33.275
2.360  33.996
2.370  33.437
2.380  33.162
2.390  33.271
2.400  32.711
2.410  33.711
2.420  34.025
2.430  33.845
2.440  33.649
2.450  33.108
2.460  33.327
2.470  33.069
2.480  33.176
2.490  33.712
2.500  34.203
2.510  33.725
2.520  33.295
2.530  33.260
2.540  34.360
2.550  34.439
2.560  34.475
2.570  32.905
2.580  33.123
2.590  33.605
2.600  33.846
2.610  33.548
2.620  33.175
2.630  33.036
2.640  33.949
2.650  33.595
2.660  33.539
2.670  33.942
2.680  33.756
2.690  33.062
2.700  33.609
2.710  34.187
2.720  33.887
2.730  33.195
2.740  33.215
2.750  33.565
2.760  33.959
2.770  34.314
2.780  33.995
2.790  33.591
2.800  33.010
2.810  33.172
2.820  34.420
2.830  33.607
2.840  33.624
2.850  32.877
2.860  33.259
2.870  33.760
2.880  34.465
2.890  34.019
2.900  33.514
2.910  33.277
2.920  33.288
2.930  34.132
2.940  34.392
2.950  34.253
2.960  33.450
2.970  33.452
2.980  33.529
2.990  33.774
3.000  34.517
3.010  33.967
3.020  33.368
3.030  33.277
3.040  33.896
3.050  34.294
3.060  34.262
3.070  33.744
3.080  33.109
3.090  33.178
3.100  33.656
3.110  33.650
3.120  33.375
3.130  33.631
3.140  33.700
3.150  33.812
3.160  33.032
3.170  33.688
3.180  34.052
3.190  33.352
3.200  33.022
3.210  33.567
3.220  33.304
3.230  33.478
3.240  33.774
3.250  33.492
3.260  33.547
3.270  33.545
3.280  33.751
3.290  33.804
3.300  33.586
3.310  33.188
3.320  33.441
3.330  34.120
3.340  34.027
3.350  33.641
3.360  33.626
3.370  33.091
3.380  33.227
3.390  33.693
3.400  33.809
3.410  33.518
3.420  33.329
3.430  32.939
3.440  33.832
3.450  33.693
3.460  33.656
3.470  33.454
3.480  33.879
3.490  33.592
3.500  33.188
3.510  33.241
3.520  33.384
3.530  33.347
3.540  33.915
3.550  33.240
3.560  33.456
3.570  33.400
3.580  33.109
3.590  33.276
3.600  34.008
3.610  34.161
3.620  33.528
3.630  33.523
3.640  33.491
3.650  33.307
3.660  33.979
3.670  33.568
3.680  33.501
3.690  33.946
3.700  33.924
3.710  33.641
3.720  33.876
3.730  33.793
3.740  32.847
3.750  33.080
3.760  33.518
3.770  33.639
3.780  33.647
3.790  33.220
3.800  33.152
3.810  33.552
3.820  33.813
3.830  33.588
3.840  33.441
3.850  33.482
3.860  32.934
3.870  33.513
3.880  33.647
3.890  33.322
3.900  33.508
3.910  33.764
3.920  33.581
3.930  33.643
3.940  33.234
3.950  33.547
3.960  33.175
3.970  33.802
3.980  34.232
3.990  33.097
4.000  33.041
4.010  33.381
4.020  33.616
4.030  33.757
4.040  33.610
4.050  32.784
4.060  32.842
4.070  32.803
4.080  33.621
4.090  34.190
4.100  33.631
4.110  34.068
4.120  33.318
4.130  33.212
4.140  34.452
4.150  33.926
4.160  34.280
4.170  33.289
4.180  32.763
4.190  33.989
4.200  33.683
4.210  34.045
4.220  33.155
4.230  33.153
4.240  33.714
4.250  33.488
4.260  33.314
4.270  33.251
4.280  33.385
4.290  33.826
4.300  33.659
4.310  33.959
4.320  33.720
4.330  33.702
4.340  32.763
4.350  33.385
4.360  33.924
4.370  33.432
4.380  33.394
4.390  33.798
4.400  33.146
4.410  33.650
4.420  33.391
4.430  33.101
4.440  33.893
4.450  34.102
4.460  33.816
4.470  33.610
4.480  33.783
4.490  33.392
4.500  32.838
4.510  33.339
4.520  33.758
4.530  33.719
4.540  33.091
4.550  32.868
4.560  33.332
4.570  34.173
4.580  33.433
4.590  33.248
4.600  33.463
4.610  32.992
4.620  34.004
4.630  33.689
4.640  33.583
4.650  33.282
4.660  33.487
4.670  33.026
4.680  33.279
4.690  33.227
4.700  33.803
4.710  33.558
4.720  32.899
4.730  33.666
4.740  33.758
4.750  33.701
4.760  33.749
4.770  33.937
4.780  33.774
4.790  33.755
4.800  33.664
4.810  33.530
4.820  33.763
4.830  32.891
4.840  33.483
4.850  33.773
4.860  33.988
4.870  33.775
4.880  33.212
4.890  33.225
4.900  33.433
4.910  33.172
4.920  33.073
4.930  33.966
4.940  33.299
4.950  33.546
4.960  33.130
4.970  33.783
4.980  34.096
4.990  33.140
5.000  33.432
5.010  32.902
5.020  34.086
5.030  33.256
5.040  33.543
5.050  33.261
5.060  33.072
5.070  33.590
5.080  33.668
5.090  33.778
5.100  33.106
5.110  33.173
5.120  33.418
5.130  34.006
5.140  34.158
5.150  33.632
5.160  33.093
5.170  33.175
5.180  33.903
5.190  32.956
5.200  33.644
5.210  33.210
5.220  33.802
5.230  33.958
5.240  33.542
5.250  33.471
5.260  33.592
5.270  33.461
5.280  34.108
5.290  33.717
5.300  33.625
5.310  33.790
5.320  33.734
5.330  33.297
5.340  33.933
5.350  33.165
5.360  33.567
5.370  33.400
5.380  33.504
5.390  33.856
5.400  33.431
5.410  33.040
5.420  33.785
5.430  33.996
5.440  34.477
5.450  33.502
5.460  32.594
5.470  33.379
5.480  34.028
5.490  33.621
5.500  33.561
5.510  33.685
5.520  33.557
5.530  34.497
5.540  34.353
5.550  33.098
5.560  33.019
5.570  33.336
5.580  33.755
5.590  34.093
5.600  33.831
5.610  33.146
5.620  33.311
5.630  33.631
5.640  33.482
5.650  33.455
5.660  33.707
5.670  33.706
5.680  33.625
5.690  33.490
5.700  33.247
5.710  33.554
5.720  33.881
5.730  33.446
5.740  33.315
5.750  33.003
5.760  33.270
5.770  33.375
5.780  33.803
5.790  33.588
5.800  33.886
5.810  33.913
5.820  33.584
5.830  33.656
5.840  32.958
5.850  32.946
5.860  33.528
5.870  33.841
5.880  34.032
5.890  33.258
5.900  33.329
5.910  33.512
5.920  33.891
5.930  33.438
5.940  33.473
5.950  33.545
5.960  34.188
5.970  34.052
5.980  33.423
5.990  32.744
6.000  33.685
6.010  33.972
6.020  33.324
6.030  33.741
6.040  33.914
6.050  33.669
6.060  33.280
6.070  34.073
6.080  33.753
6.090  33.545
6.100  33.390
6.110  33.252
6.120  32.759
6.130  33.008
6.140  33.497
6.150  33.675
6.160  33.632
6.170  33.532
6.180  33.287
6.190  33.303
6.200  33.338
6.210  32.923
6.220  33.132
6.230  33.828
6.240  34.004
6.250  32.916
6.260  31.996
6.270  33.422
6.280  33.838
6.290  33.189
6.300  33.838
6.310  33.240
6.320  32.505
6.330  33.665
6.340  33.958
6.350  33.653
6.360  33.024
6.370  32.865
6.380  33.555
6.390  33.288
6.400  33.412
6.410  33.609
6.420  33.429
6.430  33.487
6.440  33.187
6.450  33.264
6.460  33.317
6.470  33.353
6.480  33.208
