# covent_pc_6
# Captured 2020-06-21 01:13:58.753388 by unknown user
# Built at revision 3df8cc3 (dirty)
time(sec)  pc_setpoint  pressure  volume
0.000  10.000  10.181  -40.863
0.010  10.000  10.343  -40.667
0.020  10.000  10.084  -40.398
0.030  10.000  9.735  -40.104
0.040  10.000  9.732  -39.886
0.050  10.000  10.077  -39.556
0.060  10.000  10.367  -39.192
0.070  10.000  10.009  -39.048
0.080  10.000  9.715  -38.942
0.090  10.000  9.820  -38.667
0.100  10.000  10.023  -38.296
0.110  10.000  10.206  -37.969
0.120  10.000  10.314  -37.816
0.130  10.000  9.861  -37.636
0.140  10.000  9.562  -37.383
0.150  10.000  9.959  -37.159
0.160  10.000  10.221  -36.834
0.170  10.000  10.301  -36.500
0.180  10.000  9.974  -36.400
0.190  10.000  9.642  -36.292
0.200  10.000  9.846  -36.079
0.210  10.000  10.219  -35.947
0.220  10.000  10.229  -35.707
0.230  10.000  9.788  -35.355
0.240  10.000  9.845  -34.920
0.250  10.000  9.992  -34.458
0.260  10.000  10.179  -34.120
0.270  10.000  9.909  -33.724
0.280  10.000  10.139  -33.329
0.290  10.000  10.126  -33.151
0.300  10.000  9.876  -32.971
0.310  10.000  9.884  -32.717
0.320  10.000  9.932  -32.303
0.330  10.000  10.080  -31.804
0.340  10.000  10.037  -31.466
0.350  10.000  9.982  -31.076
0.360  10.000  9.852  -30.616
0.370  10.000  9.841  -29.992
0.380  10.000  10.138  -29.286
0.390  10.000  10.268  -28.832
0.400  10.000  10.101  -28.422
0.410  10.000  9.762  -27.975
0.420  10.000  9.737  -27.589
0.430  10.000  10.131  -27.248
0.440  10.000  10.162  -26.774
0.450  10.000  9.936  -26.144
0.460  10.000  9.772  -25.601
0.470  10.000  9.849  -25.179
0.480  10.000  10.278  -24.784
0.490  10.000  10.500  -24.452
0.500  10.000  10.062  -24.357
0.510  10.000  9.584  -24.371
0.520  10.000  9.720  -24.125
0.530  10.000  9.958  -23.542
0.540  10.000  10.471  -22.992
0.550  10.000  10.255  -22.657
0.560  10.000  9.739  -22.217
0.570  10.000  9.617  -21.728
0.580  10.000  9.946  -21.345
0.590  10.000  10.553  -20.943
0.600  10.000  10.296  -20.610
0.610  10.000  9.580  -20.295
0.620  10.000  9.712  -20.013
0.630  10.000  9.996  -19.674
0.640  10.000  10.304  -19.384
0.650  10.000  10.301  -19.162
0.660  10.000  9.878  -18.795
0.670  10.000  9.730  -18.575
0.680  10.000  9.776  -18.333
0.690  10.000  10.210  -18.123
0.700  10.000  10.326  -18.140
0.710  10.000  10.021  -18.090
0.720  10.000  9.573  -17.736
0.730  10.000  9.807  -17.154
0.740  10.000  10.337  -16.722
0.750  10.000  10.220  -16.453
0.760  10.000  9.822  -16.219
0.770  10.000  9.786  -15.913
0.780  10.000  10.045  -15.483
0.790  10.000  10.145  -15.072
0.800  10.000  9.866  -14.696
0.810  10.000  10.004  -14.279
0.820  10.000  9.926  -13.918
0.830  10.000  10.126  -13.666
0.840  10.000  9.914  -13.351
0.850  10.000  9.655  -12.767
0.860  10.000  10.122  -12.121
0.870  10.000  10.231  -11.591
0.880  10.000  10.136  -11.207
0.890  10.000  9.663  -10.807
0.900  10.000  9.684  -10.270
0.910  10.000  10.287  -9.655
0.920  10.000  10.240  -9.051
0.930  10.000  10.158  -8.694
0.940  10.000  9.679  -8.387
0.950  10.000  9.846  -7.903
0.960  10.000  9.971  -7.344
0.970  10.000  10.403  -6.910
0.980  10.000  10.296  -6.647
0.990  10.000  9.846  -6.602
1.000  10.000  9.750  -6.618
1.010  10.000  9.977  -6.494
1.020  10.000  10.329  -6.249
1.030  10.000  10.118  -5.948
1.040  10.000  9.825  -5.770
1.050  10.000  9.755  -5.672
1.060  10.000  10.058  -5.462
1.070  10.000  10.172  -5.278
1.080  10.000  10.034  -4.966
1.090  10.000  9.790  -4.444
1.100  10.000  9.912  -3.877
1.110  10.000  10.071  -3.344
1.120  10.000  10.186  -2.939
1.130  10.000  9.761  -2.478
1.140  10.000  9.830  -1.997
1.150  10.000  9.879  -1.511
1.160  10.000  10.324  -1.089
1.170  10.000  10.047  -0.626
1.180  10.000  10.022  -0.187
1.190  10.000  9.870  0.080
1.200  10.000  10.171  0.408
1.210  10.000  10.093  0.751
1.220  10.000  9.984  1.142
1.230  10.000  9.779  1.640
1.240  10.000  9.914  2.100
1.250  10.000  10.225  2.264
1.260  10.000  10.106  2.445
1.270  10.000  9.993  2.807
1.280  10.000  9.910  3.088
1.290  10.000  10.005  3.307
1.300  10.000  10.003  3.477
1.310  10.000  10.153  3.618
1.320  10.000  9.943  3.716
1.330  10.000  10.046  3.841
1.340  12.500  9.955  3.978
1.350  15.000  10.332  4.228
1.360  17.500  11.523  5.315
1.370  20.000  14.680  7.459
1.380  22.500  17.134  10.794
1.390  25.000  19.859  15.830
1.400  27.500  23.821  22.762
1.410  30.000  26.944  30.514
1.420  32.500  31.140  37.512
1.430  35.000  32.382  44.006
1.440  35.000  33.516  50.735
1.450  35.000  34.294  57.249
1.460  35.000  34.712  63.101
1.470  35.000  34.956  68.671
1.480  35.000  35.469  73.858
1.490  35.000  35.325  78.889
1.500  35.000  35.829  83.963
1.510  35.000  34.483  89.187
1.520  35.000  35.908  94.149
1.530  35.000  33.770  99.410
1.540  35.000  36.238  104.993
1.550  35.000  34.471  110.102
1.560  35.000  35.114  115.451
1.570  35.000  34.291  120.876
1.580  35.000  35.939  126.027
1.590  35.000  34.391  131.291
1.600  35.000  35.835  136.558
1.610  35.000  34.772  141.466
1.620  35.000  35.580  146.124
1.630  35.000  35.274  150.870
1.640  35.000  35.189  155.681
1.650  35.000  36.223  160.109
1.660  35.000  34.545  164.329
1.670  35.000  35.017  168.555
1.680  35.000  34.671  172.994
1.690  35.000  34.676  177.567
1.700  35.000  34.729  182.138
1.710  35.000  34.962  186.835
1.720  35.000  35.144  191.649
1.730  35.000  35.306  196.132
1.740  35.000  35.512  200.291
1.750  35.000  35.267  204.309
1.760  35.000  35.205  208.264
1.770  35.000  34.281  212.714
1.780  35.000  35.290  217.001
1.790  35.000  35.295  220.806
1.800  35.000  35.545  224.565
1.810  35.000  34.466  228.435
1.820  35.000  34.670  232.791
1.830  35.000  34.807  237.054
1.840  35.000  35.450  240.972
1.850  35.000  35.443  245.039
1.860  35.000  35.313  249.423
1.870  35.000  35.093  253.474
1.880  35.000  35.550  257.068
1.890  35.000  34.370  261.014
1.900  35.000  35.544  264.914
1.910  35.000  35.149  268.392
1.920  35.000  35.230  271.790
1.930  35.000  35.720  275.053
1.940  35.000  35.327  278.338
1.950  35.000  35.109  281.791
1.960  35.000  35.241  285.083
1.970  35.000  34.491  288.378
1.980  35.000  34.766  291.552
1.990  35.000  35.312  294.611
2.000  35.000  35.283  297.916
2.010  35.000  34.544  301.382
2.020  35.000  35.420  304.719
2.030  35.000  35.295  307.974
2.040  35.000  34.424  311.307
2.050  35.000  35.456  314.332
2.060  35.000  34.655  317.327
2.070  35.000  35.366  320.364
2.080  35.000  34.785  323.440
2.090  35.000  34.916  326.695
2.100  35.000  34.920  330.022
2.110  35.000  35.519  333.241
2.120  35.000  35.784  336.233
2.130  35.000  34.693  339.446
2.140  35.000  35.507  342.449
2.150  35.000  34.417  345.146
2.160  35.000  34.376  348.000
2.170  35.000  35.236  350.684
2.180  35.000  34.796  353.482
2.190  35.000  35.375  356.499
2.200  35.000  35.628  359.456
2.210  35.000  35.214  362.247
2.220  35.000  35.813  364.486
2.230  35.000  34.830  366.745
2.240  35.000  34.535  369.333
2.250  35.000  34.520  371.769
2.260  35.000  35.046  373.991
2.270  35.000  35.376  376.362
2.280  35.000  35.009  378.990
2.290  35.000  35.035  381.460
2.300  35.000  35.519  383.868
2.310  35.000  34.847  386.423
2.320  35.000  35.088  388.833
2.330  35.000  35.060  391.072
2.340  10.000  35.248  393.350
2.350  10.000  34.564  395.515
2.360  10.000  31.833  396.679
2.370  10.000  27.267  395.509
2.380  10.000  20.852  388.993
2.390  10.000  19.059  380.302
2.400  10.000  13.853  373.566
2.410  10.000  12.695  367.186
2.420  10.000  10.987  361.292
2.430  10.000  10.508  355.863
2.440  10.000  9.843  350.239
2.450  10.000  9.600  344.225
2.460  10.000  9.300  338.711
2.470  10.000  9.089  333.447
2.480  10.000  9.107  328.055
2.490  10.000  9.078  323.122
2.500  10.000  9.175  317.943
2.510  10.000  9.231  312.815
2.520  10.000  9.374  307.677
2.530  10.000  9.400  302.578
2.540  10.000  9.464  297.687
2.550  10.000  9.531  292.941
2.560  10.000  9.621  288.687
2.570  10.000  9.705  284.332
2.580  10.000  9.713  279.935
2.590  10.000  9.761  275.559
2.600  10.000  9.734  271.114
2.610  10.000  9.777  266.743
2.620  10.000  9.743  262.410
2.630  10.000  9.693  257.967
2.640  10.000  9.616  253.400
2.650  10.000  9.569  248.947
2.660  10.000  9.493  244.797
2.670  10.000  9.516  240.632
2.680  10.000  9.473  236.432
2.690  10.000  9.439  232.245
2.700  10.000  9.549  228.171
2.710  10.000  9.628  224.291
2.720  10.000  9.772  220.452
2.730  10.000  9.888  216.754
2.740  10.000  10.134  213.203
2.750  10.000  10.080  209.562
2.760  10.000  10.046  205.828
2.770  10.000  9.953  202.178
2.780  10.000  9.884  198.352
2.790  10.000  9.859  194.473
2.800  10.000  9.814  190.784
2.810  10.000  9.782  187.050
2.820  10.000  9.768  183.440
2.830  10.000  9.889  180.021
2.840  10.000  10.008  176.418
2.850  10.000  9.919  172.790
2.860  10.000  9.927  169.438
2.870  10.000  9.948  166.030
2.880  10.000  9.926  162.548
2.890  10.000  9.864  159.357
2.900  10.000  9.858  156.204
2.910  10.000  9.941  152.893
2.920  10.000  9.903  149.563
2.930  10.000  9.930  146.468
2.940  10.000  9.957  143.563
2.950  10.000  9.922  140.265
2.960  10.000  9.968  137.031
2.970  10.000  9.892  134.134
2.980  10.000  10.001  131.227
2.990  10.000  9.902  128.479
3.000  10.000  9.735  125.653
3.010  10.000  9.793  122.736
3.020  10.000  9.725  120.059
3.030  10.000  9.760  117.411
3.040  10.000  9.727  114.734
3.050  10.000  9.687  112.181
3.060  10.000  9.723  109.471
3.070  10.000  9.703  106.823
3.080  10.000  9.473  104.336
3.090  10.000  9.540  101.820
3.100  10.000  9.730  99.466
3.110  10.000  9.784  97.308
3.120  10.000  10.071  95.155
3.130  10.000  10.084  92.972
3.140  10.000  10.080  90.847
3.150  10.000  10.090  88.624
3.160  10.000  9.986  86.371
3.170  10.000  10.031  84.056
3.180  10.000  9.759  81.761
3.190  10.000  9.802  79.668
3.200  10.000  9.619  77.715
3.210  10.000  9.926  75.661
3.220  10.000  10.098  73.639
3.230  10.000  10.100  71.757
3.240  10.000  10.090  69.826
3.250  10.000  9.957  67.857
3.260  10.000  10.006  65.944
3.270  10.000  9.817  64.073
3.280  10.000  9.772  62.130
3.290  10.000  9.744  60.233
3.300  10.000  10.069  58.446
3.310  10.000  10.036  56.778
3.320  10.000  10.051  55.239
3.330  10.000  9.999  53.762
3.340  10.000  9.888  52.202
3.350  10.000  10.090  50.588
3.360  10.000  9.920  48.899
3.370  10.000  9.798  47.174
3.380  10.000  9.806  45.684
3.390  10.000  9.789  44.311
3.400  10.000  9.934  42.856
3.410  10.000  9.977  41.482
3.420  10.000  10.070  40.076
3.430  10.000  9.970  38.525
3.440  10.000  10.037  37.038
3.450  10.000  9.990  35.623
3.460  10.000  9.829  34.271
3.470  10.000  9.754  32.940
3.480  10.000  9.919  31.551
3.490  10.000  10.114  30.220
3.500  10.000  9.973  28.945
3.510  10.000  9.984  27.787
3.520  10.000  9.832  26.764
3.530  10.000  9.950  25.646
3.540  10.000  9.798  24.566
3.550  10.000  9.943  23.656
3.560  10.000  9.935  22.689
3.570  10.000  9.939  21.761
3.580  10.000  9.830  20.738
3.590  10.000  9.837  19.694
3.600  10.000  9.777  18.894
3.610  10.000  9.856  17.970
3.620  10.000  9.833  16.966
3.630  10.000  9.883  16.044
3.640  10.000  9.707  15.183
3.650  10.000  9.955  14.236
3.660  10.000  9.719  13.285
3.670  10.000  9.759  12.500
3.680  10.000  9.791  11.596
3.690  10.000  9.855  10.730
3.700  10.000  9.803  10.037
3.710  10.000  9.910  9.351
3.720  10.000  10.036  8.673
3.730  10.000  10.111  8.129
3.740  10.000  9.894  7.725
3.750  10.000  9.774  7.288
3.760  10.000  10.080  6.810
3.770  10.000  10.056  6.396
3.780  10.000  9.947  6.021
3.790  10.000  10.055  5.540
3.800  10.000  9.827  5.124
3.810  10.000  9.795  4.768
3.820  10.000  10.103  4.333
3.830  10.000  10.061  4.016
3.840  10.000  10.085  3.847
3.850  10.000  9.940  3.702
3.860  10.000  10.015  3.409
3.870  10.000  9.769  3.102
3.880  10.000  10.055  2.790
3.890  10.000  10.110  2.452
3.900  10.000  9.911  2.304
3.910  10.000  9.671  2.238
3.920  10.000  10.232  2.104
3.930  10.000  10.199  1.916
3.940  10.000  10.200  1.663
3.950  10.000  9.892  1.614
3.960  10.000  9.755  1.516
3.970  10.000  9.797  1.207
3.980  10.000  10.079  1.067
3.990  10.000  10.179  0.972
4.000  10.000  10.115  0.934
4.010  10.000  9.916  0.983
4.020  10.000  9.870  0.853
4.030  10.000  9.995  0.597
4.040  10.000  10.192  0.382
4.050  10.000  9.934  0.090
4.060  10.000  9.826  -0.042
4.070  10.000  9.845  -0.012
4.080  10.000  10.051  -0.081
4.090  10.000  10.065  -0.103
4.100  10.000  9.862  -0.014
4.110  10.000  10.040  -0.052
4.120  10.000  9.942  -0.234
4.130  10.000  9.977  -0.329
4.140  10.000  9.904  -0.317
4.150  10.000  10.000  -0.336
4.160  10.000  10.120  -0.506
4.170  10.000  9.965  -0.616
4.180  10.000  9.748  -0.459
4.190  10.000  9.887  -0.205
4.200  10.000  10.049  -0.008
4.210  10.000  10.189  0.116
4.220  10.000  10.280  0.240
4.230  10.000  9.910  0.299
4.240  10.000  9.879  0.421
4.250  10.000  10.020  0.563
4.260  10.000  10.223  0.631
4.270  10.000  10.111  0.806
4.280  10.000  9.963  0.902
4.290  10.000  10.027  0.761
4.300  10.000  10.125  0.613
4.310  10.000  9.972  0.516
4.320  10.000  10.114  0.398
4.330  10.000  9.846  0.265
4.340  10.000  9.943  0.151
4.350  10.000  10.056  0.104
4.360  10.000  10.168  0.010
4.370  10.000  9.924  -0.123
4.380  10.000  9.951  -0.075
4.390  10.000  10.004  -0.135
4.400  10.000  10.025  -0.456
4.410  10.000  10.023  -0.769
4.420  10.000  9.944  -1.067
4.430  10.000  9.936  -1.251
4.440  10.000  9.969  -1.421
4.450  10.000  10.240  -1.727
4.460  10.000  9.995  -2.052
4.470  10.000  9.871  -2.298
4.480  10.000  9.601  -2.394
4.490  10.000  9.925  -2.366
4.500  10.000  10.178  -2.392
4.510  10.000  10.093  -2.473
4.520  10.000  9.979  -2.532
4.530  10.000  9.969  -2.589
4.540  10.000  9.792  -2.583
4.550  10.000  9.967  -2.509
4.560  10.000  10.239  -2.503
4.570  10.000  10.093  -2.495
4.580  10.000  9.950  -2.425
4.590  10.000  9.792  -2.231
4.600  10.000  9.983  -2.080
4.610  10.000  10.329  -2.134
4.620  10.000  10.170  -2.287
4.630  10.000  9.749  -2.451
4.640  10.000  9.919  -2.614
4.650  10.000  10.169  -2.773
4.660  10.000  10.040  -2.918
4.670  10.000  10.263  -3.226
4.680  10.000  9.886  -3.568
4.690  10.000  9.946  -3.730
4.700  10.000  9.841  -4.008
4.710  10.000  10.075  -4.278
4.720  10.000  9.971  -4.393
4.730  10.000  9.895  -4.411
4.740  10.000  9.897  -4.271
4.750  10.000  9.969  -4.077
4.760  10.000  10.017  -3.866
4.770  10.000  10.225  -3.837
4.780  10.000  9.949  -3.832
4.790  10.000  9.950  -3.885
4.800  10.000  9.771  -4.117
4.810  10.000  10.333  -4.330
4.820  10.000  10.174  -4.484
4.830  10.000  9.982  -4.473
4.840  10.000  9.847  -4.477
4.850  10.000  9.920  -4.554
4.860  10.000  10.039  -4.637
4.870  10.000  10.108  -4.700
4.880  10.000  10.141  -4.826
4.890  10.000  9.926  -5.049
4.900  10.000  9.766  -5.132
4.910  10.000  9.880  -5.243
4.920  10.000  10.225  -5.402
4.930  10.000  10.310  -5.672
4.940  10.000  9.889  -6.030
4.950  10.000  9.691  -6.142
4.960  10.000  9.683  -6.163
4.970  10.000  10.207  -6.256
4.980  10.000  10.213  -6.410
4.990  10.000  9.908  -6.535
5.000  10.000  9.788  -6.559
5.010  10.000  9.743  -6.523
5.020  10.000  10.287  -6.436
5.030  10.000  10.082  -6.212
5.040  10.000  9.805  -5.926
5.050  10.000  9.949  -5.849
5.060  10.000  10.017  -5.852
5.070  10.000  10.206  -5.774
5.080  10.000  10.071  -5.632
5.090  10.000  9.795  -5.405
5.100  10.000  9.898  -5.119
5.110  10.000  10.288  -4.887
5.120  10.000  9.918  -4.948
5.130  10.000  9.912  -5.130
5.140  10.000  9.984  -5.123
5.150  10.000  10.262  -5.106
5.160  10.000  10.038  -5.061
5.170  10.000  9.818  -4.913
5.180  10.000  9.747  -4.642
5.190  10.000  10.190  -4.442
5.200  10.000  10.250  -4.460
5.210  10.000  9.971  -4.424
5.220  10.000  9.895  -4.387
5.230  10.000  9.819  -4.325
5.240  10.000  10.147  -4.273
5.250  10.000  9.982  -4.256
5.260  10.000  9.998  -4.221
5.270  10.000  10.138  -4.298
5.280  10.000  9.955  -4.279
5.290  10.000  9.845  -4.026
5.300  10.000  10.019  -3.821
5.310  10.000  10.169  -3.635
5.320  10.000  10.237  -3.488
5.330  10.000  10.088  -3.628
5.340  10.000  9.813  -3.946
5.350  10.000  9.850  -4.256
5.360  10.000  10.122  -4.535
5.370  10.000  10.279  -4.905
5.380  10.000  9.896  -5.223
5.390  10.000  9.695  -5.373
5.400  10.000  9.858  -5.458
5.410  10.000  10.240  -5.566
5.420  10.000  10.314  -5.704
5.430  10.000  9.999  -5.794
5.440  10.000  9.563  -5.919
5.450  10.000  9.916  -6.116
5.460  10.000  9.937  -6.062
5.470  10.000  10.229  -5.775
5.480  10.000  9.959  -5.727
5.490  10.000  9.936  -5.840
5.500  10.000  9.864  -5.921
5.510  10.000  10.083  -5.958
5.520  10.000  9.980  -5.913
5.530  10.000  9.845  -5.754
5.540  10.000  9.947  -5.601
5.550  10.000  10.172  -5.571
5.560  10.000  9.911  -5.460
5.570  10.000  9.793  -5.166
5.580  10.000  10.219  -4.972
5.590  10.000  10.318  -5.026
5.600  10.000  10.099  -5.191
5.610  10.000  9.880  -5.322
5.620  10.000  9.872  -5.380
5.630  10.000  10.034  -5.407
5.640  10.000  10.147  -5.331
5.650  10.000  9.999  -5.330
5.660  10.000  9.839  -5.412
5.670  10.000  9.994  -5.460
5.680  10.000  10.142  -5.549
5.690  10.000  10.089  -5.687
5.700  10.000  9.922  -5.932
5.710  10.000  9.706  -5.960
5.720  10.000  10.051  -5.850
5.730  10.000  10.145  -5.874
5.740  10.000  10.235  -6.053
5.750  10.000  9.661  -6.204
5.760  10.000  9.828  -6.130
5.770  10.000  10.221  -6.065
5.780  10.000  9.956  -5.838
5.790  10.000  10.101  -5.710
5.800  10.000  9.818  -5.775
5.810  10.000  10.203  -5.796
5.820  10.000  9.861  -5.790
5.830  10.000  10.116  -5.793
5.840  10.000  9.842  -5.883
5.850  10.000  10.013  -5.844
5.860  10.000  9.789  -5.681
5.870  10.000  10.397  -5.649
5.880  10.000  10.199  -5.665
5.890  10.000  9.927  -5.592
5.900  10.000  9.697  -5.612
5.910  10.000  10.053  -5.796
5.920  10.000  10.062  -5.818
5.930  10.000  10.212  -5.887
5.940  10.000  9.946  -6.153
5.950  10.000  9.721  -6.307
5.960  10.000  9.847  -6.333
5.970  10.000  10.066  -6.326
5.980  10.000  10.066  -6.271
5.990  10.000  10.039  -6.177
6.000  10.000  9.768  -5.911
6.010  10.000  9.859  -5.484
6.020  10.000  10.184  -5.345
6.030  10.000  10.342  -5.319
6.040  10.000  9.945  -5.160
6.050  10.000  9.708  -4.949
6.060  10.000  10.010  -4.824
6.070  10.000  10.454  -4.780
6.080  10.000  10.114  -4.742
6.090  10.000  9.922  -4.805
6.100  10.000  9.721  -4.933
6.110  10.000  10.259  -5.090
6.120  10.000  10.242  -5.259
6.130  10.000  10.144  -5.609
6.140  10.000  9.673  -6.018
6.150  10.000  9.836  -6.231
6.160  10.000  9.998  -6.302
6.170  10.000  9.965  -6.210
6.180  10.000  10.006  -6.317
6.190  10.000  10.128  -6.615
6.200  10.000  9.849  -6.909
6.210  10.000  9.925  -7.181
6.220  10.000  9.881  -7.228
6.230  10.000  10.043  -7.104
6.240  10.000  10.161  -7.070
6.250  10.000  9.950  -7.081
6.260  10.000  9.877  -7.020
6.270  10.000  9.914  -7.033
6.280  10.000  10.424  -7.246
6.290  10.000  9.946  -7.411
6.300  10.000  9.873  -7.445
6.310  10.000  9.796  -7.563
6.320  10.000  9.961  -7.597
6.330  10.000  10.314  -7.575
6.340  10.000  10.029  -7.484
6.350  12.500  9.943  -7.419
6.360  15.000  10.011  -7.024
6.370  17.500  11.585  -5.743
6.380  20.000  14.411  -3.578
6.390  22.500  17.101  -0.052
6.400  25.000  20.325  4.948
6.410  27.501  23.360  11.520
6.420  30.000  27.406  19.172
6.430  32.500  30.211  26.902
6.440  35.000  32.853  34.143
6.450  35.000  32.830  41.008
6.460  35.000  34.275  47.714
6.470  35.000  34.677  53.896
6.480  35.000  36.090  59.390
6.490  35.000  34.921  64.949
6.500  35.000  35.066  70.693
6.510  35.000  35.718  76.032
6.520  35.000  34.874  81.071
6.530  35.000  35.377  86.271
6.540  35.000  34.585  91.921
6.550  35.000  35.377  97.165
6.560  35.000  34.387  102.044
6.570  35.000  35.779  107.104
6.580  35.000  34.504  112.458
6.590  35.000  35.212  117.819
6.600  35.000  34.801  122.913
6.610  35.000  35.494  127.982
6.620  35.000  35.191  132.927
6.630  35.000  34.612  137.955
6.640  35.000  35.279  142.872
6.650  35.000  35.561  147.301
6.660  35.000  35.073  151.854
6.670  35.000  35.416  156.550
6.680  35.000  35.082  160.961
6.690  35.000  35.138  165.351
6.700  35.000  35.065  169.881
6.710  35.000  34.676  174.479
6.720  35.000  35.249  179.068
6.730  35.000  35.114  183.556
6.740  35.000  34.768  188.113
6.750  35.000  34.636  192.738
6.760  35.000  36.030  196.989
6.770  35.000  34.711  200.948
6.780  35.000  35.420  204.796
6.790  35.000  34.622  208.709
6.800  35.000  35.273  212.861
6.810  35.000  34.241  217.269
6.820  35.000  35.572  221.576
6.830  35.000  35.444  225.604
6.840  35.000  35.353  229.873
6.850  35.000  34.527  234.252
6.860  35.000  35.194  238.461
6.870  35.000  34.715  242.666
6.880  35.000  35.568  246.634
6.890  35.000  34.951  250.337
6.900  35.000  35.311  254.076
6.910  35.000  34.954  257.990
6.920  35.000  35.223  261.974
6.930  35.000  34.378  265.766
6.940  35.000  35.827  269.135
6.950  35.000  34.914  272.287
6.960  35.000  35.582  275.421
6.970  35.000  35.300  278.668
6.980  35.000  34.807  282.377
6.990  35.000  34.664  286.070
7.000  35.000  35.245  289.444
7.010  35.000  35.004  292.807
7.020  35.000  35.000  296.479
7.030  35.000  35.019  300.216
7.040  35.000  34.556  303.872
7.050  35.000  35.370  307.273
7.060  35.000  35.263  310.426
7.070  35.000  35.252  313.740
7.080  35.000  35.654  316.939
7.090  35.000  35.387  319.957
7.100  35.000  35.302  322.778
7.110  35.000  35.367  325.533
7.120  35.000  35.052  328.348
7.130  35.000  34.490  331.252
7.140  35.000  34.483  334.129
7.150  35.000  34.083  337.076
7.160  35.000  34.727  340.251
7.170  35.000  35.087  343.295
7.180  35.000  35.781  346.354
7.190  35.000  35.597  349.520
7.200  35.000  35.555  352.443
7.210  35.000  35.676  355.288
7.220  35.000  35.761  358.038
7.230  35.000  35.273  360.665
7.240  35.000  34.888  363.271
7.250  35.000  34.819  365.663
7.260  35.000  34.333  367.987
7.270  35.000  34.573  370.321
7.280  35.000  34.856  372.805
7.290  35.000  34.872  375.351
7.300  35.000  35.328  377.986
7.310  35.000  35.026  380.763
7.320  35.000  34.977  383.424
7.330  35.000  35.128  385.749
7.340  35.000  35.680  387.844
7.350  10.000  35.127  389.990
7.360  10.000  34.473  392.002
7.370  10.000  32.230  392.895
7.380  10.000  27.082  391.698
7.390  10.000  20.490  385.654
7.400  10.000  18.735  377.152
7.410  10.000  13.867  370.680
7.420  10.000  12.763  364.262
7.430  10.000  11.064  358.107
7.440  10.000  10.528  352.459
7.450  10.000  9.897  346.346
7.460  10.000  9.590  340.690
7.470  10.000  9.324  335.636
7.480  10.000  9.111  330.387
7.490  10.000  9.051  325.170
7.500  10.000  9.052  320.242
7.510  10.000  9.085  315.372
7.520  10.000  9.244  310.478
7.530  10.000  9.311  305.638
7.540  10.000  9.412  300.945
7.550  10.000  9.542  296.383
7.560  10.000  9.624  292.044
7.570  10.000  9.687  287.612
7.580  10.000  9.712  282.836
7.590  10.000  9.794  278.007
7.600  10.000  9.841  273.495
7.610  10.000  9.790  269.083
7.620  10.000  9.722  264.664
7.630  10.000  9.667  260.472
7.640  10.000  9.635  256.468
7.650  10.000  9.614  252.221
7.660  10.000  9.616  247.916
7.670  10.000  9.567  243.939
7.680  10.000  9.513  239.476
7.690  10.000  9.491  234.998
7.700  10.000  9.433  231.083
7.710  10.000  9.457  227.073
7.720  10.000  9.564  223.045
7.730  10.000  9.692  219.259
7.740  10.000  9.888  215.572
7.750  10.000  9.944  211.920
7.760  10.000  10.013  208.339
7.770  10.000  10.027  204.579
7.780  10.000  9.950  200.971
7.790  10.000  10.026  197.379
7.800  10.000  9.964  193.672
7.810  10.000  9.842  190.008
7.820  10.000  9.846  186.454
7.830  10.000  9.866  183.007
7.840  10.000  9.763  179.602
7.850  10.000  9.854  176.311
7.860  10.000  9.905  173.057
7.870  10.000  9.924  169.837
7.880  10.000  9.931  166.617
7.890  10.000  9.989  163.374
7.900  10.000  9.874  160.239
7.910  10.000  10.002  157.165
7.920  10.000  9.949  154.074
7.930  10.000  9.942  151.010
7.940  10.000  9.788  148.061
7.950  10.000  9.868  145.182
7.960  10.000  9.863  142.202
7.970  10.000  9.958  139.321
7.980  10.000  9.826  136.620
7.990  10.000  9.898  133.792
8.000  10.000  9.919  130.807
8.010  10.000  9.884  127.897
8.020  10.000  9.935  124.890
8.030  10.000  9.772  121.988
8.040  10.000  9.741  119.359
8.050  10.000  9.864  116.664
8.060  10.000  9.784  114.093
8.070  10.000  9.656  111.431
8.080  10.000  9.602  108.612
8.090  10.000  9.689  105.879
8.100  10.000  9.498  103.281
8.110  10.000  9.564  100.787
8.120  10.000  9.758  98.518
8.130  10.000  9.934  96.377
8.140  10.000  9.966  94.224
8.150  10.000  10.131  92.122
8.160  10.000  10.274  89.718
8.170  10.000  10.169  87.309
8.180  10.000  9.998  84.991
8.190  10.000  9.636  82.659
8.200  10.000  9.681  80.481
8.210  10.000  9.697  78.362
8.220  10.000  9.994  76.345
8.230  10.000  9.994  74.654
8.240  10.000  10.110  73.051
8.250  10.000  9.920  71.184
8.260  10.000  9.941  69.301
8.270  10.000  9.958  67.377
8.280  10.000  9.936  65.433
8.290  10.000  9.907  63.548
8.300  10.000  9.990  61.512
8.310  10.000  9.915  59.589
8.320  10.000  9.862  57.866
8.330  10.000  10.106  56.070
8.340  10.000  9.984  54.345
8.350  10.000  9.807  52.786
8.360  10.000  9.890  51.207
8.370  10.000  9.872  49.700
8.380  10.000  9.844  48.401
8.390  10.000  9.972  47.125
8.400  10.000  10.134  45.632
8.410  10.000  9.965  44.182
8.420  10.000  10.039  42.863
8.430  10.000  9.952  41.525
8.440  10.000  9.728  40.169
8.450  10.000  9.779  38.806
8.460  10.000  10.002  37.571
8.470  10.000  9.941  36.319
8.480  10.000  10.024  35.160
8.490  10.000  9.770  34.150
8.500  10.000  9.942  33.050
8.510  10.000  10.075  31.803
8.520  10.000  10.223  30.693
8.530  10.000  9.887  29.614
8.540  10.000  9.895  28.356
8.550  10.000  9.992  27.164
8.560  10.000  9.969  26.093
8.570  10.000  9.889  25.008
8.580  10.000  9.703  23.798
8.590  10.000  9.988  22.575
8.600  10.000  10.006  21.385
8.610  10.000  9.841  20.145
8.620  10.000  9.737  19.036
8.630  10.000  9.806  18.063
8.640  10.000  9.793  17.040
8.650  10.000  9.795  16.066
8.660  10.000  9.733  15.204
8.670  10.000  9.819  14.361
8.680  10.000  9.808  13.499
8.690  10.000  9.939  12.617
8.700  10.000  9.644  11.901
8.710  10.000  9.859  11.393
8.720  10.000  9.742  10.707
8.730  10.000  9.868  10.103
8.740  10.000  9.996  9.750
8.750  10.000  10.087  9.325
8.760  10.000  10.003  8.726
8.770  10.000  10.137  8.136
8.780  10.000  9.793  7.627
8.790  10.000  9.991  7.137
8.800  10.000  9.974  6.778
8.810  10.000  9.980  6.605
8.820  10.000  9.795  6.559
8.830  10.000  10.139  6.291
8.840  10.000  10.157  5.924
8.850  10.000  9.822  5.685
8.860  10.000  9.892  5.393
8.870  10.000  9.892  5.066
8.880  10.000  10.037  4.794
8.890  10.000  10.121  4.577
8.900  10.000  9.878  4.424
8.910  10.000  9.862  4.202
8.920  10.000  9.997  4.031
8.930  10.000  9.939  4.000
8.940  10.000  10.061  3.961
8.950  10.000  10.186  3.925
8.960  10.000  10.011  3.846
8.970  10.000  9.951  3.810
8.980  10.000  10.064  3.661
8.990  10.000  10.050  3.444
9.000  10.000  9.937  3.347
9.010  10.000  9.881  3.339
9.020  10.000  9.894  3.278
9.030  10.000  9.967  3.067
9.040  10.000  9.979  2.876
9.050  10.000  9.885  2.834
9.060  10.000  10.130  2.841
9.070  10.000  10.009  2.793
9.080  10.000  10.064  2.641
9.090  10.000  9.972  2.386
9.100  10.000  9.919  2.232
9.110  10.000  9.854  2.281
9.120  10.000  10.069  2.473
9.130  10.000  9.972  2.861
9.140  10.000  9.958  3.239
9.150  10.000  10.023  3.480
9.160  10.000  10.041  3.719
9.170  10.000  10.038  3.957
9.180  10.000  9.913  4.144
9.190  10.000  10.040  4.268
9.200  10.000  9.915  4.431
9.210  10.000  10.057  4.566
9.220  10.000  9.996  4.575
9.230  10.000  9.971  4.629
9.240  10.000  10.076  4.654
9.250  10.000  10.183  4.544
9.260  10.000  10.002  4.487
9.270  10.000  9.843  4.555
9.280  10.000  10.024  4.706
9.290  10.000  10.290  4.746
9.300  10.000  10.098  4.731
9.310  10.000  9.733  4.935
9.320  10.000  9.784  5.071
9.330  10.000  10.270  5.037
9.340  10.000  9.990  5.128
9.350  10.000  10.059  5.159
9.360  10.000  9.746  5.178
9.370  10.000  10.191  5.115
9.380  10.000  10.104  4.959
9.390  10.000  9.847  4.913
9.400  10.000  10.051  4.955
9.410  10.000  10.152  4.909
9.420  10.000  10.003  4.836
9.430  10.000  9.861  4.968
9.440  10.000  9.783  5.205
9.450  10.000  10.001  5.329
9.460  10.000  10.187  5.297
9.470  10.000  9.984  5.331
9.480  10.000  9.913  5.391
9.490  10.000  9.969  5.479
9.500  10.000  10.148  5.581
9.510  10.000  10.108  5.645
9.520  10.000  9.963  5.657
9.530  10.000  9.981  5.623
9.540  10.000  9.937  5.582
9.550  10.000  9.962  5.691
9.560  10.000  10.013  5.734
9.570  10.000  9.979  5.644
9.580  10.000  10.077  5.561
9.590  10.000  10.025  5.461
9.600  10.000  9.939  5.363
9.610  10.000  10.122  5.149
9.620  10.000  9.912  4.916
9.630  10.000  9.694  4.916
9.640  10.000  9.894  5.077
9.650  10.000  10.226  5.082
9.660  10.000  10.134  4.922
9.670  10.000  9.897  4.772
9.680  10.000  9.940  4.731
9.690  10.000  9.922  4.807
9.700  10.000  10.294  4.870
9.710  10.000  9.981  4.776
9.720  10.000  9.902  4.668
9.730  10.000  9.847  4.673
9.740  10.000  10.177  4.710
9.750  10.000  10.161  4.741
9.760  10.000  10.037  4.735
9.770  10.000  9.996  4.651
9.780  10.000  9.970  4.555
9.790  10.000  9.693  4.557
9.800  10.000  9.987  4.542
9.810  10.000  10.010  4.417
9.820  10.000  10.192  4.208
9.830  10.000  10.051  4.082
9.840  10.000  9.885  4.192
9.850  10.000  9.771  4.272
9.860  10.000  10.057  4.311
9.870  10.000  10.220  4.290
9.880  10.000  9.852  4.315
9.890  10.000  9.756  4.454
9.900  10.000  9.962  4.567
9.910  10.000  10.127  4.686
9.920  10.000  10.213  4.731
9.930  10.000  9.976  4.826
9.940  10.000  9.903  4.977
9.950  10.000  9.835  5.107
9.960  10.000  10.100  5.136
9.970  10.000  10.415  4.969
9.980  10.000  9.925  4.990
9.990  10.000  9.810  5.016
10.000  10.000  10.029  4.958
10.010  10.000  10.179  5.062
10.020  10.000  10.157  5.189
10.030  10.000  9.847  5.291
10.040  10.000  9.806  5.305
10.050  10.000  10.106  5.220
10.060  10.000  10.176  5.149
10.070  10.000  9.932  5.142
10.080  10.000  10.008  5.077
10.090  10.000  10.099  4.913
10.100  10.000  10.104  4.753
10.110  10.000  9.872  4.492
10.120  10.000  9.957  4.018
10.130  10.000  10.016  3.635
10.140  10.000  9.905  3.423
10.150  10.000  9.972  3.317
10.160  10.000  9.766  3.385
10.170  10.000  9.940  3.534
10.180  10.000  10.075  3.620
10.190  10.000  10.009  3.645
10.200  10.000  9.957  3.705
10.210  10.000  9.851  3.905
10.220  10.000  10.096  4.220
10.230  10.000  10.095  4.566
10.240  10.000  10.098  4.913
10.250  10.000  9.979  5.189
10.260  10.000  10.030  5.332
10.270  10.000  9.869  5.415
10.280  10.000  9.973  5.402
10.290  10.000  10.085  5.400
10.300  10.000  10.015  5.514
10.310  10.000  9.860  5.649
10.320  10.000  10.097  5.765
10.330  10.000  10.075  5.801
10.340  10.000  9.964  5.812
10.350  10.000  9.888  5.925
10.360  10.000  10.126  6.042
10.370  10.000  9.901  6.028
10.380  10.000  10.180  5.989
10.390  10.000  9.928  6.076
10.400  10.000  10.095  6.182
10.410  10.000  10.025  6.213
10.420  10.000  10.313  6.146
10.430  10.000  9.860  6.043
10.440  10.000  9.915  5.950
10.450  10.000  9.924  5.880
10.460  10.000  9.943  5.859
10.470  10.000  10.090  5.824
10.480  10.000  10.122  5.806
10.490  10.000  9.863  5.802
10.500  10.000  9.963  5.855
10.510  10.000  10.017  5.934
10.520  10.000  9.984  5.949
10.530  10.000  10.019  5.869
10.540  10.000  9.892  5.690
10.550  10.000  9.940  5.664
10.560  10.000  10.116  5.734
10.570  10.000  10.055  5.824
10.580  10.000  9.896  5.796
10.590  10.000  10.087  5.511
10.600  10.000  10.011  5.282
10.610  10.000  9.975  5.001
10.620  10.000  10.050  4.637
10.630  10.000  10.116  4.420
10.640  10.000  9.903  4.267
10.650  10.000  9.929  4.071
10.660  10.000  9.791  3.946
10.670  10.000  9.937  3.846
10.680  10.000  10.178  3.754
10.690  10.000  10.139  3.752
10.700  10.000  9.808  3.821
10.710  10.000  9.860  3.952
10.720  10.000  9.827  4.276
10.730  10.000  10.118  4.595
10.740  10.000  10.348  4.644
10.750  10.000  10.134  4.489
10.760  10.000  9.812  4.220
10.770  10.000  9.891  3.970
10.780  10.000  10.161  3.683
10.790  10.000  10.157  3.304
10.800  10.000  9.926  3.000
10.810  10.000  9.913  2.818
10.820  10.000  9.944  2.711
10.830  10.000  9.894  2.727
10.840  10.000  9.969  2.767
10.850  10.000  10.111  2.740
10.860  10.000  10.013  2.767
10.870  10.000  9.958  2.894
10.880  10.000  9.868  2.981
10.890  10.000  9.824  2.966
10.900  10.000  10.080  3.003
10.910  10.000  10.195  3.155
10.920  10.000  10.135  3.318
10.930  10.000  9.894  3.383
10.940  10.000  9.963  3.364
10.950  10.000  10.077  3.502
10.960  10.000  10.143  3.667
10.970  10.000  10.019  3.668
10.980  10.000  10.047  3.626
10.990  10.000  9.925  3.704
11.000  10.000  9.866  3.816
11.010  10.000  9.868  3.864
11.020  10.000  10.314  3.907
11.030  10.000  10.022  3.881
11.040  10.000  9.878  3.760
11.050  10.000  10.058  3.651
11.060  10.000  9.919  3.623
11.070  10.000  10.301  3.499
11.080  10.000  9.960  3.237
11.090  10.000  9.856  3.036
11.100  10.000  10.027  2.803
11.110  10.000  9.848  2.580
11.120  10.000  10.202  2.504
11.130  10.000  9.866  2.467
11.140  10.000  9.998  2.525
11.150  10.000  9.902  2.592
11.160  10.000  9.965  2.482
11.170  10.000  10.025  2.252
11.180  10.000  10.074  2.164
11.190  10.000  9.918  2.213
11.200  10.000  9.871  2.316
11.210  10.000  10.049  2.508
11.220  10.000  10.018  2.562
11.230  10.000  10.045  2.482
11.240  10.000  10.074  2.371
11.250  10.000  9.834  2.275
11.260  10.000  10.072  2.258
11.270  10.000  9.929  2.299
11.280  10.000  10.108  2.415
11.290  10.000  10.109  2.494
11.300  10.000  10.031  2.442
11.310  10.000  9.938  2.370
11.320  10.000  9.955  2.361
11.330  10.000  10.119  2.378
11.340  10.000  10.083  2.268
11.350  10.000  9.924  2.118
11.360  12.500  9.811  2.069
11.370  15.000  10.404  2.278
11.380  17.500  11.470  3.339
11.390  20.000  14.687  5.280
11.400  22.500  17.142  8.565
11.410  25.000  20.178  13.457
11.420  27.500  23.845  19.824
11.430  30.000  27.954  27.516
11.440  32.500  30.570  35.409
11.450  35.000  32.417  42.734
11.460  35.000  33.794  49.646
11.470  35.000  34.391  56.028
11.480  35.000  35.456  61.636
11.490  35.000  35.122  67.062
11.500  35.000  35.196  72.839
11.510  35.000  35.494  78.747
11.520  35.000  35.479  84.605
11.530  35.000  34.623  90.414
11.540  35.000  34.791  95.877
11.550  35.000  35.207  101.019
11.560  35.000  35.166  106.357
11.570  35.000  36.240  111.649
11.580  35.000  34.187  116.601
11.590  35.000  35.831  121.313
11.600  35.000  34.299  125.853
11.610  35.000  35.334  130.341
11.620  35.000  34.872  134.813
11.630  35.000  35.035  139.744
11.640  35.000  35.064  144.649
11.650  35.000  35.224  149.182
11.660  35.000  34.864  153.818
11.670  35.000  35.191  158.551
11.680  35.000  34.891  163.229
11.690  35.000  35.662  167.945
11.700  35.000  34.412  172.534
11.710  35.000  36.078  176.734
11.720  35.000  34.470  180.740
11.730  35.000  35.789  184.793
11.740  35.000  33.961  189.066
11.750  35.000  35.830  193.463
11.760  35.000  34.751  197.668
11.770  35.000  35.554  201.687
11.780  35.000  34.852  205.683
11.790  35.000  35.369  209.508
11.800  35.000  34.545  213.421
11.810  35.000  35.024  217.361
11.820  35.000  35.054  221.402
11.830  35.000  35.571  225.559
11.840  35.000  35.357  229.203
11.850  35.000  35.099  232.919
11.860  35.000  34.867  237.101
11.870  35.000  35.155  241.150
11.880  35.000  34.387  244.906
11.890  35.000  34.546  248.722
11.900  35.000  35.201  252.719
11.910  35.000  35.369  256.757
11.920  35.000  34.993  260.599
11.930  35.000  36.050  264.270
11.940  35.000  34.924  268.009
11.950  35.000  35.327  271.657
11.960  35.000  35.120  275.183
11.970  35.000  33.916  278.968
11.980  35.000  35.820  282.687
11.990  35.000  34.302  286.272
12.000  35.000  35.832  289.791
12.010  35.000  35.227  293.237
12.020  35.000  35.273  297.071
12.030  35.000  35.145  300.783
12.040  35.000  34.753  304.182
12.050  35.000  35.741  307.623
12.060  35.000  34.484  311.217
12.070  35.000  35.453  314.619
12.080  35.000  35.478  317.809
12.090  35.000  35.238  320.940
12.100  35.000  35.116  323.927
12.110  35.000  34.313  326.970
12.120  35.000  35.149  329.677
12.130  35.000  35.030  332.393
12.140  35.000  34.151  335.642
12.150  35.000  34.453  338.983
12.160  35.000  35.256  342.217
12.170  35.000  35.143  345.566
12.180  35.000  35.720  348.894
12.190  35.000  35.834  352.224
12.200  35.000  35.472  355.644
12.210  35.000  35.939  358.616
12.220  35.000  35.319  361.365
12.230  35.000  35.354  364.106
12.240  35.000  34.651  366.657
12.250  35.000  34.369  369.171
12.260  35.000  34.600  371.638
12.270  35.000  35.058  373.986
12.280  35.000  34.742  376.495
12.290  35.000  34.526  379.211
12.300  35.000  34.622  381.906
12.310  35.000  35.106  384.559
12.320  35.000  35.009  387.257
12.330  35.000  36.001  389.921
12.340  35.000  35.189  392.690
12.350  35.000  35.207  395.359
12.360  10.000  35.583  397.718
12.370  10.000  35.298  399.619
12.380  10.000  32.610  400.336
12.390  10.000  27.552  398.998
12.400  10.000  20.793  392.866
12.410  10.000  19.016  384.686
12.420  10.000  13.878  377.553
12.430  10.000  12.769  370.738
12.440  10.000  11.036  364.805
12.450  10.000  10.501  359.061
12.460  10.000  9.916  353.110
12.470  10.000  9.589  347.373
12.480  10.000  9.343  342.149
12.490  10.000  9.166  336.915
12.500  10.000  9.080  331.757
12.510  10.000  9.046  326.706
12.520  10.000  9.130  321.909
12.530  10.000  9.251  317.090
12.540  10.000  9.358  312.031
12.550  10.000  9.382  307.200
12.560  10.000  9.430  302.581
12.570  10.000  9.656  298.133
12.580  10.000  9.669  293.790
12.590  10.000  9.784  289.490
12.600  10.000  9.844  284.843
12.610  10.000  9.778  280.284
12.620  10.000  9.772  275.604
12.630  10.000  9.649  270.377
12.640  10.000  9.704  265.689
12.650  10.000  9.675  261.525
12.660  10.000  9.683  257.236
12.670  10.000  9.584  252.904
12.680  10.000  9.560  248.553
12.690  10.000  9.523  244.182
12.700  10.000  9.558  239.897
12.710  10.000  9.494  235.809
12.720  10.000  9.533  231.799
12.730  10.000  9.526  227.745
12.740  10.000  9.702  223.753
12.750  10.000  9.715  219.853
12.760  10.000  9.825  216.054
12.770  10.000  9.916  212.360
12.780  10.000  10.031  208.474
12.790  10.000  10.138  204.400
12.800  10.000  10.035  200.610
12.810  10.000  9.832  197.058
12.820  10.000  9.882  193.547
12.830  10.000  9.884  189.870
12.840  10.000  9.713  186.254
12.850  10.000  9.807  182.818
12.860  10.000  9.892  179.366
12.870  10.000  9.919  175.875
12.880  10.000  10.038  172.465
12.890  10.000  9.912  169.124
12.900  10.000  9.916  165.777
12.910  10.000  9.853  162.638
12.920  10.000  9.920  159.521
12.930  10.000  9.795  156.494
12.940  10.000  10.033  153.358
12.950  10.000  9.966  150.154
12.960  10.000  10.034  147.107
12.970  10.000  9.884  144.069
12.980  10.000  9.755  141.174
12.990  10.000  9.813  138.182
13.000  10.000  9.819  135.242
13.010  10.000  9.895  132.353
13.020  10.000  9.942  129.367
13.030  10.000  9.935  126.489
13.040  10.000  9.985  123.589
13.050  10.000  9.855  120.694
13.060  10.000  9.767  117.939
13.070  10.000  9.748  115.176
13.080  10.000  9.654  112.385
13.090  10.000  9.666  109.631
13.100  10.000  9.720  106.919
13.110  10.000  9.551  104.122
13.120  10.000  9.578  101.517
13.130  10.000  9.635  99.031
13.140  10.000  9.861  96.546
13.150  10.000  9.954  94.337
13.160  10.000  10.070  92.192
13.170  10.000  10.085  89.661
13.180  10.000  10.133  87.182
13.190  10.000  9.797  85.049
13.200  10.000  9.916  82.805
13.210  10.000  9.920  80.541
13.220  10.000  9.891  78.305
13.230  10.000  9.969  76.036
13.240  10.000  10.014  73.964
13.250  10.000  9.787  71.962
13.260  10.000  9.976  69.963
13.270  10.000  9.772  68.098
13.280  10.000  9.922  66.253
13.290  10.000  9.890  64.412
13.300  10.000  9.922  62.586
13.310  10.000  9.984  60.840
13.320  10.000  10.057  59.283
13.330  10.000  10.084  57.701
13.340  10.000  10.021  56.012
13.350  10.000  9.969  54.389
13.360  10.000  9.848  52.799
13.370  10.000  9.789  51.148
13.380  10.000  9.802  49.414
13.390  10.000  9.943  47.679
13.400  10.000  10.001  46.071
13.410  10.000  10.147  44.641
13.420  10.000  10.010  43.215
13.430  10.000  9.962  41.899
13.440  10.000  9.694  40.617
13.450  10.000  9.840  39.190
13.460  10.000  9.855  37.715
13.470  10.000  10.035  36.285
13.480  10.000  9.884  35.015
13.490  10.000  9.942  33.962
13.500  10.000  10.075  32.841
13.510  10.000  10.078  31.605
13.520  10.000  9.885  30.440
13.530  10.000  9.877  29.286
13.540  10.000  9.720  28.244
13.550  10.000  9.857  27.135
13.560  10.000  10.218  25.827
13.570  10.000  9.998  24.686
13.580  10.000  9.845  23.771
13.590  10.000  9.839  22.905
13.600  10.000  9.959  22.033
13.610  10.000  9.896  21.058
13.620  10.000  9.799  20.067
13.630  10.000  9.690  19.066
13.640  10.000  9.712  18.032
13.650  10.000  9.960  17.096
13.660  10.000  9.770  16.184
13.670  10.000  9.778  15.349
13.680  10.000  9.828  14.657
13.690  10.000  9.931  13.855
13.700  10.000  9.842  12.868
13.710  10.000  9.977  11.850
13.720  10.000  9.704  10.955
13.730  10.000  9.815  10.300
13.740  10.000  9.977  9.653
13.750  10.000  10.021  8.979
13.760  10.000  10.028  8.342
13.770  10.000  9.835  7.810
13.780  10.000  9.899  7.417
13.790  10.000  10.104  6.933
13.800  10.000  9.946  6.401
13.810  10.000  9.986  6.022
13.820  10.000  9.979  5.778
13.830  10.000  9.918  5.407
13.840  10.000  9.970  4.840
13.850  10.000  10.070  4.292
13.860  10.000  10.038  3.905
13.870  10.000  9.878  3.529
13.880  10.000  9.848  3.192
13.890  10.000  9.935  3.056
13.900  10.000  10.077  2.925
13.910  10.000  10.089  2.636
13.920  10.000  10.043  2.227
13.930  10.000  9.737  1.943
13.940  10.000  9.961  1.813
13.950  10.000  9.886  1.581
13.960  10.000  9.959  1.254
13.970  10.000  10.197  0.914
13.980  10.000  9.926  0.818
13.990  10.000  9.762  0.951
14.000  10.000  9.924  0.988
14.010  10.000  10.169  0.865
14.020  10.000  10.326  0.749
14.030  10.000  9.810  0.729
14.040  10.000  10.028  0.585
14.050  10.000  9.883  0.290
14.060  10.000  10.214  0.271
14.070  10.000  9.977  0.353
14.080  10.000  10.046  0.216
14.090  10.000  9.967  0.060
14.100  10.000  10.038  -0.026
14.110  10.000  9.988  -0.075
14.120  10.000  9.827  0.028
14.130  10.000  9.969  0.057
14.140  10.000  10.047  -0.176
14.150  10.000  9.920  -0.349
14.160  10.000  10.102  -0.410
14.170  10.000  10.089  -0.514
14.180  10.000  9.914  -0.517
14.190  10.000  9.935  -0.317
14.200  10.000  9.984  -0.102
14.210  10.000  10.106  -0.209
14.220  10.000  9.824  -0.491
14.230  10.000  10.039  -0.477
14.240  10.000  9.890  -0.292
14.250  10.000  10.276  -0.240
14.260  10.000  9.842  -0.215
14.270  10.000  9.799  -0.038
14.280  10.000  9.842  0.268
14.290  10.000  10.256  0.482
14.300  10.000  10.211  0.485
14.310  10.000  9.975  0.482
14.320  10.000  9.780  0.597
14.330  10.000  10.039  0.725
14.340  10.000  10.322  0.616
14.350  10.000  10.020  0.551
14.360  10.000  9.808  0.604
14.370  10.000  9.936  0.592
14.380  10.000  10.207  0.580
14.390  10.000  10.349  0.364
14.400  10.000  10.036  -0.118
14.410  10.000  9.828  -0.489
14.420  10.000  9.823  -0.701
14.430  10.000  10.092  -0.867
14.440  10.000  9.978  -0.972
14.450  10.000  9.881  -1.125
14.460  10.000  10.189  -1.364
14.470  10.000  9.977  -1.434
14.480  10.000  9.727  -1.244
14.490  10.000  10.098  -1.181
14.500  10.000  10.092  -1.197
14.510  10.000  9.987  -1.076
14.520  10.000  10.019  -1.025
14.530  10.000  10.027  -1.250
14.540  10.000  9.780  -1.495
14.550  10.000  9.908  -1.736
14.560  10.000  10.074  -1.867
14.570  10.000  10.125  -1.906
14.580  10.000  10.092  -2.073
14.590  10.000  9.767  -2.103
14.600  10.000  9.830  -2.133
14.610  10.000  10.343  -2.384
14.620  10.000  10.263  -2.693
14.630  10.000  9.698  -2.832
14.640  10.000  9.551  -2.759
14.650  10.000  9.915  -2.660
14.660  10.000  10.135  -2.555
14.670  10.000  10.198  -2.412
14.680  10.000  9.923  -2.371
14.690  10.000  10.051  -2.463
14.700  10.000  9.850  -2.559
14.710  10.000  9.989  -2.592
14.720  10.000  10.135  -2.610
14.730  10.000  10.213  -2.532
14.740  10.000  9.991  -2.476
14.750  10.000  9.799  -2.473
14.760  10.000  9.985  -2.396
14.770  10.000  10.104  -2.371
14.780  10.000  10.319  -2.490
14.790  10.000  9.975  -2.459
14.800  10.000  9.766  -2.281
14.810  10.000  10.046  -2.319
14.820  10.000  10.099  -2.501
14.830  10.000  10.154  -2.702
14.840  10.000  9.901  -2.763
14.850  10.000  9.930  -2.679
14.860  10.000  9.897  -2.740
14.870  10.000  10.136  -2.960
14.880  10.000  10.051  -3.279
14.890  10.000  9.946  -3.635
14.900  10.000  9.872  -3.874
14.910  10.000  10.049  -4.002
14.920  10.000  10.061  -4.123
14.930  10.000  9.890  -4.287
14.940  10.000  9.940  -4.322
14.950  10.000  9.995  -4.269
14.960  10.000  10.090  -4.316
14.970  10.000  9.771  -4.347
14.980  10.000  10.034  -4.384
14.990  10.000  10.044  -4.363
15.000  10.000  10.180  -4.117
15.010  10.000  9.833  -3.894
15.020  10.000  9.721  -3.812
15.030  10.000  10.088  -3.738
15.040  10.000  10.353  -3.775
15.050  10.000  10.096  -3.982
15.060  10.000  9.715  -4.196
15.070  10.000  9.784  -4.269
15.080  10.000  10.174  -4.266
15.090  10.000  10.470  -4.381
15.100  10.000  9.970  -4.463
15.110  10.000  9.871  -4.520
15.120  10.000  9.760  -4.711
15.130  10.000  9.894  -4.651
15.140  10.000  10.411  -4.519
15.150  10.000  10.339  -4.711
15.160  10.000  9.803  -4.933
15.170  10.000  9.756  -5.161
15.180  10.000  9.790  -5.332
15.190  10.000  10.184  -5.379
15.200  10.000  10.068  -5.504
15.210  10.000  9.931  -5.695
15.220  10.000  9.765  -5.812
15.230  10.000  10.031  -5.864
15.240  10.000  10.088  -5.945
15.250  10.000  10.220  -6.012
15.260  10.000  9.832  -6.075
15.270  10.000  10.034  -6.266
15.280  10.000  9.946  -6.514
15.290  10.000  10.204  -6.738
15.300  10.000  9.981  -6.836
15.310  10.000  9.887  -6.709
15.320  10.000  9.953  -6.702
15.330  10.000  10.011  -6.967
15.340  10.000  10.050  -7.222
15.350  10.000  9.697  -7.250
15.360  10.000  10.028  -7.139
15.370  10.000  9.975  -7.058
15.380  10.000  10.068  -6.998
15.390  10.000  9.813  -7.015
15.400  10.000  9.881  -6.782
15.410  10.000  10.033  -6.445
15.420  10.000  10.063  -6.265
15.430  10.000  10.149  -6.018
15.440  10.000  9.979  -5.801
15.450  10.000  10.091  -5.755
15.460  10.000  9.953  -5.752
15.470  10.000  10.159  -5.779
15.480  10.000  9.914  -5.807
15.490  10.000  9.968  -5.733
15.500  10.000  10.018  -5.745
15.510  10.000  10.088  -5.703
15.520  10.000  10.009  -5.609
15.530  10.000  10.158  -5.650
15.540  10.000  10.150  -5.936
15.550  10.000  10.167  -6.325
15.560  10.000  9.798  -6.518
15.570  10.000  9.961  -6.651
15.580  10.000  9.934  -6.787
15.590  10.000  9.788  -6.835
15.600  10.000  10.048  -6.721
15.610  10.000  9.867  -6.540
15.620  10.000  10.081  -6.434
15.630  10.000  9.947  -6.323
15.640  10.000  9.877  -6.201
15.650  10.000  10.227  -6.162
15.660  10.000  10.139  -6.303
15.670  10.000  9.871  -6.354
15.680  10.000  9.729  -6.158
15.690  10.000  9.872  -5.969
15.700  10.000  10.103  -5.837
15.710  10.000  10.329  -5.714
15.720  10.000  9.844  -5.498
15.730  10.000  9.835  -5.353
15.740  10.000  10.183  -5.392
15.750  10.000  10.255  -5.446
15.760  10.000  10.043  -5.632
15.770  10.000  9.728  -5.879
15.780  10.000  9.910  -5.841
15.790  10.000  10.228  -5.583
15.800  10.000  10.037  -5.599
15.810  10.000  10.145  -5.905
15.820  10.000  10.196  -6.211
15.830  10.000  9.972  -6.428
15.840  10.000  9.760  -6.584
15.850  10.000  9.890  -6.656
15.860  10.000  10.021  -6.710
15.870  10.000  10.178  -6.969
15.880  10.000  10.058  -7.221
15.890  10.000  9.743  -7.353
15.900  10.000  9.872  -7.644
15.910  10.000  9.874  -7.942
15.920  10.000  10.139  -8.102
15.930  10.000  10.157  -8.137
15.940  10.000  9.871  -8.104
15.950  10.000  9.579  -8.073
15.960  10.000  10.055  -8.077
15.970  10.000  10.423  -8.157
15.980  10.000  10.077  -8.243
15.990  10.000  9.789  -8.259
16.000  10.000  9.817  -8.205
16.010  10.000  10.085  -8.156
16.020  10.000  10.213  -8.158
16.030  10.000  9.917  -7.984
16.040  10.000  9.704  -7.678
16.050  10.000  10.024  -7.528
16.060  10.000  10.378  -7.601
16.070  10.000  10.042  -7.719
16.080  10.000  9.955  -7.789
16.090  10.000  9.931  -7.999
16.100  10.000  10.053  -8.087
16.110  10.000  9.962  -8.005
16.120  10.000  9.854  -7.744
16.130  10.000  9.974  -7.333
16.140  10.000  10.227  -7.024
16.150  10.000  10.122  -6.900
16.160  10.000  9.807  -6.914
16.170  10.000  9.967  -6.888
16.180  10.000  10.118  -6.854
16.190  10.000  9.966  -6.829
16.200  10.000  9.842  -6.798
16.210  10.000  9.998  -6.747
16.220  10.000  10.029  -6.684
16.230  10.000  10.003  -6.614
16.240  10.000  10.019  -6.598
16.250  10.000  10.099  -6.729
16.260  10.000  10.039  -6.984
16.270  10.000  9.907  -7.133
16.280  10.000  10.138  -7.273
16.290  10.000  10.064  -7.570
16.300  10.000  9.959  -7.667
16.310  10.000  9.850  -7.598
16.320  10.000  10.199  -7.714
16.330  10.000  9.967  -7.601
16.340  10.000  10.070  -7.350
16.350  10.000  9.897  -7.487
16.360  10.000  9.965  -7.702
16.370  12.500  9.997  -7.712
16.380  15.000  10.164  -7.220
16.390  17.500  11.424  -5.974
16.400  20.000  14.710  -3.924
16.410  22.500  17.317  -0.604
16.420  25.000  19.895  4.295
16.430  27.500  23.901  10.636
16.440  30.000  27.319  17.978
16.450  32.500  31.025  25.299
16.460  35.000  32.517  32.086
16.470  35.000  34.097  38.636
16.480  35.000  34.546  44.886
16.490  35.000  34.633  50.764
16.500  35.000  34.665  56.496
16.510  35.000  34.344  62.486
16.520  35.000  34.832  68.530
16.530  35.000  35.339  74.122
16.540  35.000  36.086  79.398
16.550  35.000  35.592  84.621
16.560  35.000  35.249  89.709
16.570  35.000  35.035  94.718
16.580  35.000  34.831  99.544
16.590  35.000  34.949  104.332
16.600  35.000  34.908  109.513
16.610  35.000  35.321  114.749
16.620  35.000  34.608  119.763
16.630  35.000  35.539  124.860
16.640  35.000  34.630  129.791
16.650  35.000  35.832  134.307
16.660  35.000  34.421  138.946
16.670  35.000  35.880  143.604
16.680  35.000  34.208  148.366
16.690  35.000  35.723  152.896
16.700  35.000  35.200  157.155
16.710  35.000  35.234  161.594
16.720  35.000  34.477  166.005
16.730  35.000  35.178  170.519
16.740  35.000  34.776  174.904
16.750  35.000  35.169  179.237
16.760  35.000  34.516  184.031
16.770  35.000  35.344  188.795
16.780  35.000  35.023  193.149
16.790  35.000  36.168  197.290
16.800  35.000  34.964  201.167
16.810  35.000  36.102  204.575
16.820  35.000  34.677  207.966
16.830  35.000  34.711  211.804
16.840  35.000  34.648  215.654
16.850  35.000  35.305  219.172
16.860  35.000  34.865  222.637
16.870  35.000  34.674  226.606
16.880  35.000  35.048  230.865
16.890  35.000  34.225  235.275
16.900  35.000  35.655  239.632
16.910  35.000  34.559  244.012
16.920  35.000  35.729  248.318
16.930  35.000  35.433  252.382
16.940  35.000  35.025  256.586
16.950  35.000  35.128  260.545
16.960  35.000  35.440  264.105
16.970  35.000  35.027  267.577
16.980  35.000  35.479  271.108
16.990  35.000  34.828  274.825
17.000  35.000  35.148  278.357
17.010  35.000  35.545  281.527
17.020  35.000  35.036  284.708
17.030  35.000  34.781  288.120
17.040  35.000  35.489  291.436
17.050  35.000  34.798  294.922
17.060  35.000  35.040  298.553
17.070  35.000  34.938  301.969
17.080  35.000  35.301  305.266
17.090  35.000  35.686  308.169
17.100  35.000  35.042  311.177
17.110  35.000  34.576  314.318
17.120  35.000  34.715  317.433
17.130  35.000  34.502  320.730
17.140  35.000  35.172  324.006
17.150  35.000  34.614  327.411
17.160  35.000  35.188  330.917
17.170  35.000  35.625  334.163
17.180  35.000  35.856  337.202
17.190  35.000  35.613  340.306
17.200  35.000  35.612  343.428
17.210  35.000  35.503  346.220
17.220  35.000  35.251  348.569
17.230  35.000  35.197  350.437
17.240  35.000  34.382  352.168
17.250  35.000  33.989  354.130
17.260  35.000  34.113  356.488
17.270  35.000  34.375  359.196
17.280  35.000  34.896  361.970
17.290  35.000  35.741  364.881
17.300  35.000  35.531  367.902
17.310  35.000  35.726  370.949
17.320  35.000  35.841  373.740
17.330  35.000  35.225  376.215
17.340  35.000  35.411  378.417
17.350  35.000  35.263  380.267
17.360  35.000  34.649  382.310
17.370  10.000  34.279  384.694
17.380  10.000  33.569  386.878
17.390  10.000  31.526  387.846
17.400  10.000  26.596  386.139
17.410  10.000  19.670  380.991
17.420  10.000  17.963  373.255
17.430  10.000  13.535  366.121
17.440  10.000  12.410  360.548
17.450  10.000  10.968  354.520
17.460  10.000  10.346  348.711
17.470  10.000  9.768  343.332
17.480  10.000  9.527  337.511
17.490  10.000  9.299  332.071
17.500  10.000  9.105  327.012
17.510  10.000  9.047  321.933
17.520  10.000  9.086  317.167
17.530  10.000  9.178  312.318
17.540  10.000  9.258  307.069
17.550  10.000  9.325  302.122
17.560  10.000  9.468  297.538
17.570  10.000  9.554  292.583
17.580  10.000  9.593  287.770
17.590  10.000  9.653  283.174
17.600  10.000  9.663  278.710
17.610  10.000  9.689  274.622
17.620  10.000  9.724  270.336
17.630  10.000  9.738  266.002
17.640  10.000  9.720  261.557
17.650  10.000  9.702  257.079
17.660  10.000  9.721  252.932
17.670  10.000  9.727  248.717
17.680  10.000  9.623  243.813
17.690  10.000  9.491  239.110
17.700  10.000  9.484  234.935
17.710  10.000  9.379  230.741
17.720  10.000  9.455  226.832
17.730  10.000  9.532  223.034
17.740  10.000  9.643  219.303
17.750  10.000  9.764  215.574
17.760  10.000  9.974  212.014
17.770  10.000  10.036  208.475
17.780  10.000  9.997  204.763
17.790  10.000  10.104  201.040
17.800  10.000  10.057  197.409
17.810  10.000  9.840  193.746
17.820  10.000  9.783  190.024
17.830  10.000  9.750  186.623
17.840  10.000  9.783  183.087
17.850  10.000  9.899  179.435
17.860  10.000  9.895  176.064
17.870  10.000  9.864  172.825
17.880  10.000  9.985  169.755
17.890  10.000  10.056  166.645
17.900  10.000  9.884  163.462
17.910  10.000  9.879  160.247
17.920  10.000  9.872  157.069
17.930  10.000  9.854  153.940
17.940  10.000  9.935  150.644
17.950  10.000  9.921  147.605
17.960  10.000  9.903  144.713
17.970  10.000  9.930  141.705
17.980  10.000  9.829  138.836
17.990  10.000  9.879  136.021
18.000  10.000  9.933  132.955
18.010  10.000  9.905  129.919
18.020  10.000  9.849  127.198
18.030  10.000  9.838  124.329
18.040  10.000  9.782  121.434
18.050  10.000  9.783  118.596
18.060  10.000  9.725  115.848
18.070  10.000  9.633  113.285
18.080  10.000  9.684  110.829
18.090  10.000  9.636  108.298
18.100  10.000  9.614  105.652
18.110  10.000  9.595  103.039
18.120  10.000  9.779  100.570
18.130  10.000  9.854  98.258
18.140  10.000  10.168  95.977
18.150  10.000  10.278  93.620
18.160  10.000  10.214  91.252
18.170  10.000  9.985  88.939
18.180  10.000  9.733  86.647
18.190  10.000  9.694  84.302
18.200  10.000  9.725  81.988
18.210  10.000  9.736  79.926
18.220  10.000  10.050  77.811
18.230  10.000  10.213  75.821
18.240  10.000  10.136  73.936
18.250  10.000  9.877  71.932
18.260  10.000  9.886  69.859
18.270  10.000  9.875  67.750
18.280  10.000  9.877  65.786
18.290  10.000  9.857  63.954
18.300  10.000  9.827  62.150
18.310  10.000  10.064  60.278
18.320  10.000  10.051  58.557
18.330  10.000  9.961  56.893
18.340  10.000  9.939  55.223
18.350  10.000  9.739  53.485
18.360  10.000  9.936  51.670
18.370  10.000  9.981  50.116
18.380  10.000  10.002  48.632
18.390  10.000  9.897  47.135
18.400  10.000  9.992  45.617
18.410  10.000  9.850  44.241
18.420  10.000  9.852  43.002
18.430  10.000  10.114  41.558
18.440  10.000  9.890  40.096
18.450  10.000  10.012  38.631
18.460  10.000  10.121  37.190
18.470  10.000  10.056  35.807
18.480  10.000  9.828  34.386
18.490  10.000  9.853  32.977
18.500  10.000  9.668  31.712
18.510  10.000  9.831  30.712
18.520  10.000  9.968  29.615
18.530  10.000  10.117  28.417
18.540  10.000  10.157  27.360
18.550  10.000  9.959  26.218
18.560  10.000  9.924  25.066
18.570  10.000  9.682  24.032
18.580  10.000  9.847  22.986
18.590  10.000  9.851  22.005
18.600  10.000  9.891  21.016
18.610  10.000  9.676  20.024
18.620  10.000  10.155  18.919
18.630  10.000  9.694  17.890
18.640  10.000  9.870  17.012
18.650  10.000  9.755  15.919
18.660  10.000  9.948  14.859
18.670  10.000  10.010  13.964
18.680  10.000  9.735  13.180
18.690  10.000  9.772  12.472
18.700  10.000  9.790  11.671
18.710  10.000  9.871  10.675
18.720  10.000  9.833  9.773
18.730  10.000  9.792  9.079
18.740  10.000  9.780  8.321
18.750  10.000  10.018  7.669
18.760  10.000  9.912  7.318
18.770  10.000  10.125  6.974
18.780  10.000  10.048  6.514
18.790  10.000  9.881  6.067
18.800  10.000  9.914  5.838
18.810  10.000  9.904  5.598
18.820  10.000  9.821  5.294
18.830  10.000  10.045  5.124
18.840  10.000  10.137  4.859
18.850  10.000  10.247  4.451
18.860  10.000  9.949  3.967
18.870  10.000  9.771  3.506
18.880  10.000  9.886  3.069
18.890  10.000  10.064  2.607
18.900  10.000  9.980  2.284
18.910  10.000  10.000  2.015
18.920  10.000  9.924  1.741
18.930  10.000  9.982  1.313
18.940  10.000  10.007  0.863
18.950  10.000  9.933  0.660
18.960  10.000  9.739  0.644
18.970  10.000  10.049  0.668
18.980  10.000  10.146  0.619
18.990  10.000  10.034  0.504
19.000  10.000  9.951  0.472
19.010  10.000  9.867  0.566
19.020  10.000  9.965  0.649
19.030  10.000  10.289  0.686
19.040  10.000  10.044  0.650
19.050  10.000  9.632  0.671
19.060  10.000  9.982  0.758
19.070  10.000  10.053  1.049
19.080  10.000  10.229  1.334
19.090  10.000  9.784  1.448
19.100  10.000  10.013  1.514
19.110  10.000  10.022  1.577
19.120  10.000  10.054  1.663
19.130  10.000  9.912  1.635
19.140  10.000  9.924  1.578
19.150  10.000  9.972  1.539
19.160  10.000  10.211  1.499
19.170  10.000  9.967  1.521
19.180  10.000  9.864  1.658
19.190  10.000  9.866  1.880
19.200  10.000  10.114  1.992
19.210  10.000  9.991  2.104
19.220  10.000  10.102  2.269
19.230  10.000  9.928  2.353
19.240  10.000  10.085  2.431
19.250  10.000  10.081  2.564
19.260  10.000  10.138  2.722
19.270  10.000  10.045  2.820
19.280  10.000  9.700  2.871
19.290  10.000  9.912  2.864
19.300  10.000  10.224  2.895
19.310  10.000  10.088  2.844
19.320  10.000  9.895  2.694
19.330  10.000  9.968  2.697
19.340  10.000  10.004  2.640
19.350  10.000  10.145  2.438
19.360  10.000  9.924  2.276
19.370  10.000  9.923  2.163
19.380  10.000  10.027  2.059
19.390  10.000  9.971  1.872
19.400  10.000  10.025  1.753
19.410  10.000  9.849  2.042
19.420  10.000  9.957  2.269
19.430  10.000  9.995  2.414
19.440  10.000  9.982  2.698
19.450  10.000  10.082  2.812
19.460  10.000  10.078  2.898
19.470  10.000  9.908  3.030
19.480  10.000  9.899  3.087
19.490  10.000  10.068  3.067
19.500  10.000  10.314  3.033
19.510  10.000  10.033  3.082
19.520  10.000  9.999  3.079
19.530  10.000  9.631  3.038
19.540  10.000  10.282  2.910
19.550  10.000  10.219  2.701
19.560  10.000  10.131  2.512
19.570  10.000  9.637  2.382
19.580  10.000  9.893  2.438
19.590  10.000  10.088  2.336
19.600  10.000  10.267  2.054
19.610  10.000  10.055  1.683
19.620  10.000  9.892  1.296
19.630  10.000  9.664  1.285
19.640  10.000  10.029  1.366
19.650  10.000  10.267  1.229
19.660  10.000  10.193  1.073
19.670  10.000  9.620  0.868
19.680  10.000  9.744  0.680
19.690  10.000  9.998  0.668
19.700  10.000  10.302  0.651
19.710  10.000  10.043  0.525
19.720  10.000  9.892  0.396
19.730  10.000  9.765  0.366
19.740  10.000  10.037  0.443
19.750  10.000  10.226  0.558
19.760  10.000  10.005  0.705
19.770  10.000  9.843  1.016
19.780  10.000  9.803  1.371
19.790  10.000  9.963  1.556
19.800  10.000  10.204  1.807
19.810  10.000  9.998  2.139
19.820  10.000  9.980  2.297
19.830  10.000  9.898  2.507
19.840  10.000  9.965  2.919
19.850  10.000  10.082  3.215
19.860  10.000  10.204  3.320
19.870  10.000  9.765  3.436
19.880  10.000  10.020  3.525
19.890  10.000  10.041  3.562
19.900  10.000  10.206  3.558
19.910  10.000  10.102  3.501
19.920  10.000  10.031  3.393
19.930  10.000  9.842  3.229
19.940  10.000  9.969  3.120
19.950  10.000  10.260  3.120
19.960  10.000  10.125  3.149
19.970  10.000  10.074  3.063
19.980  10.000  9.818  3.048
19.990  10.000  9.853  2.947
20.000  10.000  9.923  2.716
20.010  10.000  10.190  2.609
20.020  10.000  9.992  2.534
20.030  10.000  9.965  2.405
20.040  10.000  9.716  2.414
20.050  10.000  10.108  2.523
20.060  10.000  9.992  2.538
20.070  10.000  10.002  2.491
20.080  10.000  9.941  2.350
20.090  10.000  10.111  2.255
20.100  10.000  10.028  2.199
20.110  10.000  10.073  2.110
20.120  10.000  9.898  2.136
20.130  10.000  9.814  2.364
20.140  10.000  9.957  2.599
20.150  10.000  10.182  2.603
20.160  10.000  10.138  2.340
20.170  10.000  10.033  1.955
20.180  10.000  9.752  1.784
20.190  10.000  9.923  1.810
20.200  10.000  10.106  1.859
20.210  10.000  10.049  1.768
20.220  10.000  9.871  1.582
20.230  10.000  10.031  1.520
20.240  10.000  9.903  1.585
20.250  10.000  9.840  1.739
20.260  10.000  10.000  1.917
20.270  10.000  10.100  2.096
20.280  10.000  10.438  2.107
20.290  10.000  9.819  2.186
20.300  10.000  9.644  2.437
20.310  10.000  9.992  2.630
20.320  10.000  10.249  2.792
20.330  10.000  10.360  2.869
20.340  10.000  9.798  2.843
20.350  10.000  9.938  2.769
20.360  10.000  9.925  2.671
20.370  10.000  10.245  2.446
20.380  10.000  10.012  2.270
20.390  10.000  10.098  2.291
20.400  10.000  9.858  2.252
20.410  10.000  9.980  2.149
20.420  10.000  10.054  2.026
20.430  10.000  9.973  1.883
20.440  10.000  9.954  1.825
20.450  10.000  9.828  1.869
20.460  10.000  9.966  1.875
20.470  10.000  10.003  1.841
20.480  10.000  10.118  1.841
20.490  10.000  10.035  1.826
20.500  10.000  9.838  1.786
20.510  10.000  9.871  1.928
20.520  10.000  10.119  2.295
20.530  10.000  10.187  2.537
20.540  10.000  10.096  2.717
20.550  10.000  9.552  2.928
20.560  10.000  9.794  3.187
20.570  10.000  10.272  3.486
20.580  10.000  10.400  3.730
20.590  10.000  10.143  3.815
20.600  10.000  9.713  3.788
20.610  10.000  9.788  3.807
20.620  10.000  10.174  3.846
20.630  10.000  10.205  3.976
20.640  10.000  9.874  4.083
20.650  10.000  9.742  4.275
20.660  10.000  9.951  4.576
20.670  10.000  10.290  4.678
20.680  10.000  10.061  4.601
20.690  10.000  9.942  4.497
20.700  10.000  9.944  4.472
20.710  10.000  10.288  4.482
20.720  10.000  9.953  4.510
20.730  10.000  9.994  4.555
20.740  10.000  9.829  4.616
20.750  10.000  9.946  4.710
20.760  10.000  10.008  4.811
20.770  10.000  10.261  4.907
20.780  10.000  9.859  4.929
20.790  10.000  9.818  4.953
20.800  10.000  9.833  5.080
20.810  10.000  10.282  5.134
20.820  10.000  10.040  5.179
20.830  10.000  9.806  5.284
20.840  10.000  9.751  5.451
20.850  10.000  10.080  5.543
20.860  10.000  10.150  5.437
20.870  10.000  9.959  5.383
20.880  10.000  9.917  5.505
20.890  10.000  10.326  5.547
20.900  10.000  10.068  5.527
20.910  10.000  9.970  5.489
20.920  10.000  9.920  5.425
20.930  10.000  9.891  5.516
20.940  10.000  10.232  5.610
20.950  10.000  9.950  5.667
20.960  10.000  9.798  5.665
20.970  10.000  10.144  5.634
20.980  10.000  10.187  5.586
20.990  10.000  10.128  5.479
21.000  10.000  9.981  5.291
21.010  10.000  9.847  5.124
21.020  10.000  9.819  5.090
21.030  10.000  10.004  5.047
21.040  10.000  10.143  4.972
21.050  10.000  10.245  4.816
21.060  10.000  9.962  4.493
21.070  10.000  9.738  4.342
21.080  10.000  9.903  4.375
21.090  10.000  10.314  4.120
21.100  10.000  10.096  3.786
21.110  10.000  9.784  3.624
21.120  10.000  9.869  3.509
21.130  10.000  9.913  3.391
21.140  10.000  9.862  3.402
21.150  10.000  10.002  3.561
21.160  10.000  9.983  3.622
21.170  10.000  9.957  3.612
21.180  10.000  10.048  3.674
21.190  10.000  9.992  3.879
21.200  10.000  9.876  4.048
21.210  10.000  10.262  4.210
21.220  10.000  9.952  4.419
21.230  10.000  9.946  4.598
21.240  10.000  9.735  4.645
21.250  10.000  10.231  4.578
21.260  10.000  10.047  4.611
21.270  10.000  9.925  4.650
21.280  10.000  9.815  4.793
21.290  10.000  9.784  5.080
21.300  10.000  10.032  5.347
21.310  10.000  10.178  5.738
21.320  10.000  10.291  6.080
21.330  10.000  10.019  6.167
21.340  10.000  9.904  6.303
21.350  10.000  9.912  6.513
21.360  10.000  10.189  6.627
21.370  10.000  10.331  6.647
21.380  12.500  10.036  6.542
21.390  15.000  10.066  6.710
21.400  17.500  11.256  7.793
21.410  20.000  14.498  9.867
21.420  22.500  17.024  13.160
21.430  25.000  20.059  18.133
21.440  27.500  23.788  24.409
21.450  30.000  26.768  31.805
21.460  32.500  30.519  39.256
21.470  35.000  32.736  45.926
21.480  35.000  34.184  52.295
21.490  35.000  34.997  58.395
21.500  35.000  35.213  64.175
21.510  35.000  34.727  70.006
21.520  35.000  35.700  75.586
21.530  35.000  35.458  80.797
21.540  35.000  35.411  86.204
21.550  35.000  35.033  91.748
21.560  35.000  34.910  97.169
21.570  35.000  35.552  102.355
21.580  35.000  34.271  107.930
21.590  35.000  36.028  113.515
21.600  35.000  34.017  118.814
21.610  35.000  36.609  123.864
21.620  35.000  34.713  128.705
21.630  35.000  35.005  133.785
21.640  35.000  34.440  138.828
21.650  35.000  35.603  143.575
21.660  35.000  34.054  148.382
21.670  35.000  35.236  153.468
21.680  35.000  34.617  158.338
21.690  35.000  35.663  163.347
21.700  35.000  34.707  168.702
21.710  35.000  35.694  173.789
21.720  35.000  35.153  178.391
21.730  35.000  35.080  182.774
21.740  35.000  34.898  187.471
21.750  35.000  35.422  191.955
21.760  35.000  35.286  195.982
21.770  35.000  35.368  200.223
21.780  35.000  34.470  204.638
21.790  35.000  35.241  208.959
21.800  35.000  34.537  213.344
21.810  35.000  35.417  218.127
21.820  35.000  34.370  223.025
21.830  35.000  35.799  227.372
21.840  35.000  34.971  231.459
21.850  35.000  35.503  235.714
21.860  35.000  34.630  239.805
21.870  35.000  35.693  243.738
21.880  35.000  34.731  247.633
21.890  35.000  35.255  251.458
21.900  35.000  34.489  255.404
21.910  35.000  35.015  259.199
21.920  35.000  35.493  262.855
21.930  35.000  35.583  266.514
21.940  35.000  36.006  270.089
21.950  35.000  35.335  273.772
21.960  35.000  35.022  277.422
21.970  35.000  35.575  280.820
21.980  35.000  34.423  284.101
21.990  35.000  34.627  287.516
22.000  35.000  34.271  291.067
22.010  35.000  35.482  294.605
22.020  35.000  34.861  298.188
22.030  35.000  34.702  301.786
22.040  35.000  35.437  305.069
22.050  35.000  35.426  308.181
22.060  35.000  35.444  311.242
22.070  35.000  35.847  314.139
22.080  35.000  35.012  317.300
22.090  35.000  34.749  320.747
22.100  35.000  35.131  323.969
22.110  35.000  34.911  327.151
22.120  35.000  33.834  330.400
22.130  35.000  34.449  333.753
22.140  35.000  34.292  337.391
22.150  35.000  35.074  341.033
22.160  35.000  35.373  344.597
22.170  35.000  36.015  347.891
22.180  35.000  35.569  351.148
22.190  35.000  36.224  354.412
22.200  35.000  34.902  357.651
22.210  35.000  35.920  360.688
22.220  35.000  35.453  363.560
22.230  35.000  35.070  366.578
22.240  35.000  35.496  369.176
22.250  35.000  34.842  371.342
22.260  35.000  34.113  373.588
22.270  35.000  34.673  375.935
22.280  35.000  33.939  378.544
22.290  35.000  34.576  381.351
22.300  35.000  34.660  384.362
22.310  35.000  35.700  387.363
22.320  35.000  35.883  390.071
22.330  35.000  36.030  392.716
22.340  35.000  35.516  395.465
22.350  35.000  35.682  398.016
22.360  35.000  34.286  400.330
22.370  35.000  34.526  402.698
22.380  10.000  33.708  405.010
22.390  10.000  34.095  406.933
22.400  10.000  32.432  407.779
22.410  10.000  27.016  406.607
22.420  10.000  20.400  400.980
22.430  10.000  18.559  392.890
22.440  10.000  13.741  386.345
22.450  10.000  12.667  380.045
22.460  10.000  11.157  373.197
22.470  10.000  10.513  367.186
22.480  10.000  9.886  361.910
22.490  10.000  9.574  356.720
22.500  10.000  9.331  351.594
22.510  10.000  9.195  346.620
22.520  10.000  8.993  341.706
22.530  10.000  8.990  336.849
22.540  10.000  9.061  332.054
22.550  10.000  9.253  326.981
22.560  10.000  9.296  321.498
22.570  10.000  9.407  316.387
22.580  10.000  9.464  311.907
22.590  10.000  9.613  307.459
22.600  10.000  9.748  302.484
22.610  10.000  9.782  297.514
22.620  10.000  9.781  293.102
22.630  10.000  9.760  288.542
22.640  10.000  9.802  283.994
22.650  10.000  9.712  279.766
22.660  10.000  9.708  275.434
22.670  10.000  9.677  270.965
22.680  10.000  9.696  266.707
22.690  10.000  9.627  262.465
22.700  10.000  9.621  258.294
22.710  10.000  9.503  254.128
22.720  10.000  9.447  249.858
22.730  10.000  9.445  245.700
22.740  10.000  9.458  241.682
22.750  10.000  9.482  237.765
22.760  10.000  9.628  233.884
22.770  10.000  9.817  230.313
22.780  10.000  10.049  226.803
22.790  10.000  10.122  223.150
22.800  10.000  10.094  219.633
22.810  10.000  10.057  216.187
22.820  10.000  9.930  212.629
22.830  10.000  9.937  208.819
22.840  10.000  9.771  205.000
22.850  10.000  9.761  201.436
22.860  10.000  9.807  197.743
22.870  10.000  9.850  194.108
22.880  10.000  9.960  190.695
22.890  10.000  9.971  187.203
22.900  10.000  9.875  183.859
22.910  10.000  9.893  180.604
22.920  10.000  9.898  177.268
22.930  10.000  9.895  174.042
22.940  10.000  9.919  170.871
22.950  10.000  9.933  167.770
22.960  10.000  9.997  164.582
22.970  10.000  9.904  161.536
22.980  10.000  9.898  158.509
22.990  10.000  9.828  155.338
23.000  10.000  9.774  152.477
23.010  10.000  9.913  149.652
23.020  10.000  9.992  146.602
23.030  10.000  9.938  143.582
23.040  10.000  9.844  140.810
23.050  10.000  9.755  138.023
23.060  10.000  9.825  135.270
23.070  10.000  9.682  132.540
23.080  10.000  9.709  129.727
23.090  10.000  9.743  126.975
23.100  10.000  9.682  124.442
23.110  10.000  9.666  121.978
23.120  10.000  9.737  119.316
23.130  10.000  9.483  116.662
23.140  10.000  9.681  114.252
23.150  10.000  9.837  112.152
23.160  10.000  10.071  110.152
23.170  10.000  10.135  108.044
23.180  10.000  10.047  105.805
23.190  10.000  9.918  103.404
23.200  10.000  10.038  101.097
23.210  10.000  9.920  98.864
23.220  10.000  9.911  96.598
23.230  10.000  9.946  94.438
23.240  10.000  9.703  92.403
23.250  10.000  9.776  90.371
23.260  10.000  9.926  88.393
23.270  10.000  9.985  86.541
23.280  10.000  9.974  84.670
23.290  10.000  10.002  82.893
23.300  10.000  9.970  81.087
23.310  10.000  10.109  79.318
23.320  10.000  10.035  77.578
23.330  10.000  9.928  75.700
23.340  10.000  9.853  73.831
23.350  10.000  9.939  72.025
23.360  10.000  9.827  70.385
23.370  10.000  9.871  68.830
23.380  10.000  9.998  67.263
23.390  10.000  9.873  65.786
23.400  10.000  9.824  64.379
23.410  10.000  10.019  62.855
23.420  10.000  10.106  61.376
23.430  10.000  9.976  59.933
23.440  10.000  10.044  58.417
23.450  10.000  9.913  57.049
23.460  10.000  9.864  55.669
23.470  10.000  9.949  54.229
23.480  10.000  9.740  52.847
23.490  10.000  9.873  51.514
23.500  10.000  10.006  50.238
23.510  10.000  9.945  49.058
23.520  10.000  10.195  47.763
23.530  10.000  9.851  46.393
23.540  10.000  9.883  45.146
23.550  10.000  9.759  44.092
23.560  10.000  9.913  43.122
23.570  10.000  10.052  42.011
23.580  10.000  10.019  40.928
23.590  10.000  9.853  39.930
23.600  10.000  10.012  38.870
23.610  10.000  9.808  37.967
23.620  10.000  9.805  37.196
23.630  10.000  9.846  36.197
23.640  10.000  9.852  35.050
23.650  10.000  9.947  33.943
23.660  10.000  9.926  32.888
23.670  10.000  9.781  31.928
23.680  10.000  9.749  31.044
23.690  10.000  9.727  30.095
23.700  10.000  9.713  29.109
23.710  10.000  9.716  28.186
23.720  10.000  9.871  27.356
23.730  10.000  9.746  26.783
23.740  10.000  9.891  26.228
23.750  10.000  10.006  25.485
23.760  10.000  10.236  24.788
23.770  10.000  9.968  24.208
23.780  10.000  9.827  23.755
23.790  10.000  9.977  23.228
23.800  10.000  9.939  22.680
23.810  10.000  10.047  22.299
23.820  10.000  9.866  21.911
23.830  10.000  9.907  21.523
23.840  10.000  9.982  21.211
23.850  10.000  9.952  20.846
23.860  10.000  9.910  20.484
23.870  10.000  9.983  20.215
23.880  10.000  10.038  19.979
23.890  10.000  9.969  19.751
23.900  10.000  9.965  19.530
23.910  10.000  9.855  19.380
23.920  10.000  9.942  19.272
23.930  10.000  9.870  19.210
23.940  10.000  10.145  19.120
23.950  10.000  10.345  18.846
23.960  10.000  9.904  18.717
23.970  10.000  9.696  18.710
23.980  10.000  9.962  18.533
23.990  10.000  10.101  18.364
24.000  10.000  10.029  18.318
24.010  10.000  10.078  18.184
24.020  10.000  9.973  18.021
24.030  10.000  9.856  18.036
24.040  10.000  9.840  18.238
24.050  10.000  10.056  18.418
24.060  10.000  10.095  18.502
24.070  10.000  10.058  18.683
24.080  10.000  9.893  18.929
24.090  10.000  9.755  19.148
24.100  10.000  9.963  19.282
24.110  10.000  10.210  19.357
24.120  10.000  10.024  19.483
24.130  10.000  9.964  19.516
24.140  10.000  10.001  19.475
24.150  10.000  9.905  19.522
24.160  10.000  10.072  19.510
24.170  10.000  10.165  19.486
24.180  10.000  9.953  19.537
24.190  10.000  10.139  19.491
24.200  10.000  10.244  19.342
24.210  10.000  9.914  19.287
24.220  10.000  10.128  19.224
24.230  10.000  10.196  18.953
24.240  10.000  10.139  18.624
24.250  10.000  9.669  18.347
24.260  10.000  9.918  18.001
24.270  10.000  9.870  17.658
24.280  10.000  10.068  17.531
24.290  10.000  9.975  17.504
24.300  10.000  10.102  17.285
24.310  10.000  9.921  16.984
24.320  10.000  9.951  16.852
24.330  10.000  9.769  16.875
24.340  10.000  10.172  16.850
24.350  10.000  10.004  16.834
24.360  10.000  9.855  16.974
24.370  10.000  10.012  17.128
24.380  10.000  10.045  17.115
24.390  10.000  10.004  17.067
24.400  10.000  10.076  17.069
24.410  10.000  9.876  17.016
24.420  10.000  10.014  17.002
24.430  10.000  9.982  16.893
24.440  10.000  9.836  16.808
24.450  10.000  10.159  16.937
24.460  10.000  9.826  17.096
24.470  10.000  9.935  17.278
24.480  10.000  10.058  17.453
24.490  10.000  10.076  17.646
24.500  10.000  10.166  17.828
24.510  10.000  9.692  17.941
24.520  10.000  9.934  18.244
24.530  10.000  9.971  18.573
24.540  10.000  10.526  18.562
24.550  10.000  10.129  18.485
24.560  10.000  9.825  18.497
24.570  10.000  9.679  18.418
24.580  10.000  10.071  18.325
24.590  10.000  10.511  18.143
24.600  10.000  10.262  17.989
24.610  10.000  9.724  17.872
24.620  10.000  9.456  17.668
24.630  10.000  9.961  17.464
24.640  10.000  10.443  17.282
24.650  10.000  10.195  17.120
24.660  10.000  9.817  16.991
24.670  10.000  9.512  17.018
24.680  10.000  10.008  17.233
24.690  10.000  10.208  17.420
24.700  10.000  10.276  17.508
24.710  10.000  9.966  17.397
24.720  10.000  9.768  17.263
24.730  10.000  9.868  17.273
24.740  10.000  10.084  17.408
24.750  10.000  10.263  17.528
24.760  10.000  10.010  17.295
24.770  10.000  9.884  17.063
24.780  10.000  9.788  17.120
24.790  10.000  10.192  17.179
24.800  10.000  10.114  17.156
24.810  10.000  9.856  17.129
24.820  10.000  9.701  17.019
24.830  10.000  10.289  16.917
24.840  10.000  10.194  16.992
24.850  10.000  9.821  17.277
24.860  10.000  9.685  17.805
24.870  10.000  10.035  18.337
24.880  10.000  10.304  18.536
24.890  10.000  10.130  18.414
24.900  10.000  9.862  18.336
24.910  10.000  9.775  18.393
24.920  10.000  10.137  18.339
24.930  10.000  10.204  18.247
24.940  10.000  10.045  18.237
24.950  10.000  9.881  18.185
24.960  10.000  9.821  18.242
24.970  10.000  9.848  18.347
24.980  10.000  10.210  18.274
24.990  10.000  10.225  18.137
25.000  10.000  9.784  18.090
25.010  10.000  9.965  18.061
25.020  10.000  10.002  17.980
25.030  10.000  9.952  17.975
25.040  10.000  10.081  17.880
25.050  10.000  10.049  17.892
25.060  10.000  9.849  17.906
25.070  10.000  9.886  17.731
25.080  10.000  10.217  17.554
25.090  10.000  10.150  17.368
25.100  10.000  9.887  17.240
25.110  10.000  9.948  17.178
25.120  10.000  9.939  17.244
25.130  10.000  10.205  17.333
25.140  10.000  9.829  17.203
25.150  10.000  10.147  16.972
25.160  10.000  9.931  16.850
25.170  10.000  10.034  16.806
25.180  10.000  10.065  16.558
25.190  10.000  9.949  16.377
25.200  10.000  10.039  16.346
25.210  10.000  9.969  16.227
25.220  10.000  10.037  16.251
25.230  10.000  10.034  16.301
25.240  10.000  9.771  16.339
25.250  10.000  10.243  16.336
25.260  10.000  9.923  16.311
25.270  10.000  9.840  16.416
25.280  10.000  9.731  16.512
25.290  10.000  10.201  16.535
25.300  10.000  10.154  16.513
25.310  10.000  10.135  16.499
25.320  10.000  9.744  16.426
25.330  10.000  9.943  16.382
25.340  10.000  10.083  16.526
25.350  10.000  10.041  16.592
25.360  10.000  10.083  16.441
25.370  10.000  10.069  16.301
25.380  10.000  10.028  16.238
25.390  10.000  9.800  16.328
25.400  10.000  10.094  16.399
25.410  10.000  9.870  16.281
25.420  10.000  10.090  16.149
25.430  10.000  10.000  15.954
25.440  10.000  10.070  15.832
25.450  10.000  9.895  15.895
25.460  10.000  10.187  15.955
25.470  10.000  9.980  15.850
25.480  10.000  10.030  15.641
25.490  10.000  9.947  15.398
25.500  10.000  9.857  15.393
25.510  10.000  9.970  15.562
25.520  10.000  10.216  15.662
25.530  10.000  10.077  15.705
25.540  10.000  9.817  15.586
25.550  10.000  9.906  15.501
25.560  10.000  9.908  15.540
25.570  10.000  10.065  15.619
25.580  10.000  10.080  15.708
25.590  10.000  9.810  15.977
25.600  10.000  9.846  16.335
25.610  10.000  10.087  16.544
25.620  10.000  10.165  16.677
25.630  10.000  10.104  16.785
25.640  10.000  10.000  16.758
25.650  10.000  9.914  16.882
25.660  10.000  10.221  17.163
25.670  10.000  10.051  17.194
25.680  10.000  9.967  16.940
25.690  10.000  9.931  16.617
25.700  10.000  10.054  16.531
25.710  10.000  9.896  16.580
25.720  10.000  9.954  16.632
25.730  10.000  9.934  16.671
25.740  10.000  9.880  16.779
25.750  10.000  10.178  16.890
25.760  10.000  10.230  16.860
25.770  10.000  9.883  16.786
25.780  10.000  9.815  16.804
25.790  10.000  9.998  16.990
25.800  10.000  9.946  17.223
25.810  10.000  10.125  17.410
25.820  10.000  9.782  17.653
25.830  10.000  9.858  17.768
25.840  10.000  10.070  17.777
25.850  10.000  10.231  17.811
25.860  10.000  10.089  17.861
25.870  10.000  10.024  17.946
25.880  10.000  9.888  18.059
25.890  10.000  9.917  18.138
25.900  10.000  10.324  18.029
25.910  10.000  10.027  17.909
25.920  10.000  9.983  17.765
25.930  10.000  10.081  17.513
25.940  10.000  9.831  17.396
25.950  10.000  9.884  17.303
25.960  10.000  10.179  17.225
25.970  10.000  10.091  17.219
25.980  10.000  9.861  17.195
25.990  10.000  9.857  17.100
26.000  10.000  10.063  16.814
26.010  10.000  10.088  16.577
26.020  10.000  10.089  16.415
26.030  10.000  9.836  16.297
26.040  10.000  9.833  16.342
26.050  10.000  10.014  16.350
26.060  10.000  10.193  16.220
26.070  10.000  10.086  16.086
26.080  10.000  9.818  16.018
26.090  10.000  9.775  16.139
26.100  10.000  9.966  16.323
26.110  10.000  10.148  16.437
26.120  10.000  10.112  16.580
26.130  10.000  9.858  16.721
26.140  10.000  9.888  16.834
26.150  10.000  9.975  17.066
26.160  10.000  9.938  17.433
26.170  10.000  10.089  17.857
26.180  10.000  9.972  18.277
26.190  10.000  9.800  18.657
26.200  10.000  10.047  18.990
26.210  10.000  10.218  19.097
26.220  10.000  10.330  19.032
26.230  10.000  10.008  18.919
26.240  10.000  9.850  18.887
26.250  10.000  9.901  19.042
26.260  10.000  10.200  19.233
26.270  10.000  10.152  19.260
26.280  10.000  10.210  19.153
26.290  10.000  9.946  19.039
26.300  10.000  9.898  18.836
26.310  10.000  10.052  18.576
26.320  10.000  9.985  18.355
26.330  10.000  10.050  18.174
26.340  10.000  10.005  17.867
26.350  10.000  10.070  17.519
26.360  10.000  9.838  17.333
26.370  10.000  9.774  17.315
26.380  10.000  10.101  17.191
26.390  12.501  10.183  16.912
26.400  15.001  10.319  17.000
26.410  17.500  11.278  17.982
26.420  20.000  14.292  19.928
26.430  22.501  16.689  23.084
26.440  25.000  19.764  27.781
26.450  27.501  24.000  33.669
26.460  30.001  27.065  40.996
26.470  32.500  30.235  49.022
26.480  35.000  32.942  56.246
26.490  35.000  33.612  62.721
26.500  35.000  34.297  69.120
26.510  35.000  34.582  75.336
26.520  35.000  34.915  80.939
26.530  35.000  35.324  86.410
26.540  35.000  35.773  91.933
26.550  35.000  34.953  97.656
26.560  35.000  35.509  103.548
26.570  35.000  35.256  108.966
26.580  35.000  35.887  113.818
26.590  35.000  34.070  118.441
26.600  35.000  35.512  123.215
26.610  35.000  33.610  128.538
26.620  35.000  35.417  134.432
26.630  35.000  34.544  140.345
26.640  35.000  35.758  145.916
