# covent_pc_3
# Captured 2020-06-21 01:11:00.992449 by unknown user
# Built at revision 3df8cc3 (dirty)
time(sec)  pc_setpoint  pressure  volume
0.000  5.000  17.658  367.227
0.010  5.000  17.411  360.266
0.020  5.000  17.180  352.959
0.030  5.000  16.941  345.263
0.040  5.000  16.430  338.109
0.050  5.000  16.376  330.797
0.060  5.000  16.135  323.780
0.070  5.000  15.748  316.862
0.080  5.000  15.432  309.303
0.090  5.000  15.122  301.898
0.100  5.000  14.913  294.904
0.110  5.000  14.744  288.523
0.120  5.000  14.347  281.694
0.130  5.000  14.119  275.183
0.140  5.000  13.780  268.593
0.150  5.000  13.506  261.919
0.160  5.000  13.418  255.884
0.170  5.000  13.190  250.016
0.180  5.000  12.933  243.675
0.190  5.000  12.785  237.068
0.200  5.000  12.464  230.711
0.210  5.000  12.264  224.581
0.220  5.000  12.032  218.805
0.230  5.000  11.665  212.943
0.240  5.000  11.535  206.694
0.250  5.000  11.229  200.630
0.260  5.000  11.056  194.602
0.270  5.000  10.808  188.674
0.280  5.000  10.645  182.960
0.290  5.000  10.367  177.372
0.300  5.000  10.183  171.732
0.310  5.000  9.971  165.965
0.320  5.000  9.743  160.697
0.330  5.000  9.613  155.478
0.340  5.000  9.282  150.364
0.350  5.000  9.066  144.913
0.360  5.000  8.966  139.184
0.370  5.000  8.740  134.169
0.380  5.000  8.591  129.128
0.390  5.000  8.368  123.890
0.400  5.000  8.201  119.296
0.410  5.000  7.997  114.282
0.420  5.000  7.760  109.210
0.430  5.000  7.648  104.269
0.440  5.000  7.532  99.068
0.450  5.000  7.242  94.296
0.460  5.000  7.149  89.610
0.470  5.000  6.993  85.035
0.480  5.000  6.812  80.401
0.490  5.000  6.612  75.565
0.500  5.000  6.399  70.769
0.510  5.000  6.255  66.309
0.520  5.000  6.030  62.369
0.530  5.000  5.935  58.227
0.540  5.000  5.771  54.175
0.550  5.000  5.547  50.132
0.560  5.000  5.440  46.112
0.570  5.000  5.292  42.328
0.580  5.000  5.109  38.405
0.590  5.000  4.943  34.384
0.600  5.000  4.861  30.501
0.610  5.000  4.787  26.862
0.620  5.000  4.700  23.249
0.630  5.000  4.498  19.854
0.640  5.000  4.352  16.305
0.650  5.000  4.255  12.806
0.660  5.000  4.164  9.834
0.670  5.000  4.083  6.573
0.680  5.000  4.049  3.292
0.690  5.000  3.909  0.428
0.700  5.000  3.928  -2.275
0.710  5.000  3.799  -4.738
0.720  5.000  3.749  -6.923
0.730  5.000  3.742  -8.997
0.740  5.000  3.639  -11.099
0.750  5.000  3.554  -13.031
0.760  5.000  3.553  -14.717
0.770  5.000  3.833  -15.968
0.780  5.000  4.170  -16.861
0.790  5.000  4.009  -17.694
0.800  5.000  3.616  -18.254
0.810  5.000  3.452  -18.496
0.820  5.000  3.953  -18.297
0.830  5.000  4.656  -17.532
0.840  5.000  4.487  -16.638
0.850  5.000  3.984  -15.638
0.860  5.000  3.993  -14.331
0.870  5.000  4.142  -12.562
0.880  5.000  5.023  -10.385
0.890  5.000  5.303  -8.073
0.900  5.000  5.078  -5.831
0.910  5.000  4.646  -3.778
0.920  5.000  4.746  -1.735
0.930  5.000  5.286  0.457
0.940  5.000  5.784  2.569
0.950  5.000  5.299  4.369
0.960  5.000  4.757  6.083
0.970  5.000  4.881  7.832
0.980  5.000  5.591  9.286
0.990  5.000  5.840  10.394
1.000  5.000  5.667  11.193
1.010  5.000  5.018  11.953
1.020  5.000  5.433  12.766
1.030  5.000  5.547  13.578
1.040  5.000  5.630  14.370
1.050  5.000  5.525  14.983
1.060  5.000  5.613  15.476
1.070  5.000  5.319  15.745
1.080  5.000  5.306  15.787
1.090  5.000  5.424  15.625
1.100  5.000  5.497  15.261
1.110  5.000  5.368  14.610
1.120  5.000  5.238  13.945
1.130  5.000  5.090  13.133
1.140  5.000  5.170  12.179
1.150  5.000  5.268  11.171
1.160  5.000  5.237  10.037
1.170  5.000  5.067  8.884
1.180  5.000  5.001  7.835
1.190  5.000  4.885  6.798
1.200  5.000  4.918  5.761
1.210  5.000  4.924  4.704
1.220  5.000  4.798  3.432
1.230  5.000  4.691  2.449
1.240  5.000  4.652  1.526
1.250  5.000  4.576  0.633
1.260  5.000  4.593  -0.135
1.270  5.000  4.779  -0.794
1.280  5.000  4.708  -1.231
1.290  5.000  4.715  -1.502
1.300  5.000  4.744  -1.580
1.310  5.000  4.732  -1.632
1.320  5.000  4.889  -1.740
1.330  5.000  4.766  -1.870
1.340  5.000  4.746  -1.751
1.350  5.000  4.788  -1.504
1.360  5.000  4.984  -1.282
1.370  5.000  5.023  -1.066
1.380  5.000  4.830  -0.723
1.390  5.000  4.694  -0.128
1.400  5.000  5.022  0.430
1.410  5.000  5.053  0.798
1.420  5.000  4.940  1.234
1.430  5.000  4.968  1.777
1.440  5.000  5.218  2.258
1.450  5.000  4.967  2.882
1.460  5.000  5.042  3.766
1.470  5.000  5.143  4.589
1.480  5.000  5.050  5.332
1.490  5.000  5.190  5.977
1.500  5.000  5.057  6.467
1.510  5.000  5.226  6.831
1.520  5.000  5.217  6.905
1.530  5.000  5.235  6.967
1.540  5.000  5.190  7.235
1.550  5.000  5.074  7.501
1.560  5.000  5.242  7.527
1.570  5.000  5.190  7.265
1.580  5.000  5.123  6.975
1.590  5.000  5.036  6.582
1.600  5.000  5.037  6.056
1.610  5.000  5.167  5.623
1.620  5.000  5.014  5.097
1.630  5.000  4.987  4.609
1.640  5.000  5.030  4.197
1.650  5.000  5.051  3.720
1.660  5.000  4.926  3.354
1.670  5.000  4.906  2.866
1.680  5.000  4.915  2.340
1.690  5.000  4.963  2.032
1.700  5.000  4.935  1.536
1.710  5.000  4.853  0.852
1.720  5.000  4.979  0.407
1.730  5.000  4.917  0.341
1.740  5.000  4.759  0.320
1.750  5.000  4.692  0.311
1.760  5.000  4.870  0.466
1.770  5.000  4.956  0.755
1.780  5.000  4.875  1.057
1.790  5.000  4.816  1.256
1.800  5.000  4.730  1.578
1.810  5.000  5.008  1.996
1.820  5.000  5.057  2.476
1.830  5.000  4.988  3.079
1.840  5.000  4.725  3.742
1.850  7.501  4.901  4.252
1.860  10.000  5.171  4.654
1.870  12.500  5.970  5.700
1.880  15.000  8.080  7.744
1.890  17.500  11.086  11.208
1.900  20.000  10.527  17.045
1.910  22.501  12.584  25.160
1.920  25.000  14.552  34.890
1.930  27.500  14.261  46.766
1.940  30.000  15.478  58.858
1.950  30.000  15.556  70.336
1.960  30.000  16.765  81.208
1.970  30.000  16.042  91.520
1.980  30.000  17.773  101.947
1.990  30.000  17.344  111.997
2.000  30.000  17.715  122.616
2.010  30.000  18.062  134.499
2.020  30.000  19.150  145.993
2.030  30.000  19.106  155.647
2.040  30.000  19.286  164.816
2.050  30.000  20.345  174.213
2.060  30.000  20.717  183.598
2.070  30.000  20.715  192.725
2.080  30.000  20.665  202.448
2.090  30.000  21.417  212.116
2.100  30.000  21.447  221.409
2.110  30.000  21.658  231.201
2.120  30.000  22.597  240.567
2.130  30.000  22.758  249.375
2.140  30.000  23.198  257.956
2.150  30.000  23.761  266.201
2.160  30.000  24.049  274.599
2.170  30.000  23.414  283.212
2.180  30.000  24.701  291.590
2.190  30.000  24.293  299.851
2.200  30.000  25.169  307.902
2.210  30.000  25.893  315.591
2.220  30.000  25.516  323.431
2.230  30.000  26.306  331.320
2.240  30.000  27.038  338.653
2.250  30.000  27.395  345.958
2.260  30.000  26.669  353.777
2.270  30.000  27.826  361.017
2.280  30.000  27.961  367.744
2.290  30.000  27.696  375.222
2.300  30.000  28.642  382.766
2.310  30.000  28.239  389.772
2.320  30.000  29.433  396.363
2.330  30.000  29.237  403.043
2.340  30.000  29.740  410.072
2.350  30.000  30.104  416.769
2.360  30.000  29.618  423.763
2.370  30.000  30.770  430.316
2.380  30.000  30.715  436.218
2.390  30.000  31.193  442.246
2.400  30.000  29.973  448.110
2.410  30.000  31.290  453.837
2.420  30.000  29.776  459.370
2.430  30.000  31.620  464.639
2.440  30.000  30.664  469.781
2.450  30.000  30.335  475.058
2.460  30.000  31.300  480.022
2.470  30.000  31.522  484.913
2.480  30.000  32.476  489.486
2.490  30.000  31.768  493.643
2.500  30.000  31.230  497.681
2.510  30.000  31.462  501.218
2.520  30.000  31.344  504.357
2.530  30.000  31.119  507.319
2.540  30.000  31.329  510.010
2.550  30.000  31.923  512.295
2.560  30.000  32.752  514.044
2.570  30.000  31.039  515.440
2.580  30.000  29.945  516.470
2.590  30.000  29.759  516.774
2.600  30.000  29.819  516.113
2.610  30.000  29.326  514.334
2.620  30.000  29.420  511.769
2.630  30.000  30.016  508.959
2.640  30.000  30.674  506.120
2.650  30.000  30.024  503.317
2.660  30.000  29.606  500.411
2.670  30.000  29.261  497.418
2.680  30.000  29.713  494.675
2.690  30.000  29.594  492.370
2.700  30.000  29.443  490.338
2.710  30.000  29.643  488.184
2.720  30.000  29.174  486.057
2.730  30.000  29.220  484.281
2.740  30.000  29.101  482.763
2.750  30.000  29.572  481.585
2.760  30.000  29.739  480.695
2.770  30.000  29.288  479.807
2.780  30.000  29.380  479.001
2.790  30.000  28.755  478.528
2.800  30.000  29.542  478.299
2.810  30.000  30.364  478.277
2.820  30.000  30.273  478.360
2.830  30.000  29.039  478.653
2.840  30.000  28.989  479.348
2.850  5.000  29.484  480.261
2.860  5.000  29.559  481.030
2.870  5.000  26.183  480.766
2.880  5.000  22.028  477.534
2.890  5.000  18.816  471.855
2.900  5.000  19.779  464.467
2.910  5.000  21.381  456.216
2.920  5.000  21.167  448.559
2.930  5.000  21.169  440.324
2.940  5.000  20.459  432.006
2.950  5.000  19.830  424.492
2.960  5.000  19.364  417.041
2.970  5.000  19.042  409.732
2.980  5.000  18.750  402.261
2.990  5.000  18.555  394.763
3.000  5.000  17.996  387.262
3.010  5.000  17.819  379.799
3.020  5.000  17.698  372.121
3.030  5.000  17.319  364.251
3.040  5.000  16.933  356.685
3.050  5.000  16.534  349.481
3.060  5.000  16.418  342.359
3.070  5.000  16.162  334.702
3.080  5.000  15.865  327.853
3.090  5.000  15.441  321.051
3.100  5.000  15.164  313.394
3.110  5.000  15.045  306.316
3.120  5.000  14.677  299.831
3.130  5.000  14.290  293.068
3.140  5.000  14.227  286.088
3.150  5.000  13.874  278.926
3.160  5.000  13.695  272.194
3.170  5.000  13.461  265.766
3.180  5.000  13.122  259.245
3.190  5.000  12.924  253.314
3.200  5.000  12.732  247.812
3.210  5.000  12.553  241.536
3.220  5.000  12.354  235.191
3.230  5.000  12.106  229.372
3.240  5.000  11.793  223.551
3.250  5.000  11.750  217.433
3.260  5.000  11.510  210.856
3.270  5.000  11.231  204.836
3.280  5.000  10.941  198.855
3.290  5.000  10.766  193.022
3.300  5.000  10.505  187.141
3.310  5.000  10.293  181.123
3.320  5.000  10.013  175.822
3.330  5.000  9.815  170.273
3.340  5.000  9.647  165.007
3.350  5.000  9.425  159.750
3.360  5.000  9.154  154.345
3.370  5.000  9.038  149.069
3.380  5.000  8.828  143.355
3.390  5.000  8.711  138.233
3.400  5.000  8.431  133.187
3.410  5.000  8.146  128.123
3.420  5.000  8.064  123.492
3.430  5.000  7.851  118.857
3.440  5.000  7.777  114.230
3.450  5.000  7.474  109.745
3.460  5.000  7.249  104.881
3.470  5.000  7.166  99.704
3.480  5.000  6.980  95.038
3.490  5.000  6.759  90.696
3.500  5.000  6.574  86.461
3.510  5.000  6.432  82.301
3.520  5.000  6.245  78.000
3.530  5.000  6.057  73.752
3.540  5.000  5.955  69.467
3.550  5.000  5.830  64.873
3.560  5.000  5.649  60.602
3.570  5.000  5.458  56.665
3.580  5.000  5.400  52.529
3.590  5.000  5.217  48.651
3.600  5.000  5.101  44.719
3.610  5.000  4.938  40.482
3.620  5.000  4.768  36.392
3.630  5.000  4.653  32.641
3.640  5.000  4.549  29.349
3.650  5.000  4.383  25.967
3.660  5.000  4.266  22.608
3.670  5.000  4.268  19.465
3.680  5.000  4.191  16.432
3.690  5.000  4.082  13.570
3.700  5.000  4.006  10.676
3.710  5.000  3.924  7.942
3.720  5.000  3.850  5.363
3.730  5.000  3.808  2.880
3.740  5.000  3.744  0.660
3.750  5.000  3.649  -1.458
3.760  5.000  3.660  -3.541
3.770  5.000  3.507  -5.334
3.780  5.000  3.688  -6.710
3.790  5.000  4.048  -7.886
3.800  5.000  4.380  -8.732
3.810  5.000  3.862  -9.416
3.820  5.000  3.566  -10.163
3.830  5.000  3.594  -10.411
3.840  5.000  4.232  -9.752
3.850  5.000  4.723  -8.643
3.860  5.000  4.390  -7.610
3.870  5.000  4.053  -6.625
3.880  5.000  3.934  -5.567
3.890  5.000  4.315  -4.177
3.900  5.000  4.936  -2.292
3.910  5.000  5.456  -0.352
3.920  5.000  4.956  1.431
3.930  5.000  4.450  3.366
3.940  5.000  5.003  5.376
3.950  5.000  5.299  7.283
3.960  5.000  5.681  9.048
3.970  5.000  5.285  10.659
3.980  5.000  4.860  11.999
3.990  5.000  5.220  13.118
4.000  5.000  5.408  14.243
4.010  5.000  5.581  15.397
4.020  5.000  5.462  16.449
4.030  5.000  5.350  17.337
4.040  5.000  5.506  18.040
4.050  5.000  5.738  18.570
4.060  5.000  5.826  19.122
4.070  5.000  5.448  19.478
4.080  5.000  5.435  19.448
4.090  5.000  5.270  19.307
4.100  5.000  5.170  19.211
4.110  5.000  5.449  18.778
4.120  5.000  5.514  17.929
4.130  5.000  5.493  16.769
4.140  5.000  5.145  15.517
4.150  5.000  5.112  14.410
4.160  5.000  5.144  13.377
4.170  5.000  5.221  12.296
4.180  5.000  5.193  11.291
4.190  5.000  4.987  10.310
4.200  5.000  4.964  9.304
4.210  5.000  4.773  8.316
4.220  5.000  4.824  7.247
4.230  5.000  4.863  6.162
4.240  5.000  4.796  4.968
4.250  5.000  4.683  3.745
4.260  5.000  4.596  2.725
4.270  5.000  4.761  1.809
4.280  5.000  4.750  1.033
4.290  5.000  4.687  0.366
4.300  5.000  4.533  -0.183
4.310  5.000  4.545  -0.524
4.320  5.000  4.951  -0.766
4.330  5.000  4.814  -0.764
4.340  5.000  4.725  -0.617
4.350  5.000  4.536  -0.469
4.360  5.000  4.729  -0.210
4.370  5.000  4.978  0.266
4.380  5.000  5.030  0.831
4.390  5.000  4.895  1.303
4.400  5.000  4.647  1.879
4.410  5.000  4.907  2.571
4.420  5.000  4.938  3.077
4.430  5.000  5.022  3.459
4.440  5.000  4.944  3.900
4.450  5.000  5.147  4.328
4.460  5.000  5.160  4.803
4.470  5.000  5.170  5.531
4.480  5.000  5.232  6.269
4.490  5.000  5.101  7.028
4.500  5.000  5.351  7.621
4.510  5.000  5.158  7.920
4.520  5.000  5.205  8.199
4.530  5.000  4.970  8.530
4.540  5.000  5.229  8.687
4.550  5.000  5.434  8.560
4.560  5.000  5.241  8.389
4.570  5.000  5.055  8.148
4.580  5.000  4.905  7.899
4.590  5.000  5.192  7.607
4.600  5.000  5.360  7.108
4.610  5.000  5.193  6.427
4.620  5.000  4.899  5.828
4.630  5.000  4.906  5.207
4.640  5.000  5.027  4.573
4.650  5.000  5.062  4.047
4.660  5.000  5.026  3.539
4.670  5.000  4.869  3.116
4.680  5.000  4.838  2.698
4.690  5.000  4.914  2.270
4.700  5.000  5.119  1.629
4.710  5.000  4.898  1.014
4.720  5.000  4.845  0.690
4.730  5.000  4.682  0.327
4.740  5.000  4.862  -0.089
4.750  5.000  5.038  -0.435
4.760  5.000  5.037  -0.745
4.770  5.000  4.863  -0.909
4.780  5.000  4.702  -0.888
4.790  5.000  4.910  -0.994
4.800  5.000  4.883  -1.048
4.810  5.000  4.846  -0.776
4.820  5.000  4.795  -0.518
4.830  5.000  4.919  -0.259
4.840  5.000  5.007  -0.050
4.850  5.000  4.871  0.227
4.860  7.500  4.786  0.687
4.870  10.001  5.053  1.283
4.880  12.500  5.864  2.555
4.890  15.001  8.144  4.704
4.900  17.500  10.684  8.260
4.910  20.000  11.104  13.971
4.920  22.500  12.124  23.101
4.930  25.000  15.287  33.845
4.940  27.500  15.736  44.032
4.950  30.000  15.158  55.220
4.960  30.000  15.318  67.227
4.970  30.000  16.341  78.579
4.980  30.000  16.308  89.969
4.990  30.000  16.824  101.325
5.000  30.000  17.694  112.551
5.010  30.000  18.380  123.224
5.020  30.000  18.443  133.028
5.030  30.000  18.978  142.826
5.040  30.000  19.660  151.722
5.050  30.000  19.710  160.740
5.060  30.000  20.457  170.064
5.070  30.000  19.558  179.846
5.080  30.000  20.399  189.866
5.090  30.000  21.224  199.306
5.100  30.000  20.569  210.121
5.110  30.000  21.902  220.557
5.120  30.000  22.732  229.044
5.130  30.000  22.817  237.550
5.140  30.000  22.254  246.520
5.150  30.000  23.204  255.223
5.160  30.000  23.173  264.232
5.170  30.000  23.677  273.676
5.180  30.000  24.252  282.579
5.190  30.000  24.787  290.824
5.200  30.000  25.132  298.500
5.210  30.000  25.265  305.995
5.220  30.000  26.100  313.484
5.230  30.000  26.441  321.368
5.240  30.000  26.169  329.351
5.250  30.000  26.191  337.313
5.260  30.000  26.238  345.450
5.270  30.000  27.331  353.131
5.280  30.000  27.411  360.451
5.290  30.000  28.056  367.436
5.300  30.000  28.096  374.402
5.310  30.000  27.949  381.804
5.320  30.000  29.310  388.704
5.330  30.000  29.427  395.128
5.340  30.000  30.147  401.440
5.350  30.000  29.439  407.743
5.360  30.000  29.096  414.763
5.370  30.000  30.274  421.825
5.380  30.000  30.309  428.408
5.390  30.000  31.344  434.657
5.400  30.000  30.151  441.028
5.410  30.000  30.448  447.445
5.420  30.000  30.984  453.496
5.430  30.000  30.445  459.566
5.440  30.000  30.582  465.315
5.450  30.000  30.586  470.554
5.460  30.000  31.417  475.340
5.470  30.000  31.321  479.782
5.480  30.000  32.260  484.231
5.490  30.000  32.076  488.711
5.500  30.000  31.442  493.159
5.510  30.000  32.084  497.031
5.520  30.000  31.293  500.329
5.530  30.000  31.386  503.364
5.540  30.000  31.128  506.185
5.550  30.000  31.880  508.717
5.560  30.000  31.870  511.005
5.570  30.000  31.356  513.005
5.580  30.000  30.979  514.441
5.590  30.000  30.145  515.432
5.600  30.000  30.492  515.679
5.610  30.000  29.841  515.088
5.620  30.000  28.692  513.543
5.630  30.000  29.212  510.965
5.640  30.000  29.936  507.990
5.650  30.000  30.579  505.044
5.660  30.000  30.086  502.130
5.670  30.000  29.447  499.228
5.680  30.000  29.024  496.374
5.690  30.000  29.750  493.723
5.700  30.000  29.696  491.300
5.710  30.000  29.832  489.121
5.720  30.000  29.263  487.191
5.730  30.000  29.142  485.348
5.740  30.000  29.015  483.538
5.750  30.000  29.460  481.901
5.760  30.000  30.125  480.526
5.770  30.000  29.500  479.541
5.780  30.000  29.105  478.878
5.790  30.000  28.757  478.282
5.800  30.000  29.229  477.846
5.810  30.000  30.064  477.766
5.820  30.000  30.280  477.997
5.830  30.000  29.755  478.319
5.840  30.000  29.038  478.729
5.850  30.000  29.268  479.418
5.860  5.000  29.275  480.526
5.870  5.000  29.607  481.371
5.880  5.000  26.279  480.871
5.890  5.000  21.605  477.635
5.900  5.000  19.053  471.976
5.910  5.000  19.752  464.835
5.920  5.000  21.412  456.437
5.930  5.000  21.393  448.201
5.940  5.000  21.341  440.687
5.950  5.000  20.270  432.750
5.960  5.000  19.908  423.975
5.970  5.000  19.627  415.852
5.980  5.000  19.238  408.039
5.990  5.000  18.815  400.284
6.000  5.000  18.383  393.117
6.010  5.000  18.282  385.615
6.020  5.000  17.943  377.747
6.030  5.000  17.473  370.020
6.040  5.000  17.324  362.169
6.050  5.000  16.982  354.725
6.060  5.000  16.623  347.834
6.070  5.000  16.524  341.013
6.080  5.000  16.032  334.205
6.090  5.000  15.947  327.386
6.100  5.000  15.446  320.874
6.110  5.000  15.256  313.761
6.120  5.000  14.943  306.614
6.130  5.000  14.846  299.640
6.140  5.000  14.423  292.969
6.150  5.000  14.056  286.295
6.160  5.000  14.044  278.943
6.170  5.000  13.712  272.152
6.180  5.000  13.465  265.280
6.190  5.000  13.227  258.548
6.200  5.000  13.010  252.526
6.210  5.000  12.797  246.106
6.220  5.000  12.550  239.795
6.230  5.000  12.262  233.489
6.240  5.000  12.062  226.778
6.250  5.000  11.904  220.083
6.260  5.000  11.619  213.806
6.270  5.000  11.460  207.656
6.280  5.000  11.048  201.749
6.290  5.000  10.898  196.034
6.300  5.000  10.744  189.761
6.310  5.000  10.418  183.800
6.320  5.000  10.221  177.760
6.330  5.000  10.078  172.078
6.340  5.000  9.789  166.889
6.350  5.000  9.578  161.054
6.360  5.000  9.386  155.571
6.370  5.000  9.251  150.395
6.380  5.000  8.975  144.677
6.390  5.000  8.831  139.455
6.400  5.000  8.657  134.463
6.410  5.000  8.417  128.880
6.420  5.000  8.238  123.844
6.430  5.000  8.068  118.935
6.440  5.000  7.936  113.581
6.450  5.000  7.762  108.617
6.460  5.000  7.550  103.869
6.470  5.000  7.333  99.193
6.480  5.000  7.135  94.624
6.490  5.000  6.928  89.941
6.500  5.000  6.760  85.143
6.510  5.000  6.620  80.672
6.520  5.000  6.494  76.198
6.530  5.000  6.339  71.483
6.540  5.000  6.115  66.776
6.550  5.000  5.920  62.601
6.560  5.000  5.880  58.529
6.570  5.000  5.601  54.393
6.580  5.000  5.440  50.283
6.590  5.000  5.347  45.841
6.600  5.000  5.218  41.419
6.610  5.000  5.083  37.403
6.620  5.000  4.931  33.874
6.630  5.000  4.761  30.316
6.640  5.000  4.623  26.445
6.650  5.000  4.510  22.514
6.660  5.000  4.439  19.091
6.670  5.000  4.224  15.641
6.680  5.000  4.184  12.223
6.690  5.000  4.136  9.071
6.700  5.000  4.055  6.035
6.710  5.000  3.992  3.165
6.720  5.000  3.930  0.309
6.730  5.000  3.860  -2.303
6.740  5.000  3.784  -4.679
6.750  5.000  3.767  -6.902
6.760  5.000  3.667  -9.047
6.770  5.000  3.588  -11.112
6.780  5.000  3.565  -12.939
6.790  5.000  3.791  -14.330
6.800  5.000  4.062  -15.206
6.810  5.000  4.401  -15.985
6.820  5.000  3.830  -16.568
6.830  5.000  3.437  -16.878
6.840  5.000  3.624  -16.696
6.850  5.000  4.270  -15.836
6.860  5.000  4.789  -14.818
6.870  5.000  4.211  -13.842
6.880  5.000  3.844  -12.630
6.890  5.000  3.670  -10.825
6.900  5.000  4.521  -8.730
6.910  5.000  5.546  -6.486
6.920  5.000  5.455  -4.018
6.930  5.000  4.684  -1.732
6.940  5.000  4.361  0.270
6.950  5.000  5.167  2.267
6.960  5.000  5.706  4.275
6.970  5.000  5.854  6.278
6.980  5.000  4.826  8.205
6.990  5.000  4.684  9.849
7.000  5.000  5.133  11.392
7.010  5.000  5.869  12.885
7.020  5.000  5.782  14.119
7.030  5.000  5.180  15.056
7.040  5.000  5.098  15.880
7.050  5.000  5.365  16.665
7.060  5.000  5.663  17.318
7.070  5.000  5.879  17.775
7.080  5.000  5.735  18.109
7.090  5.000  5.610  18.273
7.100  5.000  5.095  18.122
7.110  5.000  5.185  17.785
7.120  5.000  5.558  17.175
7.130  5.000  5.602  16.221
7.140  5.000  5.378  15.041
7.150  5.000  5.103  13.707
7.160  5.000  5.130  12.292
7.170  5.000  5.241  11.051
7.180  5.000  5.281  9.917
7.190  5.000  5.101  8.751
7.200  5.000  5.057  7.495
7.210  5.000  4.910  6.298
7.220  5.000  4.764  5.481
7.230  5.000  4.798  4.692
7.240  5.000  4.785  3.737
7.250  5.000  4.864  2.720
7.260  5.000  4.657  1.677
7.270  5.000  4.590  0.697
7.280  5.000  4.578  -0.231
7.290  5.000  4.584  -0.957
7.300  5.000  4.749  -1.518
7.310  5.000  4.680  -1.947
7.320  5.000  4.785  -2.382
7.330  5.000  4.859  -2.843
7.340  5.000  4.684  -2.876
7.350  5.000  4.787  -2.711
7.360  5.000  4.736  -2.499
7.370  5.000  4.769  -2.130
7.380  5.000  4.762  -1.768
7.390  5.000  4.916  -1.314
7.400  5.000  4.784  -0.741
7.410  5.000  4.898  -0.066
7.420  5.000  4.931  0.566
7.430  5.000  5.070  1.149
7.440  5.000  4.849  2.039
7.450  5.000  4.737  3.012
7.460  5.000  4.954  3.672
7.470  5.000  5.016  4.079
7.480  5.000  5.142  4.634
7.490  5.000  5.098  5.413
7.500  5.000  5.068  6.085
7.510  5.000  5.071  6.858
7.520  5.000  5.186  7.515
7.530  5.000  5.298  7.976
7.540  5.000  5.248  8.538
7.550  5.000  5.171  9.042
7.560  5.000  5.257  9.367
7.570  5.000  5.232  9.433
7.580  5.000  5.047  9.485
7.590  5.000  5.089  9.765
7.600  5.000  5.197  9.930
7.610  5.000  5.278  9.826
7.620  5.000  5.289  9.662
7.630  5.000  5.009  9.212
7.640  5.000  5.187  8.608
7.650  5.000  5.228  8.114
7.660  5.000  5.184  7.500
7.670  5.000  5.082  6.850
7.680  5.000  4.980  6.157
7.690  5.000  5.027  5.577
7.700  5.000  5.007  5.082
7.710  5.000  5.060  4.423
7.720  5.000  4.887  3.689
7.730  5.000  4.986  2.981
7.740  5.000  4.814  2.283
7.750  5.000  4.874  1.526
7.760  5.000  4.826  1.041
7.770  5.000  4.856  0.726
7.780  5.000  4.836  0.382
7.790  5.000  4.858  0.050
7.800  5.000  4.773  -0.236
7.810  5.000  4.843  -0.400
7.820  5.000  4.980  -0.528
7.830  5.000  4.905  -0.608
7.840  5.000  4.807  -0.563
7.850  5.000  4.699  -0.322
7.860  5.000  4.825  0.002
7.870  7.500  5.089  0.306
7.880  10.000  5.060  0.862
7.890  12.500  5.648  1.934
7.900  15.000  7.632  4.138
7.910  17.500  10.662  7.943
7.920  20.000  10.817  13.762
7.930  22.500  12.723  21.677
7.940  25.000  14.265  31.322
7.950  27.500  14.959  42.132
7.960  30.000  15.797  52.833
7.970  30.000  15.911  63.707
7.980  30.000  15.961  74.723
7.990  30.000  15.919  85.439
8.000  30.000  16.778  96.246
8.010  30.000  18.005  106.335
8.020  30.000  18.400  116.129
8.030  30.000  17.271  127.343
8.040  30.000  18.852  138.429
8.050  30.000  19.922  148.003
8.060  30.000  19.278  157.279
8.070  30.000  19.544  166.876
8.080  30.000  19.541  176.486
8.090  30.000  20.426  185.811
8.100  30.000  20.847  195.385
8.110  30.000  21.420  204.686
8.120  30.000  22.311  213.338
8.130  30.000  21.356  222.464
8.140  30.000  22.519  231.514
8.150  30.000  22.820  240.013
8.160  30.000  23.192  248.633
8.170  30.000  23.572  257.227
8.180  30.000  23.378  266.242
8.190  30.000  23.356  275.693
8.200  30.000  25.090  284.245
8.210  30.000  24.371  292.112
8.220  30.000  25.150  299.950
8.230  30.000  25.662  307.581
8.240  30.000  26.070  315.188
8.250  30.000  26.161  322.822
8.260  30.000  25.810  330.932
8.270  30.000  26.197  339.465
8.280  30.000  27.084  347.296
8.290  30.000  28.191  354.279
8.300  30.000  28.152  361.022
8.310  30.000  28.050  367.963
8.320  30.000  27.883  375.401
8.330  30.000  29.041  382.508
8.340  30.000  28.782  389.587
8.350  30.000  29.308  396.762
8.360  30.000  29.761  403.341
8.370  30.000  29.727  409.680
8.380  30.000  30.157  415.991
8.390  30.000  30.126  422.757
8.400  30.000  31.350  429.293
8.410  30.000  31.569  434.935
8.420  30.000  30.094  440.680
8.430  30.000  30.018  446.953
8.440  30.000  30.865  453.025
8.450  30.000  30.363  458.568
8.460  30.000  31.295  463.630
8.470  30.000  30.997  468.224
8.480  30.000  32.021  472.617
8.490  30.000  31.375  477.256
8.500  30.000  32.332  481.790
8.510  30.000  31.594  485.898
8.520  30.000  31.269  490.000
8.530  30.000  31.241  493.917
8.540  30.000  31.269  497.081
8.550  30.000  31.766  499.584
8.560  30.000  31.843  501.935
8.570  30.000  31.372  503.965
8.580  30.000  30.962  505.633
8.590  30.000  30.734  506.942
8.600  30.000  29.884  507.472
8.610  30.000  29.623  507.172
8.620  30.000  29.293  505.913
8.630  30.000  29.270  503.870
8.640  30.000  30.233  501.373
8.650  30.000  30.651  498.751
8.660  30.000  30.357  496.177
8.670  30.000  29.828  493.495
8.680  30.000  29.337  490.902
8.690  30.000  29.957  488.307
8.700  30.000  29.941  485.730
8.710  30.000  29.853  483.453
8.720  30.000  29.454  481.326
8.730  30.000  29.345  479.306
8.740  30.000  28.887  477.484
8.750  30.000  29.361  475.799
8.760  30.000  29.748  474.341
8.770  30.000  29.578  473.098
8.780  30.000  29.402  472.013
8.790  30.000  28.825  471.287
8.800  30.000  28.953  470.725
8.810  30.000  29.374  470.259
8.820  30.000  30.029  470.248
8.830  30.000  30.070  470.634
8.840  30.000  29.223  471.217
8.850  30.000  29.355  471.944
8.860  30.000  29.591  472.865
8.870  5.000  30.298  473.766
8.880  5.000  29.347  474.508
8.890  5.000  26.229  474.409
8.900  5.000  22.082  471.228
8.910  5.000  18.921  465.659
8.920  5.000  19.748  458.043
8.930  5.000  21.179  449.600
8.940  5.000  21.511  441.986
8.950  5.000  21.293  433.481
8.960  5.000  20.425  425.158
8.970  5.000  19.689  417.060
8.980  5.000  19.364  409.206
8.990  5.000  19.434  401.526
9.000  5.000  19.243  393.316
9.010  5.000  19.068  385.583
9.020  5.000  18.456  377.754
9.030  5.000  18.143  370.118
9.040  5.000  17.622  363.156
9.050  5.000  17.327  355.673
9.060  5.000  16.825  348.020
9.070  5.000  16.712  340.943
9.080  5.000  16.397  334.089
9.090  5.000  16.121  326.911
9.100  5.000  15.852  320.168
9.110  5.000  15.325  313.199
9.120  5.000  15.050  306.059
9.130  5.000  14.987  299.348
9.140  5.000  14.659  292.664
9.150  5.000  14.365  286.295
9.160  5.000  14.111  279.847
9.170  5.000  14.024  273.386
9.180  5.000  13.694  266.432
9.190  5.000  13.420  259.780
9.200  5.000  13.335  253.304
9.210  5.000  12.845  247.034
9.220  5.000  12.664  240.675
9.230  5.000  12.477  234.242
9.240  5.000  12.238  227.860
9.250  5.000  12.124  221.463
9.260  5.000  11.737  215.680
9.270  5.000  11.516  209.893
9.280  5.000  11.169  204.207
9.290  5.000  11.036  198.142
9.300  5.000  10.790  192.330
9.310  5.000  10.602  187.094
9.320  5.000  10.481  181.370
9.330  5.000  10.225  175.251
9.340  5.000  10.025  169.616
9.350  5.000  9.865  164.364
9.360  5.000  9.594  158.772
9.370  5.000  9.390  153.400
9.380  5.000  9.223  148.577
9.390  5.000  9.093  143.743
9.400  5.000  8.756  138.837
9.410  5.000  8.601  133.600
9.420  5.000  8.419  128.084
9.430  5.000  8.259  122.609
9.440  5.000  8.065  117.671
9.450  5.000  7.878  113.176
9.460  5.000  7.692  108.169
9.470  5.000  7.537  103.197
9.480  5.000  7.340  98.432
9.490  5.000  7.192  93.782
9.500  5.000  6.966  89.498
9.510  5.000  6.748  84.913
9.520  5.000  6.592  80.352
9.530  5.000  6.538  75.862
9.540  5.000  6.295  71.546
9.550  5.000  6.127  67.416
9.560  5.000  5.975  63.222
9.570  5.000  5.792  59.164
9.580  5.000  5.647  55.303
9.590  5.000  5.473  51.298
9.600  5.000  5.379  47.130
9.610  5.000  5.266  43.304
9.620  5.000  5.039  39.417
9.630  5.000  4.975  35.259
9.640  5.000  4.746  31.142
9.650  5.000  4.637  27.221
9.660  5.000  4.492  23.553
9.670  5.000  4.435  20.257
9.680  5.000  4.290  17.058
9.690  5.000  4.219  13.907
9.700  5.000  4.062  10.919
9.710  5.000  4.040  8.073
9.720  5.000  3.924  5.197
9.730  5.000  3.941  2.231
9.740  5.000  3.889  -0.589
9.750  5.000  3.779  -3.084
9.760  5.000  3.690  -5.245
9.770  5.000  3.641  -7.337
9.780  5.000  3.593  -9.382
9.790  5.000  3.501  -11.253
9.800  5.000  3.761  -12.805
9.810  5.000  4.165  -13.915
9.820  5.000  4.307  -14.693
9.830  5.000  3.830  -15.266
9.840  5.000  3.516  -15.713
9.850  5.000  3.732  -15.596
9.860  5.000  4.446  -14.801
9.870  5.000  4.638  -13.844
9.880  5.000  4.279  -12.877
9.890  5.000  3.792  -11.676
9.900  5.000  4.037  -10.334
9.910  5.000  4.592  -8.851
9.920  5.000  5.420  -7.059
9.930  5.000  5.354  -5.176
9.940  5.000  4.595  -3.208
9.950  5.000  4.329  -1.006
9.960  5.000  5.028  1.465
9.970  5.000  5.589  3.823
9.980  5.000  5.621  5.998
9.990  5.000  5.141  7.887
10.000  5.000  4.724  9.397
10.010  5.000  5.176  10.990
10.020  5.000  5.783  12.496
10.030  5.000  5.658  13.570
10.040  5.000  5.241  14.286
10.050  5.000  5.260  14.922
10.060  5.000  5.417  15.729
10.070  5.000  5.640  16.433
10.080  5.000  5.867  16.854
10.090  5.000  5.920  16.975
10.100  5.000  5.421  16.763
10.110  5.000  5.129  16.311
10.120  5.000  5.225  15.772
10.130  5.000  5.531  15.188
10.140  5.000  5.666  14.334
10.150  5.000  5.430  13.328
10.160  5.000  4.952  12.342
10.170  5.000  5.099  11.451
10.180  5.000  5.280  10.475
10.190  5.000  5.247  9.142
10.200  5.000  5.163  7.701
10.210  5.000  5.041  6.448
10.220  5.000  4.895  5.271
10.230  5.000  4.918  4.070
10.240  5.000  4.934  3.029
10.250  5.000  4.810  1.857
10.260  5.000  4.679  0.707
10.270  5.000  4.680  -0.284
10.280  5.000  4.633  -1.414
10.290  5.000  4.543  -2.359
10.300  5.000  4.586  -3.149
10.310  5.000  4.703  -3.944
10.320  5.000  4.680  -4.459
10.330  5.000  4.659  -4.637
10.340  5.000  4.741  -4.498
10.350  5.000  4.730  -4.507
10.360  5.000  4.813  -4.745
10.370  5.000  4.803  -4.715
10.380  5.000  4.479  -4.178
10.390  5.000  4.611  -3.380
10.400  5.000  4.994  -2.596
10.410  5.000  4.738  -1.681
10.420  5.000  4.657  -0.700
10.430  5.000  4.806  0.151
10.440  5.000  5.096  0.719
10.450  5.000  4.917  1.402
10.460  5.000  5.097  2.100
10.470  5.000  5.152  2.614
10.480  5.000  5.064  3.290
10.490  5.000  5.075  3.939
10.500  5.000  5.148  4.486
10.510  5.000  5.235  5.148
10.520  5.000  5.257  5.843
10.530  5.000  5.291  6.513
10.540  5.000  5.208  6.968
10.550  5.000  5.190  7.255
10.560  5.000  5.019  7.701
10.570  5.000  5.225  8.227
10.580  5.000  5.303  8.571
10.590  5.000  5.227  8.796
10.600  5.000  5.119  8.935
10.610  5.000  5.165  8.848
10.620  5.000  5.086  8.652
10.630  5.000  5.079  8.333
10.640  5.000  5.299  7.805
10.650  5.000  5.199  7.338
10.660  5.000  4.967  6.928
10.670  5.000  4.908  6.411
10.680  5.000  5.095  5.688
10.690  5.000  5.134  4.937
10.700  5.000  5.224  4.326
10.710  5.000  4.919  3.735
10.720  5.000  4.771  3.246
10.730  5.000  4.877  2.708
10.740  5.000  5.069  2.058
10.750  5.000  4.981  1.266
10.760  5.000  4.802  0.693
10.770  5.000  4.814  0.350
10.780  5.000  4.870  -0.083
10.790  5.000  4.979  -0.426
10.800  5.000  4.906  -0.658
10.810  5.000  4.842  -0.922
10.820  5.000  4.707  -1.251
10.830  5.000  4.861  -1.480
10.840  5.000  5.043  -1.646
10.850  5.000  5.081  -1.799
10.860  5.000  4.810  -2.075
10.870  5.000  4.751  -2.257
10.880  7.500  4.904  -2.134
10.890  10.000  4.943  -1.664
10.900  12.500  5.629  -0.425
10.910  15.000  8.023  1.939
10.920  17.500  10.913  5.656
10.930  20.000  10.672  11.767
10.940  22.500  12.678  20.066
10.950  25.000  14.524  30.069
10.960  27.500  15.408  41.086
10.970  30.000  15.781  51.835
10.980  30.000  15.717  63.279
10.990  30.000  15.126  76.152
11.000  30.000  16.219  89.149
11.010  30.000  17.458  100.506
11.020  30.000  17.734  110.758
11.030  30.000  17.125  121.801
11.040  30.000  18.234  133.288
11.050  30.000  19.571  143.531
11.060  30.000  18.907  153.048
11.070  30.000  19.567  162.417
11.080  30.000  20.215  171.422
11.090  30.000  20.358  180.532
11.100  30.000  20.802  190.055
11.110  30.000  21.153  199.828
11.120  30.000  21.347  209.717
11.130  30.000  21.261  220.227
11.140  30.000  21.342  230.381
11.150  30.000  22.169  239.573
11.160  30.000  22.504  248.570
11.170  30.000  22.099  257.601
11.180  30.000  23.465  266.584
11.190  30.000  24.207  275.346
11.200  30.000  24.833  283.848
11.210  30.000  24.061  292.042
11.220  30.000  24.598  300.034
11.230  30.000  25.260  307.989
11.240  30.000  25.757  315.780
11.250  30.000  25.701  323.515
11.260  30.000  25.635  331.698
11.270  30.000  26.892  339.361
11.280  30.000  26.781  347.003
11.290  30.000  26.984  355.408
11.300  30.000  27.300  363.573
11.310  30.000  27.748  370.912
11.320  30.000  28.231  377.718
11.330  30.000  28.520  384.469
11.340  30.000  28.704  391.405
11.350  30.000  29.409  398.348
11.360  30.000  29.537  405.093
11.370  30.000  29.452  411.793
11.380  30.000  30.177  418.132
11.390  30.000  29.729  424.917
11.400  30.000  29.808  432.649
11.410  30.000  30.182  440.003
11.420  30.000  30.992  446.618
11.430  30.000  31.005  453.124
11.440  30.000  30.470  459.382
11.450  30.000  31.354  465.297
11.460  30.000  30.145  471.299
11.470  30.000  31.590  476.816
11.480  30.000  30.661  481.754
11.490  30.000  31.822  486.392
11.500  30.000  31.741  490.582
11.510  30.000  31.880  494.815
11.520  30.000  31.331  499.321
11.530  30.000  31.300  503.710
11.540  30.000  31.957  507.515
11.550  30.000  30.771  511.135
11.560  30.000  31.213  514.406
11.570  30.000  31.772  517.269
11.580  30.000  32.123  519.861
11.590  30.000  31.396  521.917
11.600  30.000  31.137  523.631
11.610  30.000  30.677  524.907
11.620  30.000  30.642  525.484
11.630  30.000  30.112  525.475
11.640  30.000  29.803  524.595
11.650  30.000  29.172  522.319
11.660  30.000  29.256  519.098
11.670  30.000  29.931  515.711
11.680  30.000  30.462  512.562
11.690  30.000  29.829  509.575
11.700  30.000  29.140  506.460
11.710  30.000  29.415  503.492
11.720  30.000  29.631  500.756
11.730  30.000  29.890  498.169
11.740  30.000  29.445  495.823
11.750  30.000  29.222  493.781
11.760  30.000  29.044  491.862
11.770  30.000  29.319  490.037
11.780  30.000  29.840  488.529
11.790  30.000  29.849  487.210
11.800  30.000  29.225  486.073
11.810  30.000  29.068  485.213
11.820  30.000  28.772  484.489
11.830  30.000  29.276  483.797
11.840  30.000  30.023  483.632
11.850  30.000  29.875  484.088
11.860  30.000  29.061  484.735
11.870  30.000  29.796  485.512
11.880  5.000  29.045  486.487
11.890  5.000  29.086  487.364
11.900  5.000  25.679  487.285
11.910  5.000  21.646  483.703
11.920  5.000  19.417  477.291
11.930  5.000  19.896  469.796
11.940  5.000  21.366  461.690
11.950  5.000  21.254  453.450
11.960  5.000  21.320  444.384
11.970  5.000  20.491  436.161
11.980  5.000  19.917  428.391
11.990  5.000  19.436  419.881
12.000  5.000  19.095  411.620
12.010  5.000  18.782  404.103
12.020  5.000  18.462  396.901
12.030  5.000  18.142  389.045
12.040  5.000  17.733  381.310
12.050  5.000  17.237  374.135
12.060  5.000  17.212  366.565
12.070  5.000  16.933  359.306
12.080  5.000  16.545  351.935
12.090  5.000  16.306  344.674
12.100  5.000  16.038  337.575
12.110  5.000  15.868  330.592
12.120  5.000  15.554  323.765
12.130  5.000  15.185  316.299
12.140  5.000  14.894  308.747
12.150  5.000  14.574  301.851
12.160  5.000  14.315  295.183
12.170  5.000  14.190  288.352
12.180  5.000  14.118  282.032
12.190  5.000  13.810  275.342
12.200  5.000  13.564  268.796
12.210  5.000  13.435  262.268
12.220  5.000  13.053  255.208
12.230  5.000  12.896  248.486
12.240  5.000  12.720  242.300
12.250  5.000  12.361  235.914
12.260  5.000  12.191  229.152
12.270  5.000  11.937  223.036
12.280  5.000  11.484  217.369
12.290  5.000  11.307  211.599
12.300  5.000  11.032  205.922
12.310  5.000  10.842  200.003
12.320  5.000  10.749  194.192
12.330  5.000  10.448  188.346
12.340  5.000  10.234  182.537
12.350  5.000  10.016  177.480
12.360  5.000  9.796  171.956
12.370  5.000  9.632  166.507
12.380  5.000  9.384  161.245
12.390  5.000  9.107  155.863
12.400  5.000  8.904  150.618
12.410  5.000  8.774  145.388
12.420  5.000  8.502  140.071
12.430  5.000  8.278  134.598
12.440  5.000  8.061  129.505
12.450  5.000  7.939  124.437
12.460  5.000  7.799  119.411
12.470  5.000  7.650  114.409
12.480  5.000  7.419  109.566
12.490  5.000  7.215  105.028
12.500  5.000  7.067  100.585
12.510  5.000  6.960  96.370
12.520  5.000  6.772  91.882
12.530  5.000  6.593  87.417
12.540  5.000  6.415  83.368
12.550  5.000  6.278  78.734
12.560  5.000  6.091  73.869
12.570  5.000  5.984  69.330
12.580  5.000  5.804  65.057
12.590  5.000  5.640  60.683
12.600  5.000  5.510  56.436
12.610  5.000  5.343  52.689
12.620  5.000  5.167  49.006
12.630  5.000  5.035  45.040
12.640  5.000  4.950  40.683
12.650  5.000  4.792  36.343
12.660  5.000  4.674  32.122
12.670  5.000  4.507  28.085
12.680  5.000  4.370  24.520
12.690  5.000  4.293  21.559
12.700  5.000  4.198  17.861
12.710  5.000  4.111  14.818
12.720  5.000  4.061  12.305
12.730  5.000  3.969  9.210
12.740  5.000  3.912  6.481
12.750  5.000  3.854  3.981
12.760  5.000  3.767  1.754
12.770  5.000  3.698  -0.398
12.780  5.000  3.686  -2.447
12.790  5.000  3.621  -4.540
12.800  5.000  3.488  -6.416
12.810  5.000  3.801  -7.877
12.820  5.000  4.184  -8.999
12.830  5.000  4.415  -9.862
12.840  5.000  3.853  -10.530
12.850  5.000  3.470  -10.872
12.860  5.000  3.604  -10.746
12.870  5.000  4.350  -10.115
12.880  5.000  4.693  -9.303
12.890  5.000  4.373  -8.472
12.900  5.000  3.911  -7.555
12.910  5.000  3.747  -6.090
12.920  5.000  4.299  -3.971
12.930  5.000  5.210  -1.677
12.940  5.000  5.771  0.372
12.950  5.000  4.659  2.553
12.960  5.000  4.439  4.942
12.970  5.000  4.840  7.131
12.980  5.000  5.776  9.273
12.990  5.000  5.838  11.202
13.000  5.000  5.380  12.650
13.010  5.000  4.644  13.814
13.020  5.000  4.852  15.020
13.030  5.000  5.782  16.247
13.040  5.000  5.957  17.229
13.050  5.000  5.607  17.880
13.060  5.000  5.252  18.470
13.070  5.000  5.281  19.183
13.080  5.000  5.466  19.950
13.090  5.000  5.695  20.540
13.100  5.000  5.583  20.745
13.110  5.000  5.451  20.527
13.120  5.000  5.144  20.290
13.130  5.000  5.142  20.003
13.140  5.000  5.540  19.415
13.150  5.000  5.647  18.780
13.160  5.000  5.350  17.910
13.170  5.000  5.059  16.919
13.180  5.000  5.111  15.990
13.190  5.000  5.210  15.058
13.200  5.000  5.178  13.965
13.210  5.000  5.062  12.830
13.220  5.000  4.940  11.755
13.230  5.000  4.872  10.609
13.240  5.000  4.797  9.525
13.250  5.000  4.927  8.495
13.260  5.000  4.751  7.398
13.270  5.000  4.672  6.404
13.280  5.000  4.608  5.505
13.290  5.000  4.616  4.682
13.300  5.000  4.781  3.974
13.310  5.000  4.792  3.120
13.320  5.000  4.800  2.495
13.330  5.000  4.558  2.293
13.340  5.000  4.621  2.309
13.350  5.000  4.799  2.327
13.360  5.000  4.954  2.285
13.370  5.000  4.735  2.478
13.380  5.000  4.594  2.831
13.390  5.000  4.528  3.542
13.400  5.000  4.743  4.589
13.410  5.000  5.169  5.302
13.420  5.000  4.670  5.951
13.430  5.000  4.970  6.779
13.440  5.000  4.968  7.436
13.450  5.000  4.945  8.119
13.460  5.000  5.060  8.737
13.470  5.000  4.996  9.336
13.480  5.000  5.265  10.010
13.490  5.000  5.116  10.656
13.500  5.000  4.861  11.473
13.510  5.000  5.258  12.196
13.520  5.000  5.144  12.759
13.530  5.000  5.233  13.444
13.540  5.000  5.212  14.071
13.550  5.000  4.954  14.698
13.560  5.000  5.326  15.254
13.570  5.000  5.264  15.689
13.580  5.000  5.105  16.104
13.590  5.000  5.187  16.227
13.600  5.000  5.269  16.018
13.610  5.000  5.284  15.668
13.620  5.000  5.207  15.431
13.630  5.000  5.039  15.298
13.640  5.000  4.984  15.011
13.650  5.000  5.223  14.414
13.660  5.000  5.264  13.656
13.670  5.000  5.183  12.932
13.680  5.000  4.878  12.387
13.690  5.000  4.908  11.752
13.700  5.000  5.088  10.946
13.710  5.000  5.134  10.157
13.720  5.000  5.047  9.351
13.730  5.000  4.776  8.761
13.740  5.000  4.859  8.348
13.750  5.000  4.892  7.671
13.760  5.000  4.983  7.076
13.770  5.000  4.932  6.661
13.780  5.000  4.728  6.167
13.790  5.000  4.746  5.693
13.800  5.000  4.744  5.316
13.810  5.000  4.969  5.256
13.820  5.000  4.798  5.312
13.830  5.000  4.940  5.268
13.840  5.000  4.700  5.308
13.850  5.000  4.900  5.439
13.860  5.000  4.831  5.628
13.870  5.000  4.826  5.975
13.880  5.000  4.852  6.282
13.890  7.500  4.838  6.691
13.900  10.000  5.060  7.282
13.910  12.500  5.924  8.460
13.920  15.001  7.934  10.683
13.930  17.500  10.648  14.430
13.940  20.000  10.743  20.155
13.950  22.500  12.461  28.021
13.960  25.000  14.753  37.812
13.970  27.500  15.035  48.527
13.980  30.000  15.670  59.336
13.990  30.000  15.902  69.962
14.000  30.000  16.459  80.312
14.010  30.000  16.697  90.700
14.020  30.000  16.351  101.948
14.030  30.000  17.469  113.107
14.040  30.000  17.837  123.692
14.050  30.000  18.179  134.768
14.060  30.000  18.395  145.761
14.070  30.000  19.712  155.188
14.080  30.000  19.036  164.324
14.090  30.000  19.870  173.786
14.100  30.000  20.379  183.380
14.110  30.000  20.170  193.744
14.120  30.000  21.693  203.484
14.130  30.000  21.581  212.351
14.140  30.000  21.978  220.721
14.150  30.000  22.417  228.962
14.160  30.000  21.709  238.476
14.170  30.000  23.071  247.672
14.180  30.000  23.163  256.026
14.190  30.000  23.293  264.968
14.200  30.000  23.659  273.839
14.210  30.000  24.099  282.231
14.220  30.000  24.251  290.632
14.230  30.000  24.559  299.153
14.240  30.000  25.593  307.439
14.250  30.000  26.158  315.027
14.260  30.000  26.007  322.497
14.270  30.000  25.471  330.586
14.280  30.000  26.436  338.531
14.290  30.000  27.053  346.046
14.300  30.000  26.960  353.645
14.310  30.000  27.992  360.911
14.320  30.000  28.193  367.569
14.330  30.000  28.097  374.819
14.340  30.000  27.808  382.774
14.350  30.000  28.705  390.307
14.360  30.000  28.377  397.500
14.370  30.000  29.924  404.264
14.380  30.000  29.986  410.736
14.390  30.000  29.772  417.800
14.400  30.000  29.758  425.167
14.410  30.000  30.641  432.029
14.420  30.000  30.935  438.316
14.430  30.000  30.697  444.339
14.440  30.000  30.662  450.374
14.450  30.000  30.602  456.378
14.460  30.000  30.700  461.834
14.470  30.000  31.373  466.886
14.480  30.000  30.889  471.849
14.490  30.000  31.482  476.804
14.500  30.000  31.302  481.682
14.510  30.000  32.557  486.178
14.520  30.000  31.606  490.535
14.530  30.000  31.470  494.545
14.540  30.000  31.398  498.026
14.550  30.000  31.101  501.261
14.560  30.000  31.345  504.182
14.570  30.000  31.436  506.914
14.580  30.000  31.508  509.437
14.590  30.000  31.219  511.629
14.600  30.000  31.724  513.371
14.610  30.000  30.590  514.487
14.620  30.000  29.955  514.906
14.630  30.000  29.642  514.517
14.640  30.000  29.637  513.273
14.650  30.000  28.495  511.280
14.660  30.000  30.238  508.752
14.670  30.000  30.194  506.153
14.680  30.000  30.423  503.584
14.690  30.000  29.775  500.861
14.700  30.000  29.681  498.239
14.710  30.000  29.303  495.928
14.720  30.000  29.491  493.704
14.730  30.000  29.820  491.361
14.740  30.000  29.651  489.036
14.750  30.000  29.447  486.968
14.760  30.000  28.934  485.070
14.770  30.000  29.135  483.601
14.780  30.000  29.879  482.515
14.790  30.000  29.627  481.424
14.800  30.000  29.212  480.486
14.810  30.000  28.956  479.601
14.820  30.000  29.411  478.858
14.830  30.000  29.941  478.584
14.840  30.000  30.140  478.603
14.850  30.000  29.856  478.652
14.860  30.000  29.427  478.820
14.870  30.000  28.927  479.332
14.880  30.000  29.833  480.083
14.890  5.000  30.457  480.945
14.900  5.000  29.614  481.469
14.910  5.000  25.777  481.011
14.920  5.000  21.540  477.740
14.930  5.000  19.425  471.721
14.940  5.000  19.843  464.780
14.950  5.000  21.678  456.733
14.960  5.000  21.519  448.495
14.970  5.000  21.257  440.623
14.980  5.000  20.444  432.316
14.990  5.000  19.789  423.956
15.000  5.000  19.689  415.768
15.010  5.000  19.368  408.088
15.020  5.000  19.167  400.921
15.030  5.000  18.988  393.243
15.040  5.000  18.873  385.624
15.050  5.000  18.395  377.767
15.060  5.000  17.977  369.803
15.070  5.000  17.454  362.775
15.080  5.000  16.943  355.879
15.090  5.000  16.628  348.502
15.100  5.000  16.522  340.843
15.110  5.000  16.292  333.174
15.120  5.000  15.934  326.001
15.130  5.000  15.486  319.089
15.140  5.000  15.303  312.319
15.150  5.000  14.998  305.827
15.160  5.000  14.716  299.395
15.170  5.000  14.604  292.712
15.180  5.000  14.241  286.061
15.190  5.000  14.128  279.330
15.200  5.000  13.695  272.667
15.210  5.000  13.405  266.322
15.220  5.000  13.229  259.521
15.230  5.000  12.952  253.062
15.240  5.000  12.774  247.251
15.250  5.000  12.464  241.139
15.260  5.000  12.278  234.343
15.270  5.000  12.018  227.920
15.280  5.000  11.748  221.605
15.290  5.000  11.743  215.409
15.300  5.000  11.483  209.642
15.310  5.000  11.324  203.462
15.320  5.000  10.998  197.023
15.330  5.000  10.704  191.123
15.340  5.000  10.493  185.712
15.350  5.000  10.311  180.329
15.360  5.000  9.962  174.604
15.370  5.000  9.829  168.975
15.380  5.000  9.628  163.345
15.390  5.000  9.388  157.837
15.400  5.000  9.230  152.844
15.410  5.000  8.992  147.754
15.420  5.000  8.769  142.962
15.430  5.000  8.648  137.842
15.440  5.000  8.472  132.204
15.450  5.000  8.283  126.589
15.460  5.000  8.136  121.356
15.470  5.000  7.944  116.567
15.480  5.000  7.662  111.892
15.490  5.000  7.501  107.363
15.500  5.000  7.279  102.467
15.510  5.000  7.090  97.788
15.520  5.000  6.973  93.601
15.530  5.000  6.830  88.858
15.540  5.000  6.630  84.126
15.550  5.000  6.395  79.568
15.560  5.000  6.303  75.018
15.570  5.000  6.175  70.730
15.580  5.000  5.960  66.713
15.590  5.000  5.768  62.861
15.600  5.000  5.607  58.599
15.610  5.000  5.563  54.417
15.620  5.000  5.276  50.620
15.630  5.000  5.218  46.615
15.640  5.000  5.065  42.357
15.650  5.000  4.910  38.480
15.660  5.000  4.746  34.757
15.670  5.000  4.649  30.649
15.680  5.000  4.458  26.908
15.690  5.000  4.306  23.424
15.700  5.000  4.228  19.954
15.710  5.000  4.152  16.871
15.720  5.000  4.146  13.935
15.730  5.000  4.112  11.033
15.740  5.000  3.998  8.051
15.750  5.000  3.961  5.121
15.760  5.000  3.889  2.237
15.770  5.000  3.793  -0.384
15.780  5.000  3.727  -2.559
15.790  5.000  3.690  -4.703
15.800  5.000  3.668  -6.845
15.810  5.000  3.635  -8.739
15.820  5.000  3.730  -10.242
15.830  5.000  4.080  -11.380
15.840  5.000  4.296  -12.304
15.850  5.000  3.885  -12.943
15.860  5.000  3.542  -13.290
15.870  5.000  3.655  -13.031
15.880  5.000  4.272  -12.068
15.890  5.000  4.771  -11.044
15.900  5.000  4.462  -10.146
15.910  5.000  3.800  -9.106
15.920  5.000  3.707  -7.837
15.930  5.000  4.529  -6.325
15.940  5.000  5.343  -4.382
15.950  5.000  5.310  -2.269
15.960  5.000  4.912  -0.451
15.970  5.000  4.201  1.403
15.980  5.000  4.700  3.569
15.990  5.000  5.474  6.001
16.000  5.000  5.732  8.372
16.010  5.000  5.366  10.335
16.020  5.000  4.972  12.086
16.030  5.000  4.698  13.885
16.040  5.000  5.395  15.689
16.050  5.000  6.036  17.138
16.060  5.000  5.954  18.052
16.070  5.000  5.176  18.794
16.080  5.000  5.001  19.641
16.090  5.000  5.822  20.175
16.100  5.000  5.969  20.488
16.110  5.000  5.964  20.792
16.120  5.000  5.509  20.894
16.130  5.000  5.220  20.565
16.140  5.000  5.085  19.939
16.150  5.000  5.452  19.364
16.160  5.000  5.660  18.466
16.170  5.000  5.519  17.163
16.180  5.000  5.057  15.782
16.190  5.000  5.126  14.595
16.200  5.000  5.186  13.434
16.210  5.000  5.277  12.252
16.220  5.000  5.195  10.968
16.230  5.000  4.971  9.700
16.240  5.000  4.933  8.636
16.250  5.000  4.898  7.566
16.260  5.000  4.790  6.414
16.270  5.000  4.871  5.302
16.280  5.000  4.707  4.161
16.290  5.000  4.661  2.938
16.300  5.000  4.577  1.914
16.310  5.000  4.543  0.857
16.320  5.000  4.613  -0.009
16.330  5.000  4.644  -0.663
16.340  5.000  4.807  -1.337
16.350  5.000  4.650  -1.883
16.360  5.000  4.636  -2.344
16.370  5.000  4.629  -2.573
16.380  5.000  4.706  -2.495
16.390  5.000  4.868  -2.411
16.400  5.000  4.878  -2.359
16.410  5.000  4.654  -1.912
16.420  5.000  4.691  -1.192
16.430  5.000  5.035  -0.724
16.440  5.000  4.938  -0.320
16.450  5.000  4.713  0.259
16.460  5.000  4.950  0.979
16.470  5.000  4.913  1.678
16.480  5.000  4.971  2.359
16.490  5.000  4.818  3.163
16.500  5.000  5.001  4.006
16.510  5.000  4.975  4.726
16.520  5.000  5.264  5.266
16.530  5.000  5.209  5.848
16.540  5.000  5.066  6.706
16.550  5.000  5.172  7.745
16.560  5.000  5.210  8.581
16.570  5.000  5.254  9.139
16.580  5.000  5.364  9.746
16.590  5.000  5.071  10.440
16.600  5.000  5.207  10.867
16.610  5.000  5.221  10.990
16.620  5.000  5.419  10.830
16.630  5.000  5.333  10.662
16.640  5.000  5.056  10.527
16.650  5.000  4.942  10.297
16.660  5.000  5.125  10.003
16.670  5.000  5.162  9.527
16.680  5.000  5.342  8.947
16.690  5.000  5.107  8.173
16.700  5.000  4.937  7.502
16.710  5.000  4.906  6.962
16.720  5.000  5.035  6.285
16.730  5.000  5.197  5.599
16.740  5.000  4.929  4.852
16.750  5.000  4.811  4.214
16.760  5.000  4.697  3.823
16.770  5.000  4.917  3.343
16.780  5.000  5.059  2.730
16.790  5.000  5.142  2.001
16.800  5.000  4.688  1.248
16.810  5.000  4.529  0.728
16.820  5.000  4.851  0.460
16.830  5.000  4.962  0.328
16.840  5.000  4.997  0.245
16.850  5.000  4.941  0.050
16.860  5.000  4.658  0.104
16.870  5.000  4.939  0.312
16.880  5.000  4.930  0.350
16.890  5.000  5.051  0.485
16.900  7.500  4.854  0.706
16.910  10.000  4.983  1.080
16.920  12.501  5.615  2.075
16.930  15.000  8.092  4.304
16.940  17.501  11.107  7.987
16.950  20.000  11.147  13.382
16.960  22.500  13.117  20.836
16.970  25.000  14.643  30.471
16.980  27.500  15.561  41.347
16.990  30.000  15.414  53.009
17.000  30.000  16.017  64.439
17.010  30.000  16.731  75.088
17.020  30.000  16.071  86.150
17.030  30.000  16.717  97.351
17.040  30.000  17.416  108.498
17.050  30.000  17.634  118.882
17.060  30.000  18.278  128.249
17.070  30.000  19.242  137.389
17.080  30.000  19.409  146.715
17.090  30.000  19.075  156.867
17.100  30.000  20.296  167.315
17.110  30.000  20.034  177.691
17.120  30.000  20.368  187.680
17.130  30.000  21.099  197.200
17.140  30.000  20.908  207.072
17.150  30.000  22.021  216.517
17.160  30.000  22.533  224.816
17.170  30.000  22.327  232.653
17.180  30.000  22.271  241.394
17.190  30.000  23.181  250.666
17.200  30.000  22.960  259.496
17.210  30.000  23.714  267.960
17.220  30.000  23.839  276.374
17.230  30.000  24.328  285.073
17.240  30.000  24.356  293.911
17.250  30.000  24.711  302.703
17.260  30.000  25.575  310.863
17.270  30.000  24.979  319.052
17.280  30.000  25.888  327.282
17.290  30.000  26.206  335.273
17.300  30.000  26.193  344.225
17.310  30.000  27.614  352.697
17.320  30.000  27.134  359.936
17.330  30.000  27.761  366.977
17.340  30.000  27.724  374.244
17.350  30.000  28.565  381.498
17.360  30.000  28.802  388.542
17.370  30.000  28.861  395.749
17.380  30.000  28.997  402.996
17.390  30.000  29.079  410.248
17.400  30.000  30.148  416.931
17.410  30.000  30.293  423.421
17.420  30.000  30.213  430.513
17.430  30.000  31.285  437.414
17.440  30.000  30.569  443.967
17.450  30.000  30.129  450.338
17.460  30.000  30.895  456.185
17.470  30.000  30.643  462.024
17.480  30.000  30.945  467.836
17.490  30.000  30.834  473.134
17.500  30.000  31.253  477.894
17.510  30.000  31.528  482.620
17.520  30.000  31.619  487.579
17.530  30.000  32.005  492.302
17.540  30.000  31.578  496.592
17.550  30.000  31.547  500.480
17.560  30.000  31.344  503.982
17.570  30.000  31.157  507.183
17.580  30.000  31.202  510.082
17.590  30.000  31.770  512.721
17.600  30.000  31.403  515.196
17.610  30.000  31.457  517.431
17.620  30.000  31.245  519.211
17.630  30.000  29.494  520.533
17.640  30.000  30.162  521.077
17.650  30.000  29.866  520.608
17.660  30.000  29.623  518.937
17.670  30.000  29.342  516.271
17.680  30.000  30.170  513.611
17.690  30.000  30.446  510.956
17.700  30.000  30.044  508.210
17.710  30.000  29.635  505.478
17.720  30.000  29.648  502.771
17.730  30.000  29.220  500.371
17.740  30.000  30.173  497.948
17.750  30.000  29.337  495.507
17.760  30.000  29.749  493.292
17.770  30.000  29.277  491.129
17.780  30.000  29.528  489.092
17.790  30.000  29.152  487.298
17.800  30.000  29.476  485.770
17.810  30.000  29.496  484.644
17.820  30.000  29.464  483.660
17.830  30.000  29.036  482.667
17.840  30.000  29.099  482.020
17.850  30.000  28.956  481.905
17.860  30.000  30.290  482.059
17.870  30.000  30.585  482.269
17.880  30.000  29.102  482.660
17.890  30.000  28.804  483.170
17.900  5.000  29.732  483.882
17.910  5.000  29.213  484.666
17.920  5.000  26.557  484.373
17.930  5.000  22.125  481.188
17.940  5.000  18.855  475.715
17.950  5.000  19.757  468.228
17.960  5.000  21.340  460.037
17.970  5.000  21.356  452.198
17.980  5.000  21.176  444.143
17.990  5.000  20.382  435.926
18.000  5.000  19.750  427.791
18.010  5.000  19.526  420.151
18.020  5.000  19.331  412.148
18.030  5.000  19.145  404.456
18.040  5.000  18.566  397.376
18.050  5.000  18.508  389.888
18.060  5.000  18.206  381.918
18.070  5.000  17.869  374.529
18.080  5.000  17.390  366.936
18.090  5.000  17.251  359.204
18.100  5.000  16.664  351.671
18.110  5.000  16.376  344.276
18.120  5.000  16.162  336.945
18.130  5.000  15.649  329.922
18.140  5.000  15.466  322.783
18.150  5.000  15.213  315.462
18.160  5.000  14.960  308.879
18.170  5.000  14.697  301.893
18.180  5.000  14.407  295.245
18.190  5.000  14.066  288.757
18.200  5.000  13.894  281.586
18.210  5.000  13.607  275.089
18.220  5.000  13.635  268.464
18.230  5.000  13.340  261.688
18.240  5.000  12.967  255.154
18.250  5.000  12.682  248.716
18.260  5.000  12.563  242.338
18.270  5.000  12.227  235.397
18.280  5.000  11.911  229.131
18.290  5.000  11.703  223.598
18.300  5.000  11.595  218.086
18.310  5.000  11.395  212.108
18.320  5.000  11.048  206.293
18.330  5.000  10.834  200.335
18.340  5.000  10.630  193.882
18.350  5.000  10.513  187.878
18.360  5.000  10.365  182.078
18.370  5.000  10.061  176.540
18.380  5.000  9.903  171.297
18.390  5.000  9.621  165.618
18.400  5.000  9.423  159.938
18.410  5.000  9.208  154.507
18.420  5.000  9.022  149.207
18.430  5.000  8.953  143.961
18.440  5.000  8.622  138.441
18.450  5.000  8.293  133.338
18.460  5.000  8.157  128.273
18.470  5.000  8.063  122.786
18.480  5.000  7.895  117.328
18.490  5.000  7.651  112.420
18.500  5.000  7.481  107.516
18.510  5.000  7.145  102.685
18.520  5.000  7.051  98.020
18.530  5.000  6.886  93.228
18.540  5.000  6.743  88.745
18.550  5.000  6.616  84.614
18.560  5.000  6.422  80.224
18.570  5.000  6.216  75.459
18.580  5.000  6.152  70.684
18.590  5.000  6.005  65.852
18.600  5.000  5.769  61.487
18.610  5.000  5.650  57.178
18.620  5.000  5.513  53.045
18.630  5.000  5.362  49.054
18.640  5.000  5.184  45.150
18.650  5.000  5.076  41.311
18.660  5.000  4.940  37.350
18.670  5.000  4.816  33.665
18.680  5.000  4.659  29.860
18.690  5.000  4.473  26.267
18.700  5.000  4.347  22.979
18.710  5.000  4.240  19.672
18.720  5.000  4.157  16.505
18.730  5.000  4.116  13.406
18.740  5.000  4.031  10.445
18.750  5.000  3.942  7.468
18.760  5.000  3.899  4.466
18.770  5.000  3.837  1.324
18.780  5.000  3.752  -1.451
18.790  5.000  3.687  -3.490
18.800  5.000  3.633  -5.538
18.810  5.000  3.582  -7.464
18.820  5.000  3.554  -9.171
18.830  5.000  3.889  -10.686
18.840  5.000  4.124  -11.815
18.850  5.000  4.142  -12.821
18.860  5.000  3.715  -13.611
18.870  5.000  3.443  -13.726
18.880  5.000  3.696  -12.945
18.890  5.000  4.605  -11.886
18.900  5.000  4.561  -11.053
18.910  5.000  3.963  -9.940
18.920  5.000  3.766  -8.485
18.930  5.000  4.188  -6.784
18.940  5.000  5.068  -4.715
18.950  5.000  5.624  -2.523
18.960  5.000  4.934  -0.252
18.970  5.000  4.281  1.927
18.980  5.000  4.744  4.070
18.990  5.000  5.476  6.367
19.000  5.000  5.420  8.672
19.010  5.000  5.320  10.813
19.020  5.000  5.165  12.616
19.030  5.000  5.050  14.321
19.040  5.000  5.418  15.839
19.050  5.000  5.685  17.000
19.060  5.000  5.692  17.895
19.070  5.000  5.038  18.902
19.080  5.000  5.525  19.800
19.090  5.000  5.611  20.366
19.100  5.000  5.760  20.836
19.110  5.000  5.884  21.003
19.120  5.000  5.680  20.889
19.130  5.000  5.089  20.710
19.140  5.000  5.138  20.337
19.150  5.000  5.525  19.710
19.160  5.000  5.752  18.741
19.170  5.000  5.472  17.534
19.180  5.000  5.038  16.447
19.190  5.000  4.962  15.410
19.200  5.000  5.168  14.280
19.210  5.000  5.274  13.239
19.220  5.000  5.206  12.013
19.230  5.000  5.028  10.754
19.240  5.000  4.798  9.685
19.250  5.000  4.935  8.507
19.260  5.000  4.894  7.413
19.270  5.000  4.898  6.340
19.280  5.000  4.760  4.981
19.290  5.000  4.747  3.614
19.300  5.000  4.633  2.404
19.310  5.000  4.691  1.324
19.320  5.000  4.642  0.466
19.330  5.000  4.785  -0.452
19.340  5.000  4.584  -1.190
19.350  5.000  4.738  -1.632
19.360  5.000  4.556  -1.846
19.370  5.000  4.724  -2.027
19.380  5.000  4.762  -2.072
19.390  5.000  4.886  -2.087
19.400  5.000  4.668  -2.037
19.410  5.000  4.610  -1.659
19.420  5.000  4.887  -1.220
19.430  5.000  5.058  -0.667
19.440  5.000  4.913  0.018
19.450  5.000  4.702  0.672
19.460  5.000  4.892  1.308
19.470  5.000  5.031  2.034
19.480  5.000  4.993  2.793
19.490  5.000  4.981  3.526
19.500  5.000  5.084  4.014
19.510  5.000  5.035  4.342
19.520  5.000  5.107  4.754
19.530  5.000  5.128  5.240
19.540  5.000  5.153  5.857
19.550  5.000  5.244  6.298
19.560  5.000  5.143  6.541
19.570  5.000  5.111  6.798
19.580  5.000  5.048  7.163
19.590  5.000  5.113  7.555
19.600  5.000  5.159  7.942
19.610  5.000  5.348  8.349
19.620  5.000  4.978  8.537
19.630  5.000  5.166  8.444
19.640  5.000  5.356  8.215
19.650  5.000  5.425  7.944
19.660  5.000  4.977  7.671
19.670  5.000  5.023  7.332
19.680  5.000  5.213  6.930
19.690  5.000  5.214  6.304
19.700  5.000  5.058  5.588
19.710  5.000  4.841  4.997
19.720  5.000  5.053  4.240
19.730  5.000  5.100  3.325
19.740  5.000  5.091  2.485
19.750  5.000  4.944  1.865
19.760  5.000  4.797  1.344
19.770  5.000  4.866  0.816
19.780  5.000  4.942  0.201
19.790  5.000  4.978  -0.366
19.800  5.000  4.885  -0.973
19.810  5.000  4.791  -1.420
19.820  5.000  4.735  -1.626
19.830  5.000  4.834  -1.822
19.840  5.000  4.804  -1.777
19.850  5.000  4.834  -1.715
19.860  5.000  4.859  -1.574
19.870  5.000  4.991  -1.364
19.880  5.000  4.946  -1.239
19.890  5.000  4.810  -0.965
19.900  5.000  4.828  -0.786
19.910  7.501  4.941  -0.734
19.920  10.000  5.030  -0.351
19.930  12.500  5.878  0.454
19.940  15.000  8.111  2.286
19.950  17.500  10.719  6.078
19.960  20.000  10.818  11.883
19.970  22.500  12.813  19.705
19.980  25.000  14.352  29.691
19.990  27.500  15.105  40.805
20.000  30.000  15.232  52.779
20.010  30.000  15.830  64.931
20.020  30.000  16.180  76.591
20.030  30.000  16.653  87.455
20.040  30.000  17.515  97.376
20.050  30.000  17.862  107.664
20.060  30.000  18.562  117.919
20.070  30.000  18.622  127.951
20.080  30.000  19.152  137.960
20.090  30.000  19.633  147.686
20.100  30.000  19.225  157.572
20.110  30.000  19.457  167.304
20.120  30.000  20.305  176.862
20.130  30.000  20.183  186.463
20.140  30.000  20.962  195.571
20.150  30.000  20.814  204.085
20.160  30.000  22.213  212.879
20.170  30.000  22.229  221.627
20.180  30.000  22.838  229.871
20.190  30.000  23.057  238.342
20.200  30.000  22.771  247.614
20.210  30.000  23.391  256.881
20.220  30.000  23.878  265.602
20.230  30.000  24.488  273.813
20.240  30.000  24.670  281.811
20.250  30.000  24.808  290.063
20.260  30.000  25.274  298.330
20.270  30.000  25.083  306.903
20.280  30.000  24.876  315.453
20.290  30.000  26.377  323.232
20.300  30.000  27.240  330.389
20.310  30.000  26.792  337.441
20.320  30.000  27.961  344.520
20.330  30.000  26.747  352.220
20.340  30.000  28.215  359.739
20.350  30.000  27.534  367.079
20.360  30.000  28.104  374.525
20.370  30.000  28.682  381.626
20.380  30.000  29.202  388.728
20.390  30.000  29.117  395.889
20.400  30.000  30.379  402.605
20.410  30.000  30.476  408.983
20.420  30.000  30.169  415.506
20.430  30.000  29.976  422.032
20.440  30.000  30.541  428.685
20.450  30.000  30.894  435.022
20.460  30.000  30.229  441.162
20.470  30.000  31.032  447.325
20.480  30.000  30.712  453.016
20.490  30.000  30.873  458.330
20.500  30.000  30.612  463.539
20.510  30.000  30.855  468.486
20.520  30.000  31.893  473.060
20.530  30.000  32.212  477.336
20.540  30.000  31.629  481.929
20.550  30.000  32.336  486.270
20.560  30.000  30.273  490.108
20.570  30.000  31.229  493.788
20.580  30.000  31.646  496.811
20.590  30.000  31.339  499.561
20.600  30.000  31.611  502.305
20.610  30.000  31.393  504.749
20.620  30.000  31.627  506.827
20.630  30.000  30.737  508.310
20.640  30.000  30.732  509.140
20.650  30.000  29.966  509.283
20.660  30.000  29.402  508.492
20.670  30.000  29.664  506.471
20.680  30.000  29.375  503.614
20.690  30.000  30.066  500.796
20.700  30.000  30.348  498.133
20.710  30.000  29.916  495.476
20.720  30.000  29.614  492.864
20.730  30.000  29.287  490.436
20.740  30.000  29.681  488.058
20.750  30.000  29.534  485.662
20.760  30.000  29.551  483.378
20.770  30.000  29.442  481.307
20.780  30.000  29.020  479.419
20.790  30.000  29.422  477.712
20.800  30.000  29.475  476.529
20.810  30.000  29.700  475.633
20.820  30.000  29.634  474.740
20.830  30.000  29.300  473.905
20.840  30.000  28.758  473.270
20.850  30.000  29.283  472.817
20.860  30.000  30.436  472.626
20.870  30.000  30.299  472.734
20.880  30.000  29.520  472.938
20.890  30.000  28.651  473.443
20.900  30.000  29.381  474.217
20.910  5.000  30.044  475.078
20.920  5.000  29.648  475.765
20.930  5.000  26.233  475.377
20.940  5.000  21.893  472.077
20.950  5.000  18.917  466.628
20.960  5.000  19.800  459.140
20.970  5.000  21.425  450.730
20.980  5.000  21.116  443.132
20.990  5.000  21.133  434.822
21.000  5.000  20.274  425.873
21.010  5.000  19.916  416.922
21.020  5.000  19.374  408.466
21.030  5.000  19.013  400.294
21.040  5.000  18.855  392.563
21.050  5.000  18.275  385.430
21.060  5.000  17.985  377.805
21.070  5.000  17.788  369.667
21.080  5.000  17.489  361.621
21.090  5.000  17.287  353.982
21.100  5.000  16.817  346.856
21.110  5.000  16.577  339.815
21.120  5.000  16.352  332.822
21.130  5.000  16.111  326.053
21.140  5.000  15.684  319.392
21.150  5.000  15.691  312.935
21.160  5.000  15.447  305.926
21.170  5.000  15.301  298.864
21.180  5.000  14.849  291.940
21.190  5.000  14.587  285.324
21.200  5.000  14.285  278.678
21.210  5.000  14.099  271.643
21.220  5.000  13.815  264.825
21.230  5.000  13.619  258.262
21.240  5.000  13.255  251.853
21.250  5.000  12.927  245.015
21.260  5.000  12.773  238.043
21.270  5.000  12.443  231.587
21.280  5.000  12.249  225.479
21.290  5.000  11.942  219.306
21.300  5.000  11.819  213.105
21.310  5.000  11.507  207.168
21.320  5.000  11.278  201.256
21.330  5.000  11.089  194.961
21.340  5.000  10.776  188.550
21.350  5.000  10.622  182.527
21.360  5.000  10.455  177.006
21.370  5.000  10.274  171.100
21.380  5.000  10.075  165.436
21.390  5.000  9.848  159.714
21.400  5.000  9.549  153.960
21.410  5.000  9.370  148.423
21.420  5.000  9.200  142.861
21.430  5.000  8.918  137.800
21.440  5.000  8.792  132.893
21.450  5.000  8.641  128.156
21.460  5.000  8.406  123.044
21.470  5.000  8.321  117.926
21.480  5.000  8.106  112.773
21.490  5.000  7.872  107.718
21.500  5.000  7.631  103.198
21.510  5.000  7.565  98.132
21.520  5.000  7.345  92.749
21.530  5.000  7.166  87.519
21.540  5.000  7.006  82.487
21.550  5.000  6.801  77.979
21.560  5.000  6.608  73.512
21.570  5.000  6.477  68.966
21.580  5.000  6.263  64.423
21.590  5.000  6.111  60.108
21.600  5.000  5.991  56.168
21.610  5.000  5.770  52.298
21.620  5.000  5.658  48.129
21.630  5.000  5.548  43.868
21.640  5.000  5.439  39.957
21.650  5.000  5.282  35.968
21.660  5.000  5.087  32.108
21.670  5.000  4.854  28.291
21.680  5.000  4.802  24.197
21.690  5.000  4.648  20.375
21.700  5.000  4.489  16.625
21.710  5.000  4.366  12.921
21.720  5.000  4.351  9.273
21.730  5.000  4.250  5.782
21.740  5.000  4.170  2.779
21.750  5.000  4.106  -0.199
21.760  5.000  4.011  -3.037
21.770  5.000  3.946  -5.717
21.780  5.000  3.880  -8.345
21.790  5.000  3.800  -11.030
21.800  5.000  3.759  -13.349
21.810  5.000  3.667  -15.474
21.820  5.000  3.605  -17.644
21.830  5.000  3.479  -19.421
21.840  5.000  3.641  -20.844
21.850  5.000  4.018  -21.857
21.860  5.000  4.316  -22.721
21.870  5.000  3.902  -23.577
21.880  5.000  3.513  -24.168
21.890  5.000  3.756  -24.221
21.900  5.000  4.232  -23.695
21.910  5.000  4.716  -22.920
21.920  5.000  4.310  -22.145
21.930  5.000  3.999  -21.285
21.940  5.000  3.789  -19.953
21.950  5.000  4.316  -18.271
21.960  5.000  5.162  -16.296
21.970  5.000  5.738  -14.211
21.980  5.000  4.821  -12.064
21.990  5.000  4.353  -9.883
22.000  5.000  4.621  -7.627
22.010  5.000  5.656  -5.219
22.020  5.000  5.823  -2.981
22.030  5.000  5.322  -1.141
22.040  5.000  4.734  0.204
22.050  5.000  4.853  1.648
22.060  5.000  5.389  3.311
22.070  5.000  5.978  4.808
22.080  5.000  5.525  5.921
22.090  5.000  5.303  6.466
22.100  5.000  5.277  6.842
22.110  5.000  5.764  7.303
22.120  5.000  5.747  7.797
22.130  5.000  5.701  8.117
22.140  5.000  5.480  8.156
22.150  5.000  5.056  8.119
22.160  5.000  5.087  7.936
22.170  5.000  5.622  7.642
22.180  5.000  5.659  7.185
22.190  5.000  5.418  6.363
22.200  5.000  4.975  5.340
22.210  5.000  4.990  4.330
22.220  5.000  5.227  3.119
22.230  5.000  5.301  1.677
22.240  5.000  5.111  0.413
22.250  5.000  5.027  -0.628
22.260  5.000  4.920  -1.617
22.270  5.000  4.897  -2.614
22.280  5.000  4.884  -3.677
22.290  5.000  4.942  -4.715
22.300  5.000  4.872  -5.695
22.310  5.000  4.626  -6.443
22.320  5.000  4.733  -7.312
22.330  5.000  4.644  -8.343
22.340  5.000  4.814  -9.285
22.350  5.000  4.723  -10.153
22.360  5.000  4.580  -10.743
22.370  5.000  4.673  -11.239
22.380  5.000  4.818  -11.731
22.390  5.000  4.842  -11.884
22.400  5.000  4.744  -11.810
22.410  5.000  4.612  -11.649
22.420  5.000  4.697  -11.120
22.430  5.000  4.856  -10.502
22.440  5.000  4.731  -10.042
22.450  5.000  4.865  -9.634
22.460  5.000  4.907  -9.188
22.470  5.000  4.962  -8.710
22.480  5.000  4.834  -8.025
22.490  5.000  4.743  -7.180
22.500  5.000  5.142  -6.568
22.510  5.000  4.948  -6.090
22.520  5.000  5.067  -5.514
22.530  5.000  4.992  -4.961
22.540  5.000  5.095  -4.306
22.550  5.000  5.219  -3.700
22.560  5.000  5.278  -3.262
22.570  5.000  5.289  -2.952
22.580  5.000  5.235  -2.641
22.590  5.000  5.002  -2.104
22.600  5.000  5.231  -1.534
22.610  5.000  5.207  -1.181
22.620  5.000  5.127  -1.158
22.630  5.000  5.135  -1.180
22.640  5.000  5.073  -0.948
22.650  5.000  5.104  -0.664
22.660  5.000  5.209  -0.636
22.670  5.000  5.327  -0.723
22.680  5.000  5.119  -0.979
22.690  5.000  5.019  -1.457
22.700  5.000  4.959  -1.959
22.710  5.000  5.218  -2.469
22.720  5.000  5.125  -3.112
22.730  5.000  4.985  -3.869
22.740  5.000  4.958  -4.605
22.750  5.000  4.853  -5.180
22.760  5.000  5.115  -5.734
22.770  5.000  4.814  -6.242
22.780  5.000  4.945  -6.527
22.790  5.000  4.934  -6.797
22.800  5.000  4.926  -7.096
22.810  5.000  4.949  -7.519
22.820  5.000  4.739  -7.846
22.830  5.000  4.886  -7.963
22.840  5.000  4.917  -8.010
22.850  5.000  4.948  -8.164
22.860  5.000  4.801  -8.394
22.870  5.000  4.948  -8.445
22.880  5.000  5.081  -8.476
22.890  5.000  4.959  -8.509
22.900  5.000  4.872  -8.464
22.910  5.000  4.778  -8.413
22.920  7.500  4.906  -8.365
22.930  10.000  5.138  -8.029
22.940  12.500  5.601  -6.811
22.950  15.000  7.870  -4.357
22.960  17.501  10.882  -0.431
22.970  20.000  10.675  5.599
22.980  22.500  12.741  13.593
22.990  25.000  14.547  23.720
23.000  27.500  15.811  34.792
23.010  30.000  15.695  45.314
23.020  30.000  15.521  56.501
23.030  30.000  15.844  68.038
23.040  30.000  16.903  78.765
23.050  30.000  17.433  89.000
23.060  30.000  16.809  99.981
23.070  30.000  17.368  111.434
23.080  30.000  17.614  122.559
23.090  30.000  18.984  133.232
23.100  30.000  19.493  142.909
23.110  30.000  19.167  152.132
23.120  30.000  20.265  161.424
23.130  30.000  20.813  170.629
23.140  30.000  20.869  179.708
23.150  30.000  21.254  188.719
23.160  30.000  21.302  198.180
23.170  30.000  21.099  207.792
23.180  30.000  21.469  217.087
23.190  30.000  22.667  226.454
23.200  30.000  22.492  235.546
23.210  30.000  23.388  243.829
23.220  30.000  24.230  251.471
23.230  30.000  23.967  259.953
23.240  30.000  23.413  269.363
23.250  30.000  24.333  278.286
23.260  30.000  24.702  286.557
23.270  30.000  25.444  294.436
23.280  30.000  25.636  302.547
23.290  30.000  26.118  311.002
23.300  30.000  25.985  319.038
23.310  30.000  26.287  326.796
23.320  30.000  26.946  334.523
23.330  30.000  26.629  342.340
23.340  30.000  27.554  349.834
23.350  30.000  28.275  356.884
23.360  30.000  28.059  364.090
23.370  30.000  28.691  371.163
23.380  30.000  29.000  378.123
23.390  30.000  29.421  385.085
23.400  30.000  29.619  391.892
23.410  30.000  29.228  398.856
23.420  30.000  29.893  405.996
23.430  30.000  29.967  413.049
23.440  30.000  30.893  419.727
23.450  30.000  30.247  426.244
23.460  30.000  31.349  432.549
23.470  30.000  30.185  438.580
23.480  30.000  30.941  444.526
23.490  30.000  30.755  450.037
23.500  30.000  30.347  455.666
23.510  30.000  31.405  460.971
23.520  30.000  31.544  465.534
23.530  30.000  31.295  470.156
23.540  30.000  31.827  474.771
23.550  30.000  32.122  479.263
23.560  30.000  31.380  483.652
23.570  30.000  31.567  487.605
23.580  30.000  31.020  491.056
23.590  30.000  31.371  494.399
23.600  30.000  31.671  497.451
23.610  30.000  31.536  499.991
23.620  30.000  31.879  502.233
23.630  30.000  30.904  504.066
23.640  30.000  30.738  505.391
23.650  30.000  30.769  506.312
23.660  30.000  29.633  506.648
23.670  30.000  29.829  505.932
23.680  30.000  29.231  503.983
23.690  30.000  29.455  500.891
23.700  30.000  29.975  497.691
23.710  30.000  30.420  494.983
23.720  30.000  29.803  492.317
23.730  30.000  29.391  489.615
23.740  30.000  29.729  486.937
23.750  30.000  29.809  484.281
23.760  30.000  29.615  481.679
23.770  30.000  29.626  479.232
23.780  30.000  29.543  476.993
23.790  30.000  29.457  474.897
23.800  30.000  28.995  473.058
23.810  30.000  29.169  471.516
23.820  30.000  29.485  470.442
23.830  30.000  29.135  469.898
23.840  30.000  29.346  469.375
23.850  30.000  28.555  468.646
23.860  30.000  29.617  468.138
23.870  30.000  30.378  468.220
23.880  30.000  30.324  468.574
23.890  30.000  29.264  469.025
23.900  30.000  29.068  469.671
23.910  30.000  29.882  470.330
23.920  5.000  30.447  470.921
23.930  5.000  29.709  471.445
23.940  5.000  26.469  470.990
23.950  5.000  21.587  467.321
23.960  5.000  19.333  461.296
23.970  5.000  19.821  453.938
23.980  5.000  21.459  445.683
23.990  5.000  21.334  437.794
24.000  5.000  21.055  429.372
24.010  5.000  20.271  421.162
24.020  5.000  19.701  413.584
24.030  5.000  19.461  405.896
24.040  5.000  19.175  398.273
24.050  5.000  19.250  390.389
24.060  5.000  18.817  382.296
24.070  5.000  18.300  374.810
24.080  5.000  17.930  367.420
24.090  5.000  17.564  359.674
24.100  5.000  17.449  352.172
24.110  5.000  17.088  345.238
24.120  5.000  16.899  337.936
24.130  5.000  16.614  330.040
24.140  5.000  16.469  322.262
24.150  5.000  16.292  314.929
24.160  5.000  15.800  307.967
24.170  5.000  15.427  300.662
24.180  5.000  15.347  293.833
24.190  5.000  14.785  287.042
24.200  5.000  14.570  279.570
24.210  5.000  14.363  272.691
24.220  5.000  13.962  265.990
24.230  5.000  13.697  259.002
24.240  5.000  13.342  252.740
24.250  5.000  13.069  246.688
24.260  5.000  12.843  240.112
24.270  5.000  12.726  233.253
24.280  5.000  12.532  226.931
24.290  5.000  12.179  221.330
24.300  5.000  11.841  215.760
24.310  5.000  11.738  209.834
24.320  5.000  11.452  203.355
24.330  5.000  11.398  196.737
24.340  5.000  10.928  190.896
24.350  5.000  10.664  185.298
24.360  5.000  10.594  179.001
24.370  5.000  10.348  172.711
24.380  5.000  10.155  167.046
24.390  5.000  10.084  161.464
24.400  5.000  9.716  155.568
24.410  5.000  9.588  149.528
24.420  5.000  9.354  143.897
24.430  5.000  9.097  138.487
24.440  5.000  8.881  132.698
24.450  5.000  8.762  127.387
24.460  5.000  8.470  122.213
24.470  5.000  8.269  116.706
24.480  5.000  8.215  111.553
24.490  5.000  8.027  106.898
24.500  5.000  7.801  101.952
24.510  5.000  7.583  96.928
24.520  5.000  7.512  91.857
24.530  5.000  7.238  86.983
24.540  5.000  7.074  82.306
24.550  5.000  6.812  77.751
24.560  5.000  6.655  73.695
24.570  5.000  6.570  69.594
24.580  5.000  6.439  65.502
24.590  5.000  6.206  61.233
24.600  5.000  6.025  56.653
24.610  5.000  5.907  51.904
24.620  5.000  5.795  47.399
24.630  5.000  5.646  43.354
24.640  5.000  5.505  39.217
24.650  5.000  5.285  35.276
24.660  5.000  5.126  31.286
24.670  5.000  5.013  27.105
24.680  5.000  4.867  23.315
24.690  5.000  4.702  19.302
24.700  5.000  4.635  15.505
24.710  5.000  4.468  11.977
24.720  5.000  4.362  8.416
24.730  5.000  4.293  5.096
24.740  5.000  4.273  1.913
24.750  5.000  4.167  -0.956
24.760  5.000  4.055  -3.708
24.770  5.000  3.881  -6.414
24.780  5.000  3.879  -8.956
24.790  5.000  3.819  -11.529
24.800  5.000  3.772  -13.957
24.810  5.000  3.687  -16.065
24.820  5.000  3.594  -17.970
24.830  5.000  3.546  -19.763
24.840  5.000  3.530  -21.436
24.850  5.000  3.888  -22.865
24.860  5.000  4.201  -23.949
24.870  5.000  4.193  -24.714
24.880  5.000  3.652  -25.375
24.890  5.000  3.407  -25.807
24.900  5.000  3.915  -25.665
24.910  5.000  4.644  -25.029
24.920  5.000  4.700  -24.279
24.930  5.000  3.950  -23.276
24.940  5.000  3.889  -22.039
24.950  5.000  4.060  -20.537
24.960  5.000  4.839  -18.535
24.970  5.000  5.300  -16.252
24.980  5.000  5.149  -13.901
24.990  5.000  4.569  -11.568
25.000  5.000  4.393  -9.065
25.010  5.000  5.244  -6.717
25.020  5.000  5.736  -4.642
25.030  5.000  5.773  -2.655
25.040  5.000  5.013  -0.944
25.050  5.000  4.779  0.545
25.060  5.000  5.238  1.909
25.070  5.000  5.972  3.076
25.080  5.000  5.713  4.024
25.090  5.000  5.265  4.895
25.100  5.000  5.260  5.666
25.110  5.000  5.710  6.195
25.120  5.000  5.684  6.727
25.130  5.000  5.915  7.108
25.140  5.000  5.480  7.208
25.150  5.000  5.255  7.050
25.160  5.000  5.102  6.731
25.170  5.000  5.587  6.156
25.180  5.000  5.636  5.163
25.190  5.000  5.474  3.860
25.200  5.000  4.998  2.379
25.210  5.000  5.012  1.131
25.220  5.000  5.325  -0.004
25.230  5.000  5.246  -1.109
25.240  5.000  5.089  -2.137
25.250  5.000  4.938  -3.312
25.260  5.000  4.924  -4.682
25.270  5.000  4.912  -6.061
25.280  5.000  4.860  -7.372
25.290  5.000  4.929  -8.483
25.300  5.000  4.829  -9.316
25.310  5.000  4.658  -10.232
25.320  5.000  4.580  -11.002
25.330  5.000  4.551  -11.755
25.340  5.000  4.755  -12.684
25.350  5.000  4.828  -13.395
25.360  5.000  4.514  -13.760
25.370  5.000  4.480  -13.787
25.380  5.000  4.658  -13.848
25.390  5.000  4.912  -14.023
25.400  5.000  4.898  -14.084
25.410  5.000  4.653  -14.024
25.420  5.000  4.598  -13.700
25.430  5.000  4.814  -13.050
25.440  5.000  4.961  -12.470
25.450  5.000  4.807  -12.057
25.460  5.000  4.680  -11.477
25.470  5.000  4.728  -10.775
25.480  5.000  4.864  -10.200
25.490  5.000  4.830  -9.738
25.500  5.000  4.956  -9.299
25.510  5.000  5.124  -8.744
25.520  5.000  4.973  -8.055
25.530  5.000  4.951  -7.210
25.540  5.000  4.979  -6.435
25.550  5.000  5.113  -5.876
25.560  5.000  5.324  -5.318
25.570  5.000  5.202  -4.795
25.580  5.000  5.231  -4.300
25.590  5.000  5.338  -3.822
25.600  5.000  5.305  -3.367
25.610  5.000  5.444  -2.986
25.620  5.000  5.095  -2.686
25.630  5.000  5.107  -2.508
25.640  5.000  5.244  -2.658
25.650  5.000  5.369  -2.849
25.660  5.000  5.341  -3.074
25.670  5.000  5.085  -3.417
25.680  5.000  4.910  -3.676
25.690  5.000  5.359  -4.070
25.700  5.000  5.382  -4.702
25.710  5.000  5.115  -5.529
25.720  5.000  4.801  -6.278
25.730  5.000  4.934  -7.044
25.740  5.000  5.087  -7.878
25.750  5.000  5.003  -8.538
25.760  5.000  5.014  -9.122
25.770  5.000  4.911  -9.791
25.780  5.000  4.837  -10.478
25.790  5.000  4.864  -11.061
25.800  5.000  4.903  -11.591
25.810  5.000  4.756  -12.052
25.820  5.000  4.864  -12.321
25.830  5.000  4.885  -12.471
25.840  5.000  4.774  -12.652
25.850  5.000  4.681  -12.808
25.860  5.000  4.808  -12.872
25.870  5.000  5.019  -12.726
25.880  5.000  4.863  -12.449
25.890  5.000  4.777  -12.042
25.900  5.000  4.650  -11.536
25.910  5.000  5.012  -11.083
25.920  5.000  5.061  -10.811
25.930  7.499  5.063  -10.489
25.940  10.000  4.999  -9.726
25.950  12.500  5.418  -8.403
25.960  15.000  8.096  -6.125
25.970  17.500  10.932  -2.222
25.980  20.000  11.318  3.621
25.990  22.500  12.691  11.649
26.000  25.000  14.838  21.658
26.010  27.500  15.389  32.787
26.020  30.000  16.043  43.690
26.030  30.000  15.041  55.079
26.040  30.000  16.766  66.732
26.050  30.000  16.746  77.652
26.060  30.000  17.675  88.238
26.070  30.000  17.322  98.756
26.080  30.000  18.812  108.677
26.090  30.000  18.086  119.022
26.100  30.000  19.078  129.491
26.110  30.000  18.744  139.708
26.120  30.000  19.501  150.342
26.130  30.000  19.570  160.394
26.140  30.000  20.069  170.598
26.150  30.000  20.474  180.767
26.160  30.000  20.650  190.473
26.170  30.000  21.266  199.761
26.180  30.000  22.111  208.790
26.190  30.000  21.822  217.957
26.200  30.000  22.737  226.992
26.210  30.000  22.842  235.763
26.220  30.000  23.280  244.691
26.230  30.000  23.016  253.868
26.240  30.000  23.672  262.826
26.250  30.000  24.441  271.091
26.260  30.000  23.952  279.558
26.270  30.000  25.245  288.056
26.280  30.000  25.130  296.349
26.290  30.000  25.495  304.589
26.300  30.000  25.671  312.913
26.310  30.000  26.855  321.189
26.320  30.000  26.595  329.271
26.330  30.000  27.174  337.286
26.340  30.000  27.063  345.089
26.350  30.000  27.145  352.919
26.360  30.000  27.408  360.469
26.370  30.000  28.497  367.439
26.380  30.000  28.863  374.386
26.390  30.000  28.273  381.779
26.400  30.000  28.707  389.211
26.410  30.000  29.587  396.063
26.420  30.000  30.042  402.664
26.430  30.000  30.202  409.436
26.440  30.000  30.808  415.890
26.450  30.000  29.830  422.806
26.460  30.000  31.735  429.785
26.470  30.000  30.158  436.184
26.480  30.000  30.617  442.342
26.490  30.000  30.060  448.365
26.500  30.000  30.602  454.528
26.510  30.000  31.075  460.241
26.520  30.000  31.226  465.401
26.530  30.000  31.778  470.289
26.540  30.000  31.188  475.019
26.550  30.000  31.550  479.681
26.560  30.000  32.182  483.787
26.570  30.000  32.144  487.462
26.580  30.000  31.422  490.965
26.590  30.000  31.072  494.247
26.600  30.000  30.920  497.333
26.610  30.000  31.681  499.843
26.620  30.000  32.017  502.008
26.630  30.000  31.219  504.192
26.640  30.000  31.421  505.872
