# covent_pc_8
# Captured 2020-06-21 02:48:15.507978 by unknown user
# Built at revision ace2394 (dirty)
time(sec)  pc_setpoint  pressure  volume
0.000  35.000  34.573  227.658
0.010  35.000  34.264  226.714
0.020  35.000  34.245  225.738
0.030  35.000  34.027  224.790
0.040  35.000  34.406  223.902
0.050  35.000  34.213  223.214
0.060  35.000  34.490  222.713
0.070  35.000  34.536  222.290
0.080  35.000  34.542  222.082
0.090  35.000  34.635  221.970
0.100  35.000  34.455  222.114
0.110  35.000  34.142  222.620
0.120  35.000  35.146  223.285
0.130  35.000  34.794  224.277
0.140  35.000  35.065  225.138
0.150  35.000  34.835  225.704
0.160  35.000  35.187  226.380
0.170  35.000  34.796  227.248
0.180  35.000  35.134  228.194
0.190  35.000  35.147  229.093
0.200  35.000  35.307  229.940
0.210  35.000  35.120  230.868
0.220  35.000  35.250  231.782
0.230  35.000  35.170  232.487
0.240  35.000  35.336  233.317
0.250  35.000  35.440  234.171
0.260  35.000  35.004  234.856
0.270  35.000  35.470  235.570
0.280  35.000  34.985  236.243
0.290  35.000  36.097  236.613
0.300  35.000  34.993  236.841
0.310  35.000  35.259  236.987
0.320  35.000  35.187  237.025
0.330  10.000  35.296  236.948
0.340  10.000  35.122  234.200
0.350  10.000  29.439  225.462
0.360  10.000  24.709  216.741
0.370  10.000  24.891  209.924
0.380  10.000  23.447  202.407
0.390  10.000  22.886  195.604
0.400  10.000  22.311  188.867
0.410  10.000  21.626  182.240
0.420  10.000  21.110  175.609
0.430  10.000  20.407  169.180
0.440  10.000  19.984  162.759
0.450  10.000  19.400  156.537
0.460  10.000  18.765  150.562
0.470  10.000  18.230  144.438
0.480  10.000  17.787  138.349
0.490  10.000  17.342  132.472
0.500  10.000  16.990  126.665
0.510  10.000  16.584  121.007
0.520  10.000  16.087  115.519
0.530  10.000  15.622  110.093
0.540  10.000  15.301  104.692
0.550  10.000  14.849  99.289
0.560  10.000  14.396  94.077
0.570  10.000  13.966  89.040
0.580  10.000  13.651  84.069
0.590  10.000  13.200  79.186
0.600  10.000  12.905  74.365
0.610  10.000  12.637  69.589
0.620  10.000  12.286  64.940
0.630  10.000  12.031  60.409
0.640  10.000  11.576  55.977
0.650  10.000  11.290  51.635
0.660  10.000  11.017  47.325
0.670  10.000  10.702  43.124
0.680  10.000  10.398  39.040
0.690  10.000  10.102  35.075
0.700  10.000  9.832  31.144
0.710  10.000  9.651  27.225
0.720  10.000  9.323  23.435
0.730  10.000  9.114  19.799
0.740  10.000  8.923  16.391
0.750  10.000  8.783  13.385
0.760  10.000  8.889  10.855
0.770  10.000  9.139  8.759
0.780  10.000  9.384  6.943
0.790  10.000  9.409  5.319
0.800  10.000  9.402  3.884
0.810  10.000  9.407  2.600
0.820  10.000  9.530  1.482
0.830  10.000  9.427  0.641
0.840  10.000  9.530  -0.005
0.850  10.000  9.640  -0.513
0.860  10.000  9.664  -0.931
0.870  10.000  9.668  -1.224
0.880  10.000  9.598  -1.286
0.890  10.000  9.746  -1.206
0.900  10.000  9.845  -1.051
0.910  10.000  9.910  -0.747
0.920  10.000  9.806  -0.309
0.930  10.000  9.929  0.221
0.940  10.000  9.992  0.865
0.950  10.000  10.026  1.575
0.960  10.000  10.147  2.255
0.970  10.000  10.083  2.924
0.980  10.000  10.194  3.497
0.990  10.000  10.326  4.032
1.000  10.000  10.390  4.498
1.010  10.000  10.325  4.828
1.020  10.000  10.438  5.230
1.030  10.000  10.487  5.627
1.040  10.000  10.575  6.019
1.050  10.000  10.392  6.425
1.060  10.000  10.508  6.547
1.070  10.000  10.267  6.412
1.080  10.000  10.484  6.212
1.090  10.000  10.416  5.958
1.100  10.000  10.475  5.612
1.110  10.000  10.372  5.072
1.120  10.000  10.254  4.439
1.130  10.000  10.201  3.854
1.140  10.000  10.057  3.204
1.150  10.000  9.951  2.454
1.160  10.000  9.920  1.670
1.170  10.000  9.952  0.812
1.180  10.000  9.847  -0.023
1.190  10.000  9.798  -0.794
1.200  10.000  9.781  -1.574
1.210  10.000  9.751  -2.355
1.220  10.000  9.601  -3.003
1.230  10.000  9.442  -3.514
1.240  10.000  9.438  -4.040
1.250  10.000  9.566  -4.541
1.260  10.000  9.519  -4.957
1.270  10.000  9.542  -5.279
1.280  10.000  9.552  -5.420
1.290  10.000  9.693  -5.412
1.300  10.000  9.580  -5.284
1.310  10.000  9.824  -5.053
1.320  10.000  9.656  -4.678
1.330  10.000  9.934  -4.217
1.340  10.000  9.848  -3.658
1.350  10.000  9.994  -3.081
1.360  10.000  10.042  -2.567
1.370  10.000  10.056  -2.057
1.380  10.000  10.369  -1.504
1.390  10.000  10.174  -0.838
1.400  10.000  10.153  -0.317
1.410  10.000  10.298  0.219
1.420  10.000  10.436  0.793
1.430  10.000  10.395  1.217
1.440  10.000  10.340  1.575
1.450  10.000  10.581  1.894
1.460  10.000  10.377  2.183
1.470  10.000  10.559  2.323
1.480  10.000  10.275  2.336
1.490  10.000  10.512  2.177
1.500  10.000  10.398  1.919
1.510  10.000  10.322  1.690
1.520  10.000  10.317  1.334
1.530  10.000  10.292  0.843
1.540  10.000  10.093  0.281
1.550  10.000  10.222  -0.336
1.560  10.000  9.879  -1.005
1.570  10.000  9.967  -1.675
1.580  10.000  9.883  -2.375
1.590  10.000  9.856  -3.071
1.600  10.000  9.765  -3.697
1.610  10.000  9.690  -4.340
1.620  10.000  9.749  -4.975
1.630  10.000  9.566  -5.545
1.640  10.000  9.616  -6.129
1.650  10.000  9.465  -6.683
1.660  10.000  9.517  -7.072
1.670  10.000  9.558  -7.325
1.680  10.000  9.475  -7.437
1.690  10.000  9.594  -7.521
1.700  10.000  9.668  -7.576
1.710  10.000  9.690  -7.384
1.720  10.000  9.667  -7.043
1.730  10.000  9.719  -6.691
1.740  10.000  9.744  -6.179
1.750  10.000  10.060  -5.669
1.760  10.000  9.997  -5.140
1.770  10.000  10.026  -4.483
1.780  10.000  10.080  -3.802
1.790  10.000  10.195  -3.139
1.800  10.000  10.259  -2.578
1.810  10.000  10.374  -1.973
1.820  10.000  10.257  -1.420
1.830  10.000  10.461  -1.025
1.840  10.000  10.259  -0.577
1.850  10.000  10.504  -0.090
1.860  10.000  10.557  0.277
1.870  10.000  10.629  0.494
1.880  10.000  10.479  0.605
1.890  10.000  10.309  0.592
1.900  10.000  10.505  0.469
1.910  10.000  10.433  0.183
1.920  10.000  10.352  -0.273
1.930  10.000  10.191  -0.782
1.940  10.000  10.155  -1.341
1.950  10.000  10.055  -1.985
1.960  10.000  10.155  -2.651
1.970  10.000  9.900  -3.279
1.980  10.000  9.898  -3.996
1.990  10.000  9.837  -4.757
2.000  10.000  9.733  -5.406
2.010  10.000  9.672  -6.010
2.020  10.000  9.684  -6.581
2.030  10.000  9.720  -7.122
2.040  10.000  9.698  -7.648
2.050  10.000  9.567  -8.124
2.060  10.000  9.610  -8.564
2.070  10.000  9.515  -8.935
2.080  10.000  9.617  -9.229
2.090  10.000  9.554  -9.367
2.100  10.000  9.549  -9.287
2.110  10.000  9.460  -9.099
2.120  10.000  9.715  -8.916
2.130  10.000  9.818  -8.720
2.140  10.000  9.830  -8.416
2.150  10.000  9.906  -7.975
2.160  10.000  9.917  -7.421
2.170  10.000  9.963  -6.894
2.180  10.000  10.128  -6.401
2.190  10.000  10.029  -5.772
2.200  10.000  10.129  -5.065
2.210  10.000  10.024  -4.449
2.220  10.000  10.220  -3.885
2.230  10.000  10.322  -3.273
2.240  10.000  10.414  -2.715
2.250  10.000  10.383  -2.185
2.260  10.000  10.318  -1.665
2.270  10.000  10.452  -1.306
2.280  10.000  10.597  -0.992
2.290  10.000  10.643  -0.806
2.300  10.000  10.372  -0.758
2.310  10.000  10.455  -0.838
2.320  10.000  10.382  -1.077
2.330  10.000  10.533  -1.352
2.340  12.499  10.306  -1.779
2.350  15.000  10.336  -2.260
2.360  17.499  10.573  -1.961
2.370  19.999  12.121  -0.230
2.380  22.499  13.615  2.811
2.390  24.999  14.730  6.624
2.400  27.499  15.891  11.259
2.410  29.999  18.151  16.999
2.420  32.499  19.421  23.275
2.430  35.000  20.530  29.486
2.440  35.000  21.371  35.583
2.450  35.000  21.420  43.478
2.460  35.000  22.597  51.386
2.470  35.000  23.072  57.672
2.480  35.000  23.691  64.072
2.490  35.000  23.789  70.710
2.500  35.000  25.163  77.234
2.510  35.000  25.571  83.357
2.520  35.000  26.218  89.510
2.530  35.000  27.030  95.442
2.540  35.000  27.363  101.183
2.550  35.000  27.761  107.525
2.560  35.000  28.774  113.691
2.570  35.000  29.456  119.323
2.580  35.000  30.262  125.016
2.590  35.000  30.729  130.451
2.600  35.000  30.938  136.386
2.610  35.000  31.638  142.711
2.620  35.000  32.540  148.488
2.630  35.000  32.196  154.456
2.640  35.000  33.631  160.080
2.650  35.000  34.074  165.366
2.660  35.000  34.414  171.104
2.670  35.000  35.028  176.948
2.680  35.000  35.780  182.535
2.690  35.000  36.110  187.889
2.700  35.000  36.550  193.255
2.710  35.000  37.107  198.623
2.720  35.000  37.011  204.031
2.730  35.000  36.234  208.940
2.740  35.000  36.054  213.242
2.750  35.000  36.340  217.099
2.760  35.000  36.806  220.784
2.770  35.000  36.782  224.508
2.780  35.000  36.872  228.007
2.790  35.000  37.055  231.151
2.800  35.000  36.154  233.925
2.810  35.000  36.253  236.107
2.820  35.000  36.543  237.913
2.830  35.000  36.312  239.904
2.840  35.000  37.301  241.951
2.850  35.000  36.722  243.611
2.860  35.000  35.907  244.717
2.870  35.000  35.576  245.315
2.880  35.000  35.741  245.581
2.890  35.000  36.247  245.391
2.900  35.000  36.490  244.842
2.910  35.000  35.974  244.222
2.920  35.000  35.393  243.373
2.930  35.000  35.193  242.439
2.940  35.000  35.304  241.373
2.950  35.000  35.257  240.129
2.960  35.000  35.218  238.897
2.970  35.000  34.594  237.713
2.980  35.000  34.776  236.621
2.990  35.000  34.234  235.527
3.000  35.000  34.672  234.349
3.010  35.000  34.225  233.157
3.020  35.000  34.325  231.989
3.030  35.000  33.824  230.850
3.040  35.000  34.036  229.902
3.050  35.000  34.288  229.260
3.060  35.000  34.518  228.845
3.070  35.000  34.532  228.480
3.080  35.000  34.262  228.325
3.090  35.000  34.529  228.409
3.100  35.000  34.307  228.807
3.110  35.000  34.706  229.303
3.120  35.000  34.928  229.972
3.130  35.000  34.847  230.764
3.140  35.000  34.987  231.470
3.150  35.000  34.773  232.248
3.160  35.000  35.466  233.112
3.170  35.000  34.857  234.203
3.180  35.000  35.022  235.146
3.190  35.000  34.983  235.955
3.200  35.000  35.408  236.813
3.210  35.000  35.218  237.718
3.220  35.000  35.416  238.793
3.230  35.000  34.994  239.717
3.240  35.000  35.575  240.448
3.250  35.000  35.270  241.125
3.260  35.000  35.241  241.502
3.270  35.000  35.092  241.860
3.280  35.000  35.614  242.221
3.290  35.000  35.043  242.487
3.300  35.000  35.590  242.675
3.310  35.000  35.481  242.681
3.320  35.000  35.323  242.654
3.330  35.000  34.880  242.636
3.340  10.000  35.183  242.475
3.350  10.000  35.072  239.811
3.360  10.000  29.561  231.176
3.370  10.000  24.929  222.336
3.380  10.000  24.786  215.101
3.390  10.000  23.316  207.449
3.400  10.000  22.909  200.752
3.410  10.000  22.247  193.889
3.420  10.000  21.590  187.309
3.430  10.000  20.936  180.802
3.440  10.000  20.349  174.388
3.450  10.000  19.947  168.057
3.460  10.000  19.374  161.779
3.470  10.000  18.897  155.659
3.480  10.000  18.374  149.603
3.490  10.000  17.955  143.578
3.500  10.000  17.410  137.752
3.510  10.000  17.023  131.968
3.520  10.000  16.534  126.280
3.530  10.000  16.139  120.768
3.540  10.000  15.685  115.286
3.550  10.000  15.312  109.873
3.560  10.000  14.929  104.610
3.570  10.000  14.442  99.508
3.580  10.000  14.033  94.506
3.590  10.000  13.673  89.608
3.600  10.000  13.226  84.719
3.610  10.000  12.913  79.865
3.620  10.000  12.572  75.287
3.630  10.000  12.215  70.848
3.640  10.000  11.888  66.419
3.650  10.000  11.532  62.049
3.660  10.000  11.230  57.766
3.670  10.000  10.949  53.545
3.680  10.000  10.502  49.349
3.690  10.000  10.124  45.300
3.700  10.000  9.831  41.428
3.710  10.000  9.446  37.728
3.720  10.000  9.335  34.124
3.730  10.000  9.020  30.458
3.740  10.000  8.997  27.105
3.750  10.000  8.726  24.265
3.760  10.000  9.153  21.814
3.770  10.000  9.340  19.704
3.780  10.000  9.569  17.751
3.790  10.000  9.599  16.000
3.800  10.000  9.673  14.397
3.810  10.000  9.581  12.878
3.820  10.000  9.587  11.511
3.830  10.000  9.463  10.350
3.840  10.000  9.584  9.396
3.850  10.000  9.590  8.573
3.860  10.000  9.631  7.860
3.870  10.000  9.535  7.261
3.880  10.000  9.697  6.791
3.890  10.000  9.582  6.577
3.900  10.000  9.662  6.574
3.910  10.000  9.846  6.526
3.920  10.000  9.864  6.540
3.930  10.000  9.816  6.721
3.940  10.000  9.869  7.028
3.950  10.000  9.973  7.481
3.960  10.000  9.948  7.861
3.970  10.000  10.065  8.182
3.980  10.000  10.193  8.621
3.990  10.000  10.147  9.067
4.000  10.000  10.131  9.549
4.010  10.000  10.272  9.997
4.020  10.000  10.280  10.352
4.030  10.000  10.185  10.728
4.040  10.000  10.342  11.097
4.050  10.000  10.363  11.410
4.060  10.000  10.278  11.690
4.070  10.000  10.478  11.991
4.080  10.000  10.394  12.272
4.090  10.000  10.475  12.378
4.100  10.000  10.298  12.367
4.110  10.000  10.374  12.340
4.120  10.000  10.458  12.201
4.130  10.000  10.542  11.814
4.140  10.000  10.279  11.307
4.150  10.000  10.163  10.802
4.160  10.000  10.141  10.177
4.170  10.000  10.162  9.475
4.180  10.000  9.964  8.807
4.190  10.000  9.931  8.130
4.200  10.000  9.783  7.430
4.210  10.000  9.917  6.682
4.220  10.000  9.797  5.936
4.230  10.000  9.711  5.317
4.240  10.000  9.664  4.794
4.250  10.000  9.667  4.293
4.260  10.000  9.460  3.816
4.270  10.000  9.536  3.380
4.280  10.000  9.518  3.015
4.290  10.000  9.560  2.731
4.300  10.000  9.629  2.580
4.310  10.000  9.615  2.571
4.320  10.000  9.556  2.649
4.330  10.000  9.560  2.807
4.340  10.000  9.737  3.071
4.350  10.000  10.064  3.485
4.360  10.000  9.689  4.033
4.370  10.000  9.724  4.619
4.380  10.000  9.985  5.185
4.390  10.000  10.237  5.690
4.400  10.000  10.281  6.182
4.410  10.000  10.158  6.835
4.420  10.000  10.280  7.510
4.430  10.000  10.294  8.142
4.440  10.000  10.440  8.738
4.450  10.000  10.330  9.248
4.460  10.000  10.354  9.717
4.470  10.000  10.491  10.177
4.480  10.000  10.458  10.513
4.490  10.000  10.353  10.706
4.500  10.000  10.402  10.860
4.510  10.000  10.384  10.912
4.520  10.000  10.549  10.783
4.530  10.000  10.437  10.463
4.540  10.000  10.422  10.067
4.550  10.000  10.237  9.603
4.560  10.000  10.131  8.990
4.570  10.000  10.108  8.317
4.580  10.000  9.971  7.657
4.590  10.000  9.982  6.949
4.600  10.000  10.026  6.227
4.610  10.000  9.875  5.571
4.620  10.000  9.791  4.948
4.630  10.000  9.762  4.319
4.640  10.000  9.544  3.801
4.650  10.000  9.690  3.370
4.660  10.000  9.587  2.852
4.670  10.000  9.538  2.363
4.680  10.000  9.558  1.971
4.690  10.000  9.625  1.605
4.700  10.000  9.634  1.324
4.710  10.000  9.490  1.278
4.720  10.000  9.578  1.354
4.730  10.000  9.668  1.385
4.740  10.000  9.750  1.525
4.750  10.000  9.755  1.840
4.760  10.000  9.838  2.117
4.770  10.000  9.772  2.487
4.780  10.000  9.964  3.063
4.790  10.000  10.009  3.650
4.800  10.000  10.051  4.193
4.810  10.000  9.986  4.720
4.820  10.000  10.149  5.238
4.830  10.000  10.078  5.833
4.840  10.000  10.116  6.460
4.850  10.000  10.289  6.907
4.860  10.000  10.440  7.221
4.870  10.000  10.347  7.587
4.880  10.000  10.288  8.087
4.890  10.000  10.362  8.591
4.900  10.000  10.444  8.921
4.910  10.000  10.649  9.034
4.920  10.000  10.400  9.167
4.930  10.000  10.388  9.325
4.940  10.000  10.197  9.340
4.950  10.000  10.396  9.259
4.960  10.000  10.268  9.085
4.970  10.000  10.444  8.738
4.980  10.000  10.233  8.247
4.990  10.000  10.295  7.682
5.000  10.000  9.955  7.024
5.010  10.000  10.132  6.246
5.020  10.000  10.033  5.505
5.030  10.000  9.896  4.900
5.040  10.000  9.906  4.238
5.050  10.000  9.838  3.550
5.060  10.000  9.765  2.900
5.070  10.000  9.761  2.228
5.080  10.000  9.699  1.598
5.090  10.000  9.547  1.107
5.100  10.000  9.691  0.698
5.110  10.000  9.630  0.353
5.120  10.000  9.581  0.015
5.130  10.000  9.584  -0.343
5.140  10.000  9.533  -0.621
5.150  10.000  9.559  -0.725
5.160  10.000  9.702  -0.668
5.170  10.000  9.697  -0.540
5.180  10.000  9.676  -0.359
5.190  10.000  9.667  -0.039
5.200  10.000  9.730  0.405
5.210  10.000  9.796  0.953
5.220  10.000  9.916  1.588
5.230  10.000  9.969  2.200
5.240  10.000  10.050  2.806
5.250  10.000  10.047  3.444
5.260  10.000  10.206  4.052
5.270  10.000  10.321  4.612
5.280  10.000  10.216  5.287
5.290  10.000  10.293  5.939
5.300  10.000  10.290  6.459
5.310  10.000  10.303  6.957
5.320  10.000  10.409  7.410
5.330  10.000  10.564  7.838
5.340  10.000  10.532  8.235
5.350  12.500  10.633  8.359
5.360  15.000  10.567  8.314
5.370  17.500  10.912  8.957
5.380  20.000  12.520  10.765
5.390  22.500  14.214  13.613
5.400  25.000  14.739  17.410
5.410  27.500  16.510  21.979
5.420  30.000  18.504  27.499
5.430  32.500  19.578  33.908
5.440  35.000  20.908  40.164
5.450  35.000  22.084  45.791
5.460  35.000  22.259  51.435
5.470  35.000  23.015  57.446
5.480  35.000  22.965  63.651
5.490  35.000  24.258  69.920
5.500  35.000  24.602  76.210
5.510  35.000  25.602  82.014
5.520  35.000  25.742  87.916
5.530  35.000  26.615  94.094
5.540  35.000  27.039  99.894
5.550  35.000  27.743  105.992
5.560  35.000  28.558  112.125
5.570  35.000  29.018  117.809
5.580  35.000  29.763  123.190
5.590  35.000  30.226  128.655
5.600  35.000  30.917  134.359
5.610  35.000  31.863  139.863
5.620  35.000  31.962  145.459
5.630  35.000  32.699  151.231
5.640  35.000  33.017  157.107
5.650  35.000  33.613  162.788
5.660  35.000  33.952  168.777
5.670  35.000  35.138  174.614
5.680  35.000  35.516  179.657
5.690  35.000  35.616  185.415
5.700  35.000  36.643  191.163
5.710  35.000  36.947  196.248
5.720  35.000  37.580  201.425
5.730  35.000  36.322  206.341
5.740  35.000  36.707  210.463
5.750  35.000  35.911  214.143
5.760  35.000  36.549  217.888
5.770  35.000  36.649  221.471
5.780  35.000  37.102  224.946
5.790  35.000  36.431  228.185
5.800  35.000  36.085  230.956
5.810  35.000  36.462  233.322
5.820  35.000  36.208  235.297
5.830  35.000  36.822  237.246
5.840  35.000  37.316  238.918
5.850  35.000  36.524  240.268
5.860  35.000  36.344  241.374
5.870  35.000  35.047  242.157
5.880  35.000  35.358  242.616
5.890  35.000  35.915  242.731
5.900  35.000  36.258  242.626
5.910  35.000  35.733  242.292
5.920  35.000  35.368  241.825
5.930  35.000  35.724  241.200
5.940  35.000  35.692  240.365
5.950  35.000  35.704  239.280
5.960  35.000  34.899  238.118
5.970  35.000  35.006  236.946
5.980  35.000  34.789  235.781
5.990  35.000  34.706  234.661
6.000  35.000  34.701  233.542
6.010  35.000  34.379  232.465
6.020  35.000  34.263  231.395
6.030  35.000  34.207  230.217
6.040  35.000  33.963  229.144
6.050  35.000  33.867  228.439
6.060  35.000  34.317  227.955
6.070  35.000  34.417  227.676
6.080  35.000  34.295  227.620
6.090  35.000  34.568  227.909
6.100  35.000  34.572  228.310
6.110  35.000  35.008  228.655
6.120  35.000  34.591  229.246
6.130  35.000  35.013  229.899
6.140  35.000  34.683  230.491
6.150  35.000  35.181  231.182
6.160  35.000  35.209  231.918
6.170  35.000  34.895  232.630
6.180  35.000  35.263  233.309
6.190  35.000  35.072  234.273
6.200  35.000  35.090  235.346
6.210  35.000  35.266  236.137
6.220  35.000  35.307  236.697
6.230  35.000  35.120  237.261
6.240  35.000  35.316  237.808
6.250  35.000  35.236  238.133
6.260  35.000  35.411  238.497
6.270  35.000  34.999  239.008
6.280  35.000  35.150  239.438
6.290  35.000  35.431  239.581
6.300  35.000  35.509  239.669
6.310  35.000  35.177  239.673
6.320  35.000  35.109  239.676
6.330  35.000  35.240  239.781
6.340  35.000  35.144  239.773
6.350  10.000  35.571  239.528
6.360  10.000  34.865  236.903
6.370  10.000  29.221  228.319
6.380  10.000  24.672  219.471
6.390  10.000  24.687  212.748
6.400  10.000  23.497  205.458
6.410  10.000  22.762  198.758
6.420  10.000  22.056  191.964
6.430  10.000  21.557  185.287
6.440  10.000  21.109  178.621
6.450  10.000  20.285  172.161
6.460  10.000  19.726  165.828
6.470  10.000  19.224  159.586
6.480  10.000  18.797  153.492
6.490  10.000  18.295  147.409
6.500  10.000  17.749  141.380
6.510  10.000  17.372  135.509
6.520  10.000  16.891  129.812
6.530  10.000  16.411  124.203
6.540  10.000  15.849  119.193
6.550  10.000  15.551  113.313
6.560  10.000  14.992  108.577
6.570  10.000  14.609  103.296
6.580  10.000  14.171  98.290
6.590  10.000  13.782  92.764
6.600  10.000  13.427  87.730
6.610  10.000  13.117  82.949
6.620  10.000  12.751  78.200
6.630  10.000  12.380  73.504
6.640  10.000  12.034  68.844
6.650  10.000  11.735  64.249
6.660  10.000  11.504  59.792
6.670  10.000  11.114  55.390
6.680  10.000  10.831  51.193
6.690  10.000  10.527  47.137
6.700  10.000  10.268  43.075
6.710  10.000  9.956  39.116
6.720  10.000  9.651  35.247
6.730  10.000  9.432  31.408
6.740  10.000  9.177  27.607
6.750  10.000  9.030  24.007
6.760  10.000  8.888  20.781
6.770  10.000  8.898  18.031
6.780  10.000  9.049  15.699
6.790  10.000  9.392  13.704
6.800  10.000  9.560  11.967
6.810  10.000  9.550  10.343
6.820  10.000  9.625  8.875
6.830  10.000  9.502  7.521
6.840  10.000  9.578  6.259
6.850  10.000  9.504  5.266
6.860  10.000  9.558  4.498
6.870  10.000  9.558  3.875
6.880  10.000  9.621  3.344
6.890  10.000  9.718  2.913
6.900  10.000  9.699  2.729
6.910  10.000  9.660  2.648
6.920  10.000  9.722  2.575
6.930  10.000  9.859  2.630
6.940  10.000  9.816  2.790
6.950  10.000  9.955  2.984
6.960  10.000  9.939  3.313
6.970  10.000  10.007  3.757
6.980  10.000  10.124  4.154
6.990  10.000  10.062  4.605
7.000  10.000  10.181  5.052
7.010  10.000  10.136  5.489
7.020  10.000  10.199  5.909
7.030  10.000  10.249  6.202
7.040  10.000  10.419  6.533
7.050  10.000  10.336  6.873
7.060  10.000  10.244  7.143
7.070  10.000  10.451  7.412
7.080  10.000  10.365  7.567
7.090  10.000  10.523  7.601
7.100  10.000  10.441  7.580
7.110  10.000  10.406  7.489
7.120  10.000  10.343  7.255
7.130  10.000  10.426  6.931
7.140  10.000  10.319  6.580
7.150  10.000  10.389  6.086
7.160  10.000  10.122  5.436
7.170  10.000  10.150  4.709
7.180  10.000  10.085  3.998
7.190  10.000  10.010  3.250
7.200  10.000  9.889  2.527
7.210  10.000  9.728  1.875
7.220  10.000  9.875  1.123
7.230  10.000  9.759  0.348
7.240  10.000  9.841  -0.450
7.250  10.000  9.749  -1.223
7.260  10.000  9.579  -1.869
7.270  10.000  9.662  -2.536
7.280  10.000  9.539  -3.208
7.290  10.000  9.533  -3.737
7.300  10.000  9.656  -4.175
7.310  10.000  9.463  -4.481
7.320  10.000  9.564  -4.582
7.330  10.000  9.468  -4.546
7.340  10.000  9.824  -4.420
7.350  10.000  9.791  -4.168
7.360  10.000  9.885  -3.744
7.370  10.000  9.924  -3.363
7.380  10.000  10.010  -3.026
7.390  10.000  10.063  -2.683
7.400  10.000  9.989  -2.236
7.410  10.000  10.141  -1.761
7.420  10.000  9.900  -1.288
7.430  10.000  10.218  -0.800
7.440  10.000  10.220  -0.463
7.450  10.000  10.177  -0.118
7.460  10.000  10.200  0.227
7.470  10.000  10.186  0.556
7.480  10.000  10.336  0.902
7.490  10.000  10.377  1.184
7.500  10.000  10.498  1.492
7.510  10.000  10.453  1.744
7.520  10.000  10.458  1.767
7.530  10.000  10.350  1.761
7.540  10.000  10.317  1.775
7.550  10.000  10.412  1.633
7.560  10.000  10.408  1.350
7.570  10.000  10.177  0.995
7.580  10.000  10.224  0.630
7.590  10.000  10.262  0.196
7.600  10.000  10.083  -0.289
7.610  10.000  9.978  -0.825
7.620  10.000  9.939  -1.372
7.630  10.000  10.061  -1.997
7.640  10.000  10.013  -2.734
7.650  10.000  9.922  -3.398
7.660  10.000  9.826  -4.052
7.670  10.000  9.874  -4.678
7.680  10.000  9.768  -5.220
7.690  10.000  9.754  -5.740
7.700  10.000  9.622  -6.288
7.710  10.000  9.598  -6.792
7.720  10.000  9.555  -7.214
7.730  10.000  9.480  -7.614
7.740  10.000  9.458  -7.848
7.750  10.000  9.646  -7.871
7.760  10.000  9.720  -7.885
7.770  10.000  9.614  -7.986
7.780  10.000  9.822  -8.008
7.790  10.000  9.652  -7.797
7.800  10.000  9.734  -7.555
7.810  10.000  9.903  -7.281
7.820  10.000  9.825  -6.821
7.830  10.000  9.968  -6.342
7.840  10.000  10.193  -5.905
7.850  10.000  9.944  -5.404
7.860  10.000  10.152  -4.966
7.870  10.000  10.027  -4.513
7.880  10.000  10.225  -4.071
7.890  10.000  10.115  -3.664
7.900  10.000  10.345  -3.355
7.910  10.000  10.185  -2.990
7.920  10.000  10.265  -2.397
7.930  10.000  10.360  -1.923
7.940  10.000  10.546  -1.594
7.950  10.000  10.554  -1.333
7.960  10.000  10.441  -1.175
7.970  10.000  10.331  -1.087
7.980  10.000  10.350  -1.033
7.990  10.000  10.396  -1.137
8.000  10.000  10.416  -1.381
8.010  10.000  10.309  -1.743
8.020  10.000  10.321  -2.202
8.030  10.000  10.105  -2.689
8.040  10.000  9.991  -3.236
8.050  10.000  10.154  -3.931
8.060  10.000  10.078  -4.609
8.070  10.000  9.919  -5.178
8.080  10.000  9.859  -5.809
8.090  10.000  9.848  -6.546
8.100  10.000  9.757  -7.219
8.110  10.000  9.757  -7.852
8.120  10.000  9.765  -8.564
8.130  10.000  9.678  -9.158
8.140  10.000  9.617  -9.686
8.150  10.000  9.515  -10.195
8.160  10.000  9.567  -10.576
8.170  10.000  9.596  -10.838
8.180  10.000  9.750  -11.033
8.190  10.000  9.617  -11.181
8.200  10.000  9.632  -11.086
8.210  10.000  9.672  -10.857
8.220  10.000  9.701  -10.689
8.230  10.000  9.722  -10.487
8.240  10.000  9.807  -10.223
8.250  10.000  9.905  -9.899
8.260  10.000  9.952  -9.498
8.270  10.000  9.936  -9.020
8.280  10.000  10.228  -8.554
8.290  10.000  9.956  -8.108
8.300  10.000  10.075  -7.600
8.310  10.000  10.223  -7.168
8.320  10.000  10.144  -6.773
8.330  10.000  10.425  -6.358
8.340  10.000  10.278  -5.975
8.350  10.000  10.288  -5.665
8.360  12.500  10.488  -5.338
8.370  15.000  10.590  -4.932
8.380  17.500  11.349  -3.885
8.390  20.000  12.417  -1.760
8.400  22.500  14.287  1.212
8.410  25.001  14.782  4.993
8.420  27.500  16.341  9.700
8.430  30.000  18.277  15.856
8.440  32.500  19.704  22.524
8.450  35.000  20.653  29.115
8.460  35.000  21.697  35.517
8.470  35.000  22.382  41.326
8.480  35.000  22.727  47.292
8.490  35.000  23.628  53.217
8.500  35.000  24.191  58.884
8.510  35.000  24.700  65.016
8.520  35.000  25.015  71.380
8.530  35.000  25.815  77.562
8.540  35.000  26.705  83.303
8.550  35.000  27.546  88.848
8.560  35.000  27.899  94.947
8.570  35.000  28.197  101.382
8.580  35.000  28.983  107.612
8.590  35.000  29.531  113.366
8.600  35.000  30.578  119.082
8.610  35.000  30.196  125.417
8.620  35.000  31.300  131.766
8.630  35.000  32.001  137.402
8.640  35.000  32.484  142.779
8.650  35.000  33.498  148.369
8.660  35.000  33.524  154.214
8.670  35.000  34.186  160.232
8.680  35.000  34.847  166.356
8.690  35.000  35.777  172.130
8.700  35.000  35.591  177.862
8.710  35.000  36.128  183.547
8.720  35.000  36.848  189.065
8.730  35.000  37.375  194.398
8.740  35.000  37.233  199.475
8.750  35.000  36.778  204.168
8.760  35.000  36.504  207.953
8.770  35.000  36.866  211.424
8.780  35.000  37.020  214.846
8.790  35.000  36.581  218.204
8.800  35.000  36.362  221.214
8.810  35.000  35.814  223.759
8.820  35.000  35.997  225.954
8.830  35.000  35.952  228.081
8.840  35.000  36.732  229.998
8.850  35.000  36.891  231.478
8.860  35.000  36.480  233.201
8.870  35.000  36.498  234.870
8.880  35.000  35.478  235.891
8.890  35.000  35.604  236.296
8.900  35.000  35.786  236.321
8.910  35.000  36.123  236.141
8.920  35.000  35.708  235.915
8.930  35.000  35.352  235.525
8.940  35.000  35.554  234.920
8.950  35.000  35.020  234.391
8.960  35.000  35.637  233.706
8.970  35.000  35.166  232.891
8.980  35.000  35.367  231.966
8.990  35.000  34.862  230.969
9.000  35.000  34.581  230.158
9.010  35.000  34.619  229.285
9.020  35.000  34.457  228.379
9.030  35.000  34.621  227.416
9.040  35.000  34.354  226.472
9.050  35.000  34.048  225.662
9.060  35.000  34.391  224.969
9.070  35.000  34.308  224.255
9.080  35.000  34.589  223.645
9.090  35.000  34.521  223.323
9.100  35.000  34.265  223.201
9.110  35.000  34.260  223.396
9.120  35.000  34.932  223.885
9.130  35.000  34.595  224.347
9.140  35.000  35.020  224.692
9.150  35.000  34.890  225.097
9.160  35.000  34.491  225.797
9.170  35.000  34.885  226.558
9.180  35.000  34.791  227.412
9.190  35.000  35.300  228.465
9.200  35.000  34.781  229.494
9.210  35.000  35.190  230.455
9.220  35.000  35.159  231.416
9.230  35.000  35.167  232.402
9.240  35.000  35.573  233.219
9.250  35.000  34.952  234.031
9.260  35.000  35.310  234.756
9.270  35.000  35.541  235.410
9.280  35.000  35.255  236.169
9.290  35.000  35.406  236.793
9.300  35.000  35.513  237.204
9.310  35.000  35.370  237.428
9.320  35.000  35.203  237.638
9.330  35.000  35.038  237.911
9.340  35.000  35.505  237.935
9.350  35.000  35.606  237.675
9.360  10.000  35.233  237.407
9.370  10.000  34.732  234.904
9.380  10.000  28.935  226.245
9.390  10.000  24.854  217.303
9.400  10.000  24.717  209.793
9.410  10.000  23.366  201.845
9.420  10.000  22.632  195.096
9.430  10.000  22.139  188.190
9.440  10.000  21.350  181.669
9.450  10.000  20.900  175.298
9.460  10.000  20.310  168.917
9.470  10.000  19.876  162.691
9.480  10.000  19.253  156.494
9.490  10.000  18.657  150.203
9.500  10.000  17.927  144.287
9.510  10.000  17.447  138.533
9.520  10.000  17.005  132.798
9.530  10.000  16.604  127.246
9.540  10.000  16.162  121.653
9.550  10.000  15.784  116.195
9.560  10.000  15.430  110.888
9.570  10.000  15.165  105.589
9.580  10.000  14.897  100.324
9.590  10.000  14.294  95.289
9.600  10.000  13.873  90.389
9.610  10.000  13.511  85.409
9.620  10.000  12.949  80.575
9.630  10.000  12.779  75.796
9.640  10.000  12.495  70.958
9.650  10.000  12.088  66.392
9.660  10.000  11.854  62.042
9.670  10.000  11.638  57.626
9.680  10.000  11.228  53.272
9.690  10.000  10.936  49.082
9.700  10.000  10.602  45.035
9.710  10.000  10.354  41.013
9.720  10.000  10.083  36.995
9.730  10.000  9.687  33.154
9.740  10.000  9.497  29.421
9.750  10.000  9.257  25.668
9.760  10.000  9.094  22.018
9.770  10.000  9.023  18.699
9.780  10.000  8.820  15.868
9.790  10.000  9.093  13.511
9.800  10.000  9.342  11.494
9.810  10.000  9.616  9.585
9.820  10.000  9.498  7.875
9.830  10.000  9.514  6.350
9.840  10.000  9.433  4.904
9.850  10.000  9.572  3.686
9.860  10.000  9.565  2.761
9.870  10.000  9.596  1.930
9.880  10.000  9.591  1.149
9.890  10.000  9.416  0.507
9.900  10.000  9.581  -0.005
9.910  10.000  9.545  -0.302
9.920  10.000  9.760  -0.357
9.930  10.000  9.757  -0.295
9.940  10.000  9.775  -0.089
9.950  10.000  9.693  0.338
9.960  10.000  9.949  0.847
9.970  10.000  9.972  1.410
9.980  10.000  10.124  2.008
9.990  10.000  10.112  2.544
10.000  10.000  10.231  3.119
10.010  10.000  10.119  3.714
10.020  10.000  10.246  4.329
10.030  10.000  10.247  4.918
10.040  10.000  10.285  5.357
10.050  10.000  10.518  5.708
10.060  10.000  10.287  6.121
10.070  10.000  10.323  6.625
10.080  10.000  10.512  6.963
10.090  10.000  10.454  7.207
10.100  10.000  10.652  7.455
10.110  10.000  10.394  7.472
10.120  10.000  10.529  7.182
10.130  10.000  10.551  6.856
10.140  10.000  10.453  6.396
10.150  10.000  10.153  5.717
10.160  10.000  10.143  5.027
10.170  10.000  10.074  4.303
10.180  10.000  10.014  3.613
10.190  10.000  9.864  2.918
10.200  10.000  9.922  2.155
10.210  10.000  9.906  1.347
10.220  10.000  9.770  0.643
10.230  10.000  9.707  0.032
10.240  10.000  9.672  -0.549
10.250  10.000  9.640  -1.058
10.260  10.000  9.640  -1.600
10.270  10.000  9.575  -2.213
10.280  10.000  9.571  -2.862
10.290  10.000  9.490  -3.286
10.300  10.000  9.629  -3.515
10.310  10.000  9.573  -3.715
10.320  10.000  9.501  -3.750
10.330  10.000  9.501  -3.630
10.340  10.000  9.682  -3.294
10.350  10.000  9.765  -2.816
10.360  10.000  9.897  -2.376
10.370  10.000  9.920  -1.925
10.380  10.000  9.938  -1.386
10.390  10.000  9.990  -0.722
10.400  10.000  9.960  0.042
10.410  10.000  10.064  0.738
10.420  10.000  10.111  1.374
10.430  10.000  10.286  1.951
10.440  10.000  10.331  2.594
10.450  10.000  10.316  3.341
10.460  10.000  10.458  3.832
10.470  10.000  10.547  4.157
10.480  10.000  10.461  4.633
10.490  10.000  10.384  5.116
10.500  10.000  10.694  5.323
10.510  10.000  10.336  5.403
10.520  10.000  10.489  5.381
10.530  10.000  10.533  5.175
10.540  10.000  10.592  4.838
10.550  10.000  10.313  4.378
10.560  10.000  10.312  3.803
10.570  10.000  10.127  3.081
10.580  10.000  10.041  2.263
10.590  10.000  9.984  1.515
10.600  10.000  10.002  0.790
10.610  10.000  9.941  -0.031
10.620  10.000  9.881  -0.877
10.630  10.000  9.773  -1.630
10.640  10.000  9.764  -2.350
10.650  10.000  9.659  -3.089
10.660  10.000  9.543  -3.727
10.670  10.000  9.522  -4.223
10.680  10.000  9.681  -4.749
10.690  10.000  9.510  -5.205
10.700  10.000  9.518  -5.477
10.710  10.000  9.724  -5.717
10.720  10.000  9.592  -5.894
10.730  10.000  9.522  -5.920
10.740  10.000  9.563  -5.863
10.750  10.000  9.585  -5.753
10.760  10.000  9.673  -5.539
10.770  10.000  9.861  -5.154
10.780  10.000  9.740  -4.717
10.790  10.000  9.813  -4.180
10.800  10.000  10.025  -3.353
10.810  10.000  10.080  -2.588
10.820  10.000  10.177  -1.906
10.830  10.000  10.197  -1.210
10.840  10.000  10.235  -0.504
10.850  10.000  10.198  0.238
10.860  10.000  10.327  0.809
10.870  10.000  10.377  1.197
10.880  10.000  10.432  1.607
10.890  10.000  10.385  2.038
10.900  10.000  10.580  2.361
10.910  10.000  10.499  2.596
10.920  10.000  10.473  2.785
10.930  10.000  10.447  2.879
10.940  10.000  10.388  2.812
10.950  10.000  10.503  2.648
10.960  10.000  10.317  2.360
10.970  10.000  10.259  1.926
10.980  10.000  10.091  1.421
10.990  10.000  10.184  0.857
11.000  10.000  10.152  0.253
11.010  10.000  10.028  -0.402
11.020  10.000  9.918  -1.126
11.030  10.000  9.882  -1.834
11.040  10.000  9.799  -2.516
11.050  10.000  9.894  -3.183
11.060  10.000  9.746  -3.784
11.070  10.000  9.668  -4.347
11.080  10.000  9.553  -4.871
11.090  10.000  9.491  -5.343
11.100  10.000  9.550  -5.768
11.110  10.000  9.486  -6.071
11.120  10.000  9.539  -6.241
11.130  10.000  9.611  -6.298
11.140  10.000  9.670  -6.222
11.150  10.000  9.561  -6.092
11.160  10.000  9.591  -5.912
11.170  10.000  9.873  -5.695
11.180  10.000  9.849  -5.402
11.190  10.000  9.819  -5.031
11.200  10.000  9.825  -4.596
11.210  10.000  9.954  -4.075
11.220  10.000  10.051  -3.485
11.230  10.000  10.084  -2.840
11.240  10.000  10.011  -2.233
11.250  10.000  10.171  -1.617
11.260  10.000  10.316  -1.046
11.270  10.000  10.238  -0.599
11.280  10.000  10.435  -0.184
11.290  10.000  10.308  0.184
11.300  10.000  10.429  0.557
11.310  10.000  10.534  0.969
11.320  10.000  10.469  1.362
11.330  10.000  10.548  1.648
11.340  10.000  10.462  1.817
11.350  10.000  10.512  1.809
11.360  10.000  10.304  1.549
11.370  12.500  10.249  1.145
11.380  15.000  10.360  0.808
11.390  17.500  10.702  1.155
11.400  20.000  12.349  2.712
11.410  22.500  13.722  5.302
11.420  25.000  14.801  8.803
11.430  27.500  16.211  13.251
11.440  30.000  18.333  18.422
11.450  32.500  19.570  24.077
11.460  35.000  20.751  30.111
11.470  35.000  21.488  36.016
11.480  35.000  22.225  41.834
11.490  35.000  22.500  48.077
11.500  35.000  23.546  54.043
11.510  35.000  23.742  60.161
11.520  35.000  24.515  66.298
11.530  35.000  25.565  71.912
11.540  35.000  25.204  78.142
11.550  35.000  26.747  84.095
11.560  35.000  27.027  89.678
11.570  35.000  27.666  95.468
11.580  35.000  28.021  101.273
11.590  35.000  29.115  106.835
11.600  35.000  29.378  112.416
11.610  35.000  29.801  118.434
11.620  35.000  30.682  124.168
11.630  35.000  31.444  129.773
11.640  35.000  31.880  135.720
11.650  35.000  32.333  141.657
11.660  35.000  33.171  147.206
11.670  35.000  33.521  152.981
11.680  35.000  33.877  158.852
11.690  35.000  34.428  164.640
11.700  35.000  35.084  170.841
11.710  35.000  35.445  177.022
11.720  35.000  36.587  182.664
11.730  35.000  36.427  188.063
11.740  35.000  36.938  193.605
11.750  35.000  37.329  198.852
11.760  35.000  36.448  203.461
11.770  35.000  36.495  207.481
11.780  35.000  36.813  210.886
11.790  35.000  36.536  214.237
11.800  35.000  37.005  217.752
11.810  35.000  37.253  221.013
11.820  35.000  35.986  224.055
11.830  35.000  36.184  226.409
11.840  35.000  36.337  228.305
11.850  35.000  36.513  230.176
11.860  35.000  37.071  231.753
11.870  35.000  37.178  233.211
11.880  35.000  35.926  234.367
11.890  35.000  35.620  235.076
11.900  35.000  35.379  235.456
11.910  35.000  36.231  235.499
11.920  35.000  35.807  235.508
11.930  35.000  35.863  235.216
11.940  35.000  35.517  234.520
11.950  35.000  35.662  233.765
11.960  35.000  35.451  232.878
11.970  35.000  35.353  232.038
11.980  35.000  35.211  231.040
11.990  35.000  34.914  230.053
12.000  35.000  35.230  229.170
12.010  35.000  34.683  228.175
12.020  35.000  34.748  227.031
12.030  35.000  34.585  225.918
12.040  35.000  34.306  225.076
12.050  35.000  34.532  224.078
12.060  35.000  33.937  223.110
12.070  35.000  34.260  222.243
12.080  35.000  34.027  221.415
12.090  35.000  34.254  220.817
12.100  35.000  34.532  220.300
12.110  35.000  34.631  220.067
12.120  35.000  34.140  220.112
12.130  35.000  34.527  220.197
12.140  35.000  34.831  220.439
12.150  35.000  34.570  221.158
12.160  35.000  34.943  221.793
12.170  35.000  34.854  222.279
12.180  35.000  34.609  223.100
12.190  35.000  34.987  224.009
12.200  35.000  35.548  224.833
12.210  35.000  34.745  225.716
12.220  35.000  35.127  226.785
12.230  35.000  34.937  227.754
12.240  35.000  35.515  228.689
12.250  35.000  35.146  229.594
12.260  35.000  35.318  230.457
12.270  35.000  35.133  231.335
12.280  35.000  35.318  232.082
12.290  35.000  35.429  232.681
12.300  35.000  35.292  233.169
12.310  35.000  35.260  233.500
12.320  35.000  35.551  233.710
12.330  35.000  35.224  233.878
12.340  35.000  34.988  234.109
12.350  35.000  35.599  234.257
12.360  35.000  35.001  234.156
12.370  10.000  35.177  234.013
12.380  10.000  34.550  231.768
12.390  10.000  29.161  223.412
12.400  10.000  24.742  214.554
12.410  10.000  24.969  207.699
12.420  10.000  23.593  200.238
12.430  10.000  22.923  193.490
12.440  10.000  22.364  186.737
12.450  10.000  21.606  180.176
12.460  10.000  21.083  173.621
12.470  10.000  20.555  167.150
12.480  10.000  19.977  160.922
12.490  10.000  19.299  154.951
12.500  10.000  18.586  148.795
12.510  10.000  18.206  142.678
12.520  10.000  17.631  136.774
12.530  10.000  17.325  130.937
12.540  10.000  16.614  125.283
12.550  10.000  16.311  119.659
12.560  10.000  15.843  114.263
12.570  10.000  15.462  108.929
12.580  10.000  15.058  103.618
12.590  10.000  14.582  98.483
12.600  10.000  14.222  93.447
12.610  10.000  13.864  88.525
12.620  10.000  13.526  83.521
12.630  10.000  13.181  78.651
12.640  10.000  12.896  73.998
12.650  10.000  12.528  69.378
12.660  10.000  12.307  64.813
12.670  10.000  11.925  60.278
12.680  10.000  11.513  55.872
12.690  10.000  11.193  51.648
12.700  10.000  10.906  47.559
12.710  10.000  10.754  43.466
12.720  10.000  10.460  39.349
12.730  10.000  10.060  35.281
12.740  10.000  9.910  31.277
12.750  10.000  9.631  27.399
12.760  10.000  9.439  23.674
12.770  10.000  9.129  19.994
12.780  10.000  8.998  16.436
12.790  10.000  8.854  13.299
12.800  10.000  8.880  10.715
12.810  10.000  9.070  8.502
12.820  10.000  9.464  6.488
12.830  10.000  9.567  4.685
12.840  10.000  9.497  3.138
12.850  10.000  9.427  1.759
12.860  10.000  9.474  0.508
12.870  10.000  9.519  -0.575
12.880  10.000  9.533  -1.462
12.890  10.000  9.620  -2.187
12.900  10.000  9.614  -2.750
12.910  10.000  9.526  -3.093
12.920  10.000  9.656  -3.318
12.930  10.000  9.738  -3.472
12.940  10.000  9.863  -3.467
12.950  10.000  9.754  -3.345
12.960  10.000  9.893  -3.084
12.970  10.000  9.744  -2.736
12.980  10.000  9.939  -2.319
12.990  10.000  9.988  -1.814
13.000  10.000  10.176  -1.306
13.010  10.000  10.046  -0.653
13.020  10.000  10.270  -0.062
13.030  10.000  10.136  0.431
13.040  10.000  10.328  0.949
13.050  10.000  10.469  1.387
13.060  10.000  10.149  1.859
13.070  10.000  10.569  2.152
13.080  10.000  10.500  2.380
13.090  10.000  10.490  2.631
13.100  10.000  10.408  2.721
13.110  10.000  10.361  2.759
13.120  10.000  10.546  2.781
13.130  10.000  10.482  2.541
13.140  10.000  10.403  2.154
13.150  10.000  10.268  1.761
13.160  10.000  10.391  1.212
13.170  10.000  10.152  0.584
13.180  10.000  10.054  -0.049
13.190  10.000  10.127  -0.792
13.200  10.000  9.991  -1.600
13.210  10.000  9.856  -2.298
13.220  10.000  9.951  -3.045
13.230  10.000  9.788  -3.847
13.240  10.000  9.777  -4.568
13.250  10.000  9.715  -5.352
13.260  10.000  9.698  -6.146
13.270  10.000  9.585  -6.771
13.280  10.000  9.491  -7.362
13.290  10.000  9.559  -7.918
13.300  10.000  9.440  -8.376
13.310  10.000  9.570  -8.676
13.320  10.000  9.669  -8.785
13.330  10.000  9.525  -8.808
13.340  10.000  9.547  -8.763
13.350  10.000  9.558  -8.610
13.360  10.000  9.919  -8.404
13.370  10.000  9.899  -8.103
13.380  10.000  9.804  -7.638
13.390  10.000  9.868  -7.039
13.400  10.000  9.702  -6.370
13.410  10.000  10.238  -5.826
13.420  10.000  10.160  -5.262
13.430  10.000  10.073  -4.553
13.440  10.000  10.285  -3.885
13.450  10.000  10.377  -3.249
13.460  10.000  10.348  -2.711
13.470  10.000  10.345  -2.246
13.480  10.000  10.463  -1.707
13.490  10.000  10.371  -1.107
13.500  10.000  10.567  -0.560
13.510  10.000  10.531  -0.256
13.520  10.000  10.795  -0.272
13.530  10.000  10.378  -0.452
13.540  10.000  10.472  -0.629
13.550  10.000  10.515  -0.932
13.560  10.000  10.406  -1.471
13.570  10.000  10.231  -2.162
13.580  10.000  10.013  -2.842
13.590  10.000  10.040  -3.504
13.600  10.000  10.096  -4.266
13.610  10.000  9.918  -5.091
13.620  10.000  9.920  -6.015
13.630  10.000  9.802  -6.824
13.640  10.000  9.773  -7.474
13.650  10.000  9.708  -8.193
13.660  10.000  9.601  -8.905
13.670  10.000  9.524  -9.469
13.680  10.000  9.473  -9.937
13.690  10.000  9.417  -10.360
13.700  10.000  9.385  -10.645
13.710  10.000  9.585  -10.799
13.720  10.000  9.508  -10.846
13.730  10.000  9.614  -10.809
13.740  10.000  9.602  -10.679
13.750  10.000  9.646  -10.402
13.760  10.000  9.811  -10.019
13.770  10.000  9.861  -9.519
13.780  10.000  9.972  -8.988
13.790  10.000  9.718  -8.385
13.800  10.000  10.084  -7.672
13.810  10.000  10.105  -6.976
13.820  10.000  10.245  -6.320
13.830  10.000  10.385  -5.824
13.840  10.000  10.246  -5.345
13.850  10.000  10.279  -4.869
13.860  10.000  10.332  -4.437
13.870  10.000  10.374  -3.941
13.880  10.000  10.489  -3.524
13.890  10.000  10.432  -3.154
13.900  10.000  10.603  -2.908
13.910  10.000  10.436  -2.753
13.920  10.000  10.474  -2.671
13.930  10.000  10.454  -2.893
13.940  10.000  10.482  -3.266
13.950  10.000  10.209  -3.655
13.960  10.000  10.242  -4.170
13.970  10.000  10.088  -4.667
13.980  10.000  10.158  -5.155
13.990  10.000  9.975  -5.811
14.000  10.000  10.013  -6.568
14.010  10.000  9.928  -7.309
14.020  10.000  9.924  -7.976
14.030  10.000  9.847  -8.603
14.040  10.000  9.789  -9.189
14.050  10.000  9.804  -9.710
14.060  10.000  9.758  -10.289
14.070  10.000  9.636  -10.876
14.080  10.000  9.708  -11.447
14.090  10.000  9.583  -11.934
14.100  10.000  9.544  -12.277
14.110  10.000  9.518  -12.554
14.120  10.000  9.548  -12.715
14.130  10.000  9.663  -12.858
14.140  10.000  9.630  -12.954
14.150  10.000  9.648  -12.890
14.160  10.000  9.519  -12.742
14.170  10.000  9.721  -12.548
14.180  10.000  9.827  -12.114
14.190  10.000  9.906  -11.519
14.200  10.000  10.007  -10.914
14.210  10.000  9.777  -10.339
14.220  10.000  9.974  -9.827
14.230  10.000  10.261  -9.409
14.240  10.000  10.250  -8.975
14.250  10.000  10.130  -8.398
14.260  10.000  10.425  -7.817
14.270  10.000  10.206  -7.319
14.280  10.000  10.378  -6.921
14.290  10.000  10.359  -6.387
14.300  10.000  10.469  -5.700
14.310  10.000  10.479  -5.246
14.320  10.000  10.406  -4.939
14.330  10.000  10.444  -4.661
14.340  10.000  10.313  -4.465
14.350  10.000  10.347  -4.393
14.360  10.000  10.489  -4.496
14.370  10.000  10.322  -4.685
14.380  12.500  10.184  -4.979
14.390  15.000  10.354  -5.345
14.400  17.500  10.745  -5.076
14.410  20.000  12.423  -3.468
14.420  22.500  13.547  -0.684
14.430  25.000  14.732  2.903
14.440  27.500  16.288  7.381
14.450  30.000  18.390  13.052
14.460  32.500  19.493  19.176
14.470  35.000  20.769  25.206
14.480  35.000  21.201  31.365
14.490  35.000  22.185  37.520
14.500  35.000  22.312  43.801
14.510  35.000  23.130  50.294
14.520  35.000  23.844  56.700
14.530  35.000  24.650  62.821
14.540  35.000  25.256  68.871
14.550  35.000  25.360  74.840
14.560  35.000  26.529  80.597
14.570  35.000  26.578  87.274
14.580  35.000  27.743  93.831
14.590  35.000  28.174  99.705
14.600  35.000  28.943  105.704
14.610  35.000  29.314  111.448
14.620  35.000  30.250  116.941
14.630  35.000  30.938  122.427
14.640  35.000  31.162  128.193
14.650  35.000  32.070  133.974
14.660  35.000  32.364  139.958
14.670  35.000  32.964  145.804
14.680  35.000  33.446  151.339
14.690  35.000  33.850  157.160
14.700  35.000  35.033  162.876
14.710  35.000  35.212  168.287
14.720  35.000  35.817  173.794
14.730  35.000  36.032  179.546
14.740  35.000  36.413  185.442
14.750  35.000  36.919  191.035
14.760  35.000  37.381  196.182
14.770  35.000  36.504  200.923
14.780  35.000  36.204  205.067
14.790  35.000  36.232  208.672
14.800  35.000  37.118  212.062
14.810  35.000  37.077  215.602
14.820  35.000  36.928  219.352
14.830  35.000  36.042  222.549
14.840  35.000  36.147  225.177
14.850  35.000  35.627  227.518
14.860  35.000  36.780  229.387
14.870  35.000  36.637  231.424
14.880  35.000  36.869  233.445
14.890  35.000  36.788  234.854
14.900  35.000  35.816  235.849
14.910  35.000  35.385  236.470
14.920  35.000  35.780  236.722
14.930  35.000  36.265  236.864
14.940  35.000  35.998  236.898
14.950  35.000  35.876  236.469
14.960  35.000  35.586  235.860
14.970  35.000  35.497  235.199
14.980  35.000  35.420  234.352
14.990  35.000  35.492  233.393
15.000  35.000  35.232  232.338
15.010  35.000  34.923  231.149
15.020  35.000  35.083  229.787
15.030  35.000  34.637  228.483
15.040  35.000  34.482  227.413
15.050  35.000  34.503  226.410
15.060  35.000  34.378  225.388
15.070  35.000  34.062  224.377
15.080  35.000  34.009  223.401
15.090  35.000  33.725  222.574
15.100  35.000  34.104  221.962
15.110  35.000  34.564  221.536
15.120  35.000  34.744  221.338
15.130  35.000  34.135  221.288
15.140  35.000  34.779  221.396
15.150  35.000  34.325  221.734
15.160  35.000  34.823  222.279
15.170  35.000  34.683  222.984
15.180  35.000  34.952  223.715
15.190  35.000  34.608  224.524
15.200  35.000  35.236  225.424
15.210  35.000  34.823  226.448
15.220  35.000  35.409  227.515
15.230  35.000  35.304  228.401
15.240  35.000  35.122  229.216
15.250  35.000  35.141  230.054
15.260  35.000  35.110  230.757
15.270  35.000  35.260  231.672
15.280  35.000  35.057  232.534
15.290  35.000  35.640  233.273
15.300  35.000  35.145  234.001
15.310  35.000  35.441  234.456
15.320  35.000  34.974  234.915
15.330  35.000  35.575  235.184
15.340  35.000  35.487  235.341
15.350  35.000  35.439  235.539
15.360  35.000  35.020  235.570
15.370  35.000  35.146  235.528
15.380  10.000  35.249  235.521
15.390  10.000  35.289  233.119
15.400  10.000  29.388  224.345
15.410  10.000  24.722  215.353
15.420  10.000  24.888  208.200
15.430  10.000  23.416  200.531
15.440  10.000  22.884  193.863
15.450  10.000  22.232  187.071
15.460  10.000  21.345  180.558
15.470  10.000  21.023  174.106
15.480  10.000  20.352  167.714
15.490  10.000  19.931  161.418
15.500  10.000  19.430  155.217
15.510  10.000  18.904  149.101
15.520  10.000  18.319  143.088
15.530  10.000  17.941  137.112
15.540  10.000  17.450  131.343
15.550  10.000  16.999  125.708
15.560  10.000  16.521  120.102
15.570  10.000  16.052  114.686
15.580  10.000  15.647  109.292
15.590  10.000  15.161  103.954
15.600  10.000  14.869  98.776
15.610  10.000  14.384  93.649
15.620  10.000  13.993  88.621
15.630  10.000  13.585  83.770
15.640  10.000  13.277  79.086
15.650  10.000  12.877  74.472
15.660  10.000  12.637  69.852
15.670  10.000  12.266  65.248
15.680  10.000  11.999  60.774
15.690  10.000  11.676  56.355
15.700  10.000  11.254  52.081
15.710  10.000  11.036  47.986
15.720  10.000  10.710  43.907
15.730  10.000  10.498  39.757
15.740  10.000  10.166  35.647
15.750  10.000  9.842  31.683
15.760  10.000  9.615  27.809
15.770  10.000  9.341  24.146
15.780  10.000  9.168  20.632
15.790  10.000  9.081  17.259
15.800  10.000  8.950  14.233
15.810  10.000  9.028  11.629
15.820  10.000  9.082  9.433
15.830  10.000  9.318  7.572
15.840  10.000  9.561  5.896
15.850  10.000  9.541  4.340
15.860  10.000  9.477  2.931
15.870  10.000  9.350  1.792
15.880  10.000  9.393  0.890
15.890  10.000  9.481  0.132
15.900  10.000  9.540  -0.422
15.910  10.000  9.586  -0.794
15.920  10.000  9.769  -1.087
15.930  10.000  9.634  -1.250
15.940  10.000  9.664  -1.162
15.950  10.000  9.789  -0.976
15.960  10.000  9.721  -0.777
15.970  10.000  9.930  -0.402
15.980  10.000  9.851  0.184
15.990  10.000  10.021  0.805
16.000  10.000  9.924  1.408
16.010  10.000  10.156  2.004
16.020  10.000  10.287  2.508
16.030  10.000  10.252  3.026
16.040  10.000  10.351  3.683
16.050  10.000  10.347  4.225
16.060  10.000  10.387  4.579
16.070  10.000  10.421  4.927
16.080  10.000  10.469  5.303
16.090  10.000  10.487  5.602
16.100  10.000  10.629  5.708
16.110  10.000  10.443  5.589
16.120  10.000  10.427  5.401
16.130  10.000  10.334  5.276
16.140  10.000  10.472  5.104
16.150  10.000  10.305  4.798
16.160  10.000  10.295  4.269
16.170  10.000  10.147  3.531
16.180  10.000  10.164  2.779
16.190  10.000  10.024  2.041
16.200  10.000  9.895  1.374
16.210  10.000  10.001  0.724
16.220  10.000  9.872  -0.050
16.230  10.000  9.938  -0.817
16.240  10.000  9.679  -1.500
16.250  10.000  9.784  -2.137
16.260  10.000  9.646  -2.844
16.270  10.000  9.632  -3.550
16.280  10.000  9.592  -4.232
16.290  10.000  9.421  -4.848
16.300  10.000  9.504  -5.234
16.310  10.000  9.449  -5.411
16.320  10.000  9.665  -5.484
16.330  10.000  9.481  -5.463
16.340  10.000  9.501  -5.347
16.350  10.000  9.650  -5.140
16.360  10.000  9.846  -4.762
16.370  10.000  9.959  -4.349
16.380  10.000  9.969  -3.907
16.390  10.000  9.885  -3.289
16.400  10.000  10.052  -2.688
16.410  10.000  9.971  -2.106
16.420  10.000  10.200  -1.542
16.430  10.000  10.045  -0.964
16.440  10.000  10.173  -0.338
16.450  10.000  10.170  0.165
16.460  10.000  10.456  0.603
16.470  10.000  10.143  1.101
16.480  10.000  10.437  1.621
16.490  10.000  10.310  2.086
16.500  10.000  10.369  2.577
16.510  10.000  10.495  2.978
16.520  10.000  10.626  3.224
16.530  10.000  10.523  3.371
16.540  10.000  10.435  3.317
16.550  10.000  10.518  3.117
16.560  10.000  10.512  2.784
16.570  10.000  10.401  2.179
16.580  10.000  10.267  1.491
16.590  10.000  9.937  0.854
16.600  10.000  9.996  0.160
16.610  10.000  10.042  -0.605
16.620  10.000  10.015  -1.358
16.630  10.000  9.988  -2.127
16.640  10.000  9.833  -2.916
16.650  10.000  9.760  -3.624
16.660  10.000  9.737  -4.288
16.670  10.000  9.770  -4.872
16.680  10.000  9.644  -5.408
16.690  10.000  9.573  -5.927
16.700  10.000  9.509  -6.366
16.710  10.000  9.535  -6.754
16.720  10.000  9.598  -7.053
16.730  10.000  9.603  -7.224
16.740  10.000  9.614  -7.273
16.750  10.000  9.641  -7.251
16.760  10.000  9.635  -7.224
16.770  10.000  9.656  -7.123
16.780  10.000  9.721  -6.907
16.790  10.000  9.928  -6.629
16.800  10.000  9.736  -6.189
16.810  10.000  9.951  -5.629
16.820  10.000  9.943  -5.148
16.830  10.000  9.971  -4.578
16.840  10.000  9.929  -3.925
16.850  10.000  10.250  -3.355
16.860  10.000  10.031  -2.774
16.870  10.000  10.206  -2.152
16.880  10.000  10.207  -1.607
16.890  10.000  10.283  -1.213
16.900  10.000  10.258  -0.715
16.910  10.000  10.448  -0.118
16.920  10.000  10.583  0.343
16.930  10.000  10.404  0.774
16.940  10.000  10.336  1.128
16.950  10.000  10.331  1.423
16.960  10.000  10.448  1.692
16.970  10.000  10.453  1.863
16.980  10.000  10.445  1.898
16.990  10.000  10.500  1.682
17.000  10.000  10.439  1.224
17.010  10.000  10.243  0.701
17.020  10.000  10.067  0.137
17.030  10.000  10.202  -0.514
17.040  10.000  10.060  -1.245
17.050  10.000  9.982  -2.042
17.060  10.000  9.909  -2.875
17.070  10.000  9.832  -3.753
17.080  10.000  9.786  -4.581
17.090  10.000  9.693  -5.309
17.100  10.000  9.635  -5.931
17.110  10.000  9.572  -6.519
17.120  10.000  9.646  -7.062
17.130  10.000  9.452  -7.466
17.140  10.000  9.538  -7.778
17.150  10.000  9.531  -8.069
17.160  10.000  9.600  -8.218
17.170  10.000  9.565  -8.176
17.180  10.000  9.375  -7.991
17.190  10.000  9.621  -7.693
17.200  10.000  9.680  -7.299
17.210  10.000  9.828  -6.922
17.220  10.000  9.885  -6.570
17.230  10.000  9.899  -6.082
17.240  10.000  9.918  -5.509
17.250  10.000  10.060  -4.949
17.260  10.000  10.076  -4.335
17.270  10.000  10.036  -3.609
17.280  10.000  10.167  -2.899
17.290  10.000  10.378  -2.301
17.300  10.000  10.264  -1.791
17.310  10.000  10.433  -1.281
17.320  10.000  10.316  -0.762
17.330  10.000  10.580  -0.208
17.340  10.000  10.498  0.245
17.350  10.000  10.524  0.470
17.360  10.000  10.329  0.731
17.370  10.000  10.458  0.948
17.380  10.000  10.514  1.031
17.390  12.500  10.402  0.994
17.400  15.000  10.306  0.852
17.410  17.500  10.749  1.333
17.420  20.000  12.448  3.066
17.430  22.500  13.880  5.875
17.440  25.000  14.935  9.588
17.450  27.500  16.125  14.202
17.460  30.000  18.694  19.397
17.470  32.500  19.794  25.100
17.480  35.000  20.398  31.257
17.490  35.000  21.422  37.491
17.500  35.000  22.106  43.767
17.510  35.000  22.778  49.931
17.520  35.000  23.123  56.092
17.530  35.000  23.679  62.208
17.540  35.000  24.687  68.070
17.550  35.000  25.044  73.940
17.560  35.000  25.429  80.433
17.570  35.000  26.758  86.992
17.580  35.000  26.980  93.223
17.590  35.000  27.936  99.287
17.600  35.000  28.017  105.341
17.610  35.000  29.022  111.398
17.620  35.000  29.400  117.253
17.630  35.000  30.249  122.996
17.640  35.000  30.837  128.743
17.650  35.000  31.441  134.521
17.660  35.000  32.005  140.094
17.670  35.000  32.150  145.813
17.680  35.000  33.309  151.471
17.690  35.000  33.230  157.261
17.700  35.000  33.640  163.401
17.710  35.000  34.770  169.227
17.720  35.000  35.156  175.064
17.730  35.000  35.588  181.053
17.740  35.000  36.359  186.995
17.750  35.000  36.990  192.571
17.760  35.000  36.897  198.165
17.770  35.000  37.249  203.527
17.780  35.000  36.492  208.055
17.790  35.000  36.215  212.204
17.800  35.000  36.679  216.058
17.810  35.000  36.730  219.769
17.820  35.000  37.542  222.943
17.830  35.000  36.612  225.962
17.840  35.000  36.261  228.913
17.850  35.000  36.201  231.238
17.860  35.000  36.000  233.199
17.870  35.000  36.771  235.092
17.880  35.000  36.885  236.887
17.890  35.000  37.118  238.529
17.900  35.000  36.135  239.722
17.910  35.000  35.365  240.394
17.920  35.000  35.636  240.868
17.930  35.000  35.956  241.066
17.940  35.000  35.764  240.796
17.950  35.000  35.933  240.112
17.960  35.000  35.641  239.310
17.970  35.000  35.460  238.432
17.980  35.000  35.383  237.447
17.990  35.000  35.239  236.556
18.000  35.000  35.202  235.637
18.010  35.000  35.102  234.678
18.020  35.000  34.760  233.790
18.030  35.000  34.624  232.995
18.040  35.000  34.458  232.067
18.050  35.000  34.220  231.176
18.060  35.000  34.553  230.247
18.070  35.000  34.053  229.280
18.080  35.000  34.055  228.421
18.090  35.000  34.340  227.546
18.100  35.000  34.469  226.986
18.110  35.000  34.703  226.667
18.120  35.000  34.562  226.557
18.130  35.000  34.361  226.558
18.140  35.000  35.157  226.502
18.150  35.000  34.531  226.598
18.160  35.000  34.824  226.902
18.170  35.000  34.379  227.321
18.180  35.000  34.842  227.806
18.190  35.000  34.712  228.406
18.200  35.000  35.070  229.187
18.210  35.000  34.916  230.047
18.220  35.000  35.083  230.928
18.230  35.000  35.099  231.678
18.240  35.000  34.627  232.445
18.250  35.000  35.409  233.071
18.260  35.000  35.095  233.647
18.270  35.000  34.966  234.598
18.280  35.000  35.572  235.401
18.290  35.000  35.106  236.066
18.300  35.000  35.212  236.804
18.310  35.000  35.178  237.408
18.320  35.000  35.336  238.002
18.330  35.000  35.385  238.470
18.340  35.000  35.734  238.640
18.350  35.000  35.227  238.810
18.360  35.000  35.325  238.916
18.370  35.000  35.230  238.907
18.380  35.000  35.316  238.857
18.390  10.000  35.105  238.755
18.400  10.000  34.762  236.347
18.410  10.000  29.181  227.701
18.420  10.000  24.927  218.763
18.430  10.000  24.727  211.842
18.440  10.000  23.451  204.430
18.450  10.000  22.843  197.912
18.460  10.000  22.234  191.376
18.470  10.000  21.681  184.859
18.480  10.000  21.088  178.318
18.490  10.000  20.505  171.879
18.500  10.000  20.005  165.577
18.510  10.000  19.475  159.388
18.520  10.000  18.901  153.224
18.530  10.000  18.433  147.251
18.540  10.000  17.846  141.428
18.550  10.000  17.481  135.687
18.560  10.000  17.011  130.033
18.570  10.000  16.523  124.481
18.580  10.000  16.092  118.964
18.590  10.000  15.659  113.447
18.600  10.000  15.159  108.137
18.610  10.000  14.693  103.081
18.620  10.000  14.418  97.824
18.630  10.000  14.048  92.707
18.640  10.000  13.694  87.911
18.650  10.000  13.371  83.061
18.660  10.000  12.943  78.294
18.670  10.000  12.719  73.635
18.680  10.000  12.310  69.005
18.690  10.000  12.014  64.462
18.700  10.000  11.631  60.006
18.710  10.000  11.434  55.629
18.720  10.000  11.140  51.385
18.730  10.000  10.863  47.211
18.740  10.000  10.449  43.129
18.750  10.000  10.258  39.234
18.760  10.000  9.949  35.433
18.770  10.000  9.656  31.643
18.780  10.000  9.430  27.915
18.790  10.000  9.164  24.290
18.800  10.000  8.979  20.780
18.810  10.000  8.977  17.597
18.820  10.000  8.929  14.918
18.830  10.000  9.110  12.647
18.840  10.000  9.334  10.710
18.850  10.000  9.410  9.014
18.860  10.000  9.318  7.534
18.870  10.000  9.370  6.236
18.880  10.000  9.357  5.182
18.890  10.000  9.429  4.375
18.900  10.000  9.466  3.662
18.910  10.000  9.568  3.034
18.920  10.000  9.639  2.593
18.930  10.000  9.774  2.350
18.940  10.000  9.734  2.226
18.950  10.000  9.802  2.171
18.960  10.000  9.750  2.230
18.970  10.000  9.802  2.412
18.980  10.000  9.794  2.724
18.990  10.000  9.954  3.219
19.000  10.000  10.014  3.771
19.010  10.000  10.150  4.290
19.020  10.000  10.082  4.689
19.030  10.000  10.216  5.057
19.040  10.000  10.253  5.601
19.050  10.000  10.213  6.207
19.060  10.000  10.368  6.768
19.070  10.000  10.439  7.326
19.080  10.000  10.276  7.838
19.090  10.000  10.540  8.237
19.100  10.000  10.604  8.514
19.110  10.000  10.613  8.603
19.120  10.000  10.451  8.546
19.130  10.000  10.349  8.475
19.140  10.000  10.386  8.228
19.150  10.000  10.409  7.882
19.160  10.000  10.392  7.548
19.170  10.000  10.380  7.062
19.180  10.000  10.239  6.413
19.190  10.000  9.989  5.683
19.200  10.000  10.073  4.866
19.210  10.000  10.037  3.927
19.220  10.000  10.012  2.997
19.230  10.000  9.873  2.131
19.240  10.000  9.882  1.373
19.250  10.000  9.711  0.657
19.260  10.000  9.638  -0.048
19.270  10.000  9.691  -0.761
19.280  10.000  9.619  -1.481
19.290  10.000  9.533  -2.065
19.300  10.000  9.435  -2.619
19.310  10.000  9.458  -3.094
19.320  10.000  9.462  -3.365
19.330  10.000  9.547  -3.538
19.340  10.000  9.592  -3.570
19.350  10.000  9.589  -3.425
19.360  10.000  9.683  -3.105
19.370  10.000  9.714  -2.737
19.380  10.000  9.850  -2.357
19.390  10.000  9.817  -1.871
19.400  10.000  10.053  -1.337
19.410  10.000  9.971  -0.929
19.420  10.000  10.083  -0.505
19.430  10.000  10.052  0.024
19.440  10.000  10.251  0.542
19.450  10.000  10.213  1.105
19.460  10.000  10.253  1.722
19.470  10.000  10.402  2.265
19.480  10.000  10.394  2.736
19.490  10.000  10.300  3.213
19.500  10.000  10.400  3.715
19.510  10.000  10.612  4.186
19.520  10.000  10.683  4.353
19.530  10.000  10.536  4.382
19.540  10.000  10.427  4.454
19.550  10.000  10.308  4.469
19.560  10.000  10.461  4.296
19.570  10.000  10.387  3.851
19.580  10.000  10.182  3.271
19.590  10.000  10.129  2.635
19.600  10.000  9.998  1.994
19.610  10.000  9.979  1.335
19.620  10.000  9.985  0.647
19.630  10.000  9.903  0.000
19.640  10.000  9.834  -0.619
19.650  10.000  9.878  -1.200
19.660  10.000  9.704  -1.801
19.670  10.000  9.729  -2.427
19.680  10.000  9.722  -3.000
19.690  10.000  9.594  -3.433
19.700  10.000  9.517  -3.809
19.710  10.000  9.547  -4.243
19.720  10.000  9.516  -4.590
19.730  10.000  9.659  -4.830
19.740  10.000  9.637  -4.912
19.750  10.000  9.686  -4.918
19.760  10.000  9.703  -4.828
19.770  10.000  9.431  -4.542
19.780  10.000  9.746  -4.185
19.790  10.000  9.858  -3.723
19.800  10.000  9.897  -3.173
19.810  10.000  9.929  -2.609
19.820  10.000  9.891  -2.062
19.830  10.000  9.942  -1.474
19.840  10.000  10.234  -0.879
19.850  10.000  10.138  -0.237
19.860  10.000  10.105  0.521
19.870  10.000  10.163  1.196
19.880  10.000  10.418  1.726
19.890  10.000  10.388  2.245
19.900  10.000  10.281  2.728
19.910  10.000  10.428  3.101
19.920  10.000  10.614  3.432
19.930  10.000  10.521  3.686
19.940  10.000  10.640  3.773
19.950  10.000  10.369  3.822
19.960  10.000  10.521  3.800
19.970  10.000  10.354  3.662
19.980  10.000  10.408  3.286
19.990  10.000  10.170  2.754
20.000  10.000  10.209  2.245
20.010  10.000  10.143  1.644
20.020  10.000  10.183  0.976
20.030  10.000  10.083  0.228
20.040  10.000  9.950  -0.499
20.050  10.000  9.700  -1.252
20.060  10.000  9.860  -2.114
20.070  10.000  9.760  -2.972
20.080  10.000  9.723  -3.699
20.090  10.000  9.593  -4.365
20.100  10.000  9.737  -5.034
20.110  10.000  9.603  -5.647
20.120  10.000  9.568  -6.199
20.130  10.000  9.409  -6.599
20.140  10.000  9.539  -6.903
20.150  10.000  9.581  -7.107
20.160  10.000  9.679  -7.220
20.170  10.000  9.682  -7.239
20.180  10.000  9.663  -7.163
20.190  10.000  9.585  -6.943
20.200  10.000  9.775  -6.619
20.210  10.000  9.756  -6.192
20.220  10.000  9.838  -5.632
20.230  10.000  9.801  -5.032
20.240  10.000  9.981  -4.441
20.250  10.000  10.131  -3.952
20.260  10.000  10.349  -3.471
20.270  10.000  10.027  -2.948
20.280  10.000  10.194  -2.370
20.290  10.000  10.279  -1.809
20.300  10.000  10.381  -1.348
20.310  10.000  10.503  -0.985
20.320  10.000  10.484  -0.523
20.330  10.000  10.584  -0.039
20.340  10.000  10.381  0.341
20.350  10.000  10.492  0.648
20.360  10.000  10.335  0.767
20.370  10.000  10.492  0.695
20.380  10.000  10.511  0.469
20.390  10.000  10.412  0.129
20.400  12.501  10.161  -0.306
20.410  15.000  10.360  -0.756
20.420  17.500  10.788  -0.515
20.430  20.000  12.317  0.971
20.440  22.500  13.595  3.614
20.450  25.000  14.745  7.283
20.460  27.500  16.219  11.838
20.470  30.000  18.542  17.117
20.480  32.500  19.469  22.738
20.490  35.000  20.671  28.770
20.500  35.000  21.342  35.110
20.510  35.000  22.249  41.178
20.520  35.000  22.472  47.022
20.530  35.000  23.627  52.654
20.540  35.000  23.664  58.573
20.550  35.000  24.225  64.980
20.560  35.000  25.232  71.130
20.570  35.000  25.578  77.198
20.580  35.000  26.333  83.343
20.590  35.000  26.860  89.458
20.600  35.000  27.334  95.544
20.610  35.000  28.259  101.736
20.620  35.000  28.419  108.228
20.630  35.000  29.512  114.241
20.640  35.000  29.912  119.903
20.650  35.000  30.604  125.744
20.660  35.000  31.047  131.791
20.670  35.000  31.551  137.932
20.680  35.000  31.945  144.174
20.690  35.000  32.966  150.223
20.700  35.000  33.431  155.760
20.710  35.000  34.127  161.424
20.720  35.000  34.605  167.139
20.730  35.000  35.254  172.816
20.740  35.000  35.760  178.305
20.750  35.000  35.937  183.830
20.760  35.000  36.332  189.672
20.770  35.000  36.878  195.226
20.780  35.000  36.998  200.414
20.790  35.000  36.837  205.248
20.800  35.000  35.986  209.603
20.810  35.000  36.706  213.516
20.820  35.000  36.876  216.985
20.830  35.000  37.252  220.386
20.840  35.000  36.808  223.999
20.850  35.000  36.340  227.307
20.860  35.000  36.402  229.839
20.870  35.000  36.444  231.917
20.880  35.000  36.463  233.775
20.890  35.000  36.891  235.595
20.900  35.000  37.006  237.277
20.910  35.000  36.151  238.563
20.920  35.000  35.769  239.342
20.930  35.000  35.679  239.599
20.940  35.000  35.637  239.627
20.950  35.000  35.965  239.583
20.960  35.000  36.140  239.186
20.970  35.000  35.856  238.489
20.980  35.000  35.486  237.788
20.990  35.000  35.614  236.922
21.000  35.000  35.324  236.098
21.010  35.000  35.065  235.300
21.020  35.000  34.988  234.368
21.030  35.000  35.086  233.215
21.040  35.000  34.669  232.116
21.050  35.000  34.426  231.129
21.060  35.000  34.773  230.090
21.070  35.000  33.997  229.148
21.080  35.000  34.109  228.242
21.090  35.000  33.934  227.320
21.100  35.000  34.092  226.434
21.110  35.000  34.618  225.763
21.120  35.000  34.507  225.173
21.130  35.000  34.426  224.744
21.140  35.000  34.375  224.560
21.150  35.000  34.524  224.553
21.160  35.000  34.433  224.899
21.170  35.000  34.898  225.318
21.180  35.000  34.629  225.714
21.190  35.000  34.805  226.327
21.200  35.000  34.838  227.126
21.210  35.000  34.808  227.969
21.220  35.000  35.577  228.658
21.230  35.000  34.826  229.388
21.240  35.000  35.270  230.419
21.250  35.000  34.748  231.426
21.260  35.000  35.466  232.204
21.270  35.000  35.223  233.012
21.280  35.000  35.287  233.840
21.290  35.000  35.228  234.540
21.300  35.000  35.120  235.120
21.310  35.000  35.222  235.601
21.320  35.000  35.477  236.033
21.330  35.000  35.072  236.403
21.340  35.000  35.656  236.714
21.350  35.000  35.095  236.966
21.360  35.000  35.449  237.010
21.370  35.000  34.875  237.008
21.380  35.000  35.457  237.057
21.390  35.000  34.887  237.043
21.400  10.000  35.318  237.046
21.410  10.000  34.573  234.652
21.420  10.000  29.218  226.086
21.430  10.000  24.698  217.304
21.440  10.000  24.886  210.412
21.450  10.000  23.453  202.975
21.460  10.000  22.936  196.265
21.470  10.000  22.388  189.386
21.480  10.000  21.613  182.710
21.490  10.000  21.113  176.216
21.500  10.000  20.430  169.818
21.510  10.000  19.931  163.490
21.520  10.000  19.445  157.268
21.530  10.000  18.896  151.123
21.540  10.000  18.390  145.157
21.550  10.000  17.910  139.312
21.560  10.000  17.463  133.565
21.570  10.000  17.079  127.867
21.580  10.000  16.592  122.265
21.590  10.000  16.158  116.780
21.600  10.000  15.816  111.387
21.610  10.000  15.350  106.083
21.620  10.000  15.076  100.830
21.630  10.000  14.570  95.733
21.640  10.000  14.081  90.782
21.650  10.000  13.666  85.948
21.660  10.000  13.389  81.095
21.670  10.000  13.097  76.247
21.680  10.000  12.678  71.554
21.690  10.000  12.381  66.925
21.700  10.000  12.076  62.436
21.710  10.000  11.761  58.045
21.720  10.000  11.466  53.678
21.730  10.000  11.033  49.461
21.740  10.000  10.776  45.358
21.750  10.000  10.498  41.312
21.760  10.000  10.304  37.362
21.770  10.000  9.941  33.494
21.780  10.000  9.658  29.701
21.790  10.000  9.341  26.020
21.800  10.000  9.140  22.419
21.810  10.000  8.975  18.953
21.820  10.000  8.841  15.880
21.830  10.000  8.950  13.271
21.840  10.000  9.140  11.094
21.850  10.000  9.310  9.288
21.860  10.000  9.322  7.766
21.870  10.000  9.446  6.448
21.880  10.000  9.421  5.249
21.890  10.000  9.468  4.202
21.900  10.000  9.452  3.336
21.910  10.000  9.531  2.613
21.920  10.000  9.592  2.081
21.930  10.000  9.602  1.700
21.940  10.000  9.668  1.429
21.950  10.000  9.663  1.314
21.960  10.000  9.852  1.284
21.970  10.000  9.840  1.361
21.980  10.000  9.788  1.621
21.990  10.000  9.939  2.032
22.000  10.000  9.824  2.522
22.010  10.000  10.183  2.962
22.020  10.000  10.033  3.549
22.030  10.000  10.198  4.194
22.040  10.000  10.120  4.794
22.050  10.000  10.235  5.432
22.060  10.000  10.321  5.958
22.070  10.000  10.337  6.350
22.080  10.000  10.432  6.751
22.090  10.000  10.300  7.241
22.100  10.000  10.463  7.655
22.110  10.000  10.522  8.035
22.120  10.000  10.491  8.211
22.130  10.000  10.585  8.114
22.140  10.000  10.296  7.932
22.150  10.000  10.459  7.659
22.160  10.000  10.413  7.340
22.170  10.000  10.309  7.020
22.180  10.000  10.257  6.619
22.190  10.000  10.223  6.011
22.200  10.000  10.100  5.269
22.210  10.000  10.132  4.513
22.220  10.000  10.023  3.698
22.230  10.000  9.917  2.921
22.240  10.000  9.889  2.184
22.250  10.000  9.806  1.461
22.260  10.000  9.783  0.716
22.270  10.000  9.799  -0.059
22.280  10.000  9.652  -0.728
22.290  10.000  9.526  -1.281
22.300  10.000  9.548  -1.823
22.310  10.000  9.471  -2.361
22.320  10.000  9.568  -2.821
22.330  10.000  9.545  -3.199
22.340  10.000  9.530  -3.437
22.350  10.000  9.472  -3.510
22.360  10.000  9.631  -3.446
22.370  10.000  9.520  -3.210
22.380  10.000  9.755  -2.880
22.390  10.000  9.818  -2.451
22.400  10.000  9.809  -1.876
22.410  10.000  9.854  -1.263
22.420  10.000  10.047  -0.552
22.430  10.000  10.061  0.228
22.440  10.000  10.261  0.928
22.450  10.000  10.303  1.494
22.460  10.000  10.310  2.097
22.470  10.000  10.351  2.745
22.480  10.000  10.471  3.273
22.490  10.000  10.491  3.743
22.500  10.000  10.350  4.257
22.510  10.000  10.634  4.666
22.520  10.000  10.472  4.822
22.530  10.000  10.410  4.850
22.540  10.000  10.469  4.862
22.550  10.000  10.381  4.811
22.560  10.000  10.492  4.588
22.570  10.000  10.395  4.229
22.580  10.000  10.280  3.716
22.590  10.000  10.228  3.183
22.600  10.000  10.050  2.612
22.610  10.000  10.078  1.884
22.620  10.000  10.015  1.172
22.630  10.000  9.917  0.479
22.640  10.000  9.985  -0.229
22.650  10.000  9.803  -0.957
22.660  10.000  9.805  -1.678
22.670  10.000  9.616  -2.374
22.680  10.000  9.731  -3.084
22.690  10.000  9.591  -3.719
22.700  10.000  9.654  -4.346
22.710  10.000  9.553  -4.931
22.720  10.000  9.561  -5.412
22.730  10.000  9.596  -5.782
22.740  10.000  9.596  -6.020
22.750  10.000  9.514  -6.138
22.760  10.000  9.485  -6.085
22.770  10.000  9.666  -5.949
22.780  10.000  9.768  -5.738
22.790  10.000  9.705  -5.305
22.800  10.000  9.809  -4.786
22.810  10.000  9.821  -4.266
22.820  10.000  9.909  -3.688
22.830  10.000  9.933  -3.018
22.840  10.000  9.979  -2.334
22.850  10.000  9.979  -1.678
22.860  10.000  10.221  -1.044
22.870  10.000  10.191  -0.486
22.880  10.000  10.253  0.125
22.890  10.000  10.352  0.729
22.900  10.000  10.243  1.232
22.910  10.000  10.575  1.639
22.920  10.000  10.588  1.976
22.930  10.000  10.676  2.314
22.940  10.000  10.335  2.667
22.950  10.000  10.573  2.762
22.960  10.000  10.476  2.597
22.970  10.000  10.643  2.370
22.980  10.000  10.414  2.026
22.990  10.000  10.236  1.551
23.000  10.000  10.103  1.011
23.010  10.000  10.236  0.412
23.020  10.000  10.110  -0.250
23.030  10.000  10.015  -0.978
23.040  10.000  9.951  -1.693
23.050  10.000  10.032  -2.388
23.060  10.000  9.781  -3.123
23.070  10.000  9.931  -3.827
23.080  10.000  9.747  -4.496
23.090  10.000  9.762  -5.129
23.100  10.000  9.696  -5.699
23.110  10.000  9.610  -6.246
23.120  10.000  9.591  -6.782
23.130  10.000  9.570  -7.283
23.140  10.000  9.494  -7.707
23.150  10.000  9.584  -8.019
23.160  10.000  9.684  -8.236
23.170  10.000  9.632  -8.263
23.180  10.000  9.428  -8.048
23.190  10.000  9.539  -7.699
23.200  10.000  9.643  -7.364
23.210  10.000  9.935  -7.130
23.220  10.000  9.800  -6.873
23.230  10.000  9.923  -6.453
23.240  10.000  9.748  -5.930
23.250  10.000  10.173  -5.461
23.260  10.000  9.901  -4.959
23.270  10.000  10.112  -4.317
23.280  10.000  10.290  -3.830
23.290  10.000  10.099  -3.288
23.300  10.000  10.312  -2.687
23.310  10.000  10.353  -2.216
23.320  10.000  10.389  -1.799
23.330  10.000  10.601  -1.447
23.340  10.000  10.436  -1.015
23.350  10.000  10.605  -0.637
23.360  10.000  10.410  -0.325
23.370  10.000  10.452  -0.158
23.380  10.000  10.392  -0.185
23.390  10.000  10.550  -0.363
23.400  10.000  10.334  -0.699
23.410  12.500  10.368  -1.066
23.420  15.000  10.243  -1.547
23.430  17.500  10.744  -1.394
23.440  20.000  12.253  0.218
23.450  22.500  13.666  3.087
23.460  25.000  14.918  6.697
23.470  27.500  15.991  11.259
23.480  30.000  18.455  16.821
23.490  32.500  18.994  22.865
23.500  35.000  20.351  29.002
23.510  35.000  21.430  35.035
23.520  35.000  22.338  41.162
23.530  35.000  22.318  47.259
23.540  35.000  23.373  52.927
23.550  35.000  23.976  58.770
23.560  35.000  24.880  64.867
23.570  35.000  25.483  70.784
23.580  35.000  25.661  77.104
23.590  35.000  26.507  83.448
23.600  35.000  26.622  89.563
23.610  35.000  27.803  95.486
23.620  35.000  28.478  101.135
23.630  35.000  28.601  107.115
23.640  35.000  29.443  113.142
23.650  35.000  30.269  118.634
23.660  35.000  30.474  124.181
23.670  35.000  31.206  129.885
23.680  35.000  31.741  135.543
23.690  35.000  32.603  141.120
23.700  35.000  33.252  146.832
23.710  35.000  33.916  152.543
23.720  35.000  34.320  157.930
23.730  35.000  34.665  163.616
23.740  35.000  35.095  169.660
23.750  35.000  35.760  175.609
23.760  35.000  36.389  181.304
23.770  35.000  36.261  186.904
23.780  35.000  36.980  192.469
23.790  35.000  36.895  197.649
23.800  35.000  36.296  202.331
23.810  35.000  36.135  206.789
23.820  35.000  36.496  210.795
23.830  35.000  36.826  214.472
23.840  35.000  37.051  218.276
23.850  35.000  36.898  221.882
23.860  35.000  36.607  224.930
23.870  35.000  36.233  227.435
23.880  35.000  36.366  229.625
23.890  35.000  36.181  231.494
23.900  35.000  37.112  233.171
23.910  35.000  36.957  234.921
23.920  35.000  36.329  236.319
23.930  35.000  36.121  237.071
23.940  35.000  35.095  237.741
23.950  35.000  36.143  238.129
23.960  35.000  35.812  238.122
23.970  35.000  35.971  237.999
23.980  35.000  35.466  237.601
23.990  35.000  35.793  237.072
24.000  35.000  35.569  236.419
24.010  35.000  35.781  235.565
24.020  35.000  35.628  234.606
24.030  35.000  35.149  233.543
24.040  35.000  34.987  232.260
24.050  35.000  34.681  231.037
24.060  35.000  34.688  229.877
24.070  35.000  34.415  228.688
24.080  35.000  34.566  227.452
24.090  35.000  34.191  226.351
24.100  35.000  33.879  225.349
24.110  35.000  34.104  224.257
24.120  35.000  34.118  223.318
24.130  35.000  34.432  222.554
24.140  35.000  34.608  221.915
24.150  35.000  34.084  221.659
24.160  35.000  34.528  221.627
24.170  35.000  34.654  221.651
24.180  35.000  34.438  221.919
24.190  35.000  34.724  222.338
24.200  35.000  34.744  222.843
24.210  35.000  35.052  223.486
24.220  35.000  34.665  224.248
24.230  35.000  34.968  225.089
24.240  35.000  34.849  226.054
24.250  35.000  34.969  226.875
24.260  35.000  35.470  227.595
24.270  35.000  34.705  228.638
24.280  35.000  35.206  229.713
24.290  35.000  35.483  230.485
24.300  35.000  35.587  231.159
24.310  35.000  35.050  231.915
24.320  35.000  35.221  232.764
24.330  35.000  35.048  233.486
24.340  35.000  35.529  234.071
24.350  35.000  35.350  234.580
24.360  35.000  35.364  234.977
24.370  35.000  34.917  235.458
24.380  35.000  35.357  235.812
24.390  35.000  35.404  235.888
24.400  35.000  35.482  236.008
24.410  10.000  34.813  236.093
24.420  10.000  34.653  233.835
24.430  10.000  29.198  225.462
24.440  10.000  24.862  216.651
24.450  10.000  24.988  209.591
24.460  10.000  23.544  202.058
24.470  10.000  22.961  195.315
24.480  10.000  22.243  188.513
24.490  10.000  21.607  182.060
24.500  10.000  21.022  175.527
24.510  10.000  20.395  169.124
24.520  10.000  19.929  162.823
24.530  10.000  19.303  156.566
24.540  10.000  18.698  150.637
24.550  10.000  18.197  144.685
24.560  10.000  17.585  138.790
24.570  10.000  16.990  133.204
24.580  10.000  16.696  127.688
24.590  10.000  16.350  122.150
24.600  10.000  16.025  116.587
24.610  10.000  15.559  111.232
24.620  10.000  15.055  106.061
24.630  10.000  14.745  100.997
24.640  10.000  14.309  96.052
24.650  10.000  13.924  91.025
24.660  10.000  13.577  86.017
24.670  10.000  13.193  81.240
24.680  10.000  13.004  76.447
24.690  10.000  12.637  71.697
24.700  10.000  12.323  67.224
24.710  10.000  11.837  62.824
24.720  10.000  11.722  58.330
24.730  10.000  11.323  53.898
24.740  10.000  10.891  49.766
24.750  10.000  10.536  45.743
24.760  10.000  10.359  41.750
24.770  10.000  10.114  37.831
24.780  10.000  9.832  33.949
24.790  10.000  9.601  30.184
24.800  10.000  9.250  26.580
24.810  10.000  8.986  23.122
24.820  10.000  8.896  19.966
24.830  10.000  8.714  17.259
24.840  10.000  9.138  14.918
24.850  10.000  9.367  12.881
24.860  10.000  9.713  10.966
24.870  10.000  9.746  9.183
24.880  10.000  9.625  7.503
24.890  10.000  9.563  5.946
24.900  10.000  9.497  4.584
24.910  10.000  9.565  3.383
24.920  10.000  9.547  2.361
24.930  10.000  9.593  1.496
24.940  10.000  9.530  0.818
24.950  10.000  9.628  0.222
24.960  10.000  9.705  -0.250
24.970  10.000  9.645  -0.482
24.980  10.000  9.705  -0.633
24.990  10.000  9.937  -0.811
25.000  10.000  9.787  -0.791
25.010  10.000  9.796  -0.519
25.020  10.000  9.908  -0.141
25.030  10.000  9.894  0.271
25.040  10.000  10.030  0.585
25.050  10.000  10.109  0.907
25.060  10.000  10.028  1.344
25.070  10.000  10.198  1.700
25.080  10.000  9.955  2.191
25.090  10.000  10.274  2.738
25.100  10.000  10.215  3.107
25.110  10.000  10.221  3.540
25.120  10.000  10.337  3.877
25.130  10.000  10.335  4.194
25.140  10.000  10.315  4.578
25.150  10.000  10.475  4.848
25.160  10.000  10.579  5.029
25.170  10.000  10.439  5.194
25.180  10.000  10.356  5.329
25.190  10.000  10.414  5.223
25.200  10.000  10.414  4.954
25.210  10.000  10.353  4.639
25.220  10.000  10.385  4.088
25.230  10.000  10.379  3.389
25.240  10.000  10.098  2.708
25.250  10.000  10.004  2.006
25.260  10.000  10.137  1.206
25.270  10.000  9.926  0.330
25.280  10.000  9.875  -0.342
25.290  10.000  9.869  -1.001
25.300  10.000  9.890  -1.822
25.310  10.000  9.644  -2.578
25.320  10.000  9.679  -3.208
25.330  10.000  9.651  -3.772
25.340  10.000  9.473  -4.268
25.350  10.000  9.602  -4.785
25.360  10.000  9.615  -5.321
25.370  10.000  9.517  -5.633
25.380  10.000  9.507  -5.809
25.390  10.000  9.599  -5.969
25.400  10.000  9.532  -5.863
25.410  10.000  9.680  -5.629
25.420  10.000  9.574  -5.331
25.430  10.000  9.815  -4.924
25.440  10.000  9.946  -4.562
25.450  10.000  9.986  -4.026
25.460  10.000  9.790  -3.345
25.470  10.000  10.022  -2.691
25.480  10.000  10.049  -2.052
25.490  10.000  10.199  -1.424
25.500  10.000  10.218  -0.809
25.510  10.000  10.215  -0.237
25.520  10.000  10.250  0.290
25.530  10.000  10.570  0.740
25.540  10.000  10.325  1.197
25.550  10.000  10.452  1.609
25.560  10.000  10.498  1.913
25.570  10.000  10.643  2.087
25.580  10.000  10.474  2.086
25.590  10.000  10.341  2.081
25.600  10.000  10.274  2.068
25.610  10.000  10.373  1.987
25.620  10.000  10.284  1.742
25.630  10.000  10.358  1.377
25.640  10.000  10.342  0.968
25.650  10.000  10.241  0.464
25.660  10.000  9.942  -0.079
25.670  10.000  9.943  -0.744
25.680  10.000  9.991  -1.515
25.690  10.000  9.962  -2.250
25.700  10.000  9.833  -2.939
25.710  10.000  9.939  -3.590
25.720  10.000  9.774  -4.144
25.730  10.000  9.790  -4.642
25.740  10.000  9.839  -5.187
25.750  10.000  9.703  -5.761
25.760  10.000  9.648  -6.321
25.770  10.000  9.565  -6.827
25.780  10.000  9.373  -7.238
25.790  10.000  9.508  -7.574
25.800  10.000  9.550  -7.834
25.810  10.000  9.551  -7.941
25.820  10.000  9.624  -7.812
25.830  10.000  9.622  -7.566
25.840  10.000  9.763  -7.376
25.850  10.000  9.730  -7.030
25.860  10.000  9.865  -6.615
25.870  10.000  9.848  -6.153
25.880  10.000  9.809  -5.518
25.890  10.000  9.911  -4.799
25.900  10.000  10.227  -4.046
25.910  10.000  10.062  -3.238
25.920  10.000  10.210  -2.356
25.930  10.000  10.341  -1.664
25.940  10.000  10.366  -1.096
25.950  10.000  10.471  -0.562
25.960  10.000  10.533  -0.067
25.970  10.000  10.535  0.339
25.980  10.000  10.417  0.670
25.990  10.000  10.602  0.903
26.000  10.000  10.406  0.978
26.010  10.000  10.362  1.010
26.020  10.000  10.314  0.843
26.030  10.000  10.461  0.486
26.040  10.000  10.296  0.138
26.050  10.000  10.215  -0.308
26.060  10.000  10.127  -0.929
26.070  10.000  10.183  -1.565
26.080  10.000  10.148  -2.166
26.090  10.000  9.970  -2.862
26.100  10.000  9.898  -3.610
26.110  10.000  9.940  -4.349
26.120  10.000  9.887  -5.131
26.130  10.000  9.816  -5.867
26.140  10.000  9.736  -6.516
26.150  10.000  9.668  -7.037
26.160  10.000  9.687  -7.613
26.170  10.000  9.663  -8.195
26.180  10.000  9.626  -8.663
26.190  10.000  9.601  -9.055
26.200  10.000  9.628  -9.374
26.210  10.000  9.632  -9.649
26.220  10.000  9.476  -9.805
26.230  10.000  9.669  -9.875
26.240  10.000  9.403  -9.742
26.250  10.000  9.506  -9.466
26.260  10.000  9.646  -9.194
26.270  10.000  9.842  -8.814
26.280  10.000  9.904  -8.271
26.290  10.000  9.979  -7.675
26.300  10.000  10.005  -7.145
26.310  10.000  10.246  -6.676
26.320  10.000  10.046  -6.139
26.330  10.000  10.172  -5.540
26.340  10.000  10.213  -4.986
26.350  10.000  10.377  -4.471
26.360  10.000  10.383  -3.957
26.370  10.000  10.364  -3.480
26.380  10.000  10.340  -3.033
26.390  10.000  10.444  -2.545
26.400  10.000  10.687  -2.154
26.410  10.000  10.422  -1.979
26.420  12.499  10.487  -1.977
26.430  14.999  10.424  -1.976
26.440  17.501  10.840  -1.246
26.450  19.999  12.525  0.674
26.460  22.499  14.073  3.674
26.470  25.000  14.697  7.582
26.480  27.499  16.322  12.410
26.490  29.999  18.406  18.153
26.500  32.500  19.914  24.104
26.510  34.999  20.250  30.730
26.520  35.000  21.904  37.338
26.530  35.000  22.480  43.397
26.540  35.000  22.974  49.713
26.550  35.000  23.204  55.760
26.560  35.000  24.022  61.921
26.570  35.000  24.331  68.352
26.580  35.000  25.376  74.740
26.590  35.000  25.795  81.149
26.600  35.000  26.700  87.136
26.610  35.000  26.856  93.240
26.620  35.000  27.597  99.744
26.630  35.000  28.517  105.786
26.640  35.000  28.803  111.763
