# covent_pc_7
# Captured 2020-06-19 23:04:07.932774 by unknown user
# Built at revision b0450af (dirty)
time(sec)  pc_setpoint  pressure  volume
0.000  5.000  9.086  229.009
0.010  5.000  8.887  223.335
0.020  5.000  8.520  217.361
0.030  5.000  8.361  212.018
0.040  5.000  8.157  206.875
0.050  5.000  7.941  201.394
0.060  5.000  7.790  196.132
0.070  5.000  7.625  191.206
0.080  5.000  7.395  186.068
0.090  5.000  7.249  181.079
0.100  5.000  7.065  176.188
0.110  5.000  6.846  171.430
0.120  5.000  6.726  166.854
0.130  5.000  6.622  161.982
0.140  5.000  6.444  157.008
0.150  5.000  6.280  152.414
0.160  5.000  6.129  147.897
0.170  5.000  5.912  143.148
0.180  5.000  5.824  138.449
0.190  5.000  5.658  133.940
0.200  5.000  5.565  129.608
0.210  5.000  5.430  125.032
0.220  5.000  5.301  120.832
0.230  5.000  5.157  116.686
0.240  5.000  5.064  112.426
0.250  5.000  4.885  108.276
0.260  5.000  4.769  104.307
0.270  5.000  4.655  100.373
0.280  5.000  4.602  96.136
0.290  5.000  4.508  91.921
0.300  5.000  4.456  88.070
0.310  5.000  4.420  84.616
0.320  5.000  4.381  81.183
0.330  5.000  4.242  77.851
0.340  5.000  4.196  74.600
0.350  5.000  4.111  71.509
0.360  5.000  4.111  68.566
0.370  5.000  4.079  65.602
0.380  5.000  4.096  62.568
0.390  5.000  4.073  59.568
0.400  5.000  4.074  56.710
0.410  5.000  4.112  54.111
0.420  5.000  4.200  51.835
0.430  5.000  4.366  49.531
0.440  5.000  4.397  47.310
0.450  5.000  4.424  44.936
0.460  5.000  4.394  42.457
0.470  5.000  4.227  40.310
0.480  5.000  4.227  38.216
0.490  5.000  4.247  36.143
0.500  5.000  4.311  34.180
0.510  5.000  4.497  32.375
0.520  5.000  4.660  30.839
0.530  5.000  4.846  29.321
0.540  5.000  4.916  27.694
0.550  5.000  4.887  26.262
0.560  5.000  5.008  24.746
0.570  5.000  4.961  23.197
0.580  5.000  4.809  21.800
0.590  5.000  4.742  20.499
0.600  5.000  4.663  19.325
0.610  5.000  4.687  18.077
0.620  5.000  4.661  16.879
0.630  5.000  4.554  15.809
0.640  5.000  4.555  14.666
0.650  5.000  4.575  13.466
0.660  5.000  4.640  12.392
0.670  5.000  4.796  11.554
0.680  5.000  4.925  10.967
0.690  5.000  4.964  10.480
0.700  5.000  4.974  9.994
0.710  5.000  4.925  9.476
0.720  5.000  5.024  8.773
0.730  5.000  4.883  8.036
0.740  5.000  4.855  7.412
0.750  5.000  4.924  6.967
0.760  5.000  5.034  6.595
0.770  5.000  4.923  6.342
0.780  5.000  4.940  6.078
0.790  5.000  4.980  5.652
0.800  5.000  4.961  5.283
0.810  5.000  4.988  4.971
0.820  5.000  4.938  4.696
0.830  5.000  4.930  4.433
0.840  5.000  4.984  4.218
0.850  5.000  5.070  3.923
0.860  5.000  4.891  3.805
0.870  5.000  4.905  3.820
0.880  5.000  4.959  3.638
0.890  5.000  5.166  3.519
0.900  5.000  5.087  3.444
0.910  5.000  4.869  3.263
0.920  5.000  4.884  3.197
0.930  5.000  4.951  3.136
0.940  5.000  5.072  3.142
0.950  5.000  5.025  3.286
0.960  5.000  4.913  3.274
0.970  5.000  4.947  3.241
0.980  5.000  4.927  3.253
0.990  5.000  4.978  3.262
1.000  5.000  5.046  3.257
1.010  5.000  5.016  3.187
1.020  5.000  4.981  3.037
1.030  5.000  4.973  2.900
1.040  5.000  5.020  2.848
1.050  5.000  4.956  2.768
1.060  5.000  4.921  2.791
1.070  5.000  5.109  2.920
1.080  5.000  5.005  2.867
1.090  5.000  4.910  2.667
1.100  5.000  4.973  2.611
1.110  5.000  5.140  2.713
1.120  5.000  4.899  2.998
1.130  5.000  4.940  3.169
1.140  5.000  5.103  3.009
1.150  5.000  4.970  2.847
1.160  5.000  5.119  2.699
1.170  5.000  5.012  2.561
1.180  5.000  5.050  2.428
1.190  5.000  4.854  2.342
1.200  5.000  5.112  2.109
1.210  5.000  4.999  1.801
1.220  5.000  5.046  1.629
1.230  5.000  4.919  1.432
1.240  5.000  4.977  1.265
1.250  5.000  4.897  1.056
1.260  5.000  4.861  0.963
1.270  5.000  5.023  1.082
1.280  5.000  4.963  1.281
1.290  5.000  5.024  1.197
1.300  5.000  4.917  1.064
1.310  5.000  4.980  1.250
1.320  5.000  5.110  1.381
1.330  5.000  5.048  1.366
1.340  5.000  4.919  1.275
1.350  5.000  5.014  1.214
1.360  5.000  5.197  1.067
1.370  5.000  4.960  0.941
1.380  5.000  4.947  1.008
1.390  5.000  5.005  1.201
1.400  5.000  4.995  1.356
1.410  5.000  5.083  1.196
1.420  5.000  5.133  0.928
1.430  5.000  5.041  0.839
1.440  5.000  4.955  0.698
1.450  5.000  5.011  0.555
1.460  5.000  5.076  0.551
1.470  5.000  4.972  0.571
1.480  5.000  4.888  0.553
1.490  5.000  4.964  0.436
1.500  5.000  4.858  0.129
1.510  5.000  5.165  -0.098
1.520  5.000  4.884  -0.121
1.530  5.000  4.835  -0.170
1.540  5.000  4.952  -0.248
1.550  5.000  5.169  -0.329
1.560  5.000  4.858  -0.302
1.570  5.000  4.771  -0.093
1.580  5.000  5.052  0.076
1.590  5.000  5.199  0.152
1.600  5.000  5.084  0.217
1.610  5.000  5.071  0.406
1.620  5.000  5.056  0.450
1.630  5.000  4.911  0.488
1.640  5.000  4.911  0.800
1.650  5.000  4.970  0.851
1.660  5.000  5.086  0.732
1.670  5.000  4.929  0.649
1.680  5.000  5.029  0.649
1.690  5.000  5.017  0.593
1.700  5.000  5.121  0.549
1.710  5.000  4.985  0.624
1.720  5.000  5.042  0.622
1.730  5.000  5.155  0.485
1.740  5.000  5.139  0.135
1.750  5.000  4.913  -0.173
1.760  5.000  4.829  -0.361
1.770  5.000  4.966  -0.482
1.780  5.000  4.980  -0.595
1.790  5.000  5.129  -0.777
1.800  5.000  4.942  -0.911
1.810  5.000  4.870  -0.941
1.820  5.000  5.053  -1.058
1.830  5.000  5.025  -1.279
1.840  5.000  5.091  -1.387
1.850  5.000  4.913  -1.541
1.860  5.000  4.927  -1.644
1.870  5.000  5.052  -1.688
1.880  8.000  4.897  -1.732
1.890  11.000  5.079  -1.406
1.900  14.000  5.733  -0.248
1.910  17.000  9.036  1.983
1.920  20.000  12.172  5.783
1.930  23.000  15.455  11.194
1.940  26.000  18.982  17.598
1.950  29.000  23.803  24.554
1.960  32.000  26.635  31.841
1.970  35.000  29.145  39.085
1.980  35.000  30.167  46.101
1.990  35.000  30.992  52.533
2.000  35.000  31.516  58.638
2.010  35.000  32.521  64.501
2.020  35.000  31.630  70.195
2.030  35.000  31.785  76.016
2.040  35.000  32.748  81.514
2.050  35.000  32.565  87.192
2.060  35.000  33.019  92.810
2.070  35.000  33.515  98.089
2.080  35.000  33.997  103.153
2.090  35.000  33.555  108.314
2.100  35.000  33.391  114.073
2.110  35.000  34.499  119.319
2.120  35.000  34.067  123.812
2.130  35.000  34.308  128.306
2.140  35.000  34.085  132.989
2.150  35.000  34.781  137.716
2.160  35.000  34.462  142.237
2.170  35.000  34.849  146.720
2.180  35.000  35.111  151.216
2.190  35.000  34.626  155.940
2.200  35.000  34.910  160.491
2.210  35.000  35.374  164.636
2.220  35.000  34.780  168.708
2.230  35.000  35.496  172.890
2.240  35.000  35.770  177.145
2.250  35.000  35.309  181.266
2.260  35.000  35.100  185.505
2.270  35.000  36.215  189.344
2.280  35.000  35.717  192.897
2.290  35.000  36.136  196.592
2.300  35.000  36.433  200.114
2.310  35.000  35.916  203.719
2.320  35.000  36.124  207.097
2.330  35.000  35.846  210.121
2.340  35.000  35.306  213.110
2.350  35.000  34.265  216.312
2.360  35.000  34.664  219.614
2.370  35.000  34.169  222.904
2.380  35.000  34.465  226.109
2.390  35.000  34.605  228.897
2.400  35.000  34.683  231.574
2.410  35.000  35.144  234.235
2.420  35.000  34.298  236.857
2.430  35.000  35.154  239.710
2.440  35.000  35.277  242.480
2.450  35.000  35.161  245.002
2.460  35.000  35.505  247.555
2.470  35.000  35.114  250.245
2.480  35.000  35.512  252.712
2.490  35.000  34.522  255.253
2.500  35.000  34.680  258.051
2.510  35.000  34.828  260.726
2.520  35.000  35.883  263.015
2.530  35.000  35.817  265.088
2.540  35.000  35.135  267.152
2.550  35.000  35.107  269.070
2.560  35.000  34.915  271.065
2.570  35.000  35.025  272.987
2.580  35.000  35.815  274.670
2.590  35.000  34.980  276.311
2.600  35.000  34.931  277.791
2.610  35.000  34.413  279.110
2.620  35.000  35.216  280.494
2.630  35.000  34.993  281.774
2.640  35.000  35.443  283.104
2.650  35.000  35.331  284.456
2.660  35.000  35.566  285.428
2.670  35.000  34.594  286.280
2.680  35.000  34.855  287.241
2.690  35.000  34.679  288.236
2.700  35.000  35.559  289.263
2.710  35.000  34.859  290.319
2.720  35.000  36.043  291.353
2.730  35.000  34.785  292.131
2.740  35.000  35.194  292.643
2.750  35.000  34.883  293.150
2.760  35.000  35.396  293.535
2.770  35.000  34.441  293.932
2.780  35.000  35.113  294.456
2.790  35.000  34.695  294.973
2.800  35.000  35.207  295.450
2.810  35.000  34.935  295.953
2.820  35.000  34.934  296.782
2.830  35.000  35.108  297.712
2.840  35.000  35.076  298.584
2.850  35.000  35.497  299.298
2.860  35.000  35.082  299.885
2.870  35.000  34.842  300.445
2.880  5.000  35.117  300.946
2.890  5.000  34.500  301.134
2.900  5.000  32.102  299.991
2.910  5.000  26.908  295.929
2.920  5.000  21.485  289.691
2.930  5.000  17.265  281.988
2.940  5.000  15.049  274.113
2.950  5.000  12.693  267.208
2.960  5.000  11.724  260.403
2.970  5.000  10.579  253.847
2.980  5.000  10.155  247.796
2.990  5.000  9.613  242.391
3.000  5.000  9.379  236.789
3.010  5.000  8.950  231.221
3.020  5.000  8.764  225.694
3.030  5.000  8.604  219.830
3.040  5.000  8.326  214.119
3.050  5.000  8.099  208.901
3.060  5.000  7.973  203.775
3.070  5.000  7.776  198.361
3.080  5.000  7.590  193.407
3.090  5.000  7.354  188.455
3.100  5.000  7.224  183.359
3.110  5.000  7.074  178.357
3.120  5.000  6.881  173.096
3.130  5.000  6.772  168.170
3.140  5.000  6.594  163.376
3.150  5.000  6.456  158.408
3.160  5.000  6.293  153.912
3.170  5.000  6.127  149.384
3.180  5.000  5.973  144.467
3.190  5.000  5.824  139.960
3.200  5.000  5.743  135.603
3.210  5.000  5.515  130.989
3.220  5.000  5.418  126.696
3.230  5.000  5.260  122.545
3.240  5.000  5.216  118.141
3.250  5.000  5.060  113.993
3.260  5.000  4.874  109.861
3.270  5.000  4.766  105.787
3.280  5.000  4.651  101.808
3.290  5.000  4.574  97.530
3.300  5.000  4.490  93.670
3.310  5.000  4.474  89.769
3.320  5.000  4.417  85.814
3.330  5.000  4.353  82.482
3.340  5.000  4.262  79.038
3.350  5.000  4.181  75.655
3.360  5.000  4.129  72.583
3.370  5.000  4.059  69.637
3.380  5.000  4.067  66.639
3.390  5.000  4.122  63.588
3.400  5.000  4.041  60.712
3.410  5.000  4.068  57.843
3.420  5.000  4.115  55.123
3.430  5.000  4.213  52.694
3.440  5.000  4.382  50.379
3.450  5.000  4.388  48.147
3.460  5.000  4.425  45.913
3.470  5.000  4.378  43.680
3.480  5.000  4.285  41.326
3.490  5.000  4.197  38.988
3.500  5.000  4.233  36.993
3.510  5.000  4.274  35.179
3.520  5.000  4.533  33.298
3.530  5.000  4.716  31.571
3.540  5.000  4.842  30.080
3.550  5.000  5.041  28.497
3.560  5.000  5.006  26.808
3.570  5.000  4.978  25.258
3.580  5.000  4.921  23.849
3.590  5.000  4.800  22.357
3.600  5.000  4.731  20.695
3.610  5.000  4.673  19.053
3.620  5.000  4.745  17.587
3.630  5.000  4.629  16.279
3.640  5.000  4.588  15.065
3.650  5.000  4.528  13.797
3.660  5.000  4.607  12.497
3.670  5.000  4.502  11.490
3.680  5.000  4.605  10.546
3.690  5.000  4.816  9.735
3.700  5.000  5.091  9.256
3.710  5.000  4.919  8.736
3.720  5.000  5.052  8.312
3.730  5.000  4.827  7.951
3.740  5.000  5.073  7.525
3.750  5.000  4.920  7.093
3.760  5.000  5.005  6.728
3.770  5.000  4.964  6.192
3.780  5.000  4.937  5.555
3.790  5.000  4.959  5.117
3.800  5.000  4.906  4.915
3.810  5.000  4.946  4.598
3.820  5.000  4.988  4.052
3.830  5.000  5.023  3.526
3.840  5.000  4.956  3.118
3.850  5.000  4.906  3.014
3.860  5.000  4.913  2.978
3.870  5.000  5.022  2.714
3.880  5.000  5.128  2.266
3.890  5.000  4.966  1.889
3.900  5.000  4.992  1.517
3.910  5.000  4.972  1.153
3.920  5.000  4.952  0.897
3.930  5.000  4.956  0.534
3.940  5.000  5.016  0.023
3.950  5.000  4.899  -0.331
3.960  5.000  4.868  -0.511
3.970  5.000  5.049  -0.901
3.980  5.000  5.129  -1.308
3.990  5.000  5.022  -1.408
4.000  5.000  4.851  -1.419
4.010  5.000  4.974  -1.517
4.020  5.000  4.985  -1.791
4.030  5.000  5.101  -2.169
4.040  5.000  4.880  -2.378
4.050  5.000  4.851  -2.475
4.060  5.000  5.008  -2.595
4.070  5.000  5.054  -2.814
4.080  5.000  5.092  -2.910
4.090  5.000  4.944  -2.841
4.100  5.000  4.960  -2.846
4.110  5.000  5.031  -2.835
4.120  5.000  5.023  -2.900
4.130  5.000  4.976  -3.013
4.140  5.000  5.013  -3.039
4.150  5.000  4.958  -3.122
4.160  5.000  5.023  -3.050
4.170  5.000  5.159  -3.049
4.180  5.000  4.863  -2.970
4.190  5.000  4.809  -2.758
4.200  5.000  4.983  -2.784
4.210  5.000  5.189  -2.978
4.220  5.000  5.193  -3.205
4.230  5.000  4.897  -3.255
4.240  5.000  4.806  -3.227
4.250  5.000  4.937  -3.061
4.260  5.000  5.250  -3.073
4.270  5.000  5.169  -3.447
4.280  5.000  4.892  -3.744
4.290  5.000  4.911  -3.842
4.300  5.000  4.849  -3.905
4.310  5.000  5.120  -3.992
4.320  5.000  4.943  -3.854
4.330  5.000  5.030  -3.779
4.340  5.000  4.920  -3.846
4.350  5.000  5.059  -3.850
4.360  5.000  4.934  -3.822
4.370  5.000  4.972  -3.833
4.380  5.000  5.007  -4.030
4.390  5.000  5.007  -4.236
4.400  5.000  5.052  -4.392
4.410  5.000  5.025  -4.422
4.420  5.000  4.880  -4.279
4.430  5.000  4.909  -4.207
4.440  5.000  5.057  -4.254
4.450  5.000  5.019  -4.424
4.460  5.000  5.091  -4.610
4.470  5.000  4.931  -4.584
4.480  5.000  5.009  -4.532
4.490  5.000  5.151  -4.492
4.500  5.000  4.955  -4.440
4.510  5.000  5.036  -4.516
4.520  5.000  5.035  -4.612
4.530  5.000  4.982  -4.733
4.540  5.000  5.065  -4.817
4.550  5.000  4.857  -4.819
4.560  5.000  4.985  -4.776
4.570  5.000  5.134  -4.914
4.580  5.000  5.168  -5.169
4.590  5.000  4.935  -5.312
4.600  5.000  4.869  -5.446
4.610  5.000  4.912  -5.609
4.620  5.000  4.977  -5.891
4.630  5.000  4.936  -6.219
4.640  5.000  4.992  -6.441
4.650  5.000  5.040  -6.600
4.660  5.000  4.986  -6.730
4.670  5.000  4.967  -6.796
4.680  5.000  4.959  -6.977
4.690  5.000  4.952  -7.171
4.700  5.000  4.930  -7.152
4.710  5.000  5.093  -7.124
4.720  5.000  4.902  -7.174
4.730  5.000  5.005  -7.280
4.740  5.000  5.111  -7.502
4.750  5.000  5.097  -7.564
4.760  5.000  4.874  -7.500
4.770  5.000  4.961  -7.530
4.780  5.000  4.926  -7.520
4.790  5.000  5.085  -7.583
4.800  5.000  4.995  -7.527
4.810  5.000  4.977  -7.155
4.820  5.000  5.097  -6.910
4.830  5.000  5.001  -6.891
4.840  5.000  5.007  -6.798
4.850  5.000  4.960  -6.698
4.860  5.000  4.980  -6.777
4.870  5.000  5.081  -6.953
4.880  5.000  5.020  -7.054
4.890  8.000  4.976  -7.054
4.900  11.000  4.943  -6.730
4.910  14.000  5.852  -5.397
4.920  17.000  8.910  -2.862
4.930  20.000  12.486  0.958
4.940  23.000  15.388  6.359
4.950  26.000  18.963  13.157
4.960  29.000  23.144  20.561
4.970  32.000  26.701  27.919
4.980  35.000  28.623  35.175
4.990  35.000  29.498  42.445
5.000  35.000  30.593  49.382
5.010  35.000  31.945  55.934
5.020  35.000  31.213  62.466
5.030  35.000  32.593  68.486
5.040  35.000  32.642  74.036
5.050  35.000  32.668  79.622
5.060  35.000  32.660  84.926
5.070  35.000  32.848  90.146
5.080  35.000  33.578  95.462
5.090  35.000  32.899  100.896
5.100  35.000  33.330  106.441
5.110  35.000  34.207  111.688
5.120  35.000  33.527  116.964
5.130  35.000  33.872  122.263
5.140  35.000  34.414  127.113
5.150  35.000  34.683  131.777
5.160  35.000  34.133  136.558
5.170  35.000  34.351  141.430
5.180  35.000  35.513  146.007
5.190  35.000  34.966  150.756
5.200  35.000  35.269  155.552
5.210  35.000  35.155  159.799
5.220  35.000  35.636  163.814
5.230  35.000  34.660  167.956
5.240  35.000  34.997  172.301
5.250  35.000  35.151  176.660
5.260  35.000  35.204  180.977
5.270  35.000  36.041  185.095
5.280  35.000  35.225  189.479
5.290  35.000  35.782  193.721
5.300  35.000  35.472  197.670
5.310  35.000  35.390  201.812
5.320  35.000  36.381  205.594
5.330  35.000  35.610  209.187
5.340  35.000  36.298  212.645
5.350  35.000  35.678  215.722
5.360  35.000  35.317  218.691
5.370  35.000  34.915  221.533
5.380  35.000  33.967  224.370
5.390  35.000  34.225  227.247
5.400  35.000  33.867  229.966
5.410  35.000  34.858  232.704
5.420  35.000  35.409  235.601
5.430  35.000  35.265  238.512
5.440  35.000  35.592  241.483
5.450  35.000  35.025  244.339
5.460  35.000  35.480  246.845
5.470  35.000  34.949  249.253
5.480  35.000  34.873  251.700
5.490  35.000  34.842  254.173
5.500  35.000  35.324  256.733
5.510  35.000  35.744  259.117
5.520  35.000  35.327  261.238
5.530  35.000  35.191  263.357
5.540  35.000  34.940  265.382
5.550  35.000  34.898  267.181
5.560  35.000  35.363  268.885
5.570  35.000  34.831  270.558
5.580  35.000  35.445  272.014
5.590  35.000  34.834  273.545
5.600  35.000  34.810  275.265
5.610  35.000  35.159  276.816
5.620  35.000  35.001  278.494
5.630  35.000  34.706  280.359
5.640  35.000  35.102  282.147
5.650  35.000  35.161  283.902
5.660  35.000  36.129  285.373
5.670  35.000  35.172  286.689
5.680  35.000  34.586  288.018
5.690  35.000  34.895  289.264
5.700  35.000  34.363  290.701
5.710  35.000  34.833  292.267
5.720  35.000  35.779  293.601
5.730  35.000  35.597  294.663
5.740  35.000  35.347  295.668
5.750  35.000  34.878  296.553
5.760  35.000  35.088  297.321
5.770  35.000  35.674  297.952
5.780  35.000  34.692  298.292
5.790  35.000  34.899  298.391
5.800  35.000  34.738  298.515
5.810  35.000  35.245  298.871
5.820  35.000  35.220  299.162
5.830  35.000  34.983  299.408
5.840  35.000  34.238  299.932
5.850  35.000  35.330  300.564
5.860  35.000  35.214  301.303
5.870  35.000  35.014  302.129
5.880  35.000  35.349  302.599
5.890  5.000  35.021  302.935
5.900  5.000  34.232  303.075
5.910  5.000  31.561  301.875
5.920  5.000  26.781  297.492
5.930  5.000  21.541  291.035
5.940  5.000  17.275  283.407
5.950  5.000  14.909  275.168
5.960  5.000  12.645  267.937
5.970  5.000  11.718  261.499
5.980  5.000  10.570  255.613
5.990  5.000  10.192  249.739
6.000  5.000  9.700  244.159
6.010  5.000  9.368  238.558
6.020  5.000  8.927  233.033
6.030  5.000  8.741  227.633
6.040  5.000  8.491  221.948
6.050  5.000  8.254  216.548
6.060  5.000  8.090  211.130
6.070  5.000  7.854  205.857
6.080  5.000  7.714  200.763
6.090  5.000  7.527  195.370
6.100  5.000  7.339  190.363
6.110  5.000  7.199  185.533
6.120  5.000  6.994  180.465
6.130  5.000  6.836  175.557
6.140  5.000  6.751  170.618
6.150  5.000  6.588  165.507
6.160  5.000  6.401  160.412
6.170  5.000  6.192  155.761
6.180  5.000  6.044  151.518
6.190  5.000  5.958  147.089
6.200  5.000  5.841  142.701
6.210  5.000  5.658  138.649
6.220  5.000  5.527  134.402
6.230  5.000  5.400  130.248
6.240  5.000  5.265  126.044
6.250  5.000  5.118  121.739
6.260  5.000  5.007  117.847
6.270  5.000  4.860  114.005
6.280  5.000  4.710  109.936
6.290  5.000  4.635  106.112
6.300  5.000  4.552  102.627
6.310  5.000  4.480  99.127
6.320  5.000  4.506  95.311
6.330  5.000  4.403  91.184
6.340  5.000  4.386  87.534
6.350  5.000  4.234  84.370
6.360  5.000  4.170  80.991
6.370  5.000  4.125  77.597
6.380  5.000  4.113  74.207
6.390  5.000  4.083  70.931
6.400  5.000  4.052  67.984
6.410  5.000  4.036  65.001
6.420  5.000  4.076  62.209
6.430  5.000  4.161  59.610
6.440  5.000  4.246  57.224
6.450  5.000  4.355  55.112
6.460  5.000  4.453  52.918
6.470  5.000  4.431  50.510
6.480  5.000  4.399  48.188
6.490  5.000  4.322  45.980
6.500  5.000  4.159  43.946
6.510  5.000  4.231  41.942
6.520  5.000  4.323  39.903
6.530  5.000  4.491  38.214
6.540  5.000  4.726  36.705
6.550  5.000  4.871  35.244
6.560  5.000  4.914  33.828
6.570  5.000  4.977  32.270
6.580  5.000  4.850  30.722
6.590  5.000  4.924  29.428
6.600  5.000  4.737  27.980
6.610  5.000  4.728  26.607
6.620  5.000  4.750  25.224
6.630  5.000  4.629  23.730
6.640  5.000  4.602  22.464
6.650  5.000  4.641  21.095
6.660  5.000  4.662  19.751
6.670  5.000  4.659  18.674
6.680  5.000  4.493  17.879
6.690  5.000  4.728  17.151
6.700  5.000  4.816  16.538
6.710  5.000  5.019  15.990
6.720  5.000  5.188  15.262
6.730  5.000  4.972  14.465
6.740  5.000  4.930  13.839
6.750  5.000  4.857  13.343
6.760  5.000  4.867  12.837
6.770  5.000  5.073  12.418
6.780  5.000  4.961  12.079
6.790  5.000  5.112  11.701
6.800  5.000  4.898  11.459
6.810  5.000  4.786  11.228
6.820  5.000  4.920  10.886
6.830  5.000  5.019  10.453
6.840  5.000  4.937  9.951
6.850  5.000  5.007  9.450
6.860  5.000  5.117  8.977
6.870  5.000  4.884  8.675
6.880  5.000  4.964  8.400
6.890  5.000  4.952  8.069
6.900  5.000  4.952  7.765
6.910  5.000  4.868  7.510
6.920  5.000  5.035  7.213
6.930  5.000  5.035  7.011
6.940  5.000  5.080  6.988
6.950  5.000  4.980  6.938
6.960  5.000  4.779  6.810
6.970  5.000  4.964  6.759
6.980  5.000  5.057  6.626
6.990  5.000  4.994  6.597
7.000  5.000  5.052  6.697
7.010  5.000  4.960  6.677
7.020  5.000  4.924  6.607
7.030  5.000  4.889  6.535
7.040  5.000  4.936  6.608
7.050  5.000  5.147  6.666
7.060  5.000  5.045  6.695
7.070  5.000  5.035  6.818
7.080  5.000  4.889  7.129
7.090  5.000  4.911  7.337
7.100  5.000  4.936  7.540
7.110  5.000  5.028  7.695
7.120  5.000  5.080  7.606
7.130  5.000  4.940  7.626
7.140  5.000  5.009  7.825
7.150  5.000  4.917  8.007
7.160  5.000  5.145  8.041
7.170  5.000  5.144  8.031
7.180  5.000  4.926  7.885
7.190  5.000  4.923  7.702
7.200  5.000  5.029  7.755
7.210  5.000  5.024  7.899
7.220  5.000  4.972  7.914
7.230  5.000  4.990  7.625
7.240  5.000  5.113  7.226
7.250  5.000  5.073  7.028
7.260  5.000  4.925  7.046
7.270  5.000  4.789  7.193
7.280  5.000  5.046  7.288
7.290  5.000  5.068  7.292
7.300  5.000  4.867  7.400
7.310  5.000  4.992  7.621
7.320  5.000  4.944  7.747
7.330  5.000  5.082  7.864
7.340  5.000  5.059  7.954
7.350  5.000  5.144  7.704
7.360  5.000  5.029  7.420
7.370  5.000  4.978  7.295
7.380  5.000  5.027  7.130
7.390  5.000  5.006  7.045
7.400  5.000  4.953  7.096
7.410  5.000  4.944  7.307
7.420  5.000  5.001  7.554
7.430  5.000  4.934  7.763
7.440  5.000  4.965  7.878
7.450  5.000  4.955  7.821
7.460  5.000  5.024  7.757
7.470  5.000  5.050  7.791
7.480  5.000  5.004  7.909
7.490  5.000  4.990  7.987
7.500  5.000  5.026  8.065
7.510  5.000  4.954  8.313
7.520  5.000  4.995  8.567
7.530  5.000  4.830  8.634
7.540  5.000  4.967  8.519
7.550  5.000  5.058  8.384
7.560  5.000  5.125  8.223
7.570  5.000  4.971  8.217
7.580  5.000  4.908  8.383
7.590  5.000  4.951  8.661
7.600  5.000  5.132  8.894
7.610  5.000  5.133  9.012
7.620  5.000  4.930  9.213
7.630  5.000  4.933  9.370
7.640  5.000  5.039  9.557
7.650  5.000  5.055  9.748
7.660  5.000  5.023  9.806
7.670  5.000  4.938  9.881
7.680  5.000  4.984  9.928
7.690  5.000  5.068  9.803
7.700  5.000  4.985  9.694
7.710  5.000  5.078  9.783
7.720  5.000  5.130  9.876
7.730  5.000  4.998  9.827
7.740  5.000  4.877  9.674
7.750  5.000  4.853  9.551
7.760  5.000  5.048  9.564
7.770  5.000  5.049  9.624
7.780  5.000  4.968  9.802
7.790  5.000  4.965  10.053
7.800  5.000  4.947  10.232
7.810  5.000  4.978  10.146
7.820  5.000  4.909  9.909
7.830  5.000  5.042  9.718
7.840  5.000  5.004  9.612
7.850  5.000  5.139  9.598
7.860  5.000  5.088  9.568
7.870  5.000  4.983  9.608
7.880  5.000  4.860  9.644
7.890  5.000  4.939  9.636
7.900  8.000  5.092  9.582
7.910  11.000  5.129  9.653
7.920  14.000  5.798  10.817
7.930  17.000  9.058  13.207
7.940  20.000  12.004  16.952
7.950  22.999  14.759  22.503
7.960  25.999  18.594  29.411
7.970  29.000  23.324  36.925
7.980  31.999  26.888  44.196
7.990  34.999  29.221  50.995
8.000  35.000  29.959  57.613
8.010  35.000  31.647  63.948
8.020  35.000  31.947  69.987
8.030  35.000  32.324  75.940
8.040  35.000  32.500  81.630
8.050  35.000  33.062  86.836
8.060  35.000  33.486  91.612
8.070  35.000  33.268  96.508
8.080  35.000  33.205  101.623
8.090  35.000  33.147  106.803
8.100  35.000  33.844  111.795
8.110  35.000  33.581  116.606
8.120  35.000  34.595  121.184
8.130  35.000  33.737  125.578
8.140  35.000  34.879  130.193
8.150  35.000  33.763  135.086
8.160  35.000  34.585  139.925
8.170  35.000  34.337  144.740
8.180  35.000  34.262  149.935
8.190  35.000  35.007  154.741
8.200  35.000  35.162  159.120
8.210  35.000  35.363  163.512
8.220  35.000  35.324  167.677
8.230  35.000  35.502  171.850
8.240  35.000  34.912  176.083
8.250  35.000  35.376  180.327
8.260  35.000  35.225  184.634
8.270  35.000  35.687  188.601
8.280  35.000  35.236  192.416
8.290  35.000  35.590  196.483
8.300  35.000  34.832  200.648
8.310  35.000  35.547  204.614
8.320  35.000  35.745  208.435
8.330  35.000  35.891  212.223
8.340  35.000  35.835  215.850
8.350  35.000  35.577  219.267
8.360  35.000  35.706  222.334
8.370  35.000  35.047  225.413
8.380  35.000  34.895  228.485
8.390  35.000  34.072  231.240
8.400  35.000  34.353  233.826
8.410  35.000  34.596  236.610
8.420  35.000  34.708  239.725
8.430  35.000  34.318  242.918
8.440  35.000  35.333  246.037
8.450  35.000  36.533  248.850
8.460  35.000  35.642  251.432
8.470  35.000  36.521  253.798
8.480  35.000  34.801  256.100
8.490  35.000  34.590  258.429
8.500  35.000  34.876  260.405
8.510  35.000  34.634  262.350
8.520  35.000  34.807  264.309
8.530  35.000  34.857  266.528
8.540  35.000  35.055  269.046
8.550  35.000  35.608  271.294
8.560  35.000  35.224  273.580
8.570  35.000  35.503  275.737
8.580  35.000  35.352  277.493
8.590  35.000  35.435  279.055
8.600  35.000  35.119  280.405
8.610  35.000  34.809  281.554
8.620  35.000  34.470  282.807
8.630  35.000  34.592  284.547
8.640  35.000  34.870  286.578
8.650  35.000  36.130  288.383
8.660  35.000  35.130  290.151
8.670  35.000  35.316  291.650
8.680  35.000  34.751  292.852
8.690  35.000  35.028  293.988
8.700  35.000  34.880  295.024
8.710  35.000  34.808  296.108
8.720  35.000  35.099  297.216
8.730  35.000  35.459  298.384
8.740  35.000  34.972  299.571
8.750  35.000  35.805  300.563
8.760  35.000  35.427  301.223
8.770  35.000  34.641  301.703
8.780  35.000  35.170  302.124
8.790  35.000  34.890  302.462
8.800  35.000  35.229  302.680
8.810  35.000  35.465  302.816
8.820  35.000  35.161  302.852
8.830  35.000  34.714  302.927
8.840  35.000  34.605  303.130
8.850  35.000  35.059  303.294
8.860  35.000  35.152  303.592
8.870  35.000  34.986  304.000
8.880  35.000  34.429  304.290
8.890  35.000  35.151  304.730
8.900  5.000  35.203  305.255
8.910  5.000  34.849  305.538
8.920  5.000  31.221  304.798
8.930  5.000  26.699  301.011
8.940  5.000  21.215  294.521
8.950  5.000  17.366  286.590
8.960  5.000  14.982  278.866
8.970  5.000  12.719  272.122
8.980  5.000  11.743  265.796
8.990  5.000  10.570  259.806
9.000  5.000  10.136  253.921
9.010  5.000  9.573  248.189
9.020  5.000  9.228  242.102
9.030  5.000  8.888  236.479
9.040  5.000  8.721  231.091
9.050  5.000  8.452  225.243
9.060  5.000  8.292  219.457
9.070  5.000  8.094  214.214
9.080  5.000  7.945  209.261
9.090  5.000  7.664  204.403
9.100  5.000  7.521  199.293
9.110  5.000  7.320  194.232
9.120  5.000  7.129  189.626
9.130  5.000  6.974  184.814
9.140  5.000  6.848  179.704
9.150  5.000  6.725  174.473
9.160  5.000  6.589  169.646
9.170  5.000  6.403  164.807
9.180  5.000  6.271  160.116
9.190  5.000  6.157  155.420
9.200  5.000  5.967  150.747
9.210  5.000  5.851  146.360
9.220  5.000  5.777  141.629
9.230  5.000  5.568  137.275
9.240  5.000  5.444  133.023
9.250  5.000  5.267  128.636
9.260  5.000  5.134  124.676
9.270  5.000  4.977  120.587
9.280  5.000  4.896  116.102
9.290  5.000  4.774  111.844
9.300  5.000  4.673  107.635
9.310  5.000  4.568  103.649
9.320  5.000  4.522  99.771
9.330  5.000  4.394  95.875
9.340  5.000  4.412  92.180
9.350  5.000  4.293  88.319
9.360  5.000  4.205  84.940
9.370  5.000  4.177  81.868
9.380  5.000  4.124  78.695
9.390  5.000  4.139  75.758
9.400  5.000  4.104  72.894
9.410  5.000  4.079  69.951
9.420  5.000  4.086  66.915
9.430  5.000  4.061  63.862
9.440  5.000  4.124  61.142
9.450  5.000  4.260  58.738
9.460  5.000  4.352  56.390
9.470  5.000  4.428  53.902
9.480  5.000  4.417  51.375
9.490  5.000  4.323  49.017
9.500  5.000  4.263  46.657
9.510  5.000  4.169  44.165
9.520  5.000  4.240  41.942
9.530  5.000  4.312  40.220
9.540  5.000  4.485  38.612
9.550  5.000  4.607  37.015
9.560  5.000  4.933  35.587
9.570  5.000  4.934  34.199
9.580  5.000  4.988  32.818
9.590  5.000  4.930  31.456
9.600  5.000  4.942  30.017
9.610  5.000  4.760  28.780
9.620  5.000  4.674  27.561
9.630  5.000  4.700  26.256
9.640  5.000  4.664  24.942
9.650  5.000  4.601  23.597
9.660  5.000  4.539  22.282
9.670  5.000  4.566  21.001
9.680  5.000  4.573  19.947
9.690  5.000  4.692  19.131
9.700  5.000  4.992  18.274
9.710  5.000  5.022  17.357
9.720  5.000  4.974  16.590
9.730  5.000  4.856  15.854
9.740  5.000  4.781  15.204
9.750  5.000  4.883  14.678
9.760  5.000  5.024  14.007
9.770  5.000  5.212  13.318
9.780  5.000  5.015  12.794
9.790  5.000  4.959  12.378
9.800  5.000  4.884  12.025
9.810  5.000  4.864  11.510
9.820  5.000  4.977  10.946
9.830  5.000  4.914  10.707
9.840  5.000  4.993  10.646
9.850  5.000  4.979  10.285
9.860  5.000  4.918  9.738
9.870  5.000  5.015  9.373
9.880  5.000  4.926  9.179
9.890  5.000  5.019  9.214
9.900  5.000  4.936  9.128
9.910  5.000  4.952  8.650
9.920  5.000  4.979  8.207
9.930  5.000  5.051  8.042
9.940  5.000  4.913  8.072
9.950  5.000  4.896  7.939
9.960  5.000  5.123  7.685
9.970  5.000  5.046  7.536
9.980  5.000  4.826  7.414
9.990  5.000  4.933  7.348
10.000  5.000  4.943  7.224
10.010  5.000  5.100  7.091
10.020  5.000  5.060  7.006
10.030  5.000  4.965  6.986
10.040  5.000  4.946  6.943
10.050  5.000  4.971  7.001
10.060  5.000  5.023  7.075
10.070  5.000  4.970  6.878
10.080  5.000  4.911  6.816
10.090  5.000  5.017  6.850
10.100  5.000  5.026  6.752
10.110  5.000  4.958  6.809
10.120  5.000  4.910  7.093
10.130  5.000  4.997  7.223
10.140  5.000  5.179  7.259
10.150  5.000  5.072  7.184
10.160  5.000  5.016  6.864
10.170  5.000  4.868  6.699
10.180  5.000  5.044  6.727
10.190  5.000  5.023  6.544
10.200  5.000  5.005  6.390
10.210  5.000  4.907  6.451
10.220  5.000  4.947  6.494
10.230  5.000  5.098  6.567
10.240  5.000  5.150  6.471
10.250  5.000  4.888  6.196
10.260  5.000  4.925  5.879
10.270  5.000  5.060  5.578
10.280  5.000  5.020  5.315
10.290  5.000  4.973  5.125
10.300  5.000  4.941  5.071
10.310  5.000  5.017  5.046
10.320  5.000  4.924  4.790
10.330  5.000  5.116  4.401
10.340  5.000  5.024  4.163
10.350  5.000  4.875  4.201
10.360  5.000  4.850  4.227
10.370  5.000  5.110  3.998
10.380  5.000  5.215  3.761
10.390  5.000  4.985  3.505
10.400  5.000  4.973  3.338
10.410  5.000  5.004  3.278
10.420  5.000  5.206  3.084
10.430  5.000  4.944  2.907
10.440  5.000  4.879  2.855
10.450  5.000  4.825  2.732
10.460  5.000  5.048  2.448
10.470  5.000  5.038  2.232
10.480  5.000  4.970  1.980
10.490  5.000  4.852  1.770
10.500  5.000  4.932  1.747
10.510  5.000  5.085  1.745
10.520  5.000  4.982  1.799
10.530  5.000  4.965  1.824
10.540  5.000  4.944  1.805
10.550  5.000  5.083  1.814
10.560  5.000  5.028  1.651
10.570  5.000  5.081  1.457
10.580  5.000  5.043  1.443
10.590  5.000  4.862  1.474
10.600  5.000  5.041  1.398
10.610  5.000  4.934  1.275
10.620  5.000  5.101  1.156
10.630  5.000  5.006  0.921
10.640  5.000  5.097  0.814
10.650  5.000  5.040  0.726
10.660  5.000  4.976  0.453
10.670  5.000  5.100  0.100
10.680  5.000  5.031  -0.246
10.690  5.000  4.999  -0.604
10.700  5.000  5.081  -0.877
10.710  5.000  4.839  -0.971
10.720  5.000  4.889  -1.050
10.730  5.000  5.065  -1.348
10.740  5.000  5.088  -1.578
10.750  5.000  4.880  -1.508
10.760  5.000  4.847  -1.389
10.770  5.000  4.956  -1.370
10.780  5.000  4.981  -1.380
10.790  5.000  4.990  -1.471
10.800  5.000  4.957  -1.683
10.810  5.000  5.187  -1.817
10.820  5.000  4.884  -1.790
10.830  5.000  4.983  -1.799
10.840  5.000  5.055  -1.922
10.850  5.000  4.993  -1.850
10.860  5.000  4.845  -1.625
10.870  5.000  5.067  -1.627
10.880  5.000  5.197  -1.768
10.890  5.000  5.069  -1.787
10.900  5.000  4.811  -1.880
10.910  8.000  4.849  -1.998
10.920  11.000  5.017  -1.890
10.930  14.000  5.983  -0.863
10.940  17.000  8.834  1.373
10.950  20.000  12.431  4.887
10.960  23.000  15.054  10.126
10.970  26.000  19.066  16.776
10.980  29.001  23.152  24.427
10.990  32.000  26.047  32.303
11.000  35.000  28.250  39.644
11.010  35.000  30.100  46.598
11.020  35.000  31.153  53.364
11.030  35.000  31.505  59.685
11.040  35.000  31.674  65.417
11.050  35.000  32.594  70.927
11.060  35.000  32.807  76.478
11.070  35.000  32.851  81.941
11.080  35.000  32.827  87.130
11.090  35.000  33.639  91.943
11.100  35.000  33.257  96.816
11.110  35.000  33.677  102.148
11.120  35.000  33.340  107.555
11.130  35.000  33.795  112.535
11.140  35.000  33.670  117.503
11.150  35.000  32.937  122.842
11.160  35.000  34.266  127.992
11.170  35.000  33.912  133.052
11.180  35.000  34.275  138.132
11.190  35.000  34.399  142.923
11.200  35.000  34.308  147.896
11.210  35.000  34.333  152.897
11.220  35.000  34.322  157.494
11.230  35.000  35.591  161.797
11.240  35.000  35.011  166.102
11.250  35.000  35.686  170.114
11.260  35.000  35.041  173.947
11.270  35.000  36.010  177.885
11.280  35.000  35.334  181.883
11.290  35.000  36.121  185.734
11.300  35.000  35.401  189.587
11.310  35.000  35.101  193.956
11.320  35.000  35.683  198.044
11.330  35.000  35.121  201.825
11.340  35.000  35.793  205.649
11.350  35.000  35.918  209.426
11.360  35.000  35.701  213.085
11.370  35.000  35.835  216.417
11.380  35.000  35.473  219.249
11.390  35.000  34.377  221.878
11.400  35.000  34.738  224.218
11.410  35.000  33.329  226.498
11.420  35.000  33.763  229.087
11.430  35.000  34.547  231.741
11.440  35.000  34.931  234.902
11.450  35.000  35.800  238.513
11.460  35.000  35.797  242.110
11.470  35.000  36.270  245.125
11.480  35.000  35.765  247.552
11.490  35.000  35.530  249.691
11.500  35.000  34.483  251.736
11.510  35.000  34.200  253.883
11.520  35.000  34.210  256.091
11.530  35.000  35.128  258.503
11.540  35.000  35.510  260.832
11.550  35.000  35.596  263.057
11.560  35.000  35.598  265.165
11.570  35.000  35.542  266.996
11.580  35.000  35.482  268.536
11.590  35.000  34.503  269.953
11.600  35.000  34.918  271.358
11.610  35.000  34.586  273.079
11.620  35.000  34.772  275.157
11.630  35.000  35.632  277.023
11.640  35.000  35.166  278.656
11.650  35.000  35.957  279.931
11.660  35.000  35.250  280.928
11.670  35.000  34.445  281.763
11.680  35.000  34.748  282.587
11.690  35.000  34.818  283.602
11.700  35.000  34.774  284.793
11.710  35.000  34.763  286.197
11.720  35.000  35.267  287.798
11.730  35.000  35.987  289.282
11.740  35.000  34.920  290.644
11.750  35.000  35.158  291.986
11.760  35.000  34.439  293.329
11.770  35.000  35.073  294.500
11.780  35.000  35.312  295.365
11.790  35.000  35.425  296.198
11.800  35.000  34.784  297.112
11.810  35.000  35.220  298.024
11.820  35.000  34.380  299.095
11.830  35.000  35.395  300.200
11.840  35.000  34.725  301.278
11.850  35.000  35.496  302.306
11.860  35.000  35.607  302.983
11.870  35.000  35.362  303.537
11.880  35.000  35.048  303.839
11.890  35.000  34.932  303.923
11.900  35.000  35.081  304.014
11.910  5.000  35.418  303.976
11.920  5.000  34.271  303.719
11.930  5.000  31.960  302.328
11.940  5.000  27.147  297.956
11.950  5.000  21.816  291.377
11.960  5.000  17.380  283.555
11.970  5.000  15.015  275.381
11.980  5.000  12.756  267.937
11.990  5.000  11.707  261.312
12.000  5.000  10.700  255.541
12.010  5.000  10.241  249.606
12.020  5.000  9.731  243.360
12.030  5.000  9.456  237.124
12.040  5.000  9.125  231.284
12.050  5.000  8.884  225.763
12.060  5.000  8.639  220.046
12.070  5.000  8.381  214.202
12.080  5.000  8.188  208.586
12.090  5.000  8.026  203.482
12.100  5.000  7.785  198.710
12.110  5.000  7.623  193.621
12.120  5.000  7.461  188.512
12.130  5.000  7.218  183.407
12.140  5.000  7.010  178.090
12.150  5.000  6.886  173.253
12.160  5.000  6.744  168.354
12.170  5.000  6.571  163.380
12.180  5.000  6.439  158.965
12.190  5.000  6.296  154.423
12.200  5.000  6.142  149.838
12.210  5.000  5.986  145.251
12.220  5.000  5.838  140.486
12.230  5.000  5.689  135.755
12.240  5.000  5.583  131.241
12.250  5.000  5.421  127.075
12.260  5.000  5.276  122.823
12.270  5.000  5.203  118.441
12.280  5.000  5.076  114.138
12.290  5.000  4.948  109.818
12.300  5.000  4.802  105.408
12.310  5.000  4.706  101.052
12.320  5.000  4.601  96.762
12.330  5.000  4.514  92.453
12.340  5.000  4.443  88.581
12.350  5.000  4.398  84.949
12.360  5.000  4.319  81.045
12.370  5.000  4.221  77.026
12.380  5.000  4.147  73.047
12.390  5.000  4.147  69.617
12.400  5.000  4.100  66.589
12.410  5.000  4.132  63.561
12.420  5.000  4.097  60.530
12.430  5.000  4.066  57.484
12.440  5.000  4.054  54.500
12.450  5.000  4.082  51.654
12.460  5.000  4.162  49.184
12.470  5.000  4.282  47.054
12.480  5.000  4.362  44.759
12.490  5.000  4.386  42.289
12.500  5.000  4.378  39.780
12.510  5.000  4.282  37.380
12.520  5.000  4.182  35.264
12.530  5.000  4.232  33.258
12.540  5.000  4.406  31.382
12.550  5.000  4.561  29.629
12.560  5.000  4.663  28.003
12.570  5.000  4.942  26.327
12.580  5.000  4.997  24.727
12.590  5.000  4.914  23.240
12.600  5.000  4.913  21.679
12.610  5.000  4.793  20.249
12.620  5.000  4.762  18.889
12.630  5.000  4.777  17.527
12.640  5.000  4.693  16.255
12.650  5.000  4.659  14.881
12.660  5.000  4.656  13.560
12.670  5.000  4.566  12.500
12.680  5.000  4.511  11.446
12.690  5.000  4.618  10.290
12.700  5.000  4.679  9.246
12.710  5.000  4.680  8.624
12.720  5.000  4.864  8.220
12.730  5.000  5.088  7.709
12.740  5.000  5.033  7.338
12.750  5.000  4.934  7.060
12.760  5.000  4.828  6.609
12.770  5.000  4.925  6.175
12.780  5.000  5.023  5.905
12.790  5.000  4.948  5.726
12.800  5.000  5.038  5.336
12.810  5.000  4.996  4.841
12.820  5.000  4.852  4.321
12.830  5.000  4.911  3.937
12.840  5.000  4.897  3.802
12.850  5.000  4.979  3.593
12.860  5.000  5.108  3.235
12.870  5.000  5.025  2.742
12.880  5.000  5.055  2.223
12.890  5.000  4.886  2.013
12.900  5.000  4.852  1.779
12.910  5.000  5.080  1.332
12.920  5.000  5.078  0.999
12.930  5.000  4.883  0.714
12.940  5.000  4.893  0.477
12.950  5.000  4.943  0.366
12.960  5.000  4.983  0.072
12.970  5.000  5.186  -0.299
12.980  5.000  5.080  -0.492
12.990  5.000  4.854  -0.517
13.000  5.000  4.796  -0.515
13.010  5.000  4.998  -0.556
13.020  5.000  5.149  -0.771
13.030  5.000  5.055  -1.111
13.040  5.000  4.891  -1.295
13.050  5.000  4.926  -1.390
13.060  5.000  4.983  -1.508
13.070  5.000  4.950  -1.698
13.080  5.000  4.963  -1.792
13.090  5.000  4.943  -1.925
13.100  5.000  4.955  -1.993
13.110  5.000  5.088  -1.848
13.120  5.000  5.017  -1.590
13.130  5.000  4.987  -1.430
13.140  5.000  4.896  -1.459
13.150  5.000  4.991  -1.651
13.160  5.000  4.950  -1.730
13.170  5.000  5.011  -1.456
13.180  5.000  4.904  -1.232
13.190  5.000  5.045  -1.120
13.200  5.000  5.064  -0.952
13.210  5.000  4.979  -0.868
13.220  5.000  4.889  -0.678
13.230  5.000  4.941  -0.484
13.240  5.000  5.027  -0.606
13.250  5.000  5.127  -0.781
13.260  5.000  5.052  -0.696
13.270  5.000  4.959  -0.535
13.280  5.000  4.972  -0.467
13.290  5.000  5.143  -0.531
13.300  5.000  5.036  -0.680
13.310  5.000  4.954  -0.721
13.320  5.000  5.004  -0.814
13.330  5.000  5.042  -0.976
13.340  5.000  5.122  -0.982
13.350  5.000  5.051  -0.905
13.360  5.000  4.917  -0.837
13.370  5.000  4.952  -0.911
13.380  5.000  5.002  -1.107
13.390  5.000  4.995  -1.307
13.400  5.000  5.107  -1.390
13.410  5.000  4.873  -1.438
13.420  5.000  5.029  -1.393
13.430  5.000  4.911  -1.293
13.440  5.000  4.985  -1.430
13.450  5.000  4.990  -1.630
13.460  5.000  4.932  -1.749
13.470  5.000  5.120  -1.741
13.480  5.000  5.094  -1.826
13.490  5.000  4.974  -2.070
13.500  5.000  4.833  -2.033
13.510  5.000  5.018  -1.793
13.520  5.000  5.207  -1.922
13.530  5.000  5.050  -2.180
13.540  5.000  4.872  -2.254
13.550  5.000  4.936  -2.313
13.560  5.000  5.027  -2.482
13.570  5.000  4.987  -2.676
13.580  5.000  5.021  -2.854
13.590  5.000  4.910  -2.983
13.600  5.000  4.913  -2.907
13.610  5.000  5.036  -2.771
13.620  5.000  5.052  -2.787
13.630  5.000  5.000  -2.758
13.640  5.000  4.989  -2.623
13.650  5.000  4.913  -2.549
13.660  5.000  5.106  -2.661
13.670  5.000  5.163  -2.918
13.680  5.000  4.969  -3.025
13.690  5.000  5.028  -3.180
13.700  5.000  4.965  -3.436
13.710  5.000  4.991  -3.530
13.720  5.000  4.974  -3.638
13.730  5.000  4.929  -3.849
13.740  5.000  4.984  -4.074
13.750  5.000  5.081  -4.254
13.760  5.000  5.080  -4.355
13.770  5.000  4.862  -4.342
13.780  5.000  5.040  -4.223
13.790  5.000  4.935  -4.306
13.800  5.000  5.052  -4.631
13.810  5.000  5.013  -5.089
13.820  5.000  5.051  -5.362
13.830  5.000  4.872  -5.407
13.840  5.000  4.930  -5.416
13.850  5.000  4.888  -5.327
13.860  5.000  5.015  -5.284
13.870  5.000  5.114  -5.401
13.880  5.000  5.119  -5.624
13.890  5.000  5.071  -5.760
13.900  5.000  4.907  -5.842
13.910  5.000  5.008  -5.947
13.920  8.000  4.946  -6.043
13.930  11.000  5.024  -5.858
13.940  14.000  5.807  -4.805
13.950  17.000  9.043  -2.770
13.960  20.000  12.108  0.747
13.970  23.000  14.883  6.158
13.980  26.000  18.876  12.989
13.990  29.000  22.550  20.874
14.000  32.000  26.808  28.490
14.010  35.000  28.872  35.460
14.020  35.000  30.344  42.413
14.030  35.000  31.308  48.902
14.040  35.000  31.940  54.846
14.050  35.000  31.652  60.742
14.060  35.000  32.935  66.368
14.070  35.000  32.618  71.788
14.080  35.000  32.572  77.318
14.090  35.000  33.146  82.446
14.100  35.000  32.863  87.771
14.110  35.000  33.286  93.243
14.120  35.000  33.892  98.239
14.130  35.000  33.602  103.410
14.140  35.000  33.213  108.664
14.150  35.000  33.781  113.688
14.160  35.000  34.387  118.667
14.170  35.000  33.505  123.887
14.180  35.000  34.527  128.997
14.190  35.000  34.426  133.627
14.200  35.000  34.506  138.333
14.210  35.000  34.942  143.170
14.220  35.000  34.334  148.167
14.230  35.000  34.599  153.002
14.240  35.000  34.580  157.463
14.250  35.000  35.428  161.835
14.260  35.000  35.088  166.387
14.270  35.000  35.736  170.999
14.280  35.000  35.522  175.398
14.290  35.000  35.737  179.597
14.300  35.000  34.910  184.056
14.310  35.000  35.562  188.804
14.320  35.000  36.183  192.907
14.330  35.000  35.440  196.870
14.340  35.000  35.663  201.102
14.350  35.000  35.975  205.062
14.360  35.000  36.601  208.769
14.370  35.000  35.211  212.447
14.380  35.000  35.337  216.007
14.390  35.000  34.798  219.338
14.400  35.000  35.080  222.363
14.410  35.000  34.969  225.100
14.420  35.000  34.375  227.626
14.430  35.000  34.077  230.040
14.440  35.000  33.858  232.682
14.450  35.000  34.005  235.720
14.460  35.000  34.914  238.704
14.470  35.000  36.256  241.605
14.480  35.000  35.788  244.803
14.490  35.000  35.908  247.965
14.500  35.000  36.297  250.401
14.510  35.000  35.152  252.194
14.520  35.000  35.230  253.887
14.530  35.000  34.444  255.536
14.540  35.000  34.955  257.141
14.550  35.000  33.873  259.153
14.560  35.000  34.498  261.396
14.570  35.000  35.939  263.462
14.580  35.000  34.985  265.937
14.590  35.000  36.274  268.180
14.600  35.000  34.537  269.828
14.610  35.000  35.378  271.163
14.620  35.000  35.210  272.188
14.630  35.000  34.640  273.469
14.640  35.000  35.042  275.055
14.650  35.000  34.860  276.605
14.660  35.000  35.445  277.980
14.670  35.000  34.594  279.357
14.680  35.000  35.202  280.701
14.690  35.000  35.249  282.185
14.700  35.000  35.253  283.749
14.710  35.000  35.155  284.964
14.720  35.000  34.506  286.050
14.730  35.000  35.094  287.034
14.740  35.000  34.710  288.004
14.750  35.000  35.375  289.170
14.760  35.000  35.266  290.323
14.770  35.000  36.142  291.294
14.780  35.000  34.907  292.145
14.790  35.000  34.746  293.073
14.800  35.000  34.304  294.216
14.810  35.000  35.312  295.469
14.820  35.000  35.166  296.493
14.830  35.000  35.271  297.366
14.840  35.000  35.546  298.208
14.850  35.000  34.964  298.672
14.860  35.000  35.050  298.766
14.870  35.000  34.683  299.041
14.880  35.000  35.197  299.504
14.890  35.000  35.316  299.976
14.900  35.000  35.470  300.269
14.910  35.000  34.706  300.325
14.920  5.000  34.517  300.355
14.930  5.000  34.547  300.087
14.940  5.000  31.844  298.586
14.950  5.000  26.829  294.318
14.960  5.000  21.706  287.927
14.970  5.000  17.232  280.292
14.980  5.000  14.967  272.620
14.990  5.000  12.684  265.838
15.000  5.000  11.634  259.409
15.010  5.000  10.609  253.333
15.020  5.000  10.138  247.628
15.030  5.000  9.587  241.973
15.040  5.000  9.253  235.981
15.050  5.000  9.015  229.959
15.060  5.000  8.730  224.376
15.070  5.000  8.463  219.230
15.080  5.000  8.248  214.343
15.090  5.000  8.030  209.223
15.100  5.000  7.895  203.698
15.110  5.000  7.702  198.515
15.120  5.000  7.536  193.297
15.130  5.000  7.358  188.184
15.140  5.000  7.187  183.467
15.150  5.000  7.027  178.557
15.160  5.000  6.924  173.731
15.170  5.000  6.735  168.896
15.180  5.000  6.617  164.151
15.190  5.000  6.372  159.583
15.200  5.000  6.260  155.076
15.210  5.000  6.091  150.488
15.220  5.000  5.918  145.752
15.230  5.000  5.764  141.423
15.240  5.000  5.654  136.933
15.250  5.000  5.555  132.569
15.260  5.000  5.446  128.294
15.270  5.000  5.314  123.945
15.280  5.000  5.155  119.619
15.290  5.000  4.991  115.352
15.300  5.000  4.861  111.522
15.310  5.000  4.751  107.456
15.320  5.000  4.647  103.386
15.330  5.000  4.582  99.442
15.340  5.000  4.497  95.310
15.350  5.000  4.465  91.539
15.360  5.000  4.403  87.753
15.370  5.000  4.296  84.045
15.380  5.000  4.256  80.789
15.390  5.000  4.135  77.597
15.400  5.000  4.068  74.519
15.410  5.000  4.046  71.575
15.420  5.000  4.023  68.225
15.430  5.000  4.053  64.946
15.440  5.000  4.046  62.150
15.450  5.000  4.100  59.397
15.460  5.000  4.196  56.927
15.470  5.000  4.299  54.722
15.480  5.000  4.400  52.427
15.490  5.000  4.454  50.174
15.500  5.000  4.412  48.063
15.510  5.000  4.423  45.758
15.520  5.000  4.267  43.437
15.530  5.000  4.163  41.274
15.540  5.000  4.200  39.256
15.550  5.000  4.334  37.515
15.560  5.000  4.472  36.012
15.570  5.000  4.753  34.579
15.580  5.000  4.874  33.125
15.590  5.000  5.032  31.627
15.600  5.000  4.980  30.157
15.610  5.000  4.925  28.687
15.620  5.000  4.841  27.279
15.630  5.000  4.746  25.857
15.640  5.000  4.707  24.455
15.650  5.000  4.623  23.224
15.660  5.000  4.592  21.929
15.670  5.000  4.646  20.290
15.680  5.000  4.528  18.837
15.690  5.000  4.641  17.677
15.700  5.000  4.572  16.594
15.710  5.000  4.755  15.713
15.720  5.000  4.781  15.061
15.730  5.000  5.003  14.574
15.740  5.000  5.008  13.949
15.750  5.000  5.021  13.298
15.760  5.000  4.965  12.610
15.770  5.000  4.869  12.154
15.780  5.000  4.812  11.833
15.790  5.000  4.762  11.449
15.800  5.000  5.059  11.014
15.810  5.000  5.125  10.455
15.820  5.000  5.118  10.115
15.830  5.000  4.857  9.923
15.840  5.000  4.863  9.758
15.850  5.000  4.922  9.535
15.860  5.000  5.004  9.338
15.870  5.000  4.929  9.170
15.880  5.000  4.889  8.812
15.890  5.000  4.915  8.502
15.900  5.000  5.035  8.196
15.910  5.000  5.145  8.003
15.920  5.000  4.862  8.042
15.930  5.000  5.030  7.991
15.940  5.000  4.986  7.815
15.950  5.000  5.053  7.528
15.960  5.000  5.030  7.280
15.970  5.000  4.972  7.218
15.980  5.000  4.900  7.342
15.990  5.000  4.923  7.476
16.000  5.000  5.005  7.397
16.010  5.000  5.025  7.277
16.020  5.000  4.824  7.205
16.030  5.000  4.966  7.263
16.040  5.000  5.080  7.362
16.050  5.000  5.126  7.368
16.060  5.000  4.943  7.433
16.070  5.000  4.951  7.346
16.080  5.000  4.978  7.143
16.090  5.000  5.095  6.812
16.100  5.000  4.951  6.521
16.110  5.000  5.023  6.433
16.120  5.000  4.870  6.517
16.130  5.000  4.997  6.594
16.140  5.000  4.986  6.560
16.150  5.000  5.031  6.556
16.160  5.000  4.960  6.416
16.170  5.000  5.008  6.356
16.180  5.000  4.977  6.368
16.190  5.000  5.022  6.380
16.200  5.000  4.935  6.567
16.210  5.000  5.012  6.765
16.220  5.000  5.108  6.892
16.230  5.000  4.931  6.975
16.240  5.000  5.150  6.899
16.250  5.000  5.046  6.688
16.260  5.000  4.914  6.530
16.270  5.000  4.977  6.591
16.280  5.000  5.153  6.595
16.290  5.000  4.952  6.449
16.300  5.000  4.969  6.301
16.310  5.000  4.839  6.505
16.320  5.000  5.112  6.608
16.330  5.000  5.049  6.310
16.340  5.000  4.987  6.211
16.350  5.000  4.850  6.241
16.360  5.000  4.953  6.320
16.370  5.000  5.032  6.416
16.380  5.000  5.007  6.489
16.390  5.000  4.963  6.472
16.400  5.000  4.824  6.546
16.410  5.000  5.114  6.543
16.420  5.000  5.045  6.447
16.430  5.000  5.117  6.493
16.440  5.000  4.915  6.448
16.450  5.000  4.891  6.330
16.460  5.000  5.097  6.202
16.470  5.000  5.079  6.076
16.480  5.000  5.045  5.988
16.490  5.000  4.953  5.924
16.500  5.000  4.983  5.892
16.510  5.000  5.095  5.710
16.520  5.000  4.843  5.568
16.530  5.000  4.971  5.403
16.540  5.000  4.985  5.036
16.550  5.000  4.903  5.061
16.560  5.000  4.970  5.371
16.570  5.000  4.920  5.571
16.580  5.000  5.055  5.821
16.590  5.000  5.048  6.176
16.600  5.000  5.003  6.364
16.610  5.000  4.934  6.413
16.620  5.000  5.061  6.587
16.630  5.000  5.046  6.894
16.640  5.000  5.065  7.083
16.650  5.000  5.054  7.085
16.660  5.000  5.067  7.112
16.670  5.000  5.062  7.108
16.680  5.000  4.943  7.087
16.690  5.000  5.115  6.905
16.700  5.000  5.011  6.629
16.710  5.000  4.912  6.416
16.720  5.000  5.000  6.399
16.730  5.000  5.025  6.482
16.740  5.000  4.979  6.468
16.750  5.000  5.000  6.505
16.760  5.000  5.131  6.484
16.770  5.000  4.862  6.552
16.780  5.000  4.911  6.537
16.790  5.000  5.086  6.222
16.800  5.000  5.065  6.089
16.810  5.000  5.050  5.921
16.820  5.000  4.965  5.615
16.830  5.000  4.867  5.500
16.840  5.000  4.910  5.518
16.850  5.000  5.216  5.391
16.860  5.000  5.062  5.049
16.870  5.000  4.989  4.685
16.880  5.000  4.969  4.389
16.890  5.000  4.850  4.265
16.900  5.000  5.065  4.214
16.910  5.000  4.902  4.233
16.920  5.000  5.013  4.330
16.930  7.999  4.861  4.300
16.940  10.999  4.920  4.570
16.950  13.999  5.718  6.047
16.960  16.999  9.093  8.486
16.970  19.999  12.292  12.101
16.980  22.999  15.104  17.368
16.990  25.999  18.825  23.926
17.000  28.999  23.213  31.558
17.010  31.999  26.226  39.642
17.020  34.999  28.897  47.178
17.030  35.000  30.539  54.076
17.040  35.000  31.021  60.663
17.050  35.000  31.841  66.686
17.060  35.000  32.196  72.474
17.070  35.000  32.758  78.069
17.080  35.000  33.129  83.554
17.090  35.000  32.908  89.246
17.100  35.000  33.103  94.870
17.110  35.000  32.571  100.365
17.120  35.000  33.475  105.670
17.130  35.000  33.530  110.698
17.140  35.000  33.089  115.670
17.150  35.000  33.658  120.725
17.160  35.000  33.517  125.555
17.170  35.000  33.876  130.311
17.180  35.000  33.868  135.041
17.190  35.000  34.085  139.781
17.200  35.000  34.356  144.626
17.210  35.000  34.655  149.323
17.220  35.000  35.156  153.865
17.230  35.000  34.708  158.343
17.240  35.000  35.175  162.747
17.250  35.000  34.860  167.274
17.260  35.000  34.992  171.906
17.270  35.000  35.437  176.209
17.280  35.000  35.375  180.435
17.290  35.000  36.090  184.522
17.300  35.000  35.468  188.261
17.310  35.000  36.071  192.072
17.320  35.000  35.313  196.104
17.330  35.000  34.672  200.567
17.340  35.000  35.677  205.101
17.350  35.000  35.177  209.455
17.360  35.000  36.469  213.530
17.370  35.000  36.389  217.178
17.380  35.000  35.863  220.646
17.390  35.000  36.257  223.850
17.400  35.000  34.788  226.842
17.410  35.000  35.567  229.754
17.420  35.000  34.240  232.598
17.430  35.000  34.002  235.134
17.440  35.000  33.924  237.481
17.450  35.000  33.868  239.961
17.460  35.000  34.212  242.819
17.470  35.000  34.785  246.032
17.480  35.000  35.105  249.335
17.490  35.000  35.983  252.697
17.500  35.000  36.455  255.778
17.510  35.000  36.130  258.363
17.520  35.000  35.167  260.523
17.530  35.000  35.070  262.397
17.540  35.000  34.904  264.224
17.550  35.000  34.740  266.091
17.560  35.000  34.271  268.112
17.570  35.000  35.046  270.238
17.580  35.000  35.295  272.254
17.590  35.000  35.097  274.277
17.600  35.000  35.053  276.291
17.610  35.000  34.991  278.260
17.620  35.000  35.971  280.093
17.630  35.000  35.127  281.572
17.640  35.000  35.270  282.720
17.650  35.000  35.096  283.815
17.660  35.000  34.428  285.144
17.670  35.000  34.979  286.466
17.680  35.000  35.143  287.833
17.690  35.000  35.396  289.271
17.700  35.000  35.381  290.568
17.710  35.000  35.038  291.799
17.720  35.000  34.527  293.051
17.730  35.000  35.242  294.213
17.740  35.000  34.629  295.505
17.750  35.000  35.858  296.825
17.760  35.000  34.517  298.008
17.770  35.000  35.462  299.068
17.780  35.000  34.552  300.050
17.790  35.000  34.811  301.153
17.800  35.000  34.878  302.178
17.810  35.000  35.281  303.021
17.820  35.000  35.368  303.814
17.830  35.000  35.457  304.704
17.840  35.000  35.325  305.489
17.850  35.000  35.207  306.010
17.860  35.000  34.880  306.463
17.870  35.000  34.596  306.981
17.880  35.000  35.589  307.317
17.890  35.000  35.356  307.569
17.900  35.000  34.999  307.825
17.910  35.000  35.002  307.993
17.920  35.000  34.773  308.220
17.930  5.000  34.984  308.445
17.940  5.000  34.758  308.480
17.950  5.000  31.814  307.370
17.960  5.000  26.738  303.203
17.970  5.000  21.727  296.745
17.980  5.000  17.358  288.840
17.990  5.000  14.953  281.061
18.000  5.000  12.520  274.360
18.010  5.000  11.640  267.846
18.020  5.000  10.615  261.688
18.030  5.000  10.174  255.682
18.040  5.000  9.641  250.173
18.050  5.000  9.311  244.649
18.060  5.000  9.010  239.060
18.070  5.000  8.704  233.668
18.080  5.000  8.487  228.011
18.090  5.000  8.293  222.142
18.100  5.000  8.130  216.414
18.110  5.000  7.954  211.011
18.120  5.000  7.763  205.951
18.130  5.000  7.580  200.758
18.140  5.000  7.331  195.695
18.150  5.000  7.125  191.001
18.160  5.000  7.059  185.950
18.170  5.000  6.935  180.524
18.180  5.000  6.725  175.733
18.190  5.000  6.578  171.104
18.200  5.000  6.376  166.316
18.210  5.000  6.238  161.903
18.220  5.000  6.072  157.296
18.230  5.000  5.969  152.383
18.240  5.000  5.834  147.854
18.250  5.000  5.711  143.465
18.260  5.000  5.526  138.830
18.270  5.000  5.373  134.529
18.280  5.000  5.250  130.527
18.290  5.000  5.131  126.517
18.300  5.000  4.997  122.571
18.310  5.000  4.869  118.791
18.320  5.000  4.694  114.979
18.330  5.000  4.650  111.212
18.340  5.000  4.548  107.263
18.350  5.000  4.537  103.432
18.360  5.000  4.445  99.683
18.370  5.000  4.405  95.881
18.380  5.000  4.350  92.396
18.390  5.000  4.278  88.867
18.400  5.000  4.207  85.488
18.410  5.000  4.165  82.395
18.420  5.000  4.116  79.363
18.430  5.000  4.155  76.258
18.440  5.000  4.083  72.831
18.450  5.000  4.068  69.540
18.460  5.000  4.026  66.755
18.470  5.000  4.090  64.152
18.480  5.000  4.243  61.734
18.490  5.000  4.328  59.386
18.500  5.000  4.414  56.984
18.510  5.000  4.382  54.720
18.520  5.000  4.285  52.573
18.530  5.000  4.269  50.293
18.540  5.000  4.205  48.143
18.550  5.000  4.230  46.241
18.560  5.000  4.301  44.430
18.570  5.000  4.475  42.795
18.580  5.000  4.788  41.327
18.590  5.000  4.917  39.771
18.600  5.000  4.998  38.303
18.610  5.000  4.864  36.894
18.620  5.000  4.919  35.302
18.630  5.000  4.911  33.723
18.640  5.000  4.725  32.343
18.650  5.000  4.759  30.930
18.660  5.000  4.687  29.494
18.670  5.000  4.567  28.140
18.680  5.000  4.629  26.808
18.690  5.000  4.557  25.478
18.700  5.000  4.503  24.264
18.710  5.000  4.595  23.259
18.720  5.000  4.712  22.408
18.730  5.000  4.965  21.674
18.740  5.000  4.921  20.975
18.750  5.000  5.024  20.396
18.760  5.000  4.956  19.713
18.770  5.000  4.875  18.881
18.780  5.000  4.863  18.022
18.790  5.000  5.019  17.353
18.800  5.000  5.024  16.843
18.810  5.000  5.004  16.366
18.820  5.000  4.935  15.996
18.830  5.000  4.805  15.684
18.840  5.000  4.938  15.342
18.850  5.000  5.165  14.899
18.860  5.000  5.023  14.413
18.870  5.000  4.965  13.891
18.880  5.000  4.917  13.341
18.890  5.000  4.989  12.891
18.900  5.000  4.922  12.559
18.910  5.000  4.911  12.159
18.920  5.000  4.977  11.576
18.930  5.000  4.903  11.160
18.940  5.000  5.055  10.895
18.950  5.000  4.764  10.656
18.960  5.000  4.912  10.471
18.970  5.000  4.945  10.357
18.980  5.000  4.931  10.494
18.990  5.000  5.128  10.606
19.000  5.000  4.972  10.697
19.010  5.000  4.900  10.798
19.020  5.000  5.011  10.743
19.030  5.000  5.124  10.597
19.040  5.000  5.161  10.493
19.050  5.000  4.942  10.232
19.060  5.000  4.987  9.934
19.070  5.000  5.070  9.749
19.080  5.000  4.931  9.537
19.090  5.000  5.033  9.244
19.100  5.000  4.951  8.979
19.110  5.000  4.995  8.903
19.120  5.000  4.936  8.894
19.130  5.000  5.025  8.751
19.140  5.000  4.967  8.578
19.150  5.000  4.871  8.634
19.160  5.000  4.962  8.681
19.170  5.000  5.117  8.678
19.180  5.000  4.895  8.888
19.190  5.000  4.861  9.228
19.200  5.000  5.050  9.347
19.210  5.000  5.007  9.382
19.220  5.000  5.041  9.522
19.230  5.000  4.889  9.603
19.240  5.000  5.158  9.517
19.250  5.000  4.983  9.467
19.260  5.000  5.064  9.475
19.270  5.000  4.964  9.380
19.280  5.000  5.151  9.167
19.290  5.000  5.017  8.957
19.300  5.000  5.007  8.877
19.310  5.000  4.927  8.875
19.320  5.000  5.001  8.808
19.330  5.000  5.011  8.638
19.340  5.000  5.018  8.426
19.350  5.000  4.922  8.275
19.360  5.000  4.904  8.491
19.370  5.000  4.955  8.667
19.380  5.000  5.017  8.478
19.390  5.000  5.153  8.285
19.400  5.000  4.915  8.375
19.410  5.000  5.130  8.542
19.420  5.000  5.042  8.496
19.430  5.000  5.060  8.349
19.440  5.000  4.960  8.201
19.450  5.000  4.921  8.060
19.460  5.000  5.037  7.917
19.470  5.000  5.120  7.669
19.480  5.000  4.995  7.461
19.490  5.000  4.969  7.353
19.500  5.000  5.014  7.149
19.510  5.000  5.021  7.084
19.520  5.000  4.980  7.199
19.530  5.000  4.944  7.177
19.540  5.000  4.945  7.053
19.550  5.000  5.029  6.719
19.560  5.000  5.018  6.349
19.570  5.000  5.005  6.119
19.580  5.000  4.831  5.951
19.590  5.000  4.916  5.797
19.600  5.000  5.040  5.762
19.610  5.000  4.997  5.756
19.620  5.000  5.071  5.405
19.630  5.000  4.925  5.147
19.640  5.000  4.908  5.176
19.650  5.000  4.954  5.184
19.660  5.000  5.185  5.035
19.670  5.000  5.141  4.879
19.680  5.000  4.825  4.800
19.690  5.000  4.817  4.682
19.700  5.000  5.082  4.528
19.710  5.000  5.180  4.407
19.720  5.000  4.983  4.423
19.730  5.000  4.808  4.743
19.740  5.000  4.996  5.038
19.750  5.000  4.997  4.974
19.760  5.000  4.959  4.871
19.770  5.000  4.901  4.890
19.780  5.000  4.999  5.050
19.790  5.000  5.044  5.202
19.800  5.000  5.010  5.304
19.810  5.000  5.118  5.251
19.820  5.000  5.043  4.969
19.830  5.000  4.993  4.817
19.840  5.000  4.999  4.670
19.850  5.000  5.070  4.528
19.860  5.000  4.954  4.574
19.870  5.000  4.988  4.637
19.880  5.000  4.974  4.647
19.890  5.000  5.104  4.602
19.900  5.000  5.128  4.492
19.910  5.000  5.087  4.402
19.920  5.000  4.882  4.283
19.930  5.000  4.943  4.098
19.940  8.000  5.113  3.924
19.950  11.000  5.042  4.021
19.960  14.000  5.696  4.995
19.970  17.000  9.078  6.984
19.980  20.000  12.222  10.483
19.990  23.000  15.113  15.940
20.000  26.000  18.625  22.709
20.010  29.000  23.325  30.015
20.020  32.000  26.419  37.303
20.030  35.000  29.707  44.201
20.040  35.000  30.526  50.687
20.050  35.000  31.800  56.769
20.060  35.000  32.344  62.597
20.070  35.000  32.231  68.302
20.080  35.000  32.231  74.141
20.090  35.000  32.638  79.781
20.100  35.000  32.551  84.921
20.110  35.000  32.660  90.210
20.120  35.000  32.485  95.852
20.130  35.000  33.017  101.496
20.140  35.000  34.250  106.572
20.150  35.000  33.938  111.371
20.160  35.000  33.629  116.398
20.170  35.000  34.046  121.586
20.180  35.000  33.113  126.804
20.190  35.000  34.661  131.478
20.200  35.000  34.280  136.084
20.210  35.000  34.339  140.857
20.220  35.000  34.186  145.417
20.230  35.000  35.016  149.997
20.240  35.000  34.613  154.726
20.250  35.000  35.599  159.205
20.260  35.000  35.122  163.467
20.270  35.000  34.853  167.933
20.280  35.000  35.468  172.046
20.290  35.000  35.527  176.135
20.300  35.000  35.558  180.522
20.310  35.000  35.438  184.794
20.320  35.000  35.287  188.816
20.330  35.000  36.159  192.711
20.340  35.000  35.082  196.669
20.350  35.000  36.150  200.562
20.360  35.000  35.227  204.687
20.370  35.000  35.891  208.667
20.380  35.000  35.883  212.105
20.390  35.000  35.674  215.479
20.400  35.000  34.884  219.083
20.410  35.000  35.442  222.497
20.420  35.000  34.504  225.327
20.430  35.000  34.476  228.001
20.440  35.000  33.611  230.633
20.450  35.000  34.528  233.158
20.460  35.000  34.372  235.867
20.470  35.000  34.965  239.121
20.480  35.000  34.886  242.565
20.490  35.000  35.774  245.882
20.500  35.000  36.035  249.349
20.510  35.000  36.188  252.603
20.520  35.000  35.644  255.382
20.530  35.000  35.152  257.841
20.540  35.000  34.497  260.013
20.550  35.000  34.423  262.208
20.560  35.000  35.391  264.265
20.570  35.000  35.249  266.373
20.580  35.000  35.288  268.623
20.590  35.000  34.928  270.750
20.600  35.000  35.110  272.625
20.610  35.000  34.910  274.432
20.620  35.000  35.598  276.354
20.630  35.000  34.876  278.376
20.640  35.000  35.191  280.240
20.650  35.000  35.282  281.664
20.660  35.000  35.241  282.991
20.670  35.000  34.809  284.254
20.680  35.000  34.840  285.601
20.690  35.000  35.136  286.929
20.700  35.000  35.196  288.008
20.710  35.000  34.919  289.374
20.720  35.000  34.777  290.883
20.730  35.000  34.668  292.262
20.740  35.000  35.243  293.675
20.750  35.000  35.488  294.959
20.760  35.000  35.578  296.069
20.770  35.000  35.145  297.157
20.780  35.000  34.957  298.030
20.790  35.000  35.439  298.679
20.800  35.000  34.530  299.520
20.810  35.000  34.848  300.505
20.820  35.000  35.340  301.284
20.830  35.000  35.443  301.862
20.840  35.000  35.117  302.410
20.850  35.000  34.984  303.024
20.860  35.000  34.503  303.690
20.870  35.000  35.212  304.352
20.880  35.000  35.742  304.932
20.890  35.000  35.134  305.356
20.900  35.000  34.627  305.632
20.910  35.000  34.748  305.731
20.920  35.000  35.942  305.837
20.930  35.000  34.659  306.032
20.940  5.000  34.356  306.168
20.950  5.000  34.373  306.137
20.960  5.000  31.521  304.865
20.970  5.000  26.663  300.432
20.980  5.000  21.539  294.044
20.990  5.000  17.155  286.399
21.000  5.000  14.905  278.614
21.010  5.000  12.610  271.810
21.020  5.000  11.682  264.891
21.030  5.000  10.631  258.673
21.040  5.000  10.154  253.183
21.050  5.000  9.606  247.393
21.060  5.000  9.315  241.313
21.070  5.000  8.994  235.346
21.080  5.000  8.768  229.812
21.090  5.000  8.496  224.556
21.100  5.000  8.275  219.438
21.110  5.000  8.059  214.199
21.120  5.000  7.894  208.716
21.130  5.000  7.677  203.365
21.140  5.000  7.524  198.315
21.150  5.000  7.342  193.319
21.160  5.000  7.119  188.075
21.170  5.000  7.042  183.019
21.180  5.000  6.866  177.886
21.190  5.000  6.713  172.913
21.200  5.000  6.592  168.041
21.210  5.000  6.442  163.249
21.220  5.000  6.281  158.901
21.230  5.000  6.089  154.364
21.240  5.000  5.924  149.559
21.250  5.000  5.829  144.822
21.260  5.000  5.653  140.130
21.270  5.000  5.479  135.560
21.280  5.000  5.324  131.425
21.290  5.000  5.242  127.216
21.300  5.000  5.094  122.535
21.310  5.000  4.973  118.152
