# covent_pc_2
# Captured 2020-06-19 22:59:15.650030 by unknown user
# Built at revision b0450af (dirty)
time(sec)  pc_setpoint  pressure  volume
0.000  10.000  10.123  -78.448
0.010  10.000  10.345  -77.929
0.020  10.000  9.782  -77.179
0.030  10.000  9.901  -76.323
0.040  10.000  9.994  -75.659
0.050  10.000  10.151  -75.068
0.060  10.000  10.163  -74.404
0.070  10.000  9.929  -73.648
0.080  10.000  9.867  -72.957
0.090  10.000  10.039  -72.262
0.100  10.000  10.023  -71.722
0.110  10.000  10.084  -71.325
0.120  10.000  9.990  -70.725
0.130  10.000  9.824  -69.930
0.140  10.000  10.089  -69.157
0.150  10.000  10.031  -68.421
0.160  10.000  9.965  -67.765
0.170  10.000  9.811  -67.113
0.180  10.000  10.019  -66.257
0.190  10.000  10.080  -65.429
0.200  10.000  10.211  -64.633
0.210  10.000  9.860  -63.711
0.220  10.000  9.699  -62.664
0.230  10.000  9.982  -61.650
0.240  10.000  9.991  -60.744
0.250  10.000  10.080  -59.795
0.260  10.000  9.998  -58.819
0.270  10.000  9.886  -57.901
0.280  10.000  9.893  -56.934
0.290  10.000  9.745  -55.776
0.300  10.000  10.197  -54.756
0.310  10.000  10.046  -53.906
0.320  10.000  10.050  -52.903
0.330  10.000  9.947  -51.827
0.340  10.000  10.142  -50.859
0.350  10.000  9.996  -50.019
0.360  10.000  10.152  -49.299
0.370  10.000  9.969  -48.616
0.380  10.000  9.907  -47.912
0.390  10.000  9.835  -47.155
0.400  10.000  10.176  -46.254
0.410  10.000  9.973  -45.228
0.420  10.000  10.114  -44.231
0.430  10.000  9.972  -43.315
0.440  10.000  9.930  -42.356
0.450  10.000  9.916  -41.462
0.460  10.000  10.028  -40.731
0.470  10.000  10.184  -39.897
0.480  10.000  10.006  -38.850
0.490  11.500  10.040  -38.243
0.500  13.000  10.081  -37.749
0.510  14.500  10.941  -36.789
0.520  16.000  11.962  -35.442
0.530  17.500  12.786  -33.198
0.540  19.000  13.113  -29.877
0.550  20.500  15.355  -25.554
0.560  22.000  18.261  -20.255
0.570  23.500  18.858  -13.861
0.580  25.000  20.615  -6.659
0.590  25.000  21.254  1.420
0.600  25.000  22.947  9.634
0.610  25.000  23.287  17.457
0.620  25.000  24.028  25.543
0.630  25.000  24.241  33.622
0.640  25.000  24.782  41.407
0.650  25.000  24.054  49.519
0.660  25.000  25.189  57.214
0.670  25.000  24.409  64.753
0.680  25.000  24.355  72.973
0.690  25.000  24.579  81.078
0.700  25.000  24.668  89.165
0.710  25.000  24.515  97.052
0.720  25.000  25.508  104.774
0.730  25.000  24.598  112.717
0.740  25.000  24.924  120.959
0.750  25.000  24.717  129.321
0.760  25.000  25.184  136.973
0.770  25.000  24.736  144.534
0.780  25.000  25.060  152.441
0.790  25.000  24.994  160.123
0.800  25.000  25.798  167.735
0.810  25.000  24.569  175.196
0.820  25.000  26.362  182.522
0.830  25.000  24.990  189.792
0.840  25.000  25.786  196.898
0.850  25.000  25.911  203.925
0.860  25.000  25.780  210.889
0.870  25.000  25.946  217.597
0.880  25.000  25.788  224.081
0.890  25.000  25.523  230.961
0.900  25.000  25.779  238.011
0.910  25.000  25.750  244.525
0.920  25.000  25.427  251.241
0.930  25.000  25.358  258.617
0.940  25.000  25.670  265.863
0.950  25.000  25.695  272.406
0.960  25.000  25.071  278.640
0.970  25.000  24.730  285.011
0.980  25.000  24.453  291.264
0.990  25.000  24.613  296.981
1.000  25.000  24.278  302.719
1.010  25.000  24.424  308.866
1.020  25.000  24.807  314.788
1.030  25.000  25.534  320.435
1.040  25.000  25.686  326.549
1.050  25.000  24.437  333.011
1.060  25.000  24.838  339.406
1.070  25.000  25.260  345.560
1.080  25.000  25.301  351.493
1.090  25.000  25.160  357.461
1.100  25.000  25.378  363.620
1.110  25.000  25.144  369.862
1.120  25.000  25.195  375.714
1.130  25.000  25.186  381.250
1.140  25.000  24.935  386.868
1.150  25.000  25.302  392.463
1.160  25.000  25.196  397.989
1.170  25.000  25.712  403.381
1.180  25.000  25.495  408.603
1.190  25.000  25.096  413.717
1.200  25.000  25.647  418.415
1.210  25.000  24.689  423.010
1.220  25.000  25.026  427.676
1.230  25.000  25.271  432.470
1.240  25.000  24.996  437.619
1.250  25.000  24.811  442.569
1.260  25.000  24.996  447.226
1.270  25.000  25.024  451.937
1.280  25.000  25.077  456.843
1.290  25.000  24.479  461.821
1.300  25.000  25.891  466.328
1.310  25.000  25.470  470.890
1.320  25.000  25.499  475.816
1.330  25.000  25.244  480.425
1.340  25.000  25.118  484.802
1.350  25.000  24.735  489.159
1.360  25.000  25.400  493.409
1.370  25.000  25.458  497.559
1.380  25.000  25.214  501.462
1.390  25.000  25.527  505.230
1.400  25.000  24.746  509.258
1.410  25.000  24.918  513.256
1.420  25.000  24.232  517.190
1.430  25.000  24.520  521.203
1.440  25.000  25.755  525.226
1.450  25.000  25.605  529.390
1.460  25.000  25.063  533.372
1.470  25.000  24.914  537.159
1.480  25.000  24.967  540.950
1.490  10.000  25.463  544.778
1.500  10.000  24.579  548.310
1.510  10.000  22.439  550.498
1.520  10.000  19.726  550.900
1.530  10.000  16.951  549.687
1.540  10.000  14.564  546.363
1.550  10.000  13.992  541.283
1.560  10.000  13.076  535.518
1.570  10.000  12.934  528.881
1.580  10.000  12.503  522.099
1.590  10.000  12.472  515.444
1.600  10.000  12.103  509.039
1.610  10.000  12.028  502.737
1.620  10.000  11.838  496.490
1.630  10.000  11.655  490.761
1.640  10.000  11.457  484.926
1.650  10.000  11.334  478.780
1.660  10.000  11.211  472.212
1.670  10.000  11.228  465.521
1.680  10.000  11.121  459.391
1.690  10.000  11.142  453.811
1.700  10.000  10.968  447.721
1.710  10.000  10.797  441.601
1.720  10.000  10.759  435.452
1.730  10.000  10.620  428.902
1.740  10.000  10.674  423.050
1.750  10.000  10.527  417.511
1.760  10.000  10.485  411.291
1.770  10.000  10.554  405.164
1.780  10.000  10.434  399.185
1.790  10.000  10.384  393.295
1.800  10.000  10.329  387.404
1.810  10.000  10.328  381.464
1.820  10.000  10.223  375.439
1.830  10.000  10.082  369.034
1.840  10.000  10.019  362.747
1.850  10.000  9.893  356.942
1.860  10.000  9.838  351.636
1.870  10.000  9.626  345.925
1.880  10.000  9.704  340.137
1.890  10.000  9.770  334.186
1.900  10.000  9.591  328.497
1.910  10.000  9.695  323.566
1.920  10.000  9.653  318.025
1.930  10.000  9.539  312.660
1.940  10.000  9.664  307.195
1.950  10.000  9.722  301.481
1.960  10.000  9.674  295.888
1.970  10.000  9.698  290.401
1.980  10.000  9.645  285.594
1.990  10.000  9.618  280.382
2.000  10.000  9.489  274.615
2.010  10.000  9.393  268.877
2.020  10.000  9.388  263.582
2.030  10.000  9.267  258.138
2.040  10.000  9.255  253.045
2.050  10.000  9.318  247.914
2.060  10.000  9.242  242.589
2.070  10.000  9.254  237.915
2.080  10.000  9.301  233.102
2.090  10.000  9.252  228.260
2.100  10.000  9.316  223.224
2.110  10.000  9.260  217.676
2.120  10.000  9.289  211.953
2.130  10.000  9.314  206.750
2.140  10.000  9.261  202.277
2.150  10.000  9.321  197.529
2.160  10.000  9.261  192.549
2.170  10.000  9.454  188.158
2.180  10.000  9.493  183.862
2.190  10.000  9.566  179.568
2.200  10.000  9.519  175.493
2.210  10.000  9.500  171.550
2.220  10.000  9.598  167.515
2.230  10.000  9.636  162.751
2.240  10.000  9.545  158.425
2.250  10.000  9.650  154.768
2.260  10.000  9.463  150.737
2.270  10.000  9.418  146.909
2.280  10.000  9.346  143.292
2.290  10.000  9.351  139.664
2.300  10.000  9.299  136.046
2.310  10.000  9.279  132.550
2.320  10.000  9.218  128.872
2.330  10.000  9.313  125.058
2.340  10.000  9.404  121.385
2.350  10.000  9.465  117.971
2.360  10.000  9.530  114.473
2.370  10.000  9.581  111.023
2.380  10.000  9.869  107.857
2.390  10.000  9.605  104.754
2.400  10.000  9.833  101.824
2.410  10.000  9.736  99.003
2.420  10.000  9.831  96.268
2.430  10.000  9.656  93.483
2.440  10.000  9.686  90.663
2.450  10.000  9.819  87.789
2.460  10.000  9.823  85.075
2.470  10.000  9.937  82.422
2.480  10.000  9.727  79.782
2.490  10.000  9.719  77.109
2.500  10.000  9.751  74.537
2.510  10.000  9.695  71.945
2.520  10.000  9.641  69.383
2.530  10.000  9.726  66.862
2.540  10.000  9.740  64.262
2.550  10.000  9.627  61.923
2.560  10.000  9.685  59.612
2.570  10.000  9.675  57.182
2.580  10.000  9.659  54.618
2.590  10.000  9.774  52.029
2.600  10.000  9.658  49.599
2.610  10.000  9.614  47.313
2.620  10.000  9.915  45.121
2.630  10.000  9.789  42.936
2.640  10.000  9.920  40.875
2.650  10.000  9.773  38.993
2.660  10.000  9.863  37.208
2.670  10.000  9.871  35.555
2.680  10.000  9.903  33.810
2.690  10.000  9.977  32.101
2.700  10.000  9.899  30.316
2.710  10.000  9.895  28.460
2.720  10.000  9.943  26.683
2.730  10.000  9.900  24.854
2.740  10.000  9.865  23.120
2.750  10.000  9.794  21.545
2.760  10.000  9.945  20.066
2.770  10.000  9.948  18.633
2.780  10.000  9.792  17.220
2.790  10.000  10.018  15.791
2.800  10.000  9.831  14.380
2.810  10.000  9.807  13.066
2.820  10.000  9.757  11.882
2.830  10.000  9.983  10.738
2.840  10.000  10.009  9.605
2.850  10.000  9.953  8.356
2.860  10.000  9.838  7.017
2.870  10.000  10.008  5.547
2.880  10.000  9.916  4.195
2.890  10.000  9.834  3.090
2.900  10.000  9.750  1.925
2.910  10.000  9.921  0.727
2.920  10.000  10.022  -0.390
2.930  10.000  10.015  -1.476
2.940  10.000  9.987  -2.526
2.950  10.000  9.949  -3.496
2.960  10.000  9.889  -4.398
2.970  10.000  9.722  -5.269
2.980  10.000  9.761  -6.047
2.990  10.000  9.980  -6.820
3.000  10.000  10.082  -7.677
3.010  10.000  10.030  -8.492
3.020  10.000  9.920  -9.213
3.030  10.000  10.025  -10.028
3.040  10.000  9.989  -10.991
3.050  10.000  10.047  -11.794
3.060  10.000  9.798  -12.616
3.070  10.000  9.973  -13.601
3.080  10.000  9.905  -14.588
3.090  10.000  9.951  -15.455
3.100  10.000  10.091  -16.295
3.110  10.000  9.949  -17.197
3.120  10.000  9.812  -17.964
3.130  10.000  9.768  -18.565
3.140  10.000  9.739  -19.017
3.150  10.000  9.821  -19.602
3.160  10.000  9.918  -20.350
3.170  10.000  9.851  -21.028
3.180  10.000  10.020  -21.530
3.190  10.000  9.596  -21.869
3.200  10.000  9.841  -22.345
3.210  10.000  9.708  -22.793
3.220  10.000  9.859  -23.308
3.230  10.000  9.715  -23.938
3.240  10.000  9.761  -24.439
3.250  10.000  9.685  -24.926
3.260  10.000  9.809  -25.463
3.270  10.000  9.556  -26.052
3.280  10.000  9.891  -26.775
3.290  10.000  9.697  -27.408
3.300  10.000  9.714  -27.960
3.310  10.000  9.735  -28.559
3.320  10.000  9.808  -28.972
3.330  10.000  9.982  -29.272
3.340  10.000  9.711  -29.550
3.350  10.000  9.576  -29.763
3.360  10.000  9.922  -29.773
3.370  10.000  9.734  -29.659
3.380  10.000  9.737  -29.519
3.390  10.000  9.739  -29.380
3.400  10.000  9.945  -29.154
3.410  10.000  9.802  -28.751
3.420  10.000  10.078  -28.421
3.430  10.000  9.875  -28.155
3.440  10.000  9.769  -27.809
3.450  10.000  9.952  -27.359
3.460  10.000  10.209  -26.928
3.470  10.000  10.286  -26.649
3.480  10.000  9.839  -26.274
3.490  10.000  9.801  -25.828
3.500  10.000  10.106  -25.283
3.510  10.000  9.995  -24.612
3.520  10.000  10.203  -24.064
3.530  10.000  9.930  -23.574
3.540  10.000  9.710  -22.818
3.550  10.000  10.007  -21.819
3.560  10.000  10.241  -21.087
3.570  10.000  10.084  -20.573
3.580  10.000  10.030  -20.081
3.590  10.000  10.168  -19.605
3.600  10.000  10.001  -19.206
3.610  10.000  10.215  -18.918
3.620  10.000  9.999  -18.517
3.630  10.000  10.003  -18.124
3.640  10.000  10.131  -17.858
3.650  10.000  9.989  -17.583
3.660  10.000  10.184  -17.460
3.670  10.000  10.157  -17.501
3.680  10.000  10.152  -17.641
3.690  10.000  9.995  -17.757
3.700  10.000  10.076  -17.670
3.710  10.000  9.984  -17.510
3.720  10.000  9.950  -17.303
3.730  10.000  10.017  -16.959
3.740  10.000  10.012  -16.556
3.750  10.000  9.926  -16.404
3.760  10.000  10.161  -16.356
3.770  10.000  9.886  -16.237
3.780  10.000  9.851  -16.181
3.790  10.000  10.033  -16.121
3.800  10.000  10.092  -15.942
3.810  10.000  10.104  -15.810
3.820  10.000  10.206  -15.849
3.830  10.000  9.937  -15.840
3.840  10.000  9.813  -15.761
3.850  10.000  10.001  -15.733
3.860  10.000  10.027  -15.951
3.870  10.000  10.079  -16.361
3.880  10.000  9.999  -16.526
3.890  10.000  9.929  -16.371
3.900  10.000  9.905  -16.331
3.910  10.000  10.119  -16.386
3.920  10.000  10.007  -16.327
3.930  10.000  10.150  -16.220
3.940  10.000  10.059  -16.164
3.950  10.000  9.839  -16.108
3.960  10.000  9.996  -16.051
3.970  10.000  9.795  -16.044
3.980  10.000  9.871  -15.988
3.990  10.000  10.032  -15.888
4.000  10.000  10.095  -15.835
4.010  10.000  9.955  -15.687
4.020  10.000  9.794  -15.332
4.030  10.000  10.148  -15.192
4.040  10.000  10.156  -15.232
4.050  10.000  10.052  -15.215
4.060  10.000  9.986  -15.286
4.070  10.000  9.924  -15.430
4.080  10.000  10.169  -15.482
4.090  10.000  10.093  -15.504
4.100  10.000  10.025  -15.536
4.110  10.000  9.940  -15.637
4.120  10.000  10.029  -15.820
4.130  10.000  9.957  -16.029
4.140  10.000  9.882  -16.104
4.150  10.000  10.152  -16.217
4.160  10.000  9.936  -16.450
4.170  10.000  9.994  -16.641
4.180  10.000  9.994  -16.946
4.190  10.000  9.966  -17.289
4.200  10.000  9.956  -17.500
4.210  10.000  9.970  -17.559
4.220  10.000  9.881  -17.588
4.230  10.000  9.833  -17.615
4.240  10.000  10.155  -17.636
4.250  10.000  9.944  -17.567
4.260  10.000  10.115  -17.662
4.270  10.000  9.853  -17.772
4.280  10.000  9.757  -17.452
4.290  10.000  10.280  -17.162
4.300  10.000  10.047  -17.049
4.310  10.000  9.877  -16.940
4.320  10.000  9.842  -16.860
4.330  10.000  10.043  -16.766
4.340  10.000  10.070  -16.578
4.350  10.000  9.931  -16.166
4.360  10.000  9.983  -15.882
4.370  10.000  9.937  -15.803
4.380  10.000  10.031  -15.661
4.390  10.000  10.094  -15.535
4.400  10.000  9.918  -15.346
4.410  10.000  9.927  -15.074
4.420  10.000  9.914  -14.732
4.430  10.000  9.948  -14.397
4.440  10.000  9.939  -13.996
4.450  10.000  9.994  -13.583
4.460  10.000  10.124  -13.185
4.470  10.000  10.041  -12.763
4.480  10.000  9.906  -12.429
4.490  10.000  10.113  -12.083
4.500  10.000  10.126  -11.752
4.510  10.000  9.885  -11.477
4.520  10.000  9.757  -11.169
4.530  10.000  10.033  -10.829
4.540  10.000  9.959  -10.457
4.550  10.000  10.194  -10.122
4.560  10.000  9.826  -9.891
4.570  10.000  10.032  -9.694
4.580  10.000  10.241  -9.641
4.590  10.000  10.071  -9.500
4.600  10.000  9.975  -9.321
4.610  10.000  9.944  -9.253
4.620  10.000  10.100  -9.001
4.630  10.000  10.060  -8.655
4.640  10.000  9.986  -8.328
4.650  10.000  9.892  -8.083
4.660  10.000  10.115  -7.893
4.670  10.000  9.953  -7.691
4.680  10.000  9.993  -7.533
4.690  10.000  10.166  -7.490
4.700  10.000  9.718  -7.562
4.710  10.000  10.151  -7.763
4.720  10.000  9.903  -7.950
4.730  10.000  10.107  -7.889
4.740  10.000  10.217  -7.628
4.750  10.000  10.000  -7.243
4.760  10.000  9.868  -6.907
4.770  10.000  10.082  -6.872
4.780  10.000  10.188  -6.983
4.790  10.000  10.076  -6.810
4.800  10.000  10.064  -6.714
4.810  10.000  9.922  -6.636
4.820  10.000  9.807  -6.499
4.830  10.000  9.974  -6.606
4.840  10.000  10.210  -6.669
4.850  10.000  9.995  -6.659
4.860  10.000  9.945  -6.587
4.870  10.000  9.793  -6.459
4.880  10.000  10.230  -6.481
4.890  10.000  9.857  -6.575
4.900  10.000  9.907  -6.695
4.910  10.000  10.059  -6.913
4.920  10.000  10.066  -6.969
4.930  10.000  10.174  -6.927
4.940  10.000  10.135  -7.008
4.950  10.000  9.892  -7.043
4.960  10.000  9.883  -7.075
4.970  10.000  9.858  -7.184
4.980  10.000  10.106  -7.195
4.990  10.000  10.067  -7.227
5.000  10.000  9.890  -7.271
5.010  10.000  9.909  -7.214
5.020  10.000  10.086  -6.987
5.030  10.000  9.907  -6.785
5.040  10.000  10.003  -6.737
5.050  10.000  9.926  -6.667
5.060  10.000  9.994  -6.553
5.070  10.000  10.185  -6.550
5.080  10.000  10.126  -6.636
5.090  10.000  9.917  -6.673
5.100  10.000  9.978  -6.832
5.110  10.000  10.089  -6.812
5.120  10.000  9.742  -6.516
5.130  10.000  10.251  -6.429
5.140  10.000  10.164  -6.627
5.150  10.000  9.955  -6.743
5.160  10.000  9.781  -6.599
5.170  10.000  9.987  -6.419
5.180  10.000  9.926  -6.411
5.190  10.000  9.888  -6.537
5.200  10.000  10.148  -6.622
5.210  10.000  10.144  -6.668
5.220  10.000  9.737  -6.577
5.230  10.000  9.786  -6.461
5.240  10.000  10.067  -6.459
5.250  10.000  9.941  -6.454
5.260  10.000  10.154  -6.374
5.270  10.000  9.892  -6.260
5.280  10.000  9.980  -6.182
5.290  10.000  10.013  -6.145
5.300  10.000  10.151  -6.124
5.310  10.000  9.951  -6.026
5.320  10.000  10.082  -5.751
5.330  10.000  9.788  -5.405
5.340  10.000  10.044  -5.246
5.350  10.000  10.218  -5.248
5.360  10.000  10.028  -5.250
5.370  10.000  9.745  -5.100
5.380  10.000  9.971  -4.929
5.390  10.000  10.098  -4.922
5.400  10.000  10.026  -4.892
5.410  10.000  10.011  -4.734
5.420  10.000  9.904  -4.611
5.430  10.000  9.754  -4.576
5.440  10.000  10.096  -4.523
5.450  10.000  10.191  -4.519
5.460  10.000  10.049  -4.468
5.470  10.000  9.931  -4.340
5.480  10.000  9.893  -4.240
5.490  10.000  9.825  -3.997
5.500  11.500  10.060  -3.629
5.510  13.000  10.300  -3.105
5.520  14.500  10.978  -2.052
5.530  16.000  11.553  -0.445
5.540  17.500  12.904  1.759
5.550  19.000  13.255  5.171
5.560  20.500  15.330  9.634
5.570  22.000  17.908  14.947
5.580  23.500  19.107  21.516
5.590  25.000  20.460  28.564
5.600  25.000  21.934  36.067
5.610  25.000  22.998  44.184
5.620  25.000  24.212  52.067
5.630  25.000  24.323  59.675
5.640  25.000  25.202  67.046
5.650  25.000  24.760  74.821
5.660  25.000  24.769  83.157
5.670  25.000  25.029  90.986
5.680  25.000  25.161  98.356
5.690  25.000  24.494  105.809
5.700  25.000  25.554  113.022
5.710  25.000  24.381  120.642
5.720  25.000  25.096  128.390
5.730  25.000  24.807  135.558
5.740  25.000  24.845  143.114
5.750  25.000  24.600  150.854
5.760  25.000  25.243  158.117
5.770  25.000  25.115  165.280
5.780  25.000  24.550  172.768
5.790  25.000  25.298  179.936
5.800  25.000  25.699  186.827
5.810  25.000  25.772  193.821
5.820  25.000  25.527  200.927
5.830  25.000  25.448  208.101
5.840  25.000  25.254  215.414
5.850  25.000  24.983  223.060
5.860  25.000  25.209  230.689
5.870  25.000  24.999  238.011
5.880  25.000  25.434  244.977
5.890  25.000  25.544  251.930
5.900  25.000  25.607  258.809
5.910  25.000  25.172  265.809
5.920  25.000  26.148  272.827
5.930  25.000  25.266  279.490
5.940  25.000  25.537  286.129
5.950  25.000  25.651  292.480
5.960  25.000  25.829  298.783
5.970  25.000  25.425  305.192
5.980  25.000  25.069  311.303
5.990  25.000  24.778  317.166
6.000  25.000  24.535  322.757
6.010  25.000  24.787  328.545
6.020  25.000  24.887  334.894
6.030  25.000  24.885  341.147
6.040  25.000  25.011  346.976
6.050  25.000  25.849  352.851
6.060  25.000  25.802  358.624
6.070  25.000  24.379  364.415
6.080  25.000  24.905  370.192
6.090  25.000  25.037  375.692
6.100  25.000  24.862  381.384
6.110  25.000  25.187  387.120
6.120  25.000  25.788  392.596
6.130  25.000  24.854  398.265
6.140  25.000  25.958  403.672
6.150  25.000  25.272  408.745
6.160  25.000  24.948  414.173
6.170  25.000  25.113  419.589
6.180  25.000  25.608  424.870
6.190  25.000  25.223  430.104
6.200  25.000  25.711  435.010
6.210  25.000  24.210  439.879
6.220  25.000  25.348  444.704
6.230  25.000  24.841  449.626
6.240  25.000  25.554  454.739
6.250  25.000  24.997  459.671
6.260  25.000  24.892  464.544
6.270  25.000  25.098  469.181
6.280  25.000  25.158  473.622
6.290  25.000  25.303  478.284
6.300  25.000  25.058  483.127
6.310  25.000  25.201  487.754
6.320  25.000  25.645  492.043
6.330  25.000  24.990  496.319
6.340  25.000  24.872  500.593
6.350  25.000  25.472  504.830
6.360  25.000  24.751  509.440
6.370  25.000  25.578  514.020
6.380  25.000  24.586  518.673
6.390  25.000  25.250  523.308
6.400  25.000  25.193  527.390
6.410  25.000  25.749  531.195
6.420  25.000  24.626  534.944
6.430  25.000  25.185  538.584
6.440  25.000  24.550  542.403
6.450  25.000  24.738  546.595
6.460  25.000  25.040  550.732
6.470  25.000  25.476  554.657
6.480  25.000  25.396  558.543
6.490  25.000  25.130  562.276
6.500  10.000  25.043  565.917
6.510  10.000  24.062  569.454
6.520  10.000  21.605  571.973
6.530  10.000  19.295  572.630
6.540  10.000  16.314  571.358
6.550  10.000  15.033  567.808
6.560  10.000  14.462  561.904
6.570  10.000  13.393  554.696
6.580  10.000  12.954  547.894
6.590  10.000  12.532  541.924
6.600  10.000  12.040  535.418
6.610  10.000  11.876  528.980
6.620  10.000  11.750  522.675
6.630  10.000  11.659  516.413
6.640  10.000  11.632  510.085
6.650  10.000  11.462  503.907
6.660  10.000  11.302  497.678
6.670  10.000  11.425  491.322
6.680  10.000  11.243  485.079
6.690  10.000  11.291  478.806
6.700  10.000  11.210  473.258
6.710  10.000  11.133  467.281
6.720  10.000  11.001  460.600
6.730  10.000  11.002  454.243
6.740  10.000  10.927  447.949
6.750  10.000  10.762  441.377
6.760  10.000  10.820  434.953
6.770  10.000  10.684  428.452
6.780  10.000  10.630  421.907
6.790  10.000  10.572  415.493
6.800  10.000  10.447  409.202
6.810  10.000  10.445  403.198
6.820  10.000  10.338  397.578
6.830  10.000  10.249  391.593
6.840  10.000  10.198  385.823
6.850  10.000  9.960  380.283
6.860  10.000  10.005  374.043
6.870  10.000  9.841  367.580
6.880  10.000  9.676  361.143
6.890  10.000  9.720  354.911
6.900  10.000  9.731  349.314
6.910  10.000  9.643  343.568
6.920  10.000  9.657  337.825
6.930  10.000  9.573  332.696
6.940  10.000  9.597  327.513
6.950  10.000  9.543  322.317
6.960  10.000  9.487  317.184
6.970  10.000  9.657  311.458
6.980  10.000  9.456  305.969
6.990  10.000  9.542  300.650
7.000  10.000  9.510  294.640
7.010  10.000  9.491  289.071
7.020  10.000  9.252  284.117
7.030  10.000  9.329  279.256
7.040  10.000  9.339  273.964
7.050  10.000  9.201  268.708
7.060  10.000  9.273  263.757
7.070  10.000  9.255  258.864
7.080  10.000  9.244  254.171
7.090  10.000  9.240  249.599
7.100  10.000  9.225  244.505
7.110  10.000  9.314  238.841
7.120  10.000  9.268  233.882
7.130  10.000  9.268  228.841
7.140  10.000  9.430  223.655
7.150  10.000  9.504  218.507
7.160  10.000  9.442  213.448
7.170  10.000  9.481  209.008
7.180  10.000  9.443  204.604
7.190  10.000  9.543  199.946
7.200  10.000  9.563  195.561
7.210  10.000  9.576  191.329
7.220  10.000  9.552  186.822
7.230  10.000  9.614  182.758
7.240  10.000  9.615  179.010
7.250  10.000  9.537  175.229
7.260  10.000  9.545  171.348
7.270  10.000  9.482  167.425
7.280  10.000  9.503  163.618
7.290  10.000  9.390  159.923
7.300  10.000  9.334  155.472
7.310  10.000  9.329  150.742
7.320  10.000  9.173  146.857
7.330  10.000  9.356  143.222
7.340  10.000  9.484  139.350
7.350  10.000  9.346  135.504
7.360  10.000  9.497  131.812
7.370  10.000  9.567  128.343
7.380  10.000  9.643  124.986
7.390  10.000  9.630  121.700
7.400  10.000  9.630  118.511
7.410  10.000  9.735  115.322
7.420  10.000  9.660  112.312
7.430  10.000  9.845  109.167
7.440  10.000  9.774  106.078
7.450  10.000  9.710  103.390
7.460  10.000  9.815  100.655
7.470  10.000  9.817  97.820
7.480  10.000  9.862  94.861
7.490  10.000  9.675  91.920
7.500  10.000  9.895  89.191
7.510  10.000  9.756  86.458
7.520  10.000  9.698  83.737
7.530  10.000  9.588  81.089
7.540  10.000  9.732  78.529
7.550  10.000  9.700  75.986
7.560  10.000  9.645  73.497
7.570  10.000  9.646  71.129
7.580  10.000  9.659  68.631
7.590  10.000  9.622  66.031
7.600  10.000  9.660  63.632
7.610  10.000  9.847  61.208
7.620  10.000  9.706  58.852
7.630  10.000  9.789  56.805
7.640  10.000  9.716  54.761
7.650  10.000  9.903  52.667
7.660  10.000  9.984  50.700
7.670  10.000  9.849  48.872
7.680  10.000  9.986  46.862
7.690  10.000  9.866  44.764
7.700  10.000  9.957  42.856
7.710  10.000  9.841  40.990
7.720  10.000  10.022  39.156
7.730  10.000  9.816  37.391
7.740  10.000  9.807  35.714
7.750  10.000  9.894  33.991
7.760  10.000  10.067  32.180
7.770  10.000  9.870  30.652
7.780  10.000  9.881  29.227
7.790  10.000  9.814  27.567
7.800  10.000  9.967  25.952
7.810  10.000  9.993  24.381
7.820  10.000  9.970  22.774
7.830  10.000  9.878  21.217
7.840  10.000  9.696  19.751
7.850  10.000  9.856  18.362
7.860  10.000  9.819  17.138
7.870  10.000  10.053  16.077
7.880  10.000  9.827  14.855
7.890  10.000  9.940  13.582
7.900  10.000  9.965  12.371
7.910  10.000  9.860  11.201
7.920  10.000  9.828  9.927
7.930  10.000  10.015  8.678
7.940  10.000  9.893  7.660
7.950  10.000  10.022  6.662
7.960  10.000  9.998  5.690
7.970  10.000  9.833  4.769
7.980  10.000  9.920  3.816
7.990  10.000  9.837  2.864
8.000  10.000  10.041  1.867
8.010  10.000  9.891  0.886
8.020  10.000  9.847  0.128
8.030  10.000  9.860  -0.579
8.040  10.000  9.885  -1.346
8.050  10.000  10.022  -2.185
8.060  10.000  10.070  -2.877
8.070  10.000  9.827  -3.327
8.080  10.000  9.725  -3.832
8.090  10.000  9.746  -4.455
8.100  10.000  9.798  -5.036
8.110  10.000  10.045  -5.713
8.120  10.000  9.993  -6.553
8.130  10.000  9.928  -7.311
8.140  10.000  9.811  -8.031
8.150  10.000  9.715  -8.714
8.160  10.000  9.682  -9.268
8.170  10.000  9.788  -9.801
8.180  10.000  9.745  -10.415
8.190  10.000  9.764  -11.013
8.200  10.000  9.783  -11.570
8.210  10.000  9.575  -12.119
8.220  10.000  9.535  -12.566
8.230  10.000  9.548  -13.089
8.240  10.000  9.682  -13.749
8.250  10.000  9.874  -14.556
8.260  10.000  9.902  -15.368
8.270  10.000  9.931  -15.978
8.280  10.000  9.668  -16.357
8.290  10.000  9.772  -16.547
8.300  10.000  9.646  -16.634
8.310  10.000  9.922  -16.639
8.320  10.000  9.964  -16.685
8.330  10.000  9.908  -16.820
8.340  10.000  9.977  -16.890
8.350  10.000  9.759  -16.752
8.360  10.000  9.990  -16.636
8.370  10.000  10.048  -16.673
8.380  10.000  9.895  -16.764
8.390  10.000  9.732  -16.681
8.400  10.000  9.845  -16.401
8.410  10.000  9.928  -16.066
8.420  10.000  10.045  -15.519
8.430  10.000  9.994  -14.921
8.440  10.000  9.881  -14.420
8.450  10.000  9.919  -14.003
8.460  10.000  10.320  -13.695
8.470  10.000  9.885  -13.277
8.480  10.000  9.855  -12.836
8.490  10.000  10.027  -12.458
8.500  10.000  10.181  -12.008
8.510  10.000  10.079  -11.541
8.520  10.000  9.950  -11.053
8.530  10.000  10.153  -10.589
8.540  10.000  10.058  -10.203
8.550  10.000  10.153  -9.987
8.560  10.000  10.110  -9.945
8.570  10.000  9.965  -9.792
8.580  10.000  9.903  -9.580
8.590  10.000  10.144  -9.493
8.600  10.000  9.970  -9.306
8.610  10.000  9.869  -9.079
8.620  10.000  10.050  -8.938
8.630  10.000  9.889  -8.735
8.640  10.000  10.008  -8.578
8.650  10.000  10.075  -8.566
8.660  10.000  9.905  -8.543
8.670  10.000  10.072  -8.484
8.680  10.000  10.120  -8.370
8.690  10.000  9.972  -8.211
8.700  10.000  9.946  -7.958
8.710  10.000  10.009  -7.695
8.720  10.000  10.194  -7.451
8.730  10.000  10.106  -7.274
8.740  10.000  10.004  -7.196
8.750  10.000  10.136  -7.149
8.760  10.000  9.986  -7.187
8.770  10.000  10.064  -7.174
8.780  10.000  9.979  -7.075
8.790  10.000  10.129  -7.000
8.800  10.000  9.763  -6.922
8.810  10.000  10.032  -6.816
8.820  10.000  10.179  -6.811
8.830  10.000  10.149  -6.880
8.840  10.000  9.886  -7.001
8.850  10.000  10.055  -7.180
8.860  10.000  9.911  -7.379
8.870  10.000  10.250  -7.566
8.880  10.000  10.088  -7.763
8.890  10.000  9.997  -7.868
8.900  10.000  9.940  -7.957
8.910  10.000  10.125  -8.175
8.920  10.000  10.106  -8.404
8.930  10.000  10.023  -8.526
8.940  10.000  9.836  -8.797
8.950  10.000  9.856  -9.143
8.960  10.000  10.101  -9.304
8.970  10.000  10.080  -9.393
8.980  10.000  9.926  -9.308
8.990  10.000  9.918  -9.226
9.000  10.000  9.805  -9.288
9.010  10.000  10.056  -9.421
9.020  10.000  10.065  -9.557
9.030  10.000  9.909  -9.629
9.040  10.000  9.899  -9.625
9.050  10.000  9.820  -9.716
9.060  10.000  10.249  -9.986
9.070  10.000  9.969  -10.147
9.080  10.000  10.058  -10.215
9.090  10.000  9.909  -10.335
9.100  10.000  9.600  -10.128
9.110  10.000  9.872  -9.799
9.120  10.000  10.215  -9.734
9.130  10.000  10.220  -9.838
9.140  10.000  9.604  -9.865
9.150  10.000  10.124  -9.791
9.160  10.000  9.957  -9.663
9.170  10.000  10.034  -9.358
9.180  10.000  9.940  -9.133
9.190  10.000  9.944  -9.050
9.200  10.000  10.101  -8.948
9.210  10.000  9.831  -8.685
9.220  10.000  9.871  -8.236
9.230  10.000  10.005  -7.929
9.240  10.000  10.107  -7.821
9.250  10.000  10.081  -7.699
9.260  10.000  9.966  -7.488
9.270  10.000  9.773  -7.265
9.280  10.000  10.075  -7.122
9.290  10.000  10.266  -7.050
9.300  10.000  10.003  -6.900
9.310  10.000  9.950  -6.487
9.320  10.000  10.169  -6.306
9.330  10.000  9.781  -6.285
9.340  10.000  10.211  -6.215
9.350  10.000  10.097  -6.236
9.360  10.000  9.802  -6.085
9.370  10.000  9.926  -5.889
9.380  10.000  10.082  -5.797
9.390  10.000  10.180  -5.786
9.400  10.000  10.016  -5.789
9.410  10.000  9.771  -5.662
9.420  10.000  10.212  -5.515
9.430  10.000  9.953  -5.458
9.440  10.000  9.992  -5.387
9.450  10.000  10.004  -5.410
9.460  10.000  10.000  -5.517
9.470  10.000  9.944  -5.462
9.480  10.000  9.997  -5.521
9.490  10.000  10.142  -5.861
9.500  10.000  9.908  -6.070
9.510  10.000  9.795  -5.954
9.520  10.000  9.832  -5.671
9.530  10.000  10.162  -5.427
9.540  10.000  10.333  -5.514
9.550  10.000  9.905  -5.510
9.560  10.000  9.942  -5.232
9.570  10.000  10.118  -5.052
9.580  10.000  10.190  -5.038
9.590  10.000  10.266  -5.315
9.600  10.000  9.834  -5.559
9.610  10.000  9.808  -5.711
9.620  10.000  9.989  -5.840
9.630  10.000  9.901  -5.733
9.640  10.000  9.801  -5.582
9.650  10.000  10.066  -5.491
9.660  10.000  10.350  -5.435
9.670  10.000  10.042  -5.395
9.680  10.000  9.869  -5.391
9.690  10.000  9.853  -5.353
9.700  10.000  10.061  -5.329
9.710  10.000  10.111  -5.325
9.720  10.000  10.055  -5.334
9.730  10.000  9.929  -5.333
9.740  10.000  9.863  -5.183
9.750  10.000  10.009  -5.031
9.760  10.000  10.039  -4.922
9.770  10.000  10.049  -4.973
9.780  10.000  10.048  -5.190
9.790  10.000  9.749  -5.230
9.800  10.000  10.074  -5.181
9.810  10.000  10.166  -5.070
9.820  10.000  9.931  -4.739
9.830  10.000  9.769  -4.472
9.840  10.000  9.934  -4.379
9.850  10.000  10.087  -4.425
9.860  10.000  10.099  -4.517
9.870  10.000  10.000  -4.628
9.880  10.000  10.238  -4.664
9.890  10.000  9.791  -4.553
9.900  10.000  9.897  -4.509
9.910  10.000  9.999  -4.661
9.920  10.000  9.887  -4.888
9.930  10.000  10.019  -4.995
9.940  10.000  9.906  -4.892
9.950  10.000  9.978  -4.768
9.960  10.000  10.048  -4.651
9.970  10.000  10.036  -4.572
9.980  10.000  10.048  -4.504
9.990  10.000  9.937  -4.340
10.000  10.000  10.057  -4.148
10.010  10.000  9.853  -3.985
10.020  10.000  9.948  -3.908
10.030  10.000  10.167  -3.893
10.040  10.000  10.149  -3.833
10.050  10.000  10.003  -3.713
10.060  10.000  9.761  -3.605
10.070  10.000  10.035  -3.507
10.080  10.000  10.210  -3.413
10.090  10.000  9.936  -3.266
10.100  10.000  9.848  -2.966
10.110  10.000  9.875  -2.598
10.120  10.000  10.198  -2.418
10.130  10.000  10.222  -2.486
10.140  10.000  9.848  -2.570
10.150  10.000  9.864  -2.525
10.160  10.000  10.227  -2.489
10.170  10.000  10.094  -2.654
10.180  10.000  10.032  -2.848
10.190  10.000  10.014  -2.843
10.200  10.000  10.052  -2.796
10.210  10.000  9.860  -2.773
10.220  10.000  10.048  -2.869
10.230  10.000  10.019  -3.092
10.240  10.000  10.070  -3.447
10.250  10.000  9.952  -3.736
10.260  10.000  9.878  -3.797
10.270  10.000  9.890  -3.801
10.280  10.000  10.115  -3.768
10.290  10.000  10.156  -3.766
10.300  10.000  10.150  -3.745
10.310  10.000  9.837  -3.664
10.320  10.000  9.905  -3.737
10.330  10.000  10.123  -3.922
10.340  10.000  10.002  -3.837
10.350  10.000  9.773  -3.613
10.360  10.000  9.960  -3.664
10.370  10.000  10.136  -3.869
10.380  10.000  10.082  -3.946
10.390  10.000  10.057  -3.803
10.400  10.000  9.886  -3.628
10.410  10.000  9.909  -3.536
10.420  10.000  9.850  -3.437
10.430  10.000  10.026  -3.338
10.440  10.000  10.053  -3.364
10.450  10.000  10.061  -3.451
10.460  10.000  9.760  -3.161
10.470  10.000  9.963  -2.675
10.480  10.000  10.054  -2.407
10.490  10.000  9.955  -2.278
10.500  10.000  9.721  -2.088
10.510  11.500  9.923  -1.792
10.520  13.000  10.283  -1.212
10.530  14.500  11.074  -0.146
10.540  16.000  11.796  1.382
10.550  17.500  12.944  3.550
10.560  19.000  13.760  6.514
10.570  20.500  15.121  10.754
10.580  22.000  18.080  16.276
10.590  23.500  19.170  22.717
10.600  25.000  20.284  30.029
10.610  25.000  21.598  37.878
10.620  25.000  22.901  45.550
10.630  25.000  24.381  53.344
10.640  25.000  23.987  61.617
10.650  25.000  23.745  69.786
10.660  25.000  24.366  77.714
10.670  25.000  23.915  85.663
10.680  25.000  24.259  93.581
10.690  25.000  24.657  101.042
10.700  25.000  24.685  108.425
10.710  25.000  24.746  116.145
10.720  25.000  24.636  123.844
10.730  25.000  24.931  131.524
10.740  25.000  24.589  139.115
10.750  25.000  25.262  146.331
10.760  25.000  24.881  153.572
10.770  25.000  25.863  160.806
10.780  25.000  24.791  167.958
10.790  25.000  25.114  175.585
10.800  25.000  24.524  183.591
10.810  25.000  25.649  191.072
10.820  25.000  25.621  197.964
10.830  25.000  25.135  205.147
10.840  25.000  25.517  212.558
10.850  25.000  25.890  219.595
10.860  25.000  25.153  226.800
10.870  25.000  26.252  233.940
10.880  25.000  25.263  240.760
10.890  25.000  25.550  247.609
10.900  25.000  25.654  254.381
10.910  25.000  25.382  261.372
10.920  25.000  25.136  268.506
10.930  25.000  25.391  275.433
10.940  25.000  25.363  281.846
10.950  25.000  25.688  287.898
10.960  25.000  24.964  294.072
10.970  25.000  24.292  300.565
10.980  25.000  24.474  307.024
10.990  25.000  24.894  313.263
11.000  25.000  25.772  319.372
11.010  25.000  25.504  325.540
11.020  25.000  25.741  331.741
11.030  25.000  25.554  337.774
11.040  25.000  24.768  343.776
11.050  25.000  24.823  349.730
11.060  25.000  23.978  355.896
11.070  25.000  24.713  361.945
11.080  25.000  25.287  367.674
11.090  25.000  25.253  373.690
11.100  25.000  25.678  379.625
11.110  25.000  24.948  385.574
11.120  25.000  25.380  391.321
11.130  25.000  25.624  396.910
11.140  25.000  24.867  402.969
11.150  25.000  25.297  408.660
11.160  25.000  24.901  414.050
11.170  25.000  24.961  419.658
11.180  25.000  25.852  425.010
11.190  25.000  25.365  430.069
11.200  25.000  25.298  434.902
11.210  25.000  25.701  439.668
11.220  25.000  24.512  444.644
11.230  25.000  25.242  449.616
11.240  25.000  25.165  454.396
11.250  25.000  25.421  459.087
11.260  25.000  24.918  463.505
11.270  25.000  25.153  467.604
11.280  25.000  24.777  472.040
11.290  25.000  24.764  476.768
11.300  25.000  25.522  481.395
11.310  25.000  25.052  486.010
11.320  25.000  24.888  490.784
11.330  25.000  25.090  495.522
11.340  25.000  25.373  500.018
11.350  25.000  25.278  504.515
11.360  25.000  25.113  509.111
11.370  25.000  25.229  513.562
11.380  25.000  25.943  517.781
11.390  25.000  25.002  521.963
11.400  25.000  24.584  525.972
11.410  25.000  25.044  529.841
11.420  25.000  25.412  533.932
11.430  25.000  25.465  537.987
11.440  25.000  24.753  541.850
11.450  25.000  24.926  545.403
11.460  25.000  25.389  548.709
11.470  25.000  24.819  552.155
11.480  25.000  24.955  555.602
11.490  25.000  25.339  558.933
11.500  25.000  25.418  562.400
11.510  10.000  24.998  565.934
11.520  10.000  23.905  569.404
11.530  10.000  21.257  571.867
11.540  10.000  19.070  572.375
11.550  10.000  16.471  570.932
11.560  10.000  15.336  567.233
11.570  10.000  14.409  561.029
11.580  10.000  13.360  554.314
11.590  10.000  12.847  548.200
11.600  10.000  12.415  541.991
11.610  10.000  12.306  536.034
11.620  10.000  12.217  529.668
11.630  10.000  12.080  523.219
11.640  10.000  11.968  516.935
11.650  10.000  11.880  510.214
11.660  10.000  11.755  503.493
11.670  10.000  11.604  496.884
11.680  10.000  11.612  490.412
11.690  10.000  11.630  484.339
11.700  10.000  11.363  478.583
11.710  10.000  11.357  472.398
11.720  10.000  11.225  465.643
11.730  10.000  11.274  458.970
11.740  10.000  11.043  452.807
11.750  10.000  11.025  446.634
11.760  10.000  11.068  440.034
11.770  10.000  10.954  433.625
11.780  10.000  10.816  427.883
11.790  10.000  10.690  422.347
11.800  10.000  10.710  416.265
11.810  10.000  10.616  409.872
11.820  10.000  10.421  403.562
11.830  10.000  10.149  397.825
11.840  10.000  10.004  392.566
11.850  10.000  9.988  387.056
11.860  10.000  9.946  381.497
11.870  10.000  9.925  376.061
11.880  10.000  9.947  370.124
11.890  10.000  9.828  363.859
11.900  10.000  9.596  358.112
11.910  10.000  9.761  352.255
11.920  10.000  9.449  346.469
11.930  10.000  9.478  341.447
11.940  10.000  9.440  335.961
11.950  10.000  9.531  330.023
11.960  10.000  9.585  324.692
11.970  10.000  9.497  319.658
11.980  10.000  9.542  314.139
11.990  10.000  9.496  308.795
12.000  10.000  9.447  303.490
12.010  10.000  9.503  298.216
12.020  10.000  9.474  292.816
12.030  10.000  9.384  287.461
12.040  10.000  9.505  282.428
12.050  10.000  9.377  276.986
12.060  10.000  9.432  271.485
12.070  10.000  9.490  265.819
12.080  10.000  9.334  260.177
12.090  10.000  9.423  255.077
12.100  10.000  9.232  249.851
12.110  10.000  9.328  244.156
12.120  10.000  9.360  239.117
12.130  10.000  9.320  234.480
12.140  10.000  9.404  229.666
12.150  10.000  9.444  224.563
12.160  10.000  9.458  219.619
12.170  10.000  9.515  215.186
12.180  10.000  9.513  210.898
12.190  10.000  9.587  205.926
12.200  10.000  9.533  200.966
12.210  10.000  9.574  196.790
12.220  10.000  9.635  192.147
12.230  10.000  9.643  187.553
12.240  10.000  9.635  183.304
12.250  10.000  9.707  179.203
12.260  10.000  9.712  175.194
12.270  10.000  9.685  171.212
12.280  10.000  9.606  167.575
12.290  10.000  9.560  163.809
12.300  10.000  9.510  159.767
12.310  10.000  9.436  155.547
12.320  10.000  9.437  151.476
12.330  10.000  9.321  147.507
12.340  10.000  9.442  143.479
12.350  10.000  9.227  139.632
12.360  10.000  9.233  135.837
12.370  10.000  9.246  132.030
12.380  10.000  9.252  128.355
12.390  10.000  9.397  124.677
12.400  10.000  9.442  121.034
12.410  10.000  9.499  117.720
12.420  10.000  9.625  114.554
12.430  10.000  9.654  111.378
12.440  10.000  9.658  108.415
12.450  10.000  9.819  105.430
12.460  10.000  9.666  102.374
12.470  10.000  9.827  99.522
12.480  10.000  9.807  96.788
12.490  10.000  9.900  93.870
12.500  10.000  9.835  90.986
12.510  10.000  9.692  88.209
12.520  10.000  9.664  85.454
12.530  10.000  9.592  82.723
12.540  10.000  9.749  79.913
12.550  10.000  9.511  77.335
12.560  10.000  9.582  74.527
12.570  10.000  9.632  71.643
12.580  10.000  9.528  69.309
12.590  10.000  9.532  66.972
12.600  10.000  9.629  64.584
12.610  10.000  9.558  62.197
12.620  10.000  9.734  59.650
12.630  10.000  9.732  57.447
12.640  10.000  9.931  55.523
12.650  10.000  9.799  53.573
12.660  10.000  9.947  51.578
12.670  10.000  9.815  49.448
12.680  10.000  9.915  47.423
12.690  10.000  9.846  45.647
12.700  10.000  9.853  43.925
12.710  10.000  9.835  42.147
12.720  10.000  9.919  40.388
12.730  10.000  9.944  38.596
12.740  10.000  10.059  36.862
12.750  10.000  9.882  35.040
12.760  10.000  9.799  33.288
12.770  10.000  9.848  31.721
12.780  10.000  9.850  30.222
12.790  10.000  9.830  28.864
12.800  10.000  10.096  27.370
12.810  10.000  9.965  25.736
12.820  10.000  9.909  24.294
12.830  10.000  9.850  23.064
12.840  10.000  9.811  21.782
12.850  10.000  9.845  20.611
12.860  10.000  9.895  19.489
12.870  10.000  9.966  18.325
12.880  10.000  9.798  17.244
12.890  10.000  9.772  16.286
12.900  10.000  9.917  15.374
12.910  10.000  9.942  14.406
12.920  10.000  10.038  13.343
12.930  10.000  9.936  12.107
12.940  10.000  10.025  10.882
12.950  10.000  9.961  9.774
12.960  10.000  9.931  8.832
12.970  10.000  9.766  7.983
12.980  10.000  10.034  6.842
12.990  10.000  10.019  5.678
13.000  10.000  10.104  4.647
13.010  10.000  9.908  3.776
13.020  10.000  9.815  3.050
13.030  10.000  9.675  2.286
13.040  10.000  9.825  1.526
13.050  10.000  9.870  0.876
13.060  10.000  10.037  0.292
13.070  10.000  10.078  -0.309
13.080  10.000  9.805  -0.908
13.090  10.000  9.684  -1.613
13.100  10.000  9.916  -2.302
13.110  10.000  9.884  -3.042
13.120  10.000  9.752  -3.728
13.130  10.000  9.866  -4.339
13.140  10.000  9.904  -5.050
13.150  10.000  9.975  -5.750
13.160  10.000  9.836  -6.496
13.170  10.000  9.894  -7.406
13.180  10.000  9.914  -8.114
13.190  10.000  9.809  -8.652
13.200  10.000  9.727  -9.445
13.210  10.000  9.863  -10.289
13.220  10.000  9.663  -11.037
13.230  10.000  9.686  -11.673
13.240  10.000  9.684  -12.123
13.250  10.000  9.678  -12.573
13.260  10.000  9.760  -13.128
13.270  10.000  9.672  -13.787
13.280  10.000  9.889  -14.358
13.290  10.000  9.908  -14.864
13.300  10.000  9.931  -15.350
13.310  10.000  9.740  -15.674
13.320  10.000  9.572  -15.791
13.330  10.000  9.860  -15.880
13.340  10.000  10.022  -16.031
13.350  10.000  9.803  -16.021
13.360  10.000  9.700  -15.950
13.370  10.000  9.691  -15.915
13.380  10.000  9.851  -15.888
13.390  10.000  10.113  -15.804
13.400  10.000  9.982  -15.486
13.410  10.000  9.862  -15.082
13.420  10.000  9.739  -14.769
13.430  10.000  9.924  -14.552
13.440  10.000  10.124  -14.354
13.450  10.000  9.838  -13.956
13.460  10.000  9.979  -13.587
13.470  10.000  9.735  -13.223
13.480  10.000  10.097  -12.629
13.490  10.000  9.996  -12.023
13.500  10.000  10.187  -11.610
13.510  10.000  10.030  -11.097
13.520  10.000  9.787  -10.322
13.530  10.000  9.997  -9.648
13.540  10.000  10.129  -9.056
13.550  10.000  10.154  -8.569
13.560  10.000  10.062  -8.095
13.570  10.000  9.762  -7.446
13.580  10.000  10.088  -6.911
13.590  10.000  10.360  -6.439
13.600  10.000  10.195  -6.025
13.610  10.000  10.022  -5.760
13.620  10.000  9.966  -5.511
13.630  10.000  9.991  -5.169
13.640  10.000  10.233  -4.889
13.650  10.000  10.285  -4.792
13.660  10.000  10.022  -4.635
13.670  10.000  9.957  -4.290
13.680  10.000  9.774  -3.812
13.690  10.000  10.118  -3.522
13.700  10.000  10.423  -3.547
13.710  10.000  10.163  -3.603
13.720  10.000  9.970  -3.639
13.730  10.000  9.958  -3.717
13.740  10.000  9.883  -3.785
13.750  10.000  10.120  -3.779
13.760  10.000  10.186  -3.760
13.770  10.000  10.085  -3.742
13.780  10.000  9.942  -3.771
13.790  10.000  9.895  -3.795
13.800  10.000  10.013  -3.831
13.810  10.000  10.148  -3.976
13.820  10.000  9.959  -4.093
13.830  10.000  9.866  -4.102
13.840  10.000  10.271  -4.166
13.850  10.000  9.948  -4.362
13.860  10.000  9.947  -4.524
13.870  10.000  9.937  -4.655
13.880  10.000  9.779  -4.818
13.890  10.000  10.155  -5.015
13.900  10.000  10.165  -5.315
13.910  10.000  9.895  -5.527
13.920  10.000  9.865  -5.608
13.930  10.000  10.050  -5.751
13.940  10.000  9.793  -5.658
13.950  10.000  10.248  -5.560
13.960  10.000  10.005  -5.699
13.970  10.000  10.007  -5.756
13.980  10.000  9.850  -5.852
13.990  10.000  10.036  -6.300
14.000  10.000  10.025  -6.713
14.010  10.000  9.959  -6.949
14.020  10.000  9.984  -7.261
14.030  10.000  9.968  -7.547
14.040  10.000  9.848  -7.722
14.050  10.000  10.039  -7.825
14.060  10.000  9.841  -7.874
14.070  10.000  10.169  -7.842
14.080  10.000  9.913  -7.730
14.090  10.000  9.939  -7.538
14.100  10.000  9.828  -7.419
14.110  10.000  10.032  -7.333
14.120  10.000  9.936  -7.186
14.130  10.000  9.981  -6.980
14.140  10.000  9.949  -6.833
14.150  10.000  9.954  -6.726
14.160  10.000  9.992  -6.543
14.170  10.000  9.859  -6.312
14.180  10.000  10.047  -5.996
14.190  10.000  9.947  -5.664
14.200  10.000  10.072  -5.481
14.210  10.000  9.794  -5.281
14.220  10.000  9.836  -4.932
14.230  10.000  10.010  -4.494
14.240  10.000  10.185  -4.181
14.250  10.000  10.072  -4.004
14.260  10.000  9.890  -3.870
14.270  10.000  9.912  -3.766
14.280  10.000  10.061  -3.501
14.290  10.000  10.046  -3.217
14.300  10.000  10.120  -2.875
14.310  10.000  10.048  -2.473
14.320  10.000  10.106  -2.203
14.330  10.000  9.998  -1.939
14.340  10.000  10.017  -1.592
14.350  10.000  9.900  -1.124
14.360  10.000  9.976  -0.790
14.370  10.000  10.074  -0.623
14.380  10.000  10.036  -0.358
14.390  10.000  10.074  -0.067
14.400  10.000  10.033  0.144
14.410  10.000  9.848  0.393
14.420  10.000  10.111  0.719
14.430  10.000  10.158  0.968
14.440  10.000  10.020  1.100
14.450  10.000  10.183  1.085
14.460  10.000  9.830  1.094
14.470  10.000  9.886  1.252
14.480  10.000  10.059  1.553
14.490  10.000  10.053  1.771
14.500  10.000  9.945  1.827
14.510  10.000  10.088  1.751
14.520  10.000  10.010  1.642
14.530  10.000  10.037  1.734
14.540  10.000  10.164  1.920
14.550  10.000  10.099  1.783
14.560  10.000  9.862  1.389
14.570  10.000  10.136  1.140
14.580  10.000  9.985  1.099
14.590  10.000  9.955  0.995
14.600  10.000  9.781  0.839
14.610  10.000  10.230  0.675
14.620  10.000  10.093  0.568
14.630  10.000  10.058  0.586
14.640  10.000  9.942  0.406
14.650  10.000  10.004  0.255
14.660  10.000  10.012  0.274
14.670  10.000  10.030  0.265
14.680  10.000  10.016  0.096
14.690  10.000  9.827  -0.198
14.700  10.000  9.949  -0.299
14.710  10.000  10.102  -0.290
14.720  10.000  10.088  -0.384
14.730  10.000  10.170  -0.537
14.740  10.000  10.032  -0.730
14.750  10.000  9.804  -0.838
14.760  10.000  9.976  -1.026
14.770  10.000  9.962  -1.270
14.780  10.000  9.943  -1.407
14.790  10.000  9.835  -1.509
14.800  10.000  10.052  -1.486
14.810  10.000  9.710  -1.412
14.820  10.000  9.916  -1.425
14.830  10.000  10.424  -1.548
14.840  10.000  9.914  -1.675
14.850  10.000  9.789  -1.829
14.860  10.000  9.958  -1.877
14.870  10.000  9.995  -1.761
14.880  10.000  10.120  -1.750
14.890  10.000  9.987  -1.869
14.900  10.000  10.026  -1.995
14.910  10.000  9.771  -2.038
14.920  10.000  10.095  -2.071
14.930  10.000  10.004  -2.014
14.940  10.000  9.885  -1.863
14.950  10.000  9.746  -1.715
14.960  10.000  9.974  -1.557
14.970  10.000  10.148  -1.411
14.980  10.000  10.244  -1.333
14.990  10.000  10.003  -1.245
15.000  10.000  9.697  -1.180
15.010  10.000  9.906  -1.132
15.020  10.000  10.138  -1.005
15.030  10.000  10.099  -0.868
15.040  10.000  9.774  -0.734
15.050  10.000  9.992  -0.534
15.060  10.000  9.914  -0.176
15.070  10.000  10.231  0.209
15.080  10.000  10.234  0.315
15.090  10.000  9.927  0.290
15.100  10.000  10.049  0.268
15.110  10.000  9.958  0.186
15.120  10.000  10.156  0.148
15.130  10.000  10.073  0.138
15.140  10.000  9.947  0.247
15.150  10.000  9.987  0.368
15.160  10.000  9.885  0.428
15.170  10.000  9.884  0.482
15.180  10.000  10.393  0.522
15.190  10.000  10.006  0.566
15.200  10.000  9.707  0.528
15.210  10.000  9.764  0.512
15.220  10.000  10.393  0.494
15.230  10.000  10.141  0.427
15.240  10.000  9.885  0.380
15.250  10.000  9.757  0.308
15.260  10.000  9.828  0.223
15.270  10.000  10.128  0.325
15.280  10.000  10.151  0.383
15.290  10.000  10.019  0.309
15.300  10.000  9.824  0.267
15.310  10.000  9.888  0.315
15.320  10.000  10.182  0.390
15.330  10.000  10.250  0.369
15.340  10.000  9.794  0.429
15.350  10.000  9.646  0.673
15.360  10.000  9.867  1.154
15.370  10.000  10.289  1.571
15.380  10.000  10.156  1.563
15.390  10.000  9.992  1.422
15.400  10.000  9.880  1.523
15.410  10.000  9.982  1.683
15.420  10.000  10.165  1.722
15.430  10.000  9.935  1.776
15.440  10.000  9.987  1.774
15.450  10.000  10.336  1.748
15.460  10.000  9.817  1.931
15.470  10.000  9.924  2.275
15.480  10.000  9.775  2.658
15.490  10.000  10.291  2.881
15.500  10.000  10.063  2.905
15.510  10.000  9.952  2.998
15.520  11.500  9.889  3.207
15.530  13.000  10.101  3.579
15.540  14.500  11.249  4.433
15.550  16.000  11.532  5.945
15.560  17.500  12.710  8.191
15.570  19.000  13.226  11.461
15.580  20.500  15.806  15.687
15.590  22.000  18.341  20.698
15.600  23.500  18.822  27.078
15.610  25.000  20.363  34.675
15.620  25.000  21.909  42.526
15.630  25.000  22.511  50.513
15.640  25.000  23.789  58.743
15.650  25.000  23.825  66.839
15.660  25.000  24.209  74.887
15.670  25.000  24.050  83.383
15.680  25.000  24.651  91.544
15.690  25.000  24.996  99.209
15.700  25.000  25.102  106.898
15.710  25.000  24.305  114.876
15.720  25.000  24.870  122.772
15.730  25.000  25.158  130.292
15.740  25.000  24.942  138.138
15.750  25.000  25.545  146.194
15.760  25.000  25.036  154.081
15.770  25.000  25.289  161.552
15.780  25.000  25.872  168.482
15.790  25.000  24.694  175.428
15.800  25.000  24.995  182.697
15.810  25.000  25.395  189.634
15.820  25.000  25.319  196.226
15.830  25.000  24.997  203.268
15.840  25.000  26.107  210.352
15.850  25.000  25.786  217.309
15.860  25.000  25.056  224.626
15.870  25.000  25.123  232.062
15.880  25.000  25.007  239.223
15.890  25.000  25.731  245.808
15.900  25.000  25.314  252.588
15.910  25.000  25.219  260.106
15.920  25.000  25.474  267.560
15.930  25.000  25.867  274.226
15.940  25.000  25.266  280.763
15.950  25.000  25.155  287.711
15.960  25.000  25.329  294.094
15.970  25.000  25.361  300.081
15.980  25.000  25.261  306.149
15.990  25.000  24.557  312.077
16.000  25.000  23.833  318.088
16.010  25.000  25.445  323.791
16.020  25.000  24.981  329.555
16.030  25.000  25.026  335.867
16.040  25.000  25.865  342.270
16.050  25.000  25.847  348.505
16.060  25.000  25.934  354.202
16.070  25.000  25.186  359.957
16.080  25.000  24.699  365.827
16.090  25.000  24.346  371.455
16.100  25.000  24.580  377.299
16.110  25.000  24.480  383.115
16.120  25.000  25.614  388.558
16.130  25.000  25.632  393.857
16.140  25.000  25.442  399.236
16.150  25.000  25.342  404.496
16.160  25.000  25.301  409.819
16.170  25.000  24.557  415.512
16.180  25.000  24.975  421.266
16.190  25.000  25.370  426.815
16.200  25.000  25.450  432.146
16.210  25.000  25.206  437.441
16.220  25.000  25.653  442.476
16.230  25.000  25.595  447.074
16.240  25.000  24.832  451.915
16.250  25.000  24.337  457.102
16.260  25.000  24.842  461.990
16.270  25.000  25.025  466.793
16.280  25.000  25.724  471.632
16.290  25.000  25.084  476.511
16.300  25.000  25.884  481.122
16.310  25.000  24.438  485.728
16.320  25.000  24.792  490.804
16.330  25.000  25.350  495.502
16.340  25.000  25.003  500.024
16.350  25.000  25.079  504.677
16.360  25.000  25.104  509.331
16.370  25.000  25.411  514.103
16.380  25.000  25.546  518.756
16.390  25.000  25.110  523.071
16.400  25.000  25.006  527.352
16.410  25.000  25.181  531.764
16.420  25.000  25.072  536.038
16.430  25.000  25.482  540.182
16.440  25.000  25.428  544.293
16.450  25.000  24.988  547.974
16.460  25.000  24.773  551.403
16.470  25.000  24.765  555.120
16.480  25.000  24.491  559.111
16.490  25.000  25.625  563.008
16.500  25.000  24.699  567.000
16.510  25.000  25.295  570.944
16.520  10.000  25.964  574.386
16.530  10.000  24.951  577.409
16.540  10.000  22.007  579.360
16.550  10.000  19.997  579.780
16.560  10.000  16.517  578.623
16.570  10.000  14.645  575.378
16.580  10.000  14.060  569.494
16.590  10.000  13.111  562.782
16.600  10.000  12.917  556.006
16.610  10.000  12.591  548.705
16.620  10.000  12.422  541.607
16.630  10.000  12.271  534.568
16.640  10.000  12.181  528.050
16.650  10.000  11.944  521.885
16.660  10.000  11.932  515.421
16.670  10.000  11.662  508.893
16.680  10.000  11.439  502.792
16.690  10.000  11.194  497.246
16.700  10.000  11.247  491.641
16.710  10.000  10.757  485.240
16.720  10.000  10.937  478.564
16.730  10.000  10.952  472.641
16.740  10.000  10.870  466.431
16.750  10.000  10.959  459.627
16.760  10.000  10.847  453.013
16.770  10.000  10.766  446.556
16.780  10.000  10.595  440.213
16.790  10.000  10.632  434.136
16.800  10.000  10.676  427.776
16.810  10.000  10.564  421.169
16.820  10.000  10.462  414.654
16.830  10.000  10.333  408.008
16.840  10.000  10.116  402.075
16.850  10.000  10.002  396.361
16.860  10.000  10.088  390.306
16.870  10.000  9.999  384.073
16.880  10.000  9.993  377.785
16.890  10.000  9.954  371.946
16.900  10.000  9.821  366.180
16.910  10.000  9.645  360.550
16.920  10.000  9.576  355.185
16.930  10.000  9.539  349.398
16.940  10.000  9.637  343.230
16.950  10.000  9.753  337.432
16.960  10.000  9.647  332.292
16.970  10.000  9.480  326.957
16.980  10.000  9.707  320.983
16.990  10.000  9.495  314.844
17.000  10.000  9.545  309.380
17.010  10.000  9.532  304.154
17.020  10.000  9.456  298.478
17.030  10.000  9.382  293.271
17.040  10.000  9.406  288.521
17.050  10.000  9.339  283.142
17.060  10.000  9.400  277.669
17.070  10.000  9.339  272.685
17.080  10.000  9.280  267.363
17.090  10.000  9.245  262.239
17.100  10.000  9.275  257.008
17.110  10.000  9.352  251.685
17.120  10.000  9.152  246.597
17.130  10.000  9.302  241.572
17.140  10.000  9.233  236.514
17.150  10.000  9.255  231.468
17.160  10.000  9.352  227.075
17.170  10.000  9.337  222.320
17.180  10.000  9.337  217.595
17.190  10.000  9.428  213.449
17.200  10.000  9.362  209.479
17.210  10.000  9.490  204.807
17.220  10.000  9.604  200.122
17.230  10.000  9.619  195.914
17.240  10.000  9.483  191.662
17.250  10.000  9.594  187.705
17.260  10.000  9.677  183.576
17.270  10.000  9.684  179.357
17.280  10.000  9.600  175.204
17.290  10.000  9.531  171.103
17.300  10.000  9.506  167.145
17.310  10.000  9.346  163.414
17.320  10.000  9.361  159.545
17.330  10.000  9.347  155.596
17.340  10.000  9.209  151.748
17.350  10.000  9.245  147.932
17.360  10.000  9.348  144.219
17.370  10.000  9.381  140.565
17.380  10.000  9.378  137.078
17.390  10.000  9.589  133.714
17.400  10.000  9.637  130.525
17.410  10.000  9.705  127.426
17.420  10.000  9.738  124.237
17.430  10.000  9.748  121.127
17.440  10.000  9.588  117.997
17.450  10.000  9.650  114.951
17.460  10.000  9.789  112.072
17.470  10.000  9.774  109.272
17.480  10.000  9.825  106.526
17.490  10.000  9.874  103.450
17.500  10.000  9.873  100.523
17.510  10.000  9.773  97.867
17.520  10.000  9.741  95.255
17.530  10.000  9.749  92.692
17.540  10.000  9.857  89.770
17.550  10.000  9.697  86.874
17.560  10.000  9.726  84.204
17.570  10.000  9.734  81.539
17.580  10.000  9.752  78.883
17.590  10.000  9.771  76.379
17.600  10.000  9.578  73.832
17.610  10.000  9.585  71.127
17.620  10.000  9.477  68.770
17.630  10.000  9.587  66.591
17.640  10.000  9.693  64.375
17.650  10.000  9.905  62.207
17.660  10.000  9.930  59.893
17.670  10.000  9.870  57.771
17.680  10.000  9.754  55.725
17.690  10.000  9.758  53.655
17.700  10.000  10.000  51.635
17.710  10.000  9.953  49.577
17.720  10.000  9.889  47.830
17.730  10.000  9.898  45.923
17.740  10.000  9.815  43.871
17.750  10.000  9.832  42.144
17.760  10.000  9.858  40.534
17.770  10.000  9.920  38.810
17.780  10.000  9.922  37.102
17.790  10.000  9.932  35.744
17.800  10.000  9.992  34.275
17.810  10.000  9.952  32.683
17.820  10.000  9.842  31.288
17.830  10.000  9.948  29.793
17.840  10.000  9.891  28.228
17.850  10.000  9.823  26.701
17.860  10.000  9.943  25.131
17.870  10.000  9.995  23.685
17.880  10.000  9.919  22.345
17.890  10.000  9.945  21.053
17.900  10.000  9.947  19.737
17.910  10.000  10.024  18.343
17.920  10.000  9.860  16.888
17.930  10.000  9.747  15.547
17.940  10.000  9.798  14.496
17.950  10.000  9.975  13.420
17.960  10.000  10.179  12.178
17.970  10.000  10.223  10.872
17.980  10.000  9.889  9.760
17.990  10.000  9.695  8.851
18.000  10.000  9.865  7.854
18.010  10.000  9.902  6.786
18.020  10.000  10.151  5.659
18.030  10.000  10.016  4.526
18.040  10.000  9.694  3.517
18.050  10.000  9.746  2.482
18.060  10.000  9.880  1.527
18.070  10.000  9.911  0.731
18.080  10.000  9.799  -0.151
18.090  10.000  9.773  -1.025
18.100  10.000  9.752  -1.709
18.110  10.000  9.728  -2.296
18.120  10.000  9.882  -2.908
18.130  10.000  9.943  -3.653
18.140  10.000  9.788  -4.342
18.150  10.000  9.992  -5.023
18.160  10.000  9.788  -5.803
18.170  10.000  9.853  -6.583
18.180  10.000  10.015  -7.243
18.190  10.000  9.754  -7.763
18.200  10.000  9.614  -8.350
18.210  10.000  9.670  -9.093
18.220  10.000  9.779  -9.845
18.230  10.000  9.730  -10.591
18.240  10.000  9.882  -11.391
18.250  10.000  9.829  -12.096
18.260  10.000  9.796  -12.801
18.270  10.000  9.719  -13.576
18.280  10.000  9.671  -14.241
18.290  10.000  9.659  -14.797
18.300  10.000  9.909  -15.196
18.310  10.000  9.714  -15.629
18.320  10.000  9.941  -16.072
18.330  10.000  9.775  -16.156
18.340  10.000  9.661  -16.286
18.350  10.000  9.774  -16.458
18.360  10.000  9.915  -16.658
18.370  10.000  10.107  -16.857
18.380  10.000  9.853  -16.937
18.390  10.000  9.573  -16.922
18.400  10.000  9.955  -16.771
18.410  10.000  10.157  -16.682
18.420  10.000  10.039  -16.522
18.430  10.000  9.906  -16.216
18.440  10.000  9.686  -15.783
18.450  10.000  9.865  -15.333
18.460  10.000  10.152  -14.938
18.470  10.000  9.903  -14.466
18.480  10.000  9.937  -13.856
18.490  10.000  10.026  -13.370
18.500  10.000  10.002  -13.142
18.510  10.000  10.206  -13.029
18.520  10.000  9.831  -12.713
18.530  10.000  10.185  -12.273
18.540  10.000  10.036  -11.965
18.550  10.000  10.036  -11.764
18.560  10.000  10.095  -11.726
18.570  10.000  10.062  -11.636
18.580  10.000  9.894  -11.361
18.590  10.000  10.031  -11.030
18.600  10.000  10.036  -10.669
18.610  10.000  10.088  -10.256
18.620  10.000  9.865  -9.988
18.630  10.000  10.188  -9.913
18.640  10.000  10.083  -9.872
18.650  10.000  10.093  -9.755
18.660  10.000  9.969  -9.425
18.670  10.000  10.053  -9.125
18.680  10.000  10.091  -9.042
18.690  10.000  9.890  -8.900
18.700  10.000  10.009  -8.815
18.710  10.000  9.930  -8.725
18.720  10.000  10.029  -8.589
18.730  10.000  10.008  -8.535
18.740  10.000  10.174  -8.549
18.750  10.000  10.054  -8.520
18.760  10.000  9.897  -8.389
18.770  10.000  10.092  -8.318
18.780  10.000  10.225  -8.242
18.790  10.000  9.986  -8.062
18.800  10.000  9.727  -7.789
18.810  10.000  10.198  -7.719
18.820  10.000  10.044  -7.818
18.830  10.000  10.101  -7.810
18.840  10.000  9.933  -7.804
18.850  10.000  10.020  -7.929
18.860  10.000  9.998  -8.043
18.870  10.000  9.859  -7.991
18.880  10.000  10.014  -7.878
18.890  10.000  9.926  -7.765
18.900  10.000  10.081  -7.500
18.910  10.000  10.011  -7.118
18.920  10.000  9.982  -6.976
18.930  10.000  9.983  -7.007
18.940  10.000  10.049  -6.902
18.950  10.000  9.955  -6.743
18.960  10.000  10.227  -6.699
18.970  10.000  10.100  -6.827
18.980  10.000  9.931  -6.971
18.990  10.000  9.840  -6.979
19.000  10.000  10.027  -6.916
19.010  10.000  9.899  -6.958
19.020  10.000  9.968  -7.135
19.030  10.000  10.061  -7.365
19.040  10.000  10.020  -7.659
19.050  10.000  9.698  -7.890
19.060  10.000  10.082  -7.913
19.070  10.000  9.904  -7.820
19.080  10.000  10.048  -7.745
19.090  10.000  9.929  -7.693
19.100  10.000  10.024  -7.648
19.110  10.000  9.986  -7.631
19.120  10.000  9.993  -7.650
19.130  10.000  10.153  -7.688
19.140  10.000  10.087  -7.698
19.150  10.000  10.123  -7.729
19.160  10.000  9.991  -7.758
19.170  10.000  10.022  -7.786
19.180  10.000  10.027  -7.847
19.190  10.000  10.176  -7.947
19.200  10.000  9.909  -8.097
19.210  10.000  10.034  -8.171
19.220  10.000  9.980  -8.384
19.230  10.000  10.084  -8.687
19.240  10.000  9.881  -8.825
19.250  10.000  9.894  -8.852
19.260  10.000  10.055  -8.928
19.270  10.000  9.941  -8.954
19.280  10.000  9.851  -8.876
19.290  10.000  9.969  -8.987
19.300  10.000  10.187  -9.293
19.310  10.000  10.128  -9.509
19.320  10.000  9.956  -9.645
19.330  10.000  9.985  -9.787
19.340  10.000  9.725  -9.849
19.350  10.000  10.081  -9.845
19.360  10.000  9.944  -9.771
19.370  10.000  10.041  -9.596
19.380  10.000  9.854  -9.378
19.390  10.000  10.183  -9.251
19.400  10.000  9.840  -9.236
19.410  10.000  10.111  -9.270
19.420  10.000  10.006  -9.371
19.430  10.000  10.060  -9.450
19.440  10.000  9.803  -9.411
19.450  10.000  9.851  -9.221
19.460  10.000  10.016  -9.029
19.470  10.000  10.165  -8.961
19.480  10.000  9.941  -8.912
19.490  10.000  9.854  -8.834
19.500  10.000  10.104  -8.892
19.510  10.000  10.080  -9.009
19.520  10.000  9.802  -8.897
19.530  10.000  9.904  -8.707
19.540  10.000  10.118  -8.652
19.550  10.000  10.254  -8.792
19.560  10.000  9.896  -8.845
19.570  10.000  9.851  -8.791
19.580  10.000  9.846  -8.687
19.590  10.000  10.172  -8.517
19.600  10.000  10.088  -8.405
19.610  10.000  9.939  -8.340
19.620  10.000  9.930  -8.182
19.630  10.000  9.921  -7.981
19.640  10.000  9.997  -7.828
19.650  10.000  9.861  -7.530
19.660  10.000  9.893  -7.104
19.670  10.000  9.957  -6.698
19.680  10.000  10.141  -6.368
19.690  10.000  10.069  -6.128
19.700  10.000  10.083  -5.977
19.710  10.000  9.921  -5.806
19.720  10.000  9.996  -5.548
19.730  10.000  10.115  -5.315
19.740  10.000  10.260  -5.100
19.750  10.000  10.084  -4.653
19.760  10.000  9.894  -4.089
19.770  10.000  9.824  -3.692
19.780  10.000  10.107  -3.538
19.790  10.000  10.025  -3.562
19.800  10.000  9.985  -3.574
19.810  10.000  9.973  -3.545
19.820  10.000  10.127  -3.524
19.830  10.000  10.136  -3.657
19.840  10.000  9.941  -3.774
19.850  10.000  9.952  -3.762
19.860  10.000  9.933  -3.721
19.870  10.000  10.050  -3.686
19.880  10.000  10.175  -3.733
19.890  10.000  9.865  -3.787
19.900  10.000  10.065  -3.961
19.910  10.000  10.214  -4.221
19.920  10.000  10.018  -4.349
19.930  10.000  10.080  -4.493
19.940  10.000  9.919  -4.649
19.950  10.000  10.028  -4.681
19.960  10.000  10.138  -4.904
19.970  10.000  9.914  -5.244
19.980  10.000  9.925  -5.527
19.990  10.000  10.100  -5.836
20.000  10.000  9.959  -6.029
20.010  10.000  10.055  -6.130
20.020  10.000  9.981  -6.281
20.030  10.000  9.988  -6.534
20.040  10.000  9.847  -6.643
20.050  10.000  10.022  -6.712
20.060  10.000  9.951  -6.933
20.070  10.000  10.115  -7.147
20.080  10.000  9.986  -7.407
20.090  10.000  9.950  -7.689
20.100  10.000  10.045  -8.005
20.110  10.000  9.981  -8.267
20.120  10.000  10.069  -8.378
20.130  10.000  9.988  -8.477
20.140  10.000  9.930  -8.639
20.150  10.000  9.990  -8.784
20.160  10.000  9.979  -8.910
20.170  10.000  9.998  -8.940
20.180  10.000  9.907  -8.871
20.190  10.000  9.951  -8.920
20.200  10.000  10.020  -9.075
20.210  10.000  10.092  -9.402
20.220  10.000  10.012  -9.776
20.230  10.000  9.997  -9.953
20.240  10.000  10.031  -10.073
20.250  10.000  9.898  -10.243
20.260  10.000  9.870  -10.504
20.270  10.000  9.951  -10.633
20.280  10.000  9.971  -10.457
20.290  10.000  9.921  -10.405
20.300  10.000  9.978  -10.641
20.310  10.000  9.946  -10.672
20.320  10.000  10.106  -10.675
20.330  10.000  10.014  -10.970
20.340  10.000  9.926  -11.199
20.350  10.000  9.860  -11.169
20.360  10.000  9.946  -10.861
20.370  10.000  10.060  -10.560
20.380  10.000  10.174  -10.335
20.390  10.000  9.710  -10.047
20.400  10.000  9.746  -9.644
20.410  10.000  9.942  -9.305
20.420  10.000  10.094  -9.131
20.430  10.000  10.351  -9.019
20.440  10.000  10.084  -8.914
20.450  10.000  9.730  -8.583
20.460  10.000  9.946  -8.203
20.470  10.000  10.090  -8.061
20.480  10.000  10.000  -7.983
20.490  10.000  10.317  -8.017
20.500  10.000  9.560  -8.032
20.510  10.000  10.050  -7.979
20.520  10.000  10.095  -7.923
20.530  11.500  10.295  -7.742
20.540  13.000  10.166  -7.269
20.550  14.500  10.663  -6.221
20.560  16.000  11.655  -4.690
20.570  17.500  13.286  -2.420
20.580  19.000  13.242  1.252
20.590  20.500  15.312  5.799
20.600  22.000  17.901  11.011
20.610  23.500  19.234  17.268
20.620  25.000  20.690  24.275
20.630  25.000  21.861  31.884
20.640  25.000  22.484  40.055
20.650  25.000  23.488  48.171
20.660  25.000  23.891  55.944
20.670  25.000  24.431  64.109
20.680  25.000  24.882  72.252
20.690  25.000  24.225  79.908
20.700  25.000  24.895  87.426
20.710  25.000  24.631  95.183
20.720  25.000  25.071  103.148
20.730  25.000  25.286  110.842
20.740  25.000  24.896  118.462
20.750  25.000  24.413  126.404
20.760  25.000  24.921  134.176
20.770  25.000  24.653  141.576
20.780  25.000  25.300  148.955
20.790  25.000  24.694  156.598
20.800  25.000  25.010  164.243
20.810  25.000  25.257  171.638
20.820  25.000  25.577  179.058
20.830  25.000  25.246  186.294
20.840  25.000  25.446  193.575
20.850  25.000  25.268  201.068
20.860  25.000  25.544  208.304
20.870  25.000  25.297  215.143
20.880  25.000  25.820  222.089
20.890  25.000  25.886  229.251
20.900  25.000  25.606  236.319
20.910  25.000  25.379  243.272
20.920  25.000  25.671  250.393
20.930  25.000  25.284  257.416
20.940  25.000  25.209  264.092
20.950  25.000  25.181  270.794
20.960  25.000  25.146  277.428
20.970  25.000  24.819  283.994
20.980  25.000  25.050  290.638
20.990  25.000  25.772  296.905
21.000  25.000  25.883  302.984
21.010  25.000  25.270  309.207
21.020  25.000  24.730  315.327
21.030  25.000  25.129  321.144
21.040  25.000  25.128  326.738
21.050  25.000  24.731  332.510
21.060  25.000  24.630  338.438
21.070  25.000  25.148  344.355
21.080  25.000  24.800  350.322
21.090  25.000  24.765  356.314
21.100  25.000  25.238  362.048
21.110  25.000  25.055  368.070
21.120  25.000  25.089  374.154
21.130  25.000  25.236  380.109
21.140  25.000  25.567  386.031
21.150  25.000  25.568  391.540
21.160  25.000  25.275  397.087
21.170  25.000  25.426  402.561
21.180  25.000  25.195  407.842
21.190  25.000  24.900  413.114
21.200  25.000  25.113  418.499
21.210  25.000  25.551  423.791
21.220  25.000  25.426  428.808
21.230  25.000  25.371  433.534
21.240  25.000  25.037  438.031
21.250  25.000  24.808  442.714
21.260  25.000  24.778  447.604
21.270  25.000  25.214  452.605
21.280  25.000  25.654  457.633
21.290  25.000  25.466  462.357
21.300  25.000  24.812  466.790
21.310  25.000  25.289  471.115
