# covent_pc_8
# Captured 2020-06-19 23:05:07.643931 by unknown user
# Built at revision b0450af (dirty)
time(sec)  pc_setpoint  pressure  volume
0.000  10.000  9.625  -1.640
0.010  10.000  10.022  -1.563
0.020  10.000  10.230  -1.609
0.030  10.000  9.854  -1.634
0.040  10.000  9.803  -1.609
0.050  10.000  9.711  -1.487
0.060  10.000  10.106  -1.235
0.070  10.000  10.013  -0.968
0.080  10.000  10.016  -0.611
0.090  10.000  9.652  -0.308
0.100  10.000  10.106  -0.067
0.110  10.000  10.320  0.166
0.120  10.000  10.116  0.446
0.130  10.000  9.796  0.700
0.140  10.000  9.903  0.990
0.150  10.000  10.227  1.244
0.160  10.000  10.412  1.262
0.170  10.000  9.833  1.235
0.180  10.000  9.824  1.232
0.190  10.000  9.880  1.465
0.200  10.000  10.731  1.694
0.210  10.000  10.081  1.719
0.220  10.000  9.810  1.475
0.230  10.000  9.708  1.049
0.240  10.000  10.251  0.789
0.250  10.000  10.462  0.477
0.260  10.000  9.951  0.008
0.270  10.000  9.596  -0.533
0.280  10.000  10.059  -0.992
0.290  10.000  10.183  -1.375
0.300  10.000  9.938  -1.775
0.310  10.000  9.634  -2.168
0.320  10.000  9.821  -2.535
0.330  10.000  10.026  -2.828
0.340  10.000  10.101  -3.005
0.350  10.000  9.700  -3.043
0.360  10.000  9.906  -2.953
0.370  10.000  9.956  -2.833
0.380  10.000  10.190  -2.696
0.390  10.000  9.937  -2.636
0.400  10.000  9.597  -2.585
0.410  10.000  9.791  -2.421
0.420  10.000  10.386  -2.293
0.430  10.000  10.134  -2.169
0.440  10.000  9.685  -1.823
0.450  10.000  9.946  -1.387
0.460  10.000  10.349  -1.095
0.470  10.000  10.522  -1.006
0.480  10.000  10.008  -1.138
0.490  10.000  9.670  -1.201
0.500  10.000  9.948  -1.296
0.510  10.000  10.435  -1.478
0.520  10.000  10.276  -1.587
0.530  10.000  9.831  -1.811
0.540  10.000  9.733  -2.145
0.550  10.000  10.123  -2.357
0.560  10.000  10.362  -2.421
0.570  10.000  10.081  -2.708
0.580  10.000  9.731  -3.137
0.590  10.000  9.686  -3.367
0.600  10.000  9.947  -3.447
0.610  10.000  10.493  -3.594
0.620  10.000  10.002  -3.692
0.630  10.000  9.540  -3.725
0.640  12.500  9.745  -3.990
0.650  15.000  10.417  -3.907
0.660  17.500  12.093  -2.965
0.670  20.000  13.983  -1.000
0.680  22.500  15.926  2.541
0.690  25.001  17.430  7.849
0.700  27.500  20.017  14.532
0.710  30.000  21.908  22.121
0.720  32.500  24.148  29.859
0.730  35.000  25.119  37.686
0.740  35.000  25.839  45.646
0.750  35.000  25.694  53.371
0.760  35.000  26.381  60.902
0.770  35.000  26.214  68.238
0.780  35.000  27.285  75.748
0.790  35.000  27.616  83.214
0.800  35.000  27.960  90.334
0.810  35.000  28.565  97.119
0.820  35.000  28.749  103.643
0.830  35.000  29.607  109.994
0.840  35.000  29.668  116.112
0.850  35.000  30.073  122.189
0.860  35.000  30.829  128.065
0.870  35.000  30.608  134.034
0.880  35.000  30.543  140.374
0.890  35.000  31.426  146.453
0.900  35.000  31.815  152.103
0.910  35.000  32.533  157.587
0.920  35.000  32.088  163.178
0.930  35.000  32.881  168.656
0.940  35.000  33.611  173.603
0.950  35.000  34.373  178.240
0.960  35.000  34.783  182.736
0.970  35.000  33.722  187.204
0.980  35.000  34.798  191.679
0.990  35.000  34.867  196.137
1.000  35.000  34.830  200.615
1.010  35.000  35.617  204.880
1.020  35.000  35.803  208.910
1.030  35.000  35.098  213.094
1.040  35.000  36.760  217.134
1.050  35.000  35.983  220.740
1.060  35.000  36.922  224.225
1.070  35.000  36.655  227.888
1.080  35.000  36.632  231.494
1.090  35.000  37.050  234.729
1.100  35.000  35.842  237.527
1.110  35.000  36.894  239.774
1.120  35.000  36.164  241.550
1.130  35.000  36.531  243.033
1.140  35.000  36.455  244.374
1.150  35.000  36.334  245.658
1.160  35.000  36.640  246.895
1.170  35.000  35.599  247.834
1.180  35.000  35.885  248.165
1.190  35.000  35.014  247.735
1.200  35.000  34.426  246.690
1.210  35.000  33.736  245.001
1.220  35.000  33.256  242.791
1.230  35.000  33.517  240.824
1.240  35.000  34.371  239.233
1.250  35.000  34.537  237.717
1.260  35.000  34.520  236.247
1.270  35.000  33.660  234.928
1.280  35.000  34.002  233.946
1.290  35.000  34.578  233.325
1.300  35.000  34.353  232.888
1.310  35.000  34.507  232.631
1.320  35.000  34.613  232.734
1.330  35.000  34.608  233.270
1.340  35.000  34.571  234.015
1.350  35.000  34.525  234.686
1.360  35.000  35.172  235.356
1.370  35.000  34.829  236.256
1.380  35.000  34.845  237.380
1.390  35.000  35.176  238.458
1.400  35.000  35.289  239.417
1.410  35.000  35.168  240.397
1.420  35.000  35.278  241.362
1.430  35.000  34.785  242.274
1.440  35.000  35.900  242.988
1.450  35.000  35.112  243.533
1.460  35.000  35.288  244.052
1.470  35.000  34.594  244.522
1.480  35.000  35.535  244.758
1.490  35.000  35.174  244.777
1.500  35.000  35.387  244.767
1.510  35.000  34.984  244.766
1.520  35.000  34.911  244.826
1.530  35.000  34.792  244.845
1.540  35.000  34.977  244.777
1.550  35.000  35.510  244.669
1.560  35.000  34.775  244.589
1.570  35.000  34.684  244.555
1.580  35.000  34.953  244.635
1.590  35.000  35.099  244.898
1.600  35.000  35.035  245.040
1.610  35.000  35.149  244.982
1.620  35.000  35.072  245.030
1.630  35.000  35.300  245.077
1.640  10.000  34.369  245.058
1.650  10.000  34.504  244.829
1.660  10.000  31.562  243.228
1.670  10.000  26.392  238.402
1.680  10.000  23.020  231.462
1.690  10.000  20.346  223.524
1.700  10.000  20.031  214.769
1.710  10.000  18.752  206.026
1.720  10.000  18.482  197.686
1.730  10.000  17.603  190.129
1.740  10.000  17.134  182.430
1.750  10.000  16.441  174.946
1.760  10.000  15.819  167.917
1.770  10.000  15.409  160.889
1.780  10.000  14.951  153.668
1.790  10.000  14.448  146.170
1.800  10.000  14.028  138.561
1.810  10.000  13.552  131.493
1.820  10.000  13.000  124.633
1.830  10.000  12.543  117.960
1.840  10.000  12.301  111.768
1.850  10.000  11.853  105.249
1.860  10.000  11.279  98.951
1.870  10.000  11.017  92.915
1.880  10.000  10.568  86.994
1.890  10.000  10.325  80.757
1.900  10.000  9.976  74.625
1.910  10.000  9.508  69.129
1.920  10.000  9.317  63.391
1.930  10.000  9.011  57.796
1.940  10.000  8.804  52.622
1.950  10.000  8.591  47.269
1.960  10.000  8.318  42.173
1.970  10.000  8.086  37.203
1.980  10.000  7.852  32.482
1.990  10.000  7.870  27.875
2.000  10.000  7.904  23.520
2.010  10.000  7.958  19.879
2.020  10.000  7.797  16.497
2.030  10.000  7.671  13.413
2.040  10.000  8.021  10.638
2.050  10.000  8.259  8.382
2.060  10.000  8.440  6.533
2.070  10.000  8.620  5.047
2.080  10.000  9.215  4.142
2.090  10.000  9.620  3.495
2.100  10.000  8.886  2.969
2.110  10.000  8.517  2.732
2.120  10.000  8.709  2.737
2.130  10.000  9.673  3.305
2.140  10.000  10.142  4.283
2.150  10.000  9.741  5.382
2.160  10.000  9.425  6.575
2.170  10.000  9.920  7.738
2.180  10.000  10.302  8.867
2.190  10.000  10.579  9.982
2.200  10.000  10.137  11.142
2.210  10.000  10.094  12.275
2.220  10.000  10.443  13.159
2.230  10.000  10.359  13.799
2.240  10.000  10.117  14.214
2.250  10.000  10.286  14.373
2.260  10.000  10.224  14.449
2.270  10.000  10.422  14.472
2.280  10.000  10.202  14.355
2.290  10.000  10.016  14.183
2.300  10.000  9.947  14.005
2.310  10.000  10.298  13.753
2.320  10.000  10.404  13.280
2.330  10.000  10.046  12.671
2.340  10.000  9.801  12.072
2.350  10.000  9.910  11.373
2.360  10.000  10.098  10.530
2.370  10.000  10.003  9.723
2.380  10.000  9.729  9.049
2.390  10.000  9.746  8.475
2.400  10.000  9.814  7.996
2.410  10.000  9.710  7.537
2.420  10.000  9.675  7.071
2.430  10.000  9.917  6.940
2.440  10.000  9.923  7.115
2.450  10.000  9.764  7.382
2.460  10.000  10.037  7.678
2.470  10.000  10.033  7.963
2.480  10.000  9.831  8.376
2.490  10.000  9.974  8.790
2.500  10.000  10.062  9.052
2.510  10.000  10.178  9.247
2.520  10.000  10.112  9.346
2.530  10.000  9.859  9.307
2.540  10.000  9.794  9.313
2.550  10.000  10.313  9.239
2.560  10.000  10.185  9.224
2.570  10.000  9.810  9.413
2.580  10.000  9.933  9.572
2.590  10.000  10.232  9.667
2.600  10.000  10.089  9.588
2.610  10.000  9.980  9.436
2.620  10.000  9.936  9.283
2.630  10.000  10.140  9.250
2.640  10.000  10.206  9.323
2.650  10.000  10.110  9.152
2.660  10.000  9.869  8.940
2.670  10.000  9.972  8.730
2.680  10.000  10.214  8.416
2.690  10.000  10.153  8.074
2.700  10.000  9.806  7.689
2.710  10.000  9.821  7.310
2.720  10.000  9.941  6.960
2.730  10.000  10.063  6.689
2.740  10.000  10.154  6.392
2.750  10.000  9.791  6.265
2.760  10.000  9.783  6.547
2.770  10.000  9.974  6.730
2.780  10.000  9.991  6.835
2.790  10.000  9.787  6.968
2.800  10.000  9.794  6.971
2.810  10.000  9.917  7.025
2.820  10.000  10.186  7.221
2.830  10.000  9.878  7.535
2.840  10.000  9.707  8.015
2.850  10.000  10.136  8.535
2.860  10.000  10.186  8.983
2.870  10.000  9.986  9.598
2.880  10.000  9.796  10.196
2.890  10.000  10.024  10.721
2.900  10.000  10.184  11.233
2.910  10.000  10.192  11.557
2.920  10.000  10.073  11.791
2.930  10.000  9.942  12.142
2.940  10.000  10.188  12.467
2.950  10.000  10.383  12.439
2.960  10.000  10.095  12.302
2.970  10.000  10.052  12.136
2.980  10.000  9.911  11.866
2.990  10.000  10.215  11.562
3.000  10.000  10.118  11.162
3.010  10.000  9.960  10.656
3.020  10.000  9.974  10.183
3.030  10.000  9.913  9.841
3.040  10.000  9.854  9.523
3.050  10.000  9.916  9.129
3.060  10.000  9.986  8.705
3.070  10.000  10.097  8.383
3.080  10.000  9.705  8.238
3.090  10.000  9.740  8.315
3.100  10.000  9.982  8.453
3.110  10.000  10.182  8.449
3.120  10.000  9.747  8.464
3.130  10.000  9.729  8.672
3.140  10.000  9.936  9.045
3.150  10.000  10.164  9.427
3.160  10.000  10.211  9.807
3.170  10.000  9.765  10.228
3.180  10.000  9.677  10.587
3.190  10.000  9.972  10.961
3.200  10.000  10.438  11.298
3.210  10.000  10.238  11.356
3.220  10.000  9.813  11.387
3.230  10.000  9.814  11.707
3.240  10.000  10.250  11.998
3.250  10.000  10.331  12.067
3.260  10.000  10.097  11.975
3.270  10.000  9.723  11.823
3.280  10.000  9.858  11.657
3.290  10.000  10.521  11.550
3.300  10.000  10.233  11.329
3.310  10.000  9.918  10.899
3.320  10.000  9.553  10.632
3.330  10.000  10.146  10.449
3.340  10.000  10.332  10.100
3.350  10.000  9.972  9.851
3.360  10.000  9.619  9.682
3.370  10.000  9.749  9.517
3.380  10.000  10.132  9.463
3.390  10.000  10.201  9.533
3.400  10.000  9.967  9.648
3.410  10.000  9.269  9.860
3.420  10.000  10.008  10.020
3.430  10.000  10.441  10.094
3.440  10.000  10.486  10.184
3.450  10.000  9.574  10.213
3.460  10.000  9.621  10.327
3.470  10.000  10.016  10.551
3.480  10.000  10.402  10.798
3.490  10.000  10.366  10.789
3.500  10.000  9.639  10.547
3.510  10.000  9.619  10.483
3.520  10.000  10.138  10.635
3.530  10.000  10.449  10.726
3.540  10.000  10.011  10.589
3.550  10.000  9.710  10.274
3.560  10.000  9.739  10.194
3.570  10.000  10.306  10.213
3.580  10.000  10.096  10.229
3.590  10.000  10.041  10.299
3.600  10.000  9.707  10.176
3.610  10.000  10.005  10.045
3.620  10.000  9.954  10.186
3.630  10.000  10.395  10.376
3.640  10.000  9.733  10.443
3.650  12.500  9.629  10.565
3.660  15.000  10.312  10.970
3.670  17.500  11.645  12.207
3.680  20.000  14.032  14.418
3.690  22.500  16.740  17.833
3.700  25.000  17.977  22.968
3.710  27.500  19.846  29.754
3.720  30.000  23.005  37.461
3.730  32.500  24.490  45.287
3.740  35.000  25.068  52.897
3.750  35.000  26.085  60.238
3.760  35.000  26.430  67.671
3.770  35.000  27.158  74.943
3.780  35.000  26.431  82.109
3.790  35.000  27.666  88.767
3.800  35.000  28.256  95.251
3.810  35.000  28.128  102.124
3.820  35.000  29.190  108.179
3.830  35.000  29.557  114.023
3.840  35.000  29.695  120.285
3.850  35.000  29.558  126.584
3.860  35.000  30.847  132.432
3.870  35.000  30.305  138.066
3.880  35.000  31.053  144.020
3.890  35.000  31.239  149.958
3.900  35.000  31.827  155.734
3.910  35.000  31.702  161.226
3.920  35.000  32.351  166.256
3.930  35.000  33.304  171.233
3.940  35.000  32.928  176.468
3.950  35.000  33.719  181.470
3.960  35.000  34.238  186.193
3.970  35.000  34.792  190.780
3.980  35.000  33.870  195.249
3.990  35.000  35.031  199.585
4.000  35.000  34.359  203.902
4.010  35.000  35.473  208.161
4.020  35.000  35.125  212.372
4.030  35.000  36.108  216.483
4.040  35.000  36.096  220.198
4.050  35.000  36.226  223.917
4.060  35.000  36.848  227.768
4.070  35.000  36.632  231.407
4.080  35.000  36.685  235.013
4.090  35.000  36.611  238.626
4.100  35.000  36.025  241.937
4.110  35.000  36.336  244.585
4.120  35.000  36.155  246.846
4.130  35.000  35.855  249.135
4.140  35.000  35.766  251.081
4.150  35.000  36.196  252.670
4.160  35.000  36.538  253.914
4.170  35.000  36.342  254.705
4.180  35.000  36.108  255.007
4.190  35.000  35.515  254.943
4.200  35.000  34.683  254.503
4.210  35.000  34.991  253.221
4.220  35.000  33.806  251.253
4.230  35.000  34.025  248.986
4.240  35.000  34.491  246.859
4.250  35.000  34.396  245.115
4.260  35.000  34.248  243.344
4.270  35.000  33.975  241.516
4.280  35.000  33.608  240.112
4.290  35.000  33.895  239.301
4.300  35.000  34.508  238.912
4.310  35.000  34.769  238.616
4.320  35.000  34.500  238.334
4.330  35.000  34.105  238.354
4.340  35.000  34.358  238.864
4.350  35.000  34.727  239.809
4.360  35.000  35.638  240.823
4.370  35.000  34.566  241.853
4.380  35.000  34.614  243.005
4.390  35.000  34.420  244.179
4.400  35.000  35.222  245.411
4.410  35.000  35.708  246.538
4.420  35.000  35.423  247.576
4.430  35.000  35.221  248.498
4.440  35.000  34.908  249.266
4.450  35.000  35.463  249.996
4.460  35.000  35.652  250.593
4.470  35.000  35.654  250.943
4.480  35.000  35.132  250.940
4.490  35.000  35.020  250.838
4.500  35.000  34.728  250.812
4.510  35.000  35.507  250.764
4.520  35.000  34.994  250.591
4.530  35.000  35.078  250.380
4.540  35.000  34.319  250.184
4.550  35.000  35.200  249.948
4.560  35.000  35.034  249.651
4.570  35.000  35.093  249.309
4.580  35.000  34.254  249.117
4.590  35.000  34.622  249.134
4.600  35.000  35.296  249.225
4.610  35.000  35.072  249.315
4.620  35.000  34.761  249.397
4.630  35.000  34.538  249.511
4.640  35.000  35.004  249.778
4.650  10.000  35.289  250.216
4.660  10.000  34.232  250.584
4.670  10.000  31.308  249.899
4.680  10.000  26.970  246.296
4.690  10.000  22.212  239.984
4.700  10.000  20.578  231.778
4.710  10.000  19.983  223.393
4.720  10.000  18.859  215.201
4.730  10.000  18.538  206.908
4.740  10.000  17.708  199.391
4.750  10.000  17.295  191.609
4.760  10.000  16.650  183.308
4.770  10.000  16.179  175.582
4.780  10.000  15.484  168.292
4.790  10.000  15.119  160.570
4.800  10.000  14.507  153.073
4.810  10.000  13.924  146.220
4.820  10.000  13.463  139.249
4.830  10.000  12.914  132.632
4.840  10.000  12.438  126.029
4.850  10.000  11.906  119.544
4.860  10.000  11.543  113.344
4.870  10.000  11.318  106.566
4.880  10.000  10.915  100.092
4.890  10.000  10.619  93.710
4.900  10.000  10.206  87.621
4.910  10.000  9.817  82.067
4.920  10.000  9.516  76.160
4.930  10.000  9.177  70.351
4.940  10.000  8.947  65.278
4.950  10.000  8.823  60.006
4.960  10.000  8.593  54.728
4.970  10.000  8.253  49.477
4.980  10.000  8.122  43.803
4.990  10.000  7.993  38.144
5.000  10.000  7.808  33.352
5.010  10.000  7.957  29.426
5.020  10.000  7.975  25.552
5.030  10.000  7.788  21.820
5.040  10.000  7.685  18.548
5.050  10.000  8.023  15.846
5.060  10.000  8.418  13.393
5.070  10.000  8.498  11.395
5.080  10.000  8.751  10.195
5.090  10.000  9.407  9.468
5.100  10.000  9.485  9.028
5.110  10.000  9.104  8.625
5.120  10.000  8.738  8.223
5.130  10.000  8.844  7.925
5.140  10.000  9.531  7.884
5.150  10.000  10.448  8.179
5.160  10.000  9.821  8.626
5.170  10.000  9.262  9.186
5.180  10.000  9.366  9.892
5.190  10.000  10.316  10.798
5.200  10.000  10.386  11.783
5.210  10.000  10.314  12.634
5.220  10.000  9.861  13.249
5.230  10.000  10.063  13.810
5.240  10.000  10.531  14.375
5.250  10.000  10.343  14.942
5.260  10.000  10.069  15.341
5.270  10.000  10.033  15.472
5.280  10.000  10.369  15.468
5.290  10.000  10.770  15.198
5.300  10.000  10.217  14.662
5.310  10.000  9.942  13.836
5.320  10.000  9.825  13.036
5.330  10.000  10.272  12.442
5.340  10.000  10.176  11.872
5.350  10.000  9.956  11.248
5.360  10.000  9.771  10.528
5.370  10.000  9.899  9.748
5.380  10.000  9.816  8.891
5.390  10.000  9.867  8.108
5.400  10.000  9.817  7.419
5.410  10.000  9.880  6.887
5.420  10.000  9.864  6.687
5.430  10.000  9.760  6.619
5.440  10.000  9.768  6.531
5.450  10.000  9.942  6.474
5.460  10.000  9.969  6.360
5.470  10.000  9.737  6.284
5.480  10.000  9.899  6.331
5.490  10.000  9.952  6.604
5.500  10.000  10.150  6.965
5.510  10.000  9.813  7.313
5.520  10.000  10.002  7.678
5.530  10.000  9.725  8.247
5.540  10.000  10.161  8.763
5.550  10.000  10.346  9.011
5.560  10.000  10.112  9.293
5.570  10.000  10.141  9.463
5.580  10.000  10.097  9.437
5.590  10.000  10.148  9.361
5.600  10.000  10.247  9.236
5.610  10.000  10.212  9.010
5.620  10.000  10.056  8.804
5.630  10.000  9.927  8.484
5.640  10.000  10.100  8.064
5.650  10.000  10.161  7.569
5.660  10.000  10.276  6.975
5.670  10.000  9.946  6.284
5.680  10.000  9.641  5.657
5.690  10.000  9.840  5.178
5.700  10.000  9.961  4.742
5.710  10.000  10.004  4.406
5.720  10.000  9.811  4.168
5.730  10.000  9.724  4.100
5.740  10.000  9.894  4.046
5.750  10.000  9.997  4.000
5.760  10.000  10.158  3.915
5.770  10.000  9.837  3.770
5.780  10.000  9.783  3.752
5.790  10.000  9.917  3.887
5.800  10.000  10.109  4.023
5.810  10.000  10.201  3.978
5.820  10.000  10.111  3.802
5.830  10.000  9.805  3.729
5.840  10.000  9.736  4.029
5.850  10.000  10.138  4.327
5.860  10.000  10.246  4.263
5.870  10.000  9.825  4.115
5.880  10.000  9.848  4.082
5.890  10.000  10.021  4.164
5.900  10.000  10.244  4.265
5.910  10.000  9.957  4.407
5.920  10.000  9.980  4.517
5.930  10.000  9.942  4.677
5.940  10.000  10.371  4.711
5.950  10.000  10.223  4.544
5.960  10.000  9.881  4.389
5.970  10.000  9.736  4.151
5.980  10.000  10.030  3.938
5.990  10.000  10.395  3.685
6.000  10.000  9.902  3.512
6.010  10.000  9.797  3.255
6.020  10.000  9.745  2.980
6.030  10.000  10.193  2.843
6.040  10.000  10.295  2.654
6.050  10.000  10.086  2.586
6.060  10.000  9.562  2.470
6.070  10.000  9.936  2.295
6.080  10.000  10.232  2.294
6.090  10.000  10.125  2.239
6.100  10.000  9.855  1.926
6.110  10.000  9.764  1.771
6.120  10.000  9.979  1.795
6.130  10.000  10.191  1.771
6.140  10.000  9.947  1.687
6.150  10.000  9.926  1.565
6.160  10.000  9.973  1.499
6.170  10.000  10.112  1.476
6.180  10.000  9.955  1.315
6.190  10.000  9.876  1.126
6.200  10.000  9.995  1.119
6.210  10.000  9.896  1.181
6.220  10.000  10.125  1.169
6.230  10.000  10.112  1.117
6.240  10.000  9.862  1.234
6.250  10.000  9.691  1.359
6.260  10.000  9.994  1.381
6.270  10.000  10.319  1.324
6.280  10.000  10.100  1.297
6.290  10.000  9.976  1.257
6.300  10.000  9.879  1.208
6.310  10.000  10.242  1.065
6.320  10.000  10.338  0.719
6.330  10.000  10.026  0.355
6.340  10.000  9.854  -0.019
6.350  10.000  9.950  -0.303
6.360  10.000  10.062  -0.469
6.370  10.000  10.083  -0.653
6.380  10.000  9.777  -0.810
6.390  10.000  9.803  -0.806
6.400  10.000  10.154  -0.883
6.410  10.000  10.141  -1.148
6.420  10.000  9.863  -1.322
6.430  10.000  9.833  -1.330
6.440  10.000  10.005  -1.377
6.450  10.000  10.103  -1.574
6.460  10.000  9.950  -1.669
6.470  10.000  10.080  -1.636
6.480  10.000  9.947  -1.764
6.490  10.000  10.059  -2.020
6.500  10.000  10.021  -2.194
6.510  10.000  9.932  -2.363
6.520  10.000  9.780  -2.518
6.530  10.000  10.171  -2.759
6.540  10.000  9.937  -2.989
6.550  10.000  9.996  -3.162
6.560  10.000  9.894  -3.388
6.570  10.000  9.855  -3.510
6.580  10.000  10.239  -3.592
6.590  10.000  9.894  -3.530
6.600  10.000  9.942  -3.374
6.610  10.000  9.822  -3.272
6.620  10.000  10.301  -3.282
6.630  10.000  10.180  -3.381
6.640  10.000  9.983  -3.406
6.650  10.000  9.856  -3.376
6.660  12.500  9.917  -3.175
6.670  15.001  10.541  -2.600
6.680  17.500  11.530  -1.304
6.690  20.000  14.229  0.903
6.700  22.500  16.312  4.489
6.710  25.000  17.730  9.685
6.720  27.500  19.717  16.296
6.730  30.000  22.234  24.149
6.740  32.500  24.180  32.325
6.750  35.000  25.094  40.011
6.760  35.000  25.868  47.746
6.770  35.000  25.797  55.817
6.780  35.000  25.976  63.519
6.790  35.000  27.079  70.897
6.800  35.000  27.638  77.943
6.810  35.000  27.844  85.135
6.820  35.000  28.366  92.343
6.830  35.000  28.789  98.968
6.840  35.000  28.769  105.431
6.850  35.000  30.344  111.536
6.860  35.000  29.806  117.381
6.870  35.000  30.031  123.433
6.880  35.000  30.688  129.340
6.890  35.000  30.549  135.216
6.900  35.000  32.051  140.886
6.910  35.000  31.540  146.246
6.920  35.000  32.251  151.511
6.930  35.000  32.182  156.688
6.940  35.000  32.785  161.876
6.950  35.000  33.296  166.754
6.960  35.000  33.663  171.406
6.970  35.000  33.698  176.107
6.980  35.000  34.108  181.017
6.990  35.000  34.575  185.869
7.000  35.000  34.947  190.122
7.010  35.000  35.148  194.172
7.020  35.000  35.749  198.414
7.030  35.000  35.725  202.739
7.040  35.000  34.973  207.255
7.050  35.000  36.459  211.305
7.060  35.000  36.242  215.056
7.070  35.000  37.333  218.851
7.080  35.000  36.435  222.403
7.090  35.000  37.289  225.530
7.100  35.000  35.947  228.305
7.110  35.000  36.384  230.748
7.120  35.000  36.182  232.708
7.130  35.000  36.278  234.703
7.140  35.000  36.515  236.683
7.150  35.000  36.473  238.206
7.160  35.000  36.805  239.334
7.170  35.000  36.183  240.442
7.180  35.000  36.049  241.153
7.190  35.000  34.598  241.217
7.200  35.000  35.320  240.694
7.210  35.000  33.674  239.603
7.220  35.000  33.924  237.904
7.230  35.000  34.013  235.941
7.240  35.000  34.313  234.228
7.250  35.000  34.213  232.682
7.260  35.000  33.909  231.266
7.270  35.000  33.911  229.997
7.280  35.000  34.197  229.044
7.290  35.000  34.994  228.253
7.300  35.000  34.636  227.476
7.310  35.000  34.132  227.046
7.320  35.000  34.311  226.874
7.330  35.000  34.526  226.820
7.340  35.000  35.372  226.960
7.350  35.000  34.807  227.340
7.360  35.000  33.848  228.040
7.370  35.000  34.489  228.897
7.380  35.000  35.601  229.748
7.390  35.000  35.483  230.626
7.400  35.000  34.468  231.585
7.410  35.000  35.038  232.427
7.420  35.000  34.610  233.307
7.430  35.000  36.066  234.141
7.440  35.000  35.043  234.957
7.450  35.000  35.670  235.735
7.460  35.000  34.656  236.424
7.470  35.000  34.673  237.011
7.480  35.000  35.237  237.342
7.490  35.000  36.085  237.670
7.500  35.000  35.388  237.965
7.510  35.000  34.344  238.242
7.520  35.000  34.492  238.346
7.530  35.000  35.547  238.320
7.540  35.000  36.097  238.168
7.550  35.000  34.777  237.976
7.560  35.000  34.039  238.104
7.570  35.000  34.834  238.083
7.580  35.000  36.118  237.799
7.590  35.000  35.084  237.722
7.600  35.000  34.282  237.667
7.610  35.000  34.528  237.539
7.620  35.000  34.940  237.732
7.630  35.000  34.779  238.205
7.640  35.000  35.330  238.678
7.650  35.000  34.887  239.039
7.660  10.000  34.726  239.194
7.670  10.000  34.605  239.016
7.680  10.000  31.723  237.749
7.690  10.000  27.095  233.606
7.700  10.000  22.437  227.216
7.710  10.000  20.439  219.070
7.720  10.000  20.110  210.394
7.730  10.000  18.744  202.067
7.740  10.000  18.343  193.878
7.750  10.000  17.522  185.973
7.760  10.000  17.114  177.781
7.770  10.000  16.526  170.113
7.780  10.000  16.027  162.568
7.790  10.000  15.532  154.900
7.800  10.000  15.102  147.270
7.810  10.000  14.580  140.109
7.820  10.000  14.164  133.564
7.830  10.000  13.605  126.617
7.840  10.000  13.136  119.263
7.850  10.000  12.780  112.518
7.860  10.000  12.318  105.923
7.870  10.000  11.925  98.962
7.880  10.000  11.420  92.512
7.890  10.000  11.202  86.073
7.900  10.000  10.698  79.648
7.910  10.000  10.189  73.277
7.920  10.000  9.786  67.384
7.930  10.000  9.424  61.634
7.940  10.000  9.150  55.900
7.950  10.000  9.029  50.385
7.960  10.000  8.673  44.940
7.970  10.000  8.528  39.527
7.980  10.000  8.304  34.302
7.990  10.000  8.008  29.978
8.000  10.000  8.022  25.221
8.010  10.000  7.823  20.450
8.020  10.000  7.880  16.489
8.030  10.000  7.769  12.754
8.040  10.000  7.734  9.252
8.050  10.000  7.750  6.239
8.060  10.000  8.149  3.591
8.070  10.000  8.380  1.466
8.080  10.000  8.715  -0.048
8.090  10.000  8.908  -1.133
8.100  10.000  9.322  -1.759
8.110  10.000  9.323  -2.202
8.120  10.000  8.954  -2.752
8.130  10.000  8.656  -3.221
8.140  10.000  9.105  -3.255
8.150  10.000  9.729  -2.806
8.160  10.000  10.326  -2.232
8.170  10.000  9.648  -1.636
8.180  10.000  9.319  -0.879
8.190  10.000  9.723  0.090
8.200  10.000  10.189  1.183
8.210  10.000  10.511  2.166
8.220  10.000  10.062  3.073
8.230  10.000  10.105  3.914
8.240  10.000  10.352  4.758
8.250  10.000  10.244  5.640
8.260  10.000  10.354  6.170
8.270  10.000  10.209  6.411
8.280  10.000  10.247  6.528
8.290  10.000  10.374  6.402
8.300  10.000  10.290  6.132
8.310  10.000  10.265  5.728
8.320  10.000  9.990  5.135
8.330  10.000  10.299  4.590
8.340  10.000  10.235  3.945
8.350  10.000  10.016  3.157
8.360  10.000  9.933  2.330
8.370  10.000  9.912  1.595
8.380  10.000  9.780  1.043
8.390  10.000  9.862  0.362
8.400  10.000  9.923  -0.579
8.410  10.000  9.849  -1.397
8.420  10.000  9.719  -1.857
8.430  10.000  9.849  -2.265
8.440  10.000  9.770  -2.651
8.450  10.000  9.744  -2.976
8.460  10.000  9.727  -3.158
8.470  10.000  9.796  -3.084
8.480  10.000  9.873  -2.994
8.490  10.000  9.804  -2.739
8.500  10.000  9.730  -2.079
8.510  10.000  10.161  -1.355
8.520  10.000  10.076  -0.800
8.530  10.000  10.036  -0.394
8.540  10.000  10.009  -0.067
8.550  10.000  10.030  0.259
8.560  10.000  10.125  0.477
8.570  10.000  10.438  0.493
8.580  10.000  10.261  0.439
8.590  10.000  10.190  0.391
8.600  10.000  10.130  0.234
8.610  10.000  10.228  -0.156
8.620  10.000  10.031  -0.610
8.630  10.000  10.157  -0.935
8.640  10.000  9.832  -1.359
8.650  10.000  9.919  -1.789
8.660  10.000  10.074  -2.106
8.670  10.000  9.916  -2.391
8.680  10.000  9.910  -2.639
8.690  10.000  9.718  -2.770
8.700  10.000  9.933  -2.868
8.710  10.000  9.941  -3.072
8.720  10.000  10.043  -3.204
8.730  10.000  9.566  -3.224
8.740  10.000  9.913  -3.054
8.750  10.000  9.919  -2.694
8.760  10.000  10.262  -2.409
8.770  10.000  9.933  -2.281
8.780  10.000  9.861  -2.084
8.790  10.000  9.996  -1.857
8.800  10.000  10.335  -1.759
8.810  10.000  10.148  -1.868
8.820  10.000  9.725  -1.940
8.830  10.000  9.853  -1.917
8.840  10.000  10.299  -1.900
8.850  10.000  10.162  -1.863
8.860  10.000  10.009  -1.959
8.870  10.000  9.797  -2.035
8.880  10.000  9.824  -1.979
8.890  10.000  10.490  -2.029
8.900  10.000  10.160  -2.103
8.910  10.000  9.838  -2.212
8.920  10.000  9.585  -2.266
8.930  10.000  10.139  -2.162
8.940  10.000  10.425  -2.260
8.950  10.000  9.875  -2.289
8.960  10.000  9.590  -2.277
8.970  10.000  9.725  -2.282
8.980  10.000  10.435  -2.317
8.990  10.000  10.182  -2.410
9.000  10.000  9.857  -2.499
9.010  10.000  9.638  -2.513
9.020  10.000  9.989  -2.189
9.030  10.000  10.387  -1.927
9.040  10.000  10.127  -1.932
9.050  10.000  9.865  -2.016
9.060  10.000  9.776  -2.175
9.070  10.000  10.208  -2.333
9.080  10.000  10.263  -2.458
9.090  10.000  9.936  -2.575
9.100  10.000  9.777  -2.643
9.110  10.000  9.936  -2.712
9.120  10.000  10.285  -2.805
9.130  10.000  10.221  -3.018
9.140  10.000  9.579  -3.134
9.150  10.000  9.603  -3.030
9.160  10.000  9.865  -2.820
9.170  10.000  10.481  -2.604
9.180  10.000  9.937  -2.519
9.190  10.000  9.742  -2.560
9.200  10.000  9.739  -2.530
9.210  10.000  10.367  -2.301
9.220  10.000  10.448  -2.138
9.230  10.000  9.837  -2.038
9.240  10.000  9.585  -2.043
9.250  10.000  10.069  -2.038
9.260  10.000  10.529  -1.928
9.270  10.000  10.196  -1.993
9.280  10.000  9.533  -2.125
9.290  10.000  9.761  -2.281
9.300  10.000  10.319  -2.472
9.310  10.000  10.307  -2.616
9.320  10.000  9.834  -2.741
9.330  10.000  9.715  -2.979
9.340  10.000  9.888  -3.298
9.350  10.000  10.526  -3.465
9.360  10.000  10.069  -3.593
9.370  10.000  9.637  -3.848
9.380  10.000  9.554  -4.035
9.390  10.000  10.173  -4.074
9.400  10.000  10.397  -4.054
9.410  10.000  9.907  -4.094
9.420  10.000  9.506  -4.268
9.430  10.000  10.018  -4.444
9.440  10.000  10.403  -4.551
9.450  10.000  10.006  -4.689
9.460  10.000  9.871  -4.897
9.470  10.000  9.718  -5.074
9.480  10.000  10.155  -5.202
9.490  10.000  10.379  -5.319
9.500  10.000  10.165  -5.412
9.510  10.000  9.565  -5.463
9.520  10.000  9.788  -5.459
9.530  10.000  10.417  -5.444
9.540  10.000  10.271  -5.586
9.550  10.000  9.876  -5.820
9.560  10.000  9.762  -6.174
9.570  10.000  10.050  -6.424
9.580  10.000  10.193  -6.531
9.590  10.000  10.093  -6.611
9.600  10.000  9.638  -6.603
9.610  10.000  9.853  -6.552
9.620  10.000  10.082  -6.405
9.630  10.000  10.206  -6.406
9.640  10.000  9.974  -6.548
9.650  10.000  9.728  -6.668
9.660  10.000  9.805  -6.772
9.670  12.500  10.345  -6.834
9.680  15.000  10.509  -6.426
9.690  17.500  11.396  -5.368
9.700  20.000  13.919  -3.380
9.710  22.501  16.081  0.298
9.720  25.001  17.786  5.686
9.730  27.501  20.236  12.077
9.740  30.000  22.108  19.786
9.750  32.500  23.930  28.588
9.760  35.000  25.079  36.782
9.770  35.000  25.598  44.431
9.780  35.000  25.994  52.289
9.790  35.000  27.143  60.059
9.800  35.000  26.930  67.440
9.810  35.000  27.546  74.423
9.820  35.000  28.077  81.185
9.830  35.000  28.584  87.712
9.840  35.000  28.564  93.990
9.850  35.000  29.340  100.007
9.860  35.000  30.014  106.115
9.870  35.000  29.974  112.182
9.880  35.000  30.040  117.973
9.890  35.000  30.598  123.732
9.900  35.000  30.766  129.559
9.910  35.000  31.729  135.464
9.920  35.000  31.290  141.347
9.930  35.000  31.915  146.904
9.940  35.000  32.144  152.158
9.950  35.000  32.990  157.487
9.960  35.000  33.201  162.790
9.970  35.000  33.756  168.048
9.980  35.000  33.640  172.993
9.990  35.000  34.379  177.479
10.000  35.000  34.112  182.097
10.010  35.000  35.178  186.657
10.020  35.000  35.096  190.987
10.030  35.000  35.080  195.526
10.040  35.000  35.379  200.057
10.050  35.000  35.468  204.312
10.060  35.000  35.835  208.327
10.070  35.000  36.073  212.084
10.080  35.000  37.256  215.539
10.090  35.000  37.356  218.799
10.100  35.000  37.495  221.822
10.110  35.000  35.928  224.746
10.120  35.000  36.419  227.331
10.130  35.000  36.079  229.477
10.140  35.000  36.198  231.390
10.150  35.000  36.549  233.223
10.160  35.000  36.037  235.171
10.170  35.000  36.292  236.855
10.180  35.000  35.934  238.206
10.190  35.000  35.376  239.461
10.200  35.000  35.807  240.252
10.210  35.000  35.423  240.376
10.220  35.000  34.501  239.949
10.230  35.000  34.067  238.819
10.240  35.000  33.978  237.146
10.250  35.000  34.124  235.434
10.260  35.000  34.820  233.725
10.270  35.000  34.047  232.121
10.280  35.000  34.125  230.565
10.290  35.000  34.286  229.126
10.300  35.000  34.873  227.994
10.310  35.000  34.515  227.159
10.320  35.000  34.704  226.463
10.330  35.000  34.194  225.930
10.340  35.000  34.496  225.642
10.350  35.000  34.369  225.361
10.360  35.000  35.437  225.092
10.370  35.000  34.731  225.076
10.380  35.000  34.459  225.478
10.390  35.000  34.045  226.258
10.400  35.000  34.559  227.237
10.410  35.000  35.241  228.209
10.420  35.000  35.067  229.114
10.430  35.000  34.889  230.045
10.440  35.000  34.948  231.168
10.450  35.000  35.320  232.279
10.460  35.000  35.290  233.215
10.470  35.000  35.237  233.987
10.480  35.000  35.102  234.738
10.490  35.000  34.785  235.543
10.500  35.000  35.143  236.348
10.510  35.000  35.331  237.173
10.520  35.000  35.510  237.823
10.530  35.000  35.291  238.162
10.540  35.000  34.880  238.553
10.550  35.000  34.988  239.032
10.560  35.000  35.697  239.265
10.570  35.000  34.805  239.537
10.580  35.000  34.795  239.633
10.590  35.000  34.812  239.425
10.600  35.000  35.420  239.393
10.610  35.000  34.662  239.633
10.620  35.000  34.978  239.787
10.630  35.000  34.686  240.042
10.640  35.000  35.120  240.503
10.650  35.000  35.229  240.785
10.660  35.000  35.164  241.243
10.670  10.000  34.705  241.712
10.680  10.000  34.069  241.782
10.690  10.000  31.780  240.577
10.700  10.000  26.706  236.014
10.710  10.000  22.947  229.028
10.720  10.000  20.468  220.676
10.730  10.000  20.076  211.770
10.740  10.000  18.709  203.291
10.750  10.000  18.502  194.630
10.760  10.000  17.505  186.571
10.770  10.000  17.137  178.858
10.780  10.000  16.600  170.874
10.790  10.000  16.080  163.072
10.800  10.000  15.491  155.336
10.810  10.000  15.051  147.539
10.820  10.000  14.612  139.874
10.830  10.000  14.140  132.751
10.840  10.000  13.677  125.784
10.850  10.000  13.245  118.575
10.860  10.000  12.793  111.614
10.870  10.000  12.406  104.778
10.880  10.000  11.932  98.305
10.890  10.000  11.561  92.095
10.900  10.000  11.038  85.689
10.910  10.000  10.664  79.280
10.920  10.000  10.352  73.269
10.930  10.000  9.949  67.235
10.940  10.000  9.578  61.422
10.950  10.000  9.234  56.167
10.960  10.000  9.049  50.880
10.970  10.000  8.876  45.697
10.980  10.000  8.650  40.847
10.990  10.000  8.344  36.176
11.000  10.000  8.096  31.472
11.010  10.000  7.997  26.468
11.020  10.000  7.912  21.691
11.030  10.000  7.878  17.672
11.040  10.000  7.860  14.116
11.050  10.000  7.859  10.537
11.060  10.000  7.749  7.260
11.070  10.000  7.920  4.660
11.080  10.000  8.399  2.293
11.090  10.000  8.497  0.207
11.100  10.000  8.620  -1.351
11.110  10.000  9.254  -2.302
11.120  10.000  9.400  -2.885
11.130  10.000  8.945  -3.315
11.140  10.000  8.455  -3.675
11.150  10.000  8.732  -3.791
11.160  10.000  9.404  -3.171
11.170  10.000  10.313  -2.086
11.180  10.000  9.910  -1.093
11.190  10.000  9.680  -0.078
11.200  10.000  9.529  0.961
11.210  10.000  9.854  1.956
11.220  10.000  10.449  3.034
11.230  10.000  10.271  4.251
11.240  10.000  10.278  5.220
11.250  10.000  10.224  5.971
11.260  10.000  10.307  6.842
11.270  10.000  10.248  7.599
11.280  10.000  10.219  8.202
11.290  10.000  10.364  8.566
11.300  10.000  10.203  8.845
11.310  10.000  10.231  9.015
11.320  10.000  10.236  8.711
11.330  10.000  10.313  8.214
11.340  10.000  10.282  7.593
11.350  10.000  10.100  6.795
11.360  10.000  10.043  5.981
11.370  10.000  10.057  5.292
11.380  10.000  9.808  4.855
11.390  10.000  9.854  4.181
11.400  10.000  9.891  3.356
11.410  10.000  9.654  2.827
11.420  10.000  9.629  2.397
11.430  10.000  9.726  2.064
11.440  10.000  9.918  1.808
11.450  10.000  9.872  1.618
11.460  10.000  9.977  1.616
11.470  10.000  9.673  1.757
11.480  10.000  9.827  1.881
11.490  10.000  10.148  2.117
11.500  10.000  10.031  2.373
11.510  10.000  10.004  2.628
11.520  10.000  9.835  3.121
11.530  10.000  9.838  3.727
11.540  10.000  10.147  4.184
11.550  10.000  10.131  4.555
11.560  10.000  10.280  4.786
11.570  10.000  9.911  4.846
11.580  10.000  10.000  5.042
11.590  10.000  10.144  5.267
11.600  10.000  10.218  5.417
11.610  10.000  10.241  5.348
11.620  10.000  9.894  5.127
11.630  10.000  9.755  4.947
11.640  10.000  10.363  4.595
11.650  10.000  10.371  4.224
11.660  10.000  9.962  3.857
11.670  10.000  9.744  3.409
11.680  10.000  10.040  3.024
11.690  10.000  10.194  2.604
11.700  10.000  9.910  2.057
11.710  10.000  9.937  1.542
11.720  10.000  9.761  1.223
11.730  10.000  9.997  1.113
11.740  10.000  9.931  1.060
11.750  10.000  9.680  1.122
11.760  10.000  9.800  1.179
11.770  10.000  9.982  1.279
11.780  10.000  10.091  1.483
11.790  10.000  10.034  1.507
11.800  10.000  9.776  1.543
11.810  10.000  9.917  1.733
11.820  10.000  10.081  1.899
11.830  10.000  10.231  1.988
11.840  10.000  9.873  2.186
11.850  10.000  10.070  2.564
11.860  10.000  10.143  2.921
11.870  10.000  10.146  3.064
11.880  10.000  10.059  3.142
11.890  10.000  9.828  3.054
11.900  10.000  10.103  2.938
11.910  10.000  10.009  2.958
11.920  10.000  10.136  3.048
11.930  10.000  10.138  3.084
11.940  10.000  9.996  2.906
11.950  10.000  9.828  2.682
11.960  10.000  9.945  2.546
11.970  10.000  10.311  2.426
11.980  10.000  10.015  2.379
11.990  10.000  9.965  2.379
12.000  10.000  9.814  2.147
12.010  10.000  10.154  1.853
12.020  10.000  10.265  1.555
12.030  10.000  9.869  1.336
12.040  10.000  9.455  1.261
12.050  10.000  9.788  1.150
12.060  10.000  10.137  1.158
12.070  10.000  10.015  1.314
12.080  10.000  9.837  1.397
12.090  10.000  9.820  1.358
12.100  10.000  9.910  1.330
12.110  10.000  10.353  1.412
12.120  10.000  10.042  1.625
12.130  10.000  9.849  1.915
12.140  10.000  9.844  2.326
12.150  10.000  10.095  2.690
12.160  10.000  10.159  2.956
12.170  10.000  9.956  3.114
12.180  10.000  9.848  3.182
12.190  10.000  10.025  3.314
12.200  10.000  10.333  3.471
12.210  10.000  10.163  3.615
12.220  10.000  9.888  3.539
12.230  10.000  9.956  3.406
12.240  10.000  10.256  3.344
12.250  10.000  10.236  3.324
12.260  10.000  10.038  3.229
12.270  10.000  9.895  3.054
12.280  10.000  9.861  2.951
12.290  10.000  10.098  2.796
12.300  10.000  10.147  2.627
12.310  10.000  9.565  2.517
12.320  10.000  9.864  2.388
12.330  10.000  10.232  2.365
12.340  10.000  10.103  2.337
12.350  10.000  9.784  2.131
12.360  10.000  9.712  2.013
12.370  10.000  9.903  2.138
12.380  10.000  10.233  2.261
12.390  10.000  9.981  2.311
12.400  10.000  9.796  2.554
12.410  10.000  9.753  2.793
12.420  10.000  10.215  2.821
12.430  10.000  10.312  2.742
12.440  10.000  10.040  2.650
12.450  10.000  9.713  2.656
12.460  10.000  9.952  2.785
12.470  10.000  10.258  2.829
12.480  10.000  10.345  2.722
12.490  10.000  9.797  2.677
12.500  10.000  9.808  2.613
12.510  10.000  9.887  2.497
12.520  10.000  10.257  2.526
12.530  10.000  10.186  2.568
12.540  10.000  9.882  2.439
12.550  10.000  9.816  2.333
12.560  10.000  10.224  2.276
12.570  10.000  10.124  2.100
12.580  10.000  9.991  1.847
12.590  10.000  9.915  1.618
12.600  10.000  10.138  1.407
12.610  10.000  10.013  1.208
12.620  10.000  9.924  1.049
12.630  10.000  9.918  0.928
12.640  10.000  9.815  0.872
12.650  10.000  9.986  0.942
12.660  10.000  9.984  0.976
12.670  10.000  9.865  1.057
12.680  12.499  9.964  1.176
12.690  14.999  10.244  1.586
12.700  17.499  11.468  2.771
12.710  19.999  14.251  4.794
12.720  22.499  16.576  8.244
12.730  24.999  18.369  13.465
12.740  27.499  20.029  19.937
12.750  29.999  22.498  27.535
12.760  32.499  23.539  35.905
12.770  34.999  25.183  43.667
12.780  35.000  26.190  51.001
12.790  35.000  25.657  58.803
12.800  35.000  26.752  66.404
12.810  35.000  27.675  73.392
12.820  35.000  28.095  80.064
12.830  35.000  27.405  86.844
12.840  35.000  29.070  93.580
12.850  35.000  28.339  100.534
12.860  35.000  28.802  107.423
12.870  35.000  29.697  113.853
12.880  35.000  30.896  119.938
12.890  35.000  29.943  125.953
12.900  35.000  31.109  131.834
12.910  35.000  31.172  137.068
12.920  35.000  31.050  142.426
12.930  35.000  31.633  148.181
12.940  35.000  32.387  153.623
12.950  35.000  32.185  158.694
12.960  35.000  33.380  163.870
12.970  35.000  32.527  169.216
12.980  35.000  33.639  174.220
12.990  35.000  34.389  178.879
13.000  35.000  34.073  183.638
13.010  35.000  34.505  188.125
13.020  35.000  35.354  192.353
13.030  35.000  35.207  196.418
13.040  35.000  35.724  200.304
13.050  35.000  34.766  204.514
13.060  35.000  35.484  208.835
13.070  35.000  35.914  212.631
13.080  35.000  36.494  216.200
13.090  35.000  36.668  219.857
13.100  35.000  36.704  223.438
13.110  35.000  36.860  226.877
13.120  35.000  36.191  230.196
13.130  35.000  36.229  233.416
13.140  35.000  36.201  236.459
13.150  35.000  35.853  239.094
13.160  35.000  36.412  241.059
13.170  35.000  36.042  242.493
13.180  35.000  36.601  243.737
13.190  35.000  35.890  244.962
13.200  35.000  35.664  246.086
13.210  35.000  35.593  246.856
13.220  35.000  35.096  246.968
13.230  35.000  34.960  246.026
13.240  35.000  34.247  244.308
13.250  35.000  34.537  242.496
13.260  35.000  34.721  240.678
13.270  35.000  34.760  238.869
13.280  35.000  34.355  237.070
13.290  35.000  34.287  235.309
13.300  35.000  34.206  233.697
13.310  35.000  33.954  232.299
13.320  35.000  34.488  231.255
13.330  35.000  34.609  230.529
13.340  35.000  34.305  229.978
13.350  35.000  34.347  229.569
13.360  35.000  33.962  229.509
13.370  35.000  34.688  229.831
13.380  35.000  34.950  230.352
13.390  35.000  35.053  230.935
13.400  35.000  34.619  231.774
13.410  35.000  34.545  232.881
13.420  35.000  35.020  233.954
13.430  35.000  35.371  234.830
13.440  35.000  35.261  235.794
13.450  35.000  34.577  236.873
13.460  35.000  34.550  238.103
13.470  35.000  35.256  239.316
13.480  35.000  35.586  240.198
13.490  35.000  35.720  241.038
13.500  35.000  34.918  241.938
13.510  35.000  34.779  242.847
13.520  35.000  35.326  243.683
13.530  35.000  35.500  244.178
13.540  35.000  35.608  244.512
13.550  35.000  35.292  244.784
13.560  35.000  34.886  244.860
13.570  35.000  34.665  244.995
13.580  35.000  35.121  245.256
13.590  35.000  35.725  245.426
13.600  35.000  35.023  245.309
13.610  35.000  34.858  244.898
13.620  35.000  34.616  244.399
13.630  35.000  35.007  244.069
13.640  35.000  35.136  243.996
13.650  35.000  35.150  244.007
13.660  35.000  34.460  244.028
13.670  35.000  34.654  244.159
13.680  10.000  35.323  244.220
13.690  10.000  34.334  244.241
13.700  10.000  31.278  243.237
13.710  10.000  26.712  239.023
13.720  10.000  22.329  232.552
13.730  10.000  20.500  224.308
13.740  10.000  20.056  215.452
13.750  10.000  18.749  207.235
13.760  10.000  18.449  198.649
13.770  10.000  17.646  190.761
13.780  10.000  17.074  183.500
13.790  10.000  16.534  176.241
13.800  10.000  15.889  169.152
13.810  10.000  15.564  162.037
13.820  10.000  14.997  154.530
13.830  10.000  14.517  147.162
13.840  10.000  14.097  140.434
13.850  10.000  13.609  133.402
13.860  10.000  13.073  126.286
13.870  10.000  12.694  119.514
13.880  10.000  12.267  113.087
13.890  10.000  11.903  106.556
13.900  10.000  11.431  100.026
13.910  10.000  11.137  94.141
13.920  10.000  10.790  87.972
13.930  10.000  10.316  81.500
13.940  10.000  9.956  75.620
13.950  10.000  9.562  69.796
13.960  10.000  9.255  64.012
13.970  10.000  9.048  58.809
13.980  10.000  8.851  53.760
13.990  10.000  8.583  48.936
14.000  10.000  8.327  43.819
14.010  10.000  8.071  38.911
14.020  10.000  7.946  34.198
14.030  10.000  7.861  29.592
14.040  10.000  7.913  25.534
14.050  10.000  7.885  21.726
14.060  10.000  7.803  18.155
14.070  10.000  7.762  14.795
14.080  10.000  8.000  11.965
14.090  10.000  8.291  9.567
14.100  10.000  8.484  7.408
14.110  10.000  8.730  5.832
14.120  10.000  9.218  4.983
14.130  10.000  9.318  4.564
14.140  10.000  8.895  4.221
14.150  10.000  8.339  3.981
14.160  10.000  8.692  4.022
14.170  10.000  9.875  4.501
14.180  10.000  10.270  5.353
14.190  10.000  9.764  6.180
14.200  10.000  9.439  7.115
14.210  10.000  9.905  8.341
14.220  10.000  10.176  9.565
14.230  10.000  10.288  10.682
14.240  10.000  10.266  11.803
14.250  10.000  10.328  12.769
14.260  10.000  10.063  13.651
14.270  10.000  10.130  14.515
14.280  10.000  10.380  15.147
14.290  10.000  10.283  15.482
14.300  10.000  10.332  15.553
14.310  10.000  10.324  15.507
14.320  10.000  10.111  15.590
14.330  10.000  10.141  15.556
14.340  10.000  10.403  15.076
14.350  10.000  10.255  14.432
14.360  10.000  9.961  13.895
14.370  10.000  10.183  13.255
14.380  10.000  10.044  12.585
14.390  10.000  9.938  12.023
14.400  10.000  9.745  11.448
14.410  10.000  9.934  10.702
14.420  10.000  9.934  9.916
14.430  10.000  9.736  9.478
14.440  10.000  9.588  9.180
14.450  10.000  9.766  8.853
14.460  10.000  10.017  8.690
14.470  10.000  9.853  8.576
14.480  10.000  9.751  8.537
14.490  10.000  9.833  8.602
14.500  10.000  9.935  8.699
14.510  10.000  9.968  8.915
14.520  10.000  10.061  9.147
14.530  10.000  9.875  9.446
14.540  10.000  9.903  9.773
14.550  10.000  10.037  10.107
14.560  10.000  10.189  10.361
14.570  10.000  10.000  10.549
14.580  10.000  9.978  10.795
14.590  10.000  9.938  11.055
14.600  10.000  10.362  11.312
14.610  10.000  10.175  11.585
14.620  10.000  10.125  11.751
14.630  10.000  9.768  11.820
14.640  10.000  10.023  12.019
14.650  10.000  10.181  12.294
14.660  10.000  10.393  12.354
14.670  10.000  9.950  12.191
14.680  10.000  9.769  11.976
14.690  10.000  9.891  11.555
14.700  10.000  10.347  11.199
14.710  10.000  10.005  11.004
14.720  10.000  9.919  10.693
14.730  10.000  9.860  10.461
14.740  10.000  9.902  10.435
14.750  10.000  9.972  10.372
14.760  10.000  10.059  10.170
14.770  10.000  9.888  9.941
14.780  10.000  9.672  9.911
14.790  10.000  10.064  10.022
14.800  10.000  9.956  10.239
14.810  10.000  9.903  10.572
14.820  10.000  9.689  10.838
14.830  10.000  10.006  11.102
14.840  10.000  10.253  11.326
14.850  10.000  10.057  11.559
14.860  10.000  10.018  11.599
14.870  10.000  9.974  11.506
14.880  10.000  10.107  11.562
14.890  10.000  10.242  11.584
14.900  10.000  10.057  11.583
14.910  10.000  10.062  11.517
14.920  10.000  10.069  11.435
14.930  10.000  10.275  11.336
14.940  10.000  10.004  11.307
14.950  10.000  9.505  11.374
14.960  10.000  10.064  11.323
14.970  10.000  10.216  11.201
14.980  10.000  10.079  11.028
14.990  10.000  9.805  10.833
15.000  10.000  9.672  10.772
15.010  10.000  9.964  10.827
15.020  10.000  10.154  10.994
15.030  10.000  9.833  11.254
15.040  10.000  9.789  11.318
15.050  10.000  10.125  11.210
15.060  10.000  10.290  11.098
15.070  10.000  10.032  11.071
15.080  10.000  9.730  11.181
15.090  10.000  9.944  11.315
15.100  10.000  10.186  11.533
15.110  10.000  10.071  11.901
15.120  10.000  9.932  12.091
15.130  10.000  9.815  12.062
15.140  10.000  10.109  11.957
15.150  10.000  10.375  11.745
15.160  10.000  10.046  11.574
15.170  10.000  9.806  11.445
15.180  10.000  9.929  11.251
15.190  10.000  10.176  11.079
15.200  10.000  10.155  10.816
15.210  10.000  9.802  10.550
15.220  10.000  9.906  10.329
15.230  10.000  9.850  10.090
15.240  10.000  10.151  9.961
15.250  10.000  9.908  9.920
15.260  10.000  10.023  9.857
15.270  10.000  9.912  9.740
15.280  10.000  9.913  9.705
15.290  10.000  10.086  9.730
15.300  10.000  10.022  9.744
15.310  10.000  9.989  9.775
15.320  10.000  9.880  9.870
15.330  10.000  9.982  9.827
15.340  10.000  10.166  9.647
15.350  10.000  9.981  9.605
15.360  10.000  9.692  9.798
15.370  10.000  9.861  9.961
15.380  10.000  10.134  10.123
15.390  10.000  10.290  10.358
15.400  10.000  9.919  10.608
15.410  10.000  9.941  10.843
15.420  10.000  9.943  11.037
15.430  10.000  10.057  11.300
15.440  10.000  10.094  11.388
15.450  10.000  10.085  11.295
15.460  10.000  9.967  11.283
15.470  10.000  10.092  11.289
15.480  10.000  10.082  11.158
15.490  10.000  10.075  11.153
15.500  10.000  10.003  11.210
15.510  10.000  9.978  11.230
15.520  10.000  9.956  11.316
15.530  10.000  10.159  11.350
15.540  10.000  9.882  11.296
15.550  10.000  10.075  11.120
15.560  10.000  10.061  10.968
15.570  10.000  9.955  10.889
15.580  10.000  9.729  10.945
15.590  10.000  9.900  11.032
15.600  10.000  10.033  10.989
15.610  10.000  10.227  10.892
15.620  10.000  10.058  10.624
15.630  10.000  9.835  10.517
15.640  10.000  9.767  10.748
15.650  10.000  10.133  10.802
15.660  10.000  10.077  10.557
15.670  10.000  10.034  10.347
15.680  10.000  9.777  10.344
15.690  12.500  9.891  10.551
15.700  15.000  10.447  10.993
15.710  17.500  11.545  11.993
15.720  20.000  14.201  14.056
15.730  22.500  15.963  17.751
15.740  25.000  18.313  22.908
15.750  27.500  19.962  29.360
15.760  30.000  22.295  37.270
15.770  32.500  23.858  45.309
15.780  34.999  25.770  52.884
15.790  35.000  26.206  60.542
15.800  35.000  26.725  68.269
15.810  35.000  26.510  75.708
15.820  35.000  26.839  82.671
15.830  35.000  28.083  89.271
15.840  35.000  28.292  95.816
15.850  35.000  28.785  102.271
15.860  35.000  28.318  108.707
15.870  35.000  28.930  115.023
15.880  35.000  29.395  121.168
15.890  35.000  29.145  127.534
15.900  35.000  29.875  133.763
15.910  35.000  30.708  139.831
15.920  35.000  30.682  145.905
15.930  35.000  31.108  151.846
15.940  35.000  32.032  157.332
15.950  35.000  31.899  162.411
15.960  35.000  32.687  167.333
15.970  35.000  32.863  172.314
15.980  35.000  32.651  177.666
15.990  35.000  34.053  182.786
16.000  35.000  33.256  187.747
16.010  35.000  33.877  192.670
16.020  35.000  34.689  197.303
16.030  35.000  35.357  201.893
16.040  35.000  34.410  206.577
16.050  35.000  35.357  211.006
16.060  35.000  35.245  215.191
16.070  35.000  36.087  219.319
16.080  35.000  36.759  222.742
16.090  35.000  36.547  226.083
16.100  35.000  36.820  229.688
16.110  35.000  36.678  233.084
16.120  35.000  36.333  236.625
16.130  35.000  36.843  239.858
16.140  35.000  36.283  242.314
16.150  35.000  36.308  244.408
16.160  35.000  35.376  246.355
16.170  35.000  36.251  248.103
16.180  35.000  35.805  249.810
16.190  35.000  36.230  251.322
16.200  35.000  36.887  252.437
16.210  35.000  36.498  253.368
16.220  35.000  35.430  253.929
16.230  35.000  35.257  253.810
16.240  35.000  35.077  252.964
16.250  35.000  34.209  251.281
16.260  35.000  33.553  248.984
16.270  35.000  34.037  246.603
16.280  35.000  34.563  244.414
16.290  35.000  35.050  242.395
16.300  35.000  33.820  240.639
16.310  35.000  34.018  239.077
16.320  35.000  34.262  237.582
16.330  35.000  34.261  236.429
16.340  35.000  33.956  235.733
16.350  35.000  34.238  235.237
16.360  35.000  34.158  234.837
16.370  35.000  34.265  234.785
16.380  35.000  34.609  235.116
16.390  35.000  35.247  235.604
16.400  35.000  34.627  236.209
16.410  35.000  34.510  237.003
16.420  35.000  35.107  237.832
16.430  35.000  34.501  238.867
16.440  35.000  35.023  240.242
16.450  35.000  35.302  241.530
16.460  35.000  35.238  242.809
16.470  35.000  35.243  243.995
16.480  35.000  34.900  244.961
16.490  35.000  35.965  245.779
16.500  35.000  35.187  246.447
16.510  35.000  34.857  247.198
16.520  35.000  35.125  247.803
16.530  35.000  35.463  248.262
16.540  35.000  35.230  248.643
16.550  35.000  35.223  248.906
16.560  35.000  34.754  249.095
16.570  35.000  35.160  249.122
16.580  35.000  35.375  248.982
16.590  35.000  35.777  248.686
16.600  35.000  34.949  248.476
16.610  35.000  34.561  248.300
16.620  35.000  35.219  247.950
16.630  35.000  35.175  247.636
16.640  35.000  35.209  247.393
16.650  35.000  34.604  247.187
16.660  35.000  34.714  247.015
16.670  35.000  35.112  246.673
16.680  35.000  35.299  246.247
16.690  10.000  34.486  245.974
16.700  10.000  34.156  245.817
16.710  10.000  30.882  244.466
16.720  10.000  26.140  238.515
16.730  10.000  23.122  229.800
16.740  10.000  20.159  222.078
16.750  10.000  19.837  213.844
16.760  10.000  18.622  205.423
16.770  10.000  18.267  197.794
16.780  10.000  17.487  190.273
16.790  10.000  16.945  182.923
16.800  10.000  16.405  175.142
16.810  10.000  15.879  167.438
16.820  10.000  15.123  160.033
16.830  10.000  14.823  152.697
16.840  10.000  14.292  145.374
16.850  10.000  13.932  138.221
16.860  10.000  13.474  131.686
16.870  10.000  12.921  125.345
16.880  10.000  12.561  119.068
16.890  10.000  12.116  112.862
16.900  10.000  11.755  106.352
16.910  10.000  11.306  99.982
16.920  10.000  10.913  94.075
16.930  10.000  10.558  88.240
16.940  10.000  10.186  82.245
16.950  10.000  9.835  76.233
16.960  10.000  9.564  70.389
16.970  10.000  9.225  64.794
16.980  10.000  8.974  59.135
16.990  10.000  8.828  53.584
17.000  10.000  8.546  48.263
17.010  10.000  8.221  42.995
17.020  10.000  8.044  38.412
17.030  10.000  7.883  33.863
17.040  10.000  7.846  29.358
17.050  10.000  7.903  25.373
17.060  10.000  7.843  21.177
17.070  10.000  7.746  17.170
17.080  10.000  7.707  13.968
17.090  10.000  7.976  11.096
17.100  10.000  8.251  8.697
17.110  10.000  8.364  7.011
17.120  10.000  8.845  6.073
17.130  10.000  9.276  5.486
17.140  10.000  9.279  4.914
17.150  10.000  8.709  4.487
17.160  10.000  8.583  4.356
17.170  10.000  9.206  4.723
17.180  10.000  10.240  5.507
17.190  10.000  10.152  6.321
17.200  10.000  9.607  7.116
17.210  10.000  9.459  7.937
17.220  10.000  10.002  8.893
17.230  10.000  10.272  9.930
17.240  10.000  10.274  10.896
17.250  10.000  10.219  11.832
17.260  10.000  10.219  12.873
17.270  10.000  10.111  13.851
17.280  10.000  10.311  14.569
17.290  10.000  10.263  15.153
17.300  10.000  10.350  15.474
17.310  10.000  10.180  15.490
17.320  10.000  10.303  15.342
17.330  10.000  10.165  14.963
17.340  10.000  10.365  14.424
17.350  10.000  10.435  13.894
17.360  10.000  10.098  13.234
17.370  10.000  10.126  12.446
17.380  10.000  10.035  11.571
17.390  10.000  9.993  10.728
17.400  10.000  9.989  10.013
17.410  10.000  9.804  9.285
17.420  10.000  9.845  8.465
17.430  10.000  9.892  7.655
17.440  10.000  9.789  7.016
17.450  10.000  9.687  6.463
17.460  10.000  9.807  5.812
17.470  10.000  10.043  5.165
17.480  10.000  9.758  4.780
17.490  10.000  9.466  4.599
17.500  10.000  9.853  4.595
17.510  10.000  10.110  4.822
17.520  10.000  10.058  5.133
17.530  10.000  9.599  5.297
17.540  10.000  9.586  5.582
17.550  10.000  9.935  6.161
17.560  10.000  10.408  6.737
17.570  10.000  9.964  7.219
17.580  10.000  9.965  7.532
17.590  10.000  9.833  7.794
17.600  10.000  10.267  8.127
17.610  10.000  10.346  8.424
17.620  10.000  10.155  8.681
17.630  10.000  10.067  8.793
17.640  10.000  10.005  8.802
17.650  10.000  10.179  8.794
17.660  10.000  10.258  8.820
17.670  10.000  10.140  8.729
17.680  10.000  10.034  8.385
17.690  10.000  10.219  7.878
17.700  10.000  10.097  7.187
17.710  10.000  10.182  6.351
17.720  10.000  9.831  5.708
17.730  10.000  9.857  5.185
17.740  10.000  10.058  4.447
17.750  10.000  10.112  3.627
17.760  10.000  9.869  2.965
17.770  10.000  9.703  2.432
17.780  10.000  9.741  2.100
17.790  10.000  9.887  1.881
17.800  10.000  10.047  1.494
17.810  10.000  9.718  1.259
17.820  10.000  9.771  1.219
17.830  10.000  10.086  1.257
17.840  10.000  10.155  1.491
17.850  10.000  9.903  1.697
17.860  10.000  9.803  1.849
17.870  10.000  9.821  2.021
17.880  10.000  10.149  2.081
17.890  10.000  10.212  2.137
17.900  10.000  9.925  2.275
17.910  10.000  9.836  2.461
17.920  10.000  9.922  2.729
17.930  10.000  10.093  2.931
17.940  10.000  10.355  2.951
17.950  10.000  10.012  2.997
17.960  10.000  9.752  3.030
17.970  10.000  10.026  3.022
17.980  10.000  10.350  3.030
17.990  10.000  10.142  2.960
18.000  10.000  9.838  3.035
18.010  10.000  9.901  3.142
18.020  10.000  10.183  3.071
18.030  10.000  10.322  2.939
18.040  10.000  9.891  2.867
18.050  10.000  9.825  2.777
18.060  10.000  10.055  2.505
18.070  10.000  10.183  2.221
18.080  10.000  10.047  2.009
18.090  10.000  9.796  1.919
18.100  10.000  9.841  1.915
18.110  10.000  10.219  1.806
18.120  10.000  10.050  1.626
18.130  10.000  9.900  1.375
18.140  10.000  9.538  1.159
18.150  10.000  10.294  1.055
18.160  10.000  10.324  0.809
18.170  10.000  10.135  0.417
18.180  10.000  9.414  0.195
18.190  10.000  9.832  0.217
18.200  10.000  10.293  0.284
18.210  10.000  10.182  0.205
18.220  10.000  9.666  0.089
18.230  10.000  9.789  -0.024
18.240  10.000  10.017  -0.035
18.250  10.000  10.296  0.024
18.260  10.000  9.908  0.024
18.270  10.000  9.887  0.022
18.280  10.000  9.842  0.014
18.290  10.000  10.291  0.063
18.300  10.000  10.226  -0.026
18.310  10.000  9.977  -0.336
18.320  10.000  9.718  -0.693
18.330  10.000  10.088  -0.878
18.340  10.000  9.978  -0.834
18.350  10.000  10.186  -0.763
18.360  10.000  9.594  -0.694
18.370  10.000  9.914  -0.590
18.380  10.000  10.125  -0.456
18.390  10.000  10.222  -0.272
18.400  10.000  9.840  -0.057
18.410  10.000  9.788  -0.035
18.420  10.000  10.013  -0.147
18.430  10.000  10.427  -0.181
18.440  10.000  9.915  -0.043
18.450  10.000  9.734  0.093
18.460  10.000  9.681  0.215
18.470  10.000  10.365  0.539
18.480  10.000  10.209  0.927
18.490  10.000  10.065  1.160
18.500  10.000  9.810  1.120
18.510  10.000  10.071  0.890
18.520  10.000  10.250  0.624
18.530  10.000  10.203  0.351
18.540  10.000  9.956  -0.019
18.550  10.000  9.956  -0.415
18.560  10.000  10.102  -0.820
18.570  10.000  10.092  -1.252
18.580  10.000  10.036  -1.642
18.590  10.000  9.959  -2.027
18.600  10.000  9.880  -2.446
18.610  10.000  9.946  -2.983
18.620  10.000  10.230  -3.686
18.630  10.000  9.790  -4.295
18.640  10.000  9.638  -4.610
18.650  10.000  10.254  -4.877
18.660  10.000  10.024  -5.114
18.670  10.000  9.798  -5.141
18.680  10.000  9.555  -5.162
18.690  10.000  10.141  -5.215
18.700  12.500  10.084  -5.061
18.710  15.000  10.182  -4.501
18.720  17.500  10.999  -3.240
18.730  20.000  14.012  -1.111
18.740  22.501  16.351  2.423
18.750  25.000  18.125  7.510
18.760  27.500  19.991  13.845
18.770  30.000  22.157  21.415
18.780  32.500  23.716  29.373
18.790  35.000  24.851  37.349
18.800  35.000  26.005  45.289
18.810  35.000  25.866  52.759
18.820  35.000  26.652  60.081
18.830  35.000  27.304  67.259
18.840  35.000  27.399  74.419
18.850  35.000  27.852  81.125
18.860  35.000  28.928  87.359
18.870  35.000  29.409  93.655
18.880  35.000  29.352  100.013
18.890  35.000  29.463  106.547
18.900  35.000  30.532  112.584
18.910  35.000  30.957  118.093
18.920  35.000  31.277  123.458
18.930  35.000  31.061  128.848
18.940  35.000  31.257  134.189
18.950  35.000  31.794  139.630
18.960  35.000  31.600  145.465
18.970  35.000  31.944  151.184
18.980  35.000  33.159  156.050
18.990  35.000  32.667  160.605
19.000  35.000  33.328  165.470
19.010  35.000  33.925  170.444
19.020  35.000  33.948  175.457
19.030  35.000  34.107  180.402
19.040  35.000  34.406  185.076
19.050  35.000  35.156  189.338
19.060  35.000  35.286  193.589
19.070  35.000  35.540  197.824
19.080  35.000  35.660  201.965
19.090  35.000  35.029  206.182
19.100  35.000  36.313  210.096
19.110  35.000  36.591  213.909
19.120  35.000  36.550  217.675
19.130  35.000  37.670  221.028
19.140  35.000  36.748  224.150
19.150  35.000  36.741  226.966
19.160  35.000  36.302  229.334
19.170  35.000  35.269  231.663
19.180  35.000  36.406  233.812
19.190  35.000  36.165  235.600
19.200  35.000  35.854  237.123
19.210  35.000  36.839  238.227
19.220  35.000  36.062  239.118
19.230  35.000  35.922  239.707
19.240  35.000  34.879  239.833
19.250  35.000  34.761  239.255
19.260  35.000  34.019  237.967
19.270  35.000  34.003  236.456
19.280  35.000  34.159  234.960
19.290  35.000  34.481  233.297
19.300  35.000  34.651  231.465
19.310  35.000  33.953  229.990
19.320  35.000  33.885  228.875
19.330  35.000  34.562  227.817
19.340  35.000  34.784  226.917
19.350  35.000  34.516  226.238
19.360  35.000  34.424  225.703
19.370  35.000  34.406  225.305
19.380  35.000  34.718  225.276
19.390  35.000  34.044  225.694
19.400  35.000  34.872  226.409
19.410  35.000  34.761  227.402
19.420  35.000  35.001  228.281
19.430  35.000  34.611  229.119
19.440  35.000  34.893  230.153
19.450  35.000  35.052  231.155
19.460  35.000  35.539  232.123
19.470  35.000  34.738  233.253
19.480  35.000  35.341  234.359
19.490  35.000  34.251  235.384
19.500  35.000  35.710  236.296
19.510  35.000  35.516  237.145
19.520  35.000  35.402  237.901
19.530  35.000  35.446  238.415
19.540  35.000  34.986  238.823
19.550  35.000  35.332  239.003
19.560  35.000  35.416  239.063
19.570  35.000  35.402  238.965
19.580  35.000  34.968  238.692
19.590  35.000  34.803  238.487
19.600  35.000  34.882  238.269
19.610  35.000  35.345  238.033
19.620  35.000  34.859  237.867
19.630  35.000  34.703  237.745
19.640  35.000  34.488  237.674
19.650  35.000  35.136  237.559
19.660  35.000  34.757  237.553
19.670  35.000  35.464  237.661
19.680  35.000  33.939  238.027
19.690  35.000  35.330  238.380
19.700  10.000  34.885  238.601
19.710  10.000  34.943  238.618
19.720  10.000  31.503  237.454
19.730  10.000  26.934  233.472
19.740  10.000  22.465  227.148
19.750  10.000  20.577  218.964
19.760  10.000  20.161  210.218
19.770  10.000  18.725  201.889
19.780  10.000  18.461  193.533
19.790  10.000  17.580  185.944
19.800  10.000  17.151  178.171
19.810  10.000  16.576  170.409
19.820  10.000  15.991  163.330
19.830  10.000  15.513  155.992
19.840  10.000  15.111  148.371
19.850  10.000  14.518  140.839
19.860  10.000  13.839  133.819
19.870  10.000  13.288  126.735
19.880  10.000  12.919  119.741
19.890  10.000  12.471  113.175
19.900  10.000  12.042  106.708
19.910  10.000  11.716  100.348
19.920  10.000  11.301  93.521
19.930  10.000  10.896  87.048
19.940  10.000  10.570  81.204
19.950  10.000  10.076  75.021
19.960  10.000  9.812  68.972
19.970  10.000  9.370  63.500
19.980  10.000  9.224  58.302
19.990  10.000  8.898  52.774
20.000  10.000  8.740  47.402
20.010  10.000  8.370  42.398
20.020  10.000  8.185  37.349
20.030  10.000  8.066  32.385
20.040  10.000  7.945  27.398
20.050  10.000  7.868  23.037
20.060  10.000  7.992  19.250
20.070  10.000  7.944  15.807
20.080  10.000  7.768  12.459
20.090  10.000  7.685  9.456
20.100  10.000  8.166  6.702
20.110  10.000  8.448  4.242
20.120  10.000  8.747  2.295
20.130  10.000  9.040  0.882
20.140  10.000  9.507  0.106
20.150  10.000  9.420  -0.510
20.160  10.000  9.156  -1.163
20.170  10.000  8.857  -1.760
20.180  10.000  8.781  -2.069
20.190  10.000  9.453  -2.113
20.200  10.000  10.154  -1.907
20.210  10.000  9.649  -1.289
20.220  10.000  9.527  -0.618
20.230  10.000  9.793  0.032
20.240  10.000  10.173  0.836
20.250  10.000  10.153  1.759
20.260  10.000  10.081  2.811
20.270  10.000  10.059  3.773
20.280  10.000  9.962  4.584
20.290  10.000  10.295  5.420
20.300  10.000  10.398  6.189
20.310  10.000  10.387  6.651
20.320  10.000  10.015  6.818
20.330  10.000  10.079  6.933
20.340  10.000  10.409  7.035
20.350  10.000  10.330  7.034
20.360  10.000  10.105  6.832
20.370  10.000  10.159  6.369
20.380  10.000  10.108  5.693
20.390  10.000  10.199  4.989
20.400  10.000  10.024  4.273
20.410  10.000  10.072  3.599
20.420  10.000  9.898  3.085
20.430  10.000  9.786  2.553
20.440  10.000  9.743  2.007
20.450  10.000  9.890  1.501
20.460  10.000  9.897  0.954
20.470  10.000  9.813  0.512
20.480  10.000  9.827  0.194
20.490  10.000  9.808  -0.046
20.500  10.000  9.988  -0.164
20.510  10.000  9.670  -0.170
20.520  10.000  9.800  -0.023
20.530  10.000  9.869  0.076
20.540  10.000  10.118  0.219
20.550  10.000  9.971  0.491
20.560  10.000  9.583  0.906
20.570  10.000  9.836  1.479
20.580  10.000  10.216  1.988
20.590  10.000  10.387  2.355
20.600  10.000  9.904  2.748
20.610  10.000  9.867  3.275
20.620  10.000  10.195  3.721
20.630  10.000  10.631  3.819
20.640  10.000  10.352  3.745
20.650  10.000  9.815  3.666
20.660  10.000  9.762  3.510
20.670  10.000  10.342  3.472
20.680  10.000  10.532  3.289
20.690  10.000  9.936  2.914
20.700  10.000  9.570  2.428
20.710  10.000  9.804  1.940
20.720  10.000  10.452  1.675
20.730  10.000  10.246  1.365
20.740  10.000  9.805  0.928
20.750  10.000  9.485  0.589
20.760  10.000  9.865  0.345
20.770  10.000  10.236  0.144
20.780  10.000  10.061  -0.149
20.790  10.000  9.725  -0.503
20.800  10.000  9.537  -0.493
20.810  10.000  10.010  -0.258
20.820  10.000  10.284  -0.195
20.830  10.000  10.205  -0.275
20.840  10.000  9.528  -0.315
20.850  10.000  9.567  -0.167
20.860  10.000  10.284  0.129
20.870  10.000  10.186  0.438
20.880  10.000  9.881  0.681
20.890  10.000  9.934  0.894
20.900  10.000  9.835  1.151
20.910  10.000  10.285  1.333
20.920  10.000  10.231  1.529
20.930  10.000  10.031  1.614
20.940  10.000  10.056  1.544
20.950  10.000  10.026  1.561
20.960  10.000  10.110  1.488
20.970  10.000  10.354  1.340
20.980  10.000  9.880  1.212
20.990  10.000  10.042  0.942
21.000  10.000  10.022  0.604
21.010  10.000  10.056  0.370
21.020  10.000  9.925  0.054
21.030  10.000  9.971  -0.306
21.040  10.000  10.000  -0.549
21.050  10.000  10.006  -0.781
21.060  10.000  9.902  -1.075
21.070  10.000  10.018  -1.483
21.080  10.000  9.916  -1.779
21.090  10.000  9.882  -1.786
21.100  10.000  9.877  -1.778
21.110  10.000  9.985  -1.864
21.120  10.000  9.877  -1.894
21.130  10.000  9.797  -1.804
21.140  10.000  9.972  -1.747
21.150  10.000  9.991  -1.568
21.160  10.000  10.053  -1.235
21.170  10.000  9.964  -1.038
21.180  10.000  9.996  -0.915
21.190  10.000  10.032  -0.705
21.200  10.000  10.078  -0.413
21.210  10.000  9.993  -0.234
21.220  10.000  10.248  -0.133
21.230  10.000  9.910  0.036
21.240  10.000  9.877  0.254
21.250  10.000  10.105  0.556
21.260  10.000  10.142  0.705
21.270  10.000  10.027  0.723
21.280  10.000  9.805  0.863
21.290  10.000  10.137  0.929
21.300  10.000  10.135  0.881
21.310  10.000  10.164  0.821
