# covent_pc_6
# Captured 2020-06-19 23:02:57.389089 by unknown user
# Built at revision b0450af (dirty)
time(sec)  pc_setpoint  pressure  volume
0.000  10.000  9.963  -37.514
0.010  10.000  10.019  -37.635
0.020  10.000  9.973  -37.743
0.030  10.000  9.997  -37.609
0.040  10.000  10.032  -37.334
0.050  10.000  9.921  -37.241
0.060  10.000  10.148  -37.321
0.070  10.000  10.142  -37.358
0.080  10.000  9.891  -37.094
0.090  10.000  9.747  -36.799
0.100  10.000  10.079  -36.733
0.110  10.000  10.113  -36.714
0.120  10.000  9.934  -36.691
0.130  10.000  10.122  -36.752
0.140  10.000  9.851  -36.758
0.150  10.000  9.843  -36.605
0.160  10.000  10.072  -36.415
0.170  10.000  10.186  -36.189
0.180  10.000  9.938  -36.011
0.190  10.000  9.964  -35.725
0.200  10.000  9.835  -35.450
0.210  10.000  10.152  -35.436
0.220  10.000  9.956  -35.405
0.230  10.000  9.898  -35.266
0.240  10.000  9.820  -35.007
0.250  10.000  9.841  -34.582
0.260  10.000  10.167  -34.142
0.270  10.000  10.135  -33.777
0.280  10.000  10.050  -33.537
0.290  10.000  10.082  -33.458
0.300  10.000  9.903  -33.398
0.310  10.000  9.840  -33.092
0.320  10.000  10.080  -32.725
0.330  10.000  10.153  -32.488
0.340  10.000  10.209  -32.308
0.350  10.000  10.022  -32.177
0.360  10.000  9.938  -32.151
0.370  10.000  10.256  -32.183
0.380  10.000  9.905  -32.136
0.390  10.000  9.977  -32.065
0.400  10.000  9.928  -32.098
0.410  10.000  9.826  -32.082
0.420  10.000  10.140  -31.982
0.430  10.000  9.983  -31.886
0.440  10.000  9.913  -31.739
0.450  10.000  9.749  -31.672
0.460  10.000  9.853  -31.530
0.470  10.000  10.059  -31.167
0.480  10.000  10.179  -30.820
0.490  10.000  10.125  -30.672
0.500  10.000  9.943  -30.652
0.510  10.000  9.699  -30.633
0.520  10.000  9.982  -30.411
0.530  10.000  10.304  -30.100
0.540  10.000  10.177  -29.949
0.550  10.000  9.980  -29.836
0.560  10.000  9.923  -29.746
0.570  10.000  10.107  -29.610
0.580  10.000  9.984  -29.363
0.590  10.000  9.997  -29.132
0.600  10.000  9.914  -28.879
0.610  10.000  10.216  -28.729
0.620  10.000  10.105  -28.812
0.630  10.000  9.964  -28.874
0.640  10.000  9.799  -28.853
0.650  10.000  9.911  -28.848
0.660  10.000  10.186  -28.832
0.670  10.000  10.084  -28.742
0.680  10.000  10.020  -28.584
0.690  10.000  9.570  -28.389
0.700  10.000  9.990  -28.212
0.710  10.000  10.231  -27.952
0.720  10.000  10.144  -27.661
0.730  10.000  9.770  -27.505
0.740  10.000  9.764  -27.391
0.750  10.000  9.931  -27.064
0.760  10.000  10.038  -26.579
0.770  10.000  9.995  -26.123
0.780  10.000  9.879  -25.732
0.790  10.000  10.023  -25.357
0.800  10.000  10.288  -24.989
0.810  10.000  9.925  -24.717
0.820  10.000  9.815  -24.441
0.830  10.000  9.945  -24.187
0.840  10.000  10.388  -23.866
0.850  10.000  10.159  -23.544
0.860  10.000  9.928  -23.313
0.870  10.000  9.873  -22.850
0.880  10.000  10.080  -22.224
0.890  10.000  9.962  -21.698
0.900  10.000  10.099  -21.437
0.910  10.000  9.913  -21.407
0.920  10.000  10.052  -21.358
0.930  10.000  9.971  -21.219
0.940  10.000  9.814  -20.951
0.950  10.000  10.107  -20.716
0.960  10.000  10.050  -20.549
0.970  10.000  9.984  -20.214
0.980  10.000  9.946  -19.874
0.990  10.000  9.877  -19.540
1.000  10.000  9.965  -19.203
1.010  10.000  10.324  -18.963
1.020  10.000  9.865  -18.758
1.030  10.000  9.836  -18.640
1.040  10.000  10.174  -18.575
1.050  10.000  10.044  -18.428
1.060  10.000  10.050  -18.023
1.070  10.000  9.945  -17.545
1.080  10.000  9.946  -17.152
1.090  10.000  9.861  -16.828
1.100  10.000  9.906  -16.507
1.110  10.000  10.112  -16.202
1.120  10.000  10.171  -16.097
1.130  10.000  10.048  -16.144
1.140  10.000  9.783  -16.065
1.150  10.000  9.909  -15.881
1.160  10.000  10.078  -15.647
1.170  10.000  10.082  -15.437
1.180  10.000  10.097  -15.504
1.190  10.000  10.010  -15.488
1.200  10.000  10.114  -15.349
1.210  10.000  9.898  -15.221
1.220  10.000  10.053  -14.973
1.230  10.000  9.916  -14.569
1.240  10.000  9.965  -13.970
1.250  10.000  9.883  -13.595
1.260  10.000  10.112  -13.384
1.270  10.000  10.262  -13.139
1.280  10.000  10.028  -12.997
1.290  10.000  9.711  -12.825
1.300  10.000  9.714  -12.551
1.310  10.000  10.226  -12.309
1.320  10.000  10.192  -12.067
1.330  10.000  9.833  -11.816
1.340  10.000  10.045  -11.796
1.350  10.000  9.848  -11.773
1.360  10.000  9.959  -11.593
1.370  10.000  9.884  -11.332
1.380  10.000  10.022  -10.985
1.390  10.000  10.251  -10.683
1.400  10.000  9.934  -10.417
1.410  10.000  9.788  -10.152
1.420  10.000  10.150  -9.950
1.430  10.000  10.140  -9.754
1.440  10.000  10.001  -9.454
1.450  10.000  9.912  -9.301
1.460  10.000  9.967  -9.276
1.470  10.000  10.146  -9.128
1.480  10.000  9.922  -8.870
1.490  10.000  9.912  -8.589
1.500  10.000  10.108  -8.506
1.510  10.000  10.113  -8.544
1.520  10.000  10.002  -8.479
1.530  10.000  10.002  -8.334
1.540  10.000  9.879  -8.068
1.550  10.000  10.071  -7.923
1.560  10.000  9.990  -7.975
1.570  10.000  10.004  -7.900
1.580  10.000  9.988  -7.772
1.590  10.000  9.943  -7.573
1.600  10.000  10.149  -7.362
1.610  10.000  10.103  -7.276
1.620  10.000  9.790  -7.169
1.630  10.000  9.870  -6.981
1.640  10.000  10.161  -6.786
1.650  10.000  10.221  -6.639
1.660  10.000  10.039  -6.559
1.670  10.000  10.099  -6.590
1.680  10.000  9.761  -6.665
1.690  10.000  10.013  -6.685
1.700  10.000  10.186  -6.876
1.710  10.000  10.067  -7.056
1.720  10.000  9.806  -6.915
1.730  10.000  9.824  -6.734
1.740  10.000  9.878  -6.552
1.750  10.000  10.109  -6.411
1.760  10.000  10.193  -6.442
1.770  10.000  9.891  -6.419
1.780  10.000  9.743  -6.252
1.790  10.000  9.809  -6.069
1.800  10.000  10.298  -5.838
1.810  10.000  10.200  -5.623
1.820  10.000  9.899  -5.448
1.830  10.000  9.722  -5.209
1.840  10.000  9.831  -4.888
1.850  10.000  10.476  -4.679
1.860  10.000  10.247  -4.656
1.870  10.000  9.901  -4.614
1.880  10.000  9.803  -4.659
1.890  10.000  9.921  -4.604
1.900  10.000  9.970  -4.462
1.910  10.000  10.053  -4.421
1.920  10.000  9.885  -4.351
1.930  10.000  9.934  -4.187
1.940  10.000  10.127  -3.886
1.950  10.000  10.078  -3.663
1.960  10.000  9.774  -3.362
1.970  10.000  9.895  -2.782
1.980  10.000  10.059  -2.184
1.990  10.000  10.060  -1.801
2.000  10.000  9.963  -1.609
2.010  10.000  10.018  -1.379
2.020  12.500  10.027  -1.206
2.030  15.001  10.198  -0.925
2.040  17.500  11.384  0.131
2.050  20.000  14.318  2.210
2.060  22.500  17.533  5.647
2.070  25.000  20.391  10.541
2.080  27.501  23.115  16.401
2.090  30.000  25.102  23.078
2.100  32.500  27.845  29.941
2.110  35.000  29.876  36.580
2.120  35.000  32.481  42.649
2.130  35.000  32.323  48.365
2.140  35.000  33.386  53.951
2.150  35.000  33.367  59.147
2.160  35.000  33.223  64.340
2.170  35.000  33.722  69.405
2.180  35.000  33.338  74.412
2.190  35.000  33.641  79.571
2.200  35.000  33.152  85.103
2.210  35.000  33.889  90.329
2.220  35.000  33.413  95.182
2.230  35.000  33.808  100.387
2.240  35.000  33.752  105.347
2.250  35.000  33.833  109.895
2.260  35.000  33.831  114.774
2.270  35.000  34.556  119.747
2.280  35.000  33.676  124.684
2.290  35.000  34.289  129.564
2.300  35.000  34.389  134.265
2.310  35.000  34.574  138.933
2.320  35.000  34.433  143.666
2.330  35.000  34.281  148.393
2.340  35.000  34.514  152.953
2.350  35.000  34.189  157.370
2.360  35.000  34.722  161.915
2.370  35.000  34.175  166.669
2.380  35.000  35.346  171.018
2.390  35.000  34.718  175.272
2.400  35.000  35.113  179.582
2.410  35.000  34.749  183.915
2.420  35.000  35.092  188.286
2.430  35.000  35.444  192.452
2.440  35.000  34.760  196.720
2.450  35.000  35.062  201.159
2.460  35.000  35.577  205.321
2.470  35.000  35.013  209.428
2.480  35.000  34.946  213.993
2.490  35.000  34.995  218.535
2.500  35.000  35.435  222.819
2.510  35.000  34.996  227.325
2.520  35.000  34.734  231.990
2.530  35.000  35.366  236.162
2.540  35.000  36.126  239.910
2.550  35.000  35.366  243.780
2.560  35.000  35.611  247.751
2.570  35.000  35.915  251.396
2.580  35.000  35.019  255.182
2.590  35.000  35.874  259.203
2.600  35.000  35.041  263.060
2.610  35.000  35.882  266.930
2.620  35.000  35.507  270.712
2.630  35.000  35.589  274.300
2.640  35.000  35.050  277.821
2.650  35.000  34.903  281.430
2.660  35.000  34.638  284.866
2.670  35.000  34.045  288.173
2.680  35.000  33.337  291.530
2.690  35.000  34.564  294.626
2.700  35.000  34.283  297.729
2.710  35.000  35.104  301.156
2.720  35.000  36.223  304.505
2.730  35.000  36.307  307.994
2.740  35.000  35.609  311.912
2.750  35.000  36.212  315.544
2.760  35.000  35.400  318.805
2.770  35.000  34.824  321.974
2.780  35.000  35.008  324.928
2.790  35.000  33.932  327.957
2.800  35.000  34.788  330.894
2.810  35.000  34.590  333.706
2.820  35.000  35.545  336.459
2.830  35.000  35.061  339.274
2.840  35.000  35.087  342.257
2.850  35.000  34.266  345.431
2.860  35.000  35.218  348.661
2.870  35.000  35.374  351.717
2.880  35.000  35.393  354.568
2.890  35.000  35.073  357.292
2.900  35.000  35.615  359.970
2.910  35.000  35.360  362.356
2.920  35.000  34.559  364.788
2.930  35.000  35.956  367.098
2.940  35.000  34.777  369.299
2.950  35.000  34.913  371.457
2.960  35.000  34.638  373.610
2.970  35.000  34.822  375.901
2.980  35.000  35.505  378.190
2.990  35.000  34.837  380.778
3.000  35.000  35.183  383.471
3.010  35.000  34.593  385.982
3.020  10.000  35.464  388.181
3.030  10.000  34.091  390.060
3.040  10.000  32.171  390.889
3.050  10.000  26.935  389.524
3.060  10.000  19.827  383.597
3.070  10.000  17.750  374.690
3.080  10.000  13.201  367.411
3.090  10.000  11.976  360.886
3.100  10.000  10.388  354.465
3.110  10.000  9.858  348.810
3.120  10.000  9.284  343.103
3.130  10.000  9.038  337.552
3.140  10.000  8.930  332.580
3.150  10.000  8.843  327.727
3.160  10.000  8.794  322.481
3.170  10.000  8.846  317.222
3.180  10.000  8.843  312.444
3.190  10.000  8.967  307.769
3.200  10.000  9.034  302.861
3.210  10.000  9.025  297.994
3.220  10.000  9.234  292.810
3.230  10.000  9.244  287.769
3.240  10.000  9.462  283.419
3.250  10.000  9.767  279.329
3.260  10.000  9.947  275.296
3.270  10.000  9.873  271.080
3.280  10.000  9.953  266.929
3.290  10.000  9.914  262.763
3.300  10.000  9.884  258.514
3.310  10.000  9.895  254.397
3.320  10.000  9.824  250.415
3.330  10.000  9.830  245.900
3.340  10.000  9.774  241.374
3.350  10.000  9.756  237.335
3.360  10.000  9.673  233.230
3.370  10.000  9.571  229.210
3.380  10.000  9.607  225.116
3.390  10.000  9.526  221.136
3.400  10.000  9.457  217.351
3.410  10.000  9.343  212.931
3.420  10.000  9.348  208.407
3.430  10.000  9.216  204.525
3.440  10.000  9.378  200.764
3.450  10.000  9.462  197.222
3.460  10.000  9.714  193.807
3.470  10.000  9.934  190.291
3.480  10.000  10.038  186.913
3.490  10.000  10.064  183.576
3.500  10.000  10.007  180.088
3.510  10.000  9.995  176.673
3.520  10.000  9.810  173.141
3.530  10.000  9.835  169.524
3.540  10.000  9.792  166.295
3.550  10.000  9.768  162.926
3.560  10.000  9.793  159.400
3.570  10.000  9.767  156.288
3.580  10.000  9.885  153.240
3.590  10.000  10.047  150.149
3.600  10.000  9.972  147.079
3.610  10.000  10.006  143.883
3.620  10.000  9.867  140.766
3.630  10.000  9.849  137.778
3.640  10.000  9.742  134.812
3.650  10.000  9.667  131.831
3.660  10.000  9.812  128.751
3.670  10.000  9.694  125.670
3.680  10.000  9.653  122.699
3.690  10.000  9.727  119.723
3.700  10.000  9.619  117.118
3.710  10.000  9.645  114.675
3.720  10.000  9.724  112.034
3.730  10.000  9.680  109.496
3.740  10.000  9.874  106.819
3.750  10.000  9.916  104.338
3.760  10.000  9.997  101.981
3.770  10.000  9.983  99.449
3.780  10.000  10.111  96.979
3.790  10.000  9.936  94.612
3.800  10.000  9.888  92.289
3.810  10.000  9.864  89.951
3.820  10.000  9.852  87.690
3.830  10.000  9.924  85.711
3.840  10.000  9.980  83.707
3.850  10.000  9.963  81.647
3.860  10.000  9.930  79.543
3.870  10.000  10.185  77.197
3.880  10.000  9.843  75.136
3.890  10.000  9.829  73.056
3.900  10.000  9.784  70.834
3.910  10.000  9.904  68.934
3.920  10.000  9.888  67.054
3.930  10.000  10.074  65.046
3.940  10.000  10.110  63.164
3.950  10.000  10.103  61.333
3.960  10.000  9.850  59.377
3.970  10.000  9.838  57.395
3.980  10.000  9.833  55.578
3.990  10.000  9.835  53.828
4.000  10.000  9.907  52.112
4.010  10.000  9.978  50.639
4.020  10.000  9.960  49.175
4.030  10.000  10.002  47.549
4.040  10.000  9.993  45.981
4.050  10.000  9.843  44.588
4.060  10.000  9.696  43.238
4.070  10.000  9.932  41.845
4.080  10.000  10.133  40.386
4.090  10.000  10.147  38.907
4.100  10.000  10.136  37.298
4.110  10.000  9.877  35.645
4.120  10.000  9.829  34.138
4.130  10.000  9.782  32.587
4.140  10.000  9.886  31.155
4.150  10.000  9.715  29.990
4.160  10.000  9.945  28.961
4.170  10.000  10.040  27.956
4.180  10.000  10.064  26.846
4.190  10.000  10.060  25.731
4.200  10.000  9.905  24.615
4.210  10.000  10.029  23.536
4.220  10.000  9.813  22.460
4.230  10.000  9.814  21.312
4.240  10.000  9.908  20.278
4.250  10.000  9.845  19.302
4.260  10.000  9.927  18.389
4.270  10.000  9.933  17.491
4.280  10.000  9.955  16.606
4.290  10.000  9.857  15.675
4.300  10.000  9.814  14.708
4.310  10.000  10.016  13.895
4.320  10.000  9.900  13.222
4.330  10.000  9.842  12.556
4.340  10.000  9.974  11.828
4.350  10.000  9.691  11.222
4.360  10.000  9.654  10.604
4.370  10.000  9.729  9.892
4.380  10.000  9.551  9.314
4.390  10.000  9.562  8.595
4.400  10.000  9.597  7.702
4.410  10.000  9.617  7.017
4.420  10.000  9.938  6.454
4.430  10.000  10.203  5.929
4.440  10.000  9.997  5.597
4.450  10.000  9.682  5.507
4.460  10.000  9.951  5.344
4.470  10.000  10.073  4.888
4.480  10.000  9.890  4.516
4.490  10.000  9.860  4.373
4.500  10.000  9.915  4.397
4.510  10.000  9.989  4.383
4.520  10.000  10.175  4.090
4.530  10.000  10.037  3.701
4.540  10.000  9.880  3.338
4.550  10.000  9.812  3.028
4.560  10.000  10.071  2.897
4.570  10.000  10.263  2.824
4.580  10.000  10.046  2.656
4.590  10.000  9.948  2.642
4.600  10.000  9.746  2.677
4.610  10.000  10.049  2.493
4.620  10.000  10.076  2.222
4.630  10.000  9.960  2.057
4.640  10.000  9.993  1.943
4.650  10.000  9.970  1.868
4.660  10.000  9.768  1.903
4.670  10.000  9.806  2.015
4.680  10.000  10.154  2.163
4.690  10.000  10.224  2.336
4.700  10.000  9.888  2.429
4.710  10.000  9.768  2.445
4.720  10.000  9.882  2.609
4.730  10.000  10.258  2.765
4.740  10.000  10.149  2.851
4.750  10.000  9.838  2.901
4.760  10.000  9.834  2.907
4.770  10.000  10.275  2.886
4.780  10.000  10.266  2.855
4.790  10.000  10.077  2.803
4.800  10.000  9.684  2.864
4.810  10.000  10.039  2.918
4.820  10.000  10.417  2.815
4.830  10.000  10.018  2.676
4.840  10.000  9.761  2.581
4.850  10.000  9.827  2.563
4.860  10.000  10.060  2.484
4.870  10.000  10.288  2.333
4.880  10.000  10.085  2.113
4.890  10.000  9.927  1.860
4.900  10.000  9.844  1.665
4.910  10.000  9.923  1.493
4.920  10.000  10.026  1.324
4.930  10.000  10.020  1.109
4.940  10.000  10.033  0.820
4.950  10.000  9.800  0.627
4.960  10.000  9.983  0.419
4.970  10.000  9.970  0.085
4.980  10.000  10.110  -0.176
4.990  10.000  9.850  -0.305
5.000  10.000  9.885  -0.326
5.010  10.000  9.989  -0.277
5.020  10.000  9.918  -0.204
5.030  10.000  10.027  -0.144
5.040  10.000  9.904  -0.188
5.050  10.000  10.126  -0.267
5.060  10.000  9.933  -0.160
5.070  10.000  9.969  0.057
5.080  10.000  9.805  0.180
5.090  10.000  10.245  0.299
5.100  10.000  10.116  0.490
5.110  10.000  9.978  0.684
5.120  10.000  10.148  0.798
5.130  10.000  9.905  0.974
5.140  10.000  10.142  1.087
5.150  10.000  10.004  1.124
5.160  10.000  9.991  1.118
5.170  10.000  10.171  0.992
5.180  10.000  10.201  0.732
5.190  10.000  9.827  0.422
5.200  10.000  9.811  0.251
5.210  10.000  10.005  0.063
5.220  10.000  10.117  -0.033
5.230  10.000  9.935  0.079
5.240  10.000  9.907  0.251
5.250  10.000  10.009  0.398
5.260  10.000  10.093  0.426
5.270  10.000  10.030  0.330
5.280  10.000  10.034  0.072
5.290  10.000  9.890  -0.146
5.300  10.000  9.986  -0.244
5.310  10.000  10.016  -0.329
5.320  10.000  9.856  -0.362
5.330  10.000  9.982  -0.450
5.340  10.000  10.238  -0.546
5.350  10.000  10.023  -0.472
5.360  10.000  9.816  -0.258
5.370  10.000  9.892  -0.053
5.380  10.000  10.115  0.209
5.390  10.000  9.964  0.420
5.400  10.000  10.111  0.492
5.410  10.000  9.832  0.463
5.420  10.000  10.030  0.390
5.430  10.000  10.039  0.334
5.440  10.000  9.939  0.407
5.450  10.000  10.064  0.572
5.460  10.000  9.940  0.569
5.470  10.000  10.017  0.513
5.480  10.000  10.009  0.466
5.490  10.000  9.949  0.564
5.500  10.000  9.768  0.780
5.510  10.000  10.017  0.883
5.520  10.000  10.139  0.937
5.530  10.000  10.020  1.073
5.540  10.000  9.921  1.207
5.550  10.000  10.022  1.172
5.560  10.000  10.251  1.029
5.570  10.000  9.941  0.934
5.580  10.000  10.102  0.817
5.590  10.000  9.807  0.786
5.600  10.000  10.191  0.995
5.610  10.000  9.930  1.298
5.620  10.000  10.004  1.623
5.630  10.000  9.925  1.847
5.640  10.000  10.048  1.862
5.650  10.000  10.036  1.743
5.660  10.000  9.963  1.710
5.670  10.000  10.050  1.786
5.680  10.000  10.063  1.829
5.690  10.000  9.984  1.771
5.700  10.000  9.996  1.818
5.710  10.000  10.094  1.912
5.720  10.000  10.191  1.729
5.730  10.000  9.960  1.445
5.740  10.000  9.805  1.310
5.750  10.000  10.135  1.160
5.760  10.000  9.918  0.993
5.770  10.000  9.846  0.941
5.780  10.000  9.737  0.958
5.790  10.000  10.002  1.150
5.800  10.000  10.118  1.447
5.810  10.000  10.213  1.565
5.820  10.000  9.814  1.570
5.830  10.000  9.702  1.598
5.840  10.000  10.124  1.678
5.850  10.000  10.066  1.966
5.860  10.000  10.115  2.281
5.870  10.000  9.927  2.474
5.880  10.000  9.921  2.456
5.890  10.000  9.989  2.440
5.900  10.000  10.236  2.498
5.910  10.000  10.102  2.421
5.920  10.000  10.028  2.352
5.930  10.000  9.946  2.291
5.940  10.000  10.042  2.358
5.950  10.000  10.073  2.518
5.960  10.000  9.862  2.577
5.970  10.000  9.786  2.550
5.980  10.000  9.957  2.603
5.990  10.000  10.264  2.744
6.000  10.000  10.082  2.780
6.010  10.000  9.721  2.813
6.020  10.000  9.809  2.916
6.030  10.000  10.388  2.882
6.040  10.000  10.485  2.741
6.050  10.000  9.881  2.635
6.060  10.000  9.557  2.476
6.070  10.000  10.054  2.377
6.080  10.000  10.164  2.435
6.090  10.000  9.984  2.409
6.100  10.000  9.864  2.379
6.110  10.000  9.891  2.403
6.120  10.000  9.927  2.315
6.130  10.000  9.932  2.202
6.140  10.000  10.198  2.075
6.150  10.000  9.840  1.951
6.160  10.000  9.933  1.857
6.170  10.000  9.962  1.884
6.180  10.000  10.175  2.009
6.190  10.000  9.906  2.129
6.200  10.000  10.115  2.273
6.210  10.000  10.065  2.301
6.220  10.000  9.895  2.187
6.230  10.000  10.073  2.109
6.240  10.000  9.806  2.166
6.250  10.000  10.113  2.271
6.260  10.000  10.184  2.266
6.270  10.000  9.939  2.251
6.280  10.000  9.746  2.357
6.290  10.000  9.944  2.540
6.300  10.000  10.091  2.712
6.310  10.000  10.223  2.788
6.320  10.000  9.855  2.927
6.330  10.000  10.020  3.072
6.340  10.000  10.000  3.041
6.350  10.000  10.147  2.841
6.360  10.000  10.095  2.700
6.370  10.000  10.105  2.645
6.380  10.000  9.902  2.575
6.390  10.000  10.090  2.582
6.400  10.000  10.067  2.604
6.410  10.000  9.902  2.543
6.420  10.000  9.974  2.360
6.430  10.000  9.828  2.275
6.440  10.000  10.086  2.340
6.450  10.000  10.195  2.302
6.460  10.000  9.983  2.164
6.470  10.000  9.863  2.010
6.480  10.000  9.972  1.981
6.490  10.000  9.880  2.167
6.500  10.000  10.011  2.305
6.510  10.000  10.051  2.346
6.520  10.000  9.798  2.407
6.530  10.000  9.917  2.478
6.540  10.000  10.109  2.599
6.550  10.000  10.045  2.754
6.560  10.000  10.059  2.756
6.570  10.000  9.854  2.717
6.580  10.000  9.886  2.782
6.590  10.000  9.943  2.900
6.600  10.000  10.234  3.086
6.610  10.000  10.149  3.229
6.620  10.000  9.961  3.229
6.630  10.000  9.747  3.129
6.640  10.000  10.033  3.044
6.650  10.000  10.210  3.099
6.660  10.000  10.085  3.138
6.670  10.000  9.989  3.122
6.680  10.000  9.947  3.190
6.690  10.000  9.940  3.250
6.700  10.000  9.874  3.520
6.710  10.000  10.036  3.839
6.720  10.000  10.033  3.946
6.730  10.000  10.218  3.821
6.740  10.000  10.137  3.537
6.750  10.000  9.824  3.381
6.760  10.000  9.738  3.335
6.770  10.000  9.843  3.488
6.780  10.000  10.431  3.626
6.790  10.000  10.200  3.548
6.800  10.000  9.881  3.414
6.810  10.000  9.864  3.244
6.820  10.000  9.955  3.253
6.830  10.000  10.055  3.240
6.840  10.000  10.038  3.116
6.850  10.000  10.124  3.179
6.860  10.000  9.944  3.303
6.870  10.000  9.805  3.344
6.880  10.000  9.879  3.322
6.890  10.000  10.077  3.144
6.900  10.000  9.965  3.024
6.910  10.000  9.981  3.122
6.920  10.000  9.814  3.291
6.930  10.000  9.896  3.465
6.940  10.000  10.228  3.680
6.950  10.000  10.036  3.971
6.960  10.000  10.056  4.262
6.970  10.000  10.137  4.433
6.980  10.000  9.926  4.432
6.990  10.000  9.822  4.417
7.000  10.000  10.075  4.461
7.010  10.000  10.167  4.538
7.020  10.000  10.048  4.519
7.030  12.500  9.970  4.381
7.040  15.000  10.019  4.611
7.050  17.500  11.633  5.550
7.060  20.000  14.515  7.514
7.070  22.500  17.227  10.923
7.080  25.000  19.946  15.638
7.090  27.500  23.114  21.141
7.100  30.000  25.596  27.112
7.110  32.500  28.142  33.524
7.120  35.000  30.050  40.022
7.130  35.000  31.478  46.106
7.140  35.000  32.779  51.867
7.150  35.000  32.906  57.492
7.160  35.000  33.318  62.875
7.170  35.000  33.432  68.151
7.180  35.000  33.493  73.446
7.190  35.000  33.431  78.512
7.200  35.000  33.402  83.320
7.210  35.000  33.805  88.177
7.220  35.000  33.698  93.259
7.230  35.000  34.082  98.329
7.240  35.000  34.373  103.171
7.250  35.000  34.055  107.876
7.260  35.000  34.327  112.461
7.270  35.000  34.531  116.898
7.280  35.000  34.023  121.455
7.290  35.000  34.323  126.433
7.300  35.000  34.175  131.605
7.310  35.000  34.078  136.605
7.320  35.000  34.205  141.277
7.330  35.000  34.780  145.839
7.340  35.000  33.803  150.774
7.350  35.000  34.318  155.784
7.360  35.000  35.231  160.323
7.370  35.000  34.469  164.798
7.380  35.000  34.504  169.306
7.390  35.000  35.141  173.662
7.400  35.000  34.978  177.827
7.410  35.000  34.893  182.144
7.420  35.000  34.850  186.741
7.430  35.000  35.128  191.350
7.440  35.000  34.807  195.839
7.450  35.000  34.718  200.313
7.460  35.000  35.647  204.767
7.470  35.000  35.095  208.946
7.480  35.000  36.010  212.870
7.490  35.000  34.810  216.921
7.500  35.000  35.070  221.306
7.510  35.000  35.271  225.486
7.520  35.000  35.749  229.513
7.530  35.000  34.969  233.724
7.540  35.000  35.149  237.917
7.550  35.000  35.118  241.758
7.560  35.000  35.604  245.635
7.570  35.000  35.528  249.708
7.580  35.000  35.558  253.610
7.590  35.000  35.600  257.355
7.600  35.000  34.880  261.164
7.610  35.000  35.706  264.935
7.620  35.000  35.601  268.507
7.630  35.000  34.826  272.093
7.640  35.000  34.615  275.624
7.650  35.000  34.487  278.850
7.660  35.000  34.253  282.160
7.670  35.000  34.343  285.741
7.680  35.000  34.795  289.663
7.690  35.000  35.189  293.925
7.700  35.000  35.747  297.943
7.710  35.000  35.555  301.786
7.720  35.000  35.848  305.413
7.730  35.000  36.029  308.848
7.740  35.000  35.786  312.282
7.750  35.000  35.019  315.548
7.760  35.000  35.398  318.567
7.770  35.000  34.514  321.341
7.780  35.000  34.229  323.853
7.790  35.000  34.603  326.518
7.800  35.000  34.009  329.634
7.810  35.000  34.713  332.732
7.820  35.000  34.864  335.689
7.830  35.000  35.792  338.635
7.840  35.000  35.855  341.962
7.850  35.000  35.383  345.575
7.860  35.000  35.531  348.741
7.870  35.000  34.786  351.621
7.880  35.000  35.090  354.405
7.890  35.000  34.257  357.265
7.900  35.000  35.312  360.174
7.910  35.000  35.038  363.053
7.920  35.000  35.375  365.864
7.930  35.000  34.376  368.890
7.940  35.000  35.149  371.929
7.950  35.000  35.227  374.503
7.960  35.000  35.107  377.200
7.970  35.000  35.779  379.761
7.980  35.000  34.605  382.262
7.990  35.000  35.247  384.859
8.000  35.000  34.741  387.377
8.010  35.000  35.067  389.963
8.020  35.000  34.859  392.662
8.030  10.000  35.429  395.020
8.040  10.000  35.003  396.549
8.050  10.000  32.182  397.256
8.060  10.000  26.963  396.038
8.070  10.000  19.720  390.062
8.080  10.000  17.928  381.095
8.090  10.000  13.469  373.461
8.100  10.000  12.109  367.171
8.110  10.000  10.431  360.991
8.120  10.000  9.851  355.081
8.130  10.000  9.238  349.723
8.140  10.000  9.083  344.476
8.150  10.000  8.949  339.337
8.160  10.000  8.889  334.322
8.170  10.000  8.793  329.414
8.180  10.000  8.807  324.263
8.190  10.000  8.889  319.127
8.200  10.000  8.969  314.271
8.210  10.000  9.011  309.193
8.220  10.000  9.135  304.248
8.230  10.000  9.194  299.861
8.240  10.000  9.375  295.020
8.250  10.000  9.536  290.145
8.260  10.000  9.621  285.911
8.270  10.000  9.842  281.594
8.280  10.000  9.836  276.732
8.290  10.000  9.960  271.885
8.300  10.000  9.968  267.546
8.310  10.000  9.874  263.316
8.320  10.000  9.859  259.069
8.330  10.000  9.845  254.868
8.340  10.000  9.760  250.455
8.350  10.000  9.792  245.974
8.360  10.000  9.676  241.875
8.370  10.000  9.734  237.803
8.380  10.000  9.645  233.740
8.390  10.000  9.611  229.825
8.400  10.000  9.525  225.940
8.410  10.000  9.527  221.909
8.420  10.000  9.352  217.976
8.430  10.000  9.255  214.186
8.440  10.000  9.191  210.261
8.450  10.000  9.346  206.406
8.460  10.000  9.426  202.798
8.470  10.000  9.620  199.326
8.480  10.000  9.981  195.861
8.490  10.000  10.026  192.356
8.500  10.000  10.092  189.005
8.510  10.000  10.008  185.566
8.520  10.000  10.018  182.104
8.530  10.000  9.959  178.827
8.540  10.000  9.914  175.485
8.550  10.000  9.905  172.326
8.560  10.000  9.761  169.087
8.570  10.000  9.844  165.640
8.580  10.000  9.764  162.392
8.590  10.000  9.793  159.243
8.600  10.000  9.798  156.199
8.610  10.000  9.774  153.221
8.620  10.000  9.872  150.185
8.630  10.000  9.870  147.131
8.640  10.000  9.870  144.208
8.650  10.000  9.910  141.253
8.660  10.000  9.761  138.278
8.670  10.000  9.746  135.349
8.680  10.000  9.750  132.508
8.690  10.000  9.660  129.809
8.700  10.000  9.737  127.081
8.710  10.000  9.623  124.255
8.720  10.000  9.720  121.565
8.730  10.000  9.651  118.861
8.740  10.000  9.809  115.968
8.750  10.000  9.788  113.405
8.760  10.000  9.941  111.063
8.770  10.000  9.876  108.652
8.780  10.000  10.060  106.318
8.790  10.000  10.029  104.027
8.800  10.000  10.088  101.686
8.810  10.000  9.946  99.382
8.820  10.000  9.901  97.157
8.830  10.000  9.779  94.711
8.840  10.000  9.771  92.339
8.850  10.000  9.836  90.242
8.860  10.000  10.051  88.029
8.870  10.000  10.092  85.901
8.880  10.000  10.136  83.829
8.890  10.000  9.893  81.705
8.900  10.000  9.813  79.615
8.910  10.000  9.870  77.685
8.920  10.000  9.909  75.862
8.930  10.000  9.961  73.863
8.940  10.000  9.959  71.812
8.950  10.000  10.069  69.930
8.960  10.000  9.831  68.162
8.970  10.000  9.887  66.310
8.980  10.000  9.789  64.395
8.990  10.000  10.054  62.571
9.000  10.000  9.955  60.764
9.010  10.000  10.002  59.029
9.020  10.000  9.922  57.390
9.030  10.000  9.875  55.741
9.040  10.000  10.004  53.999
9.050  10.000  9.935  52.196
9.060  10.000  9.942  50.537
9.070  10.000  9.939  48.862
9.080  10.000  9.926  47.155
9.090  10.000  9.950  45.566
9.100  10.000  9.876  43.983
9.110  10.000  9.914  42.558
9.120  10.000  9.970  41.278
9.130  10.000  10.027  39.866
9.140  10.000  9.881  38.516
9.150  10.000  9.840  37.299
9.160  10.000  9.862  36.090
9.170  10.000  9.866  34.888
9.180  10.000  9.922  33.682
9.190  10.000  9.931  32.561
9.200  10.000  10.078  31.455
9.210  10.000  9.960  30.343
9.220  10.000  10.025  29.168
9.230  10.000  9.972  27.858
9.240  10.000  9.950  26.740
9.250  10.000  10.077  25.731
9.260  10.000  9.888  24.556
9.270  10.000  9.738  23.434
9.280  10.000  9.721  22.497
9.290  10.000  9.674  21.681
9.300  10.000  9.943  20.736
9.310  10.000  9.792  19.780
9.320  10.000  9.934  18.878
9.330  10.000  9.826  17.970
9.340  10.000  9.782  17.059
9.350  10.000  9.648  16.316
9.360  10.000  9.846  15.517
9.370  10.000  9.891  14.555
9.380  10.000  9.728  13.773
9.390  10.000  9.576  13.130
9.400  10.000  9.569  12.458
9.410  10.000  9.549  11.711
9.420  10.000  10.106  11.039
9.430  10.000  10.023  10.451
9.440  10.000  9.929  9.993
9.450  10.000  9.865  9.458
9.460  10.000  9.995  8.865
9.470  10.000  9.764  8.346
9.480  10.000  10.119  7.886
9.490  10.000  10.204  7.449
9.500  10.000  10.156  6.990
9.510  10.000  9.860  6.532
9.520  10.000  9.785  6.099
9.530  10.000  9.910  5.674
9.540  10.000  9.998  5.358
9.550  10.000  10.045  5.135
9.560  10.000  9.915  5.009
9.570  10.000  9.920  4.893
9.580  10.000  9.985  4.660
9.590  10.000  9.924  4.344
9.600  10.000  10.102  3.945
9.610  10.000  10.041  3.674
9.620  10.000  9.712  3.597
9.630  10.000  9.890  3.620
9.640  10.000  9.965  3.699
9.650  10.000  10.121  3.820
9.660  10.000  10.026  3.932
9.670  10.000  9.975  3.969
9.680  10.000  9.868  4.095
9.690  10.000  10.130  4.335
9.700  10.000  10.242  4.464
9.710  10.000  9.954  4.542
9.720  10.000  9.788  4.619
9.730  10.000  9.937  4.603
9.740  10.000  10.294  4.606
9.750  10.000  9.802  4.719
9.760  10.000  9.913  4.826
9.770  10.000  9.919  4.938
9.780  10.000  10.047  5.066
9.790  10.000  9.991  5.128
9.800  10.000  10.127  4.959
9.810  10.000  10.151  4.778
9.820  10.000  10.157  4.710
9.830  10.000  9.809  4.617
9.840  10.000  9.778  4.567
9.850  10.000  9.997  4.532
9.860  10.000  10.232  4.589
9.870  10.000  10.022  4.698
9.880  10.000  10.016  4.672
9.890  10.000  9.933  4.527
9.900  10.000  9.843  4.471
9.910  10.000  10.123  4.425
9.920  10.000  10.199  4.236
9.930  10.000  9.897  4.196
9.940  10.000  10.016  4.192
9.950  10.000  9.845  4.084
9.960  10.000  9.961  4.088
9.970  10.000  10.069  3.997
9.980  10.000  10.078  3.889
9.990  10.000  10.038  3.793
10.000  10.000  9.879  3.729
10.010  10.000  9.937  3.742
10.020  10.000  10.169  3.719
10.030  10.000  9.894  3.736
10.040  10.000  10.045  3.540
10.050  10.000  9.893  3.188
10.060  10.000  10.052  3.032
10.070  10.000  10.073  3.077
10.080  10.000  10.095  3.048
10.090  10.000  9.960  3.103
10.100  10.000  9.959  3.210
10.110  10.000  9.815  3.208
10.120  10.000  9.995  3.175
10.130  10.000  10.164  3.023
10.140  10.000  10.190  2.825
10.150  10.000  9.799  2.617
10.160  10.000  9.818  2.593
10.170  10.000  10.134  2.662
10.180  10.000  10.124  2.761
10.190  10.000  9.818  2.848
10.200  10.000  9.989  2.893
10.210  10.000  10.193  3.003
10.220  10.000  9.940  2.999
10.230  10.000  9.975  2.933
10.240  10.000  9.937  2.991
10.250  10.000  10.136  3.058
10.260  10.000  9.978  3.082
10.270  10.000  10.090  3.058
10.280  10.000  9.768  3.073
10.290  10.000  10.093  3.105
10.300  10.000  10.118  3.027
10.310  10.000  10.012  3.077
10.320  10.000  9.875  3.103
10.330  10.000  10.006  2.968
10.340  10.000  10.022  2.744
10.350  10.000  9.960  2.598
10.360  10.000  9.989  2.452
10.370  10.000  10.169  2.162
10.380  10.000  9.833  1.920
10.390  10.000  10.094  1.804
10.400  10.000  10.103  1.633
10.410  10.000  10.134  1.332
10.420  10.000  9.817  1.168
10.430  10.000  9.703  1.115
10.440  10.000  9.844  1.025
10.450  10.000  10.281  0.987
10.460  10.000  9.915  1.266
10.470  10.000  10.015  1.476
10.480  10.000  10.133  1.418
10.490  10.000  9.936  1.424
10.500  10.000  10.029  1.404
10.510  10.000  9.971  1.399
10.520  10.000  10.038  1.436
10.530  10.000  10.127  1.342
10.540  10.000  9.920  1.185
10.550  10.000  9.932  1.025
10.560  10.000  9.971  0.757
10.570  10.000  10.090  0.529
10.580  10.000  9.898  0.486
10.590  10.000  9.999  0.509
10.600  10.000  10.007  0.424
10.610  10.000  10.093  0.171
10.620  10.000  10.139  -0.060
10.630  10.000  9.874  -0.176
10.640  10.000  10.068  -0.227
10.650  10.000  9.848  -0.130
10.660  10.000  9.982  -0.030
10.670  10.000  10.062  -0.012
10.680  10.000  9.919  0.035
10.690  10.000  9.986  0.148
10.700  10.000  10.044  0.066
10.710  10.000  10.039  -0.142
10.720  10.000  9.952  -0.191
10.730  10.000  10.122  -0.309
10.740  10.000  9.965  -0.466
10.750  10.000  9.951  -0.525
10.760  10.000  9.912  -0.529
10.770  10.000  10.100  -0.590
10.780  10.000  10.182  -0.666
10.790  10.000  9.946  -0.668
10.800  10.000  9.975  -0.635
10.810  10.000  9.957  -0.609
10.820  10.000  9.862  -0.644
10.830  10.000  10.255  -0.799
10.840  10.000  10.084  -0.915
10.850  10.000  9.799  -0.852
10.860  10.000  9.790  -0.756
10.870  10.000  10.116  -0.694
10.880  10.000  10.058  -0.702
10.890  10.000  9.917  -0.765
10.900  10.000  9.711  -0.666
10.910  10.000  10.162  -0.448
10.920  10.000  10.406  -0.456
10.930  10.000  9.965  -0.542
10.940  10.000  9.578  -0.509
10.950  10.000  9.996  -0.561
10.960  10.000  10.168  -0.723
10.970  10.000  10.302  -0.981
10.980  10.000  9.910  -1.232
10.990  10.000  9.728  -1.375
11.000  10.000  9.975  -1.449
11.010  10.000  10.110  -1.590
11.020  10.000  10.019  -1.728
11.030  10.000  9.802  -1.688
11.040  10.000  9.987  -1.620
11.050  10.000  10.038  -1.716
11.060  10.000  10.175  -1.928
11.070  10.000  9.999  -2.005
11.080  10.000  9.900  -1.842
11.090  10.000  9.828  -1.707
11.100  10.000  10.193  -1.794
11.110  10.000  10.106  -1.833
11.120  10.000  9.903  -1.888
11.130  10.000  9.819  -1.973
11.140  10.000  10.154  -1.863
11.150  10.000  10.147  -1.780
11.160  10.000  10.217  -1.946
11.170  10.000  9.921  -2.135
11.180  10.000  9.874  -2.252
11.190  10.000  9.968  -2.446
11.200  10.000  10.113  -2.621
11.210  10.000  10.036  -2.823
11.220  10.000  9.933  -3.058
11.230  10.000  10.001  -3.177
11.240  10.000  10.024  -3.180
11.250  10.000  10.000  -3.235
11.260  10.000  9.950  -3.339
11.270  10.000  9.814  -3.285
11.280  10.000  10.062  -3.277
11.290  10.000  9.995  -3.376
11.300  10.000  10.081  -3.504
11.310  10.000  9.836  -3.680
11.320  10.000  9.973  -3.697
11.330  10.000  10.020  -3.608
11.340  10.000  10.291  -3.686
11.350  10.000  9.930  -3.660
11.360  10.000  9.740  -3.449
11.370  10.000  9.944  -3.447
11.380  10.000  10.289  -3.552
11.390  10.000  10.024  -3.548
11.400  10.000  9.820  -3.544
11.410  10.000  9.933  -3.633
11.420  10.000  10.223  -3.800
11.430  10.000  10.146  -3.910
11.440  10.000  9.991  -3.895
11.450  10.000  9.749  -3.837
11.460  10.000  9.723  -3.723
11.470  10.000  10.256  -3.753
11.480  10.000  10.133  -3.847
11.490  10.000  9.863  -3.805
11.500  10.000  9.684  -3.784
11.510  10.000  10.008  -3.691
11.520  10.000  10.293  -3.568
11.530  10.000  10.233  -3.609
11.540  10.000  9.698  -3.590
11.550  10.000  9.775  -3.411
11.560  10.000  9.966  -3.251
11.570  10.000  10.203  -3.087
11.580  10.000  10.065  -3.002
11.590  10.000  10.218  -2.994
11.600  10.000  9.921  -2.890
11.610  10.000  10.023  -2.724
11.620  10.000  10.101  -2.648
11.630  10.000  10.175  -2.754
11.640  10.000  10.001  -2.865
11.650  10.000  9.723  -2.870
11.660  10.000  9.963  -2.829
11.670  10.000  10.084  -2.795
11.680  10.000  10.016  -2.750
11.690  10.000  10.035  -2.608
11.700  10.000  9.891  -2.579
11.710  10.000  10.047  -2.724
11.720  10.000  10.151  -2.797
11.730  10.000  9.910  -2.834
11.740  10.000  10.044  -2.913
11.750  10.000  9.795  -3.010
11.760  10.000  9.921  -3.119
11.770  10.000  10.061  -3.163
11.780  10.000  9.871  -3.046
11.790  10.000  9.829  -2.879
11.800  10.000  10.143  -2.770
11.810  10.000  9.885  -2.603
11.820  10.000  10.032  -2.295
11.830  10.000  9.935  -2.089
11.840  10.000  10.195  -2.055
11.850  10.000  10.048  -2.062
11.860  10.000  10.057  -2.068
11.870  10.000  9.961  -2.003
11.880  10.000  9.993  -1.860
11.890  10.000  10.284  -1.889
11.900  10.000  10.241  -2.144
11.910  10.000  9.777  -2.324
11.920  10.000  9.878  -2.421
11.930  10.000  9.986  -2.507
11.940  10.000  10.051  -2.537
11.950  10.000  10.110  -2.584
11.960  10.000  9.770  -2.750
11.970  10.000  9.907  -2.833
11.980  10.000  10.088  -2.698
11.990  10.000  9.969  -2.529
12.000  10.000  9.888  -2.377
12.010  10.000  9.965  -2.280
12.020  10.000  10.123  -2.278
12.030  10.000  10.006  -2.277
12.040  12.500  9.926  -2.101
12.050  15.000  10.208  -1.549
12.060  17.500  11.537  -0.505
12.070  20.000  14.513  1.331
12.080  22.500  17.101  4.654
12.090  25.000  20.115  9.212
12.100  27.500  22.885  14.784
12.110  30.000  25.249  21.163
12.120  32.500  28.185  27.923
12.130  35.000  30.382  34.363
12.140  35.000  31.702  40.039
12.150  35.000  32.938  45.352
12.160  35.000  32.490  50.653
12.170  35.000  33.787  55.881
12.180  35.000  33.180  60.954
12.190  35.000  33.980  66.021
12.200  35.000  33.232  71.174
12.210  35.000  33.084  76.503
12.220  35.000  34.184  81.446
12.230  35.000  33.699  86.151
12.240  35.000  34.065  90.936
12.250  35.000  34.049  95.633
12.260  35.000  34.569  100.200
12.270  35.000  34.009  105.021
12.280  35.000  34.241  109.750
12.290  35.000  34.767  114.167
12.300  35.000  34.845  118.639
12.310  35.000  34.418  123.302
12.320  35.000  34.005  128.277
12.330  35.000  33.970  133.135
12.340  35.000  34.648  137.651
12.350  35.000  34.566  141.999
12.360  35.000  34.128  146.566
12.370  35.000  33.928  151.284
12.380  35.000  33.983  155.859
12.390  35.000  34.365  160.649
12.400  35.000  34.476  165.372
12.410  35.000  34.425  169.755
12.420  35.000  34.839  174.218
12.430  35.000  34.780  178.955
12.440  35.000  35.063  183.542
12.450  35.000  34.511  188.028
12.460  35.000  35.874  192.369
12.470  35.000  35.566  196.484
12.480  35.000  34.855  200.735
12.490  35.000  36.094  204.797
12.500  35.000  35.613  208.738
12.510  35.000  35.823  212.803
12.520  35.000  35.106  217.113
12.530  35.000  35.011  221.533
12.540  35.000  35.217  225.644
12.550  35.000  34.738  229.683
12.560  35.000  34.842  234.064
12.570  35.000  35.793  238.263
12.580  35.000  35.500  242.092
12.590  35.000  35.183  245.878
12.600  35.000  35.629  249.582
12.610  35.000  35.067  253.427
12.620  35.000  34.916  257.302
12.630  35.000  33.834  260.983
12.640  35.000  34.714  264.160
12.650  35.000  34.752  267.371
12.660  35.000  34.711  271.113
12.670  35.000  35.049  274.898
12.680  35.000  35.593  278.862
12.690  35.000  35.519  283.033
12.700  35.000  35.449  286.942
12.710  35.000  35.922  290.202
12.720  35.000  35.395  293.355
12.730  35.000  35.032  296.860
12.740  35.000  34.735  300.103
12.750  35.000  34.563  303.018
12.760  35.000  34.540  306.033
12.770  35.000  34.944  309.178
12.780  35.000  35.395  312.342
12.790  35.000  35.615  315.587
12.800  35.000  35.473  318.609
12.810  35.000  34.861  321.405
12.820  35.000  34.479  324.531
12.830  35.000  34.566  327.773
12.840  35.000  34.652  330.803
12.850  35.000  35.041  333.846
12.860  35.000  35.491  337.013
12.870  35.000  35.770  339.926
12.880  35.000  35.219  342.737
12.890  35.000  35.500  345.319
12.900  35.000  35.939  347.572
12.910  35.000  34.888  350.003
12.920  35.000  34.118  352.564
12.930  35.000  34.564  355.037
12.940  35.000  35.471  357.620
12.950  35.000  34.808  360.653
12.960  35.000  34.757  363.750
12.970  35.000  35.172  366.468
12.980  35.000  34.920  369.146
12.990  35.000  35.467  371.713
13.000  35.000  35.330  374.198
13.010  35.000  34.839  376.864
13.020  35.000  35.140  379.529
13.030  35.000  34.827  382.151
13.040  10.000  35.917  384.569
13.050  10.000  34.266  386.483
13.060  10.000  32.656  387.475
13.070  10.000  26.976  386.433
13.080  10.000  19.578  380.454
13.090  10.000  17.915  371.320
13.100  10.000  13.364  363.225
13.110  10.000  12.157  355.960
13.120  10.000  10.459  349.483
13.130  10.000  9.856  343.526
13.140  10.000  9.366  337.742
13.150  10.000  9.036  332.475
13.160  10.000  8.946  327.387
13.170  10.000  8.941  322.464
13.180  10.000  8.838  317.716
13.190  10.000  8.748  312.494
13.200  10.000  8.786  307.461
13.210  10.000  8.933  302.531
13.220  10.000  9.028  297.048
13.230  10.000  9.144  291.511
13.240  10.000  9.257  286.500
13.250  10.000  9.290  282.232
13.260  10.000  9.415  277.400
13.270  10.000  9.615  272.574
13.280  10.000  9.788  268.471
13.290  10.000  9.896  264.278
13.300  10.000  9.931  260.044
13.310  10.000  9.945  255.835
13.320  10.000  9.983  251.292
13.330  10.000  9.894  246.533
13.340  10.000  9.918  242.249
13.350  10.000  9.843  238.086
13.360  10.000  9.775  233.964
13.370  10.000  9.728  229.782
13.380  10.000  9.748  225.241
13.390  10.000  9.672  220.968
13.400  10.000  9.566  216.887
13.410  10.000  9.523  212.993
13.420  10.000  9.390  209.320
13.430  10.000  9.333  205.388
13.440  10.000  9.205  201.457
13.450  10.000  9.156  197.753
13.460  10.000  9.346  194.088
13.470  10.000  9.484  190.615
13.480  10.000  9.637  187.199
13.490  10.000  9.978  183.742
13.500  10.000  10.139  180.552
13.510  10.000  10.081  177.159
13.520  10.000  10.047  173.528
13.530  10.000  9.981  169.977
13.540  10.000  9.887  166.475
13.550  10.000  9.848  162.994
13.560  10.000  9.777  159.669
13.570  10.000  9.642  156.527
13.580  10.000  9.850  153.392
13.590  10.000  9.795  150.296
13.600  10.000  9.967  147.221
13.610  10.000  9.995  144.134
13.620  10.000  9.981  141.008
13.630  10.000  9.905  137.760
13.640  10.000  9.829  134.540
13.650  10.000  9.705  131.590
13.660  10.000  9.721  128.646
13.670  10.000  9.856  125.791
13.680  10.000  9.712  122.929
13.690  10.000  9.599  120.114
13.700  10.000  9.607  117.463
13.710  10.000  9.766  114.760
13.720  10.000  9.737  112.001
13.730  10.000  9.669  109.198
13.740  10.000  9.791  106.525
13.750  10.000  9.701  103.899
13.760  10.000  9.885  101.266
13.770  10.000  9.841  98.685
13.780  10.000  10.041  96.133
13.790  10.000  9.978  93.711
13.800  10.000  10.117  91.338
13.810  10.000  9.867  88.920
13.820  10.000  9.995  86.449
13.830  10.000  9.819  83.989
13.840  10.000  9.941  81.771
13.850  10.000  9.887  79.530
13.860  10.000  9.936  77.274
13.870  10.000  9.969  74.933
13.880  10.000  9.960  72.564
13.890  10.000  9.876  70.580
13.900  10.000  9.837  68.573
13.910  10.000  9.984  66.500
13.920  10.000  10.004  64.580
13.930  10.000  10.038  62.681
13.940  10.000  9.963  60.730
13.950  10.000  9.897  58.764
13.960  10.000  9.822  56.877
13.970  10.000  9.861  54.978
13.980  10.000  10.021  53.059
13.990  10.000  9.908  51.204
14.000  10.000  10.012  49.272
14.010  10.000  9.942  47.195
14.020  10.000  9.843  45.481
14.030  10.000  9.971  43.965
14.040  10.000  9.767  42.378
14.050  10.000  9.854  40.993
14.060  10.000  10.031  39.458
14.070  10.000  10.000  37.878
14.080  10.000  10.112  36.329
14.090  10.000  9.938  34.824
14.100  10.000  9.935  33.360
14.110  10.000  9.804  32.020
14.120  10.000  9.900  30.682
14.130  10.000  9.931  29.265
14.140  10.000  9.922  27.994
14.150  10.000  10.011  26.783
14.160  10.000  9.849  25.621
14.170  10.000  9.738  24.427
14.180  10.000  9.871  23.315
14.190  10.000  10.103  22.270
14.200  10.000  10.164  21.133
14.210  10.000  10.192  19.855
14.220  10.000  9.971  18.575
14.230  10.000  9.739  17.303
14.240  10.000  9.762  16.132
14.250  10.000  9.918  15.156
14.260  10.000  9.933  14.222
14.270  10.000  9.835  13.086
14.280  10.000  10.002  12.027
14.290  10.000  10.061  10.964
14.300  10.000  9.928  9.721
14.310  10.000  9.948  8.814
14.320  10.000  9.984  7.884
14.330  10.000  9.722  6.831
14.340  10.000  9.656  5.932
14.350  10.000  9.791  5.128
14.360  10.000  9.777  4.260
14.370  10.000  9.830  3.262
14.380  10.000  9.667  2.393
14.390  10.000  9.503  1.706
14.400  10.000  9.652  0.978
14.410  10.000  9.560  0.160
14.420  10.000  9.594  -0.648
14.430  10.000  10.047  -1.254
14.440  10.000  10.109  -1.687
14.450  10.000  10.005  -2.236
14.460  10.000  9.849  -2.747
14.470  10.000  10.063  -3.319
14.480  10.000  10.006  -3.963
14.490  10.000  9.892  -4.382
14.500  10.000  9.796  -4.638
14.510  10.000  9.716  -4.892
14.520  10.000  9.844  -5.162
14.530  10.000  9.931  -5.355
14.540  10.000  10.410  -5.501
14.550  10.000  10.198  -5.594
14.560  10.000  9.884  -5.722
14.570  10.000  9.668  -5.902
14.580  10.000  10.025  -6.000
14.590  10.000  10.151  -6.020
14.600  10.000  10.036  -5.962
14.610  10.000  9.897  -6.005
14.620  10.000  9.745  -6.147
14.630  10.000  9.961  -6.196
14.640  10.000  10.357  -6.312
14.650  10.000  9.984  -6.524
14.660  10.000  9.956  -6.713
14.670  10.000  9.919  -6.960
14.680  10.000  9.918  -7.092
14.690  10.000  10.201  -7.032
14.700  10.000  9.860  -6.952
14.710  10.000  9.907  -6.856
14.720  10.000  9.838  -6.790
14.730  10.000  10.249  -6.907
14.740  10.000  10.182  -7.099
14.750  10.000  9.886  -7.163
14.760  10.000  9.736  -7.139
14.770  10.000  10.044  -7.120
14.780  10.000  10.071  -7.133
14.790  10.000  10.016  -7.109
14.800  10.000  10.050  -7.096
14.810  10.000  9.841  -7.110
14.820  10.000  9.948  -7.048
14.830  10.000  10.137  -7.068
14.840  10.000  9.949  -7.072
14.850  10.000  9.828  -7.030
14.860  10.000  9.973  -7.057
14.870  10.000  10.272  -7.156
14.880  10.000  10.273  -7.381
14.890  10.000  9.935  -7.496
14.900  10.000  9.764  -7.318
14.910  10.000  9.964  -7.225
14.920  10.000  10.196  -7.431
14.930  10.000  10.178  -7.727
14.940  10.000  9.849  -7.993
14.950  10.000  9.755  -8.125
14.960  10.000  9.947  -8.123
14.970  10.000  10.278  -8.131
14.980  10.000  9.802  -7.988
14.990  10.000  9.954  -7.774
15.000  10.000  9.972  -7.716
15.010  10.000  9.900  -7.499
15.020  10.000  9.944  -7.119
15.030  10.000  9.922  -6.780
15.040  10.000  10.188  -6.477
15.050  10.000  10.343  -6.365
15.060  10.000  10.095  -6.467
15.070  10.000  9.672  -6.441
15.080  10.000  9.819  -6.290
15.090  10.000  10.035  -6.186
15.100  10.000  10.387  -6.144
15.110  10.000  9.978  -6.110
15.120  10.000  9.736  -6.149
15.130  10.000  9.735  -6.170
15.140  10.000  9.955  -6.019
15.150  10.000  10.492  -5.905
15.160  10.000  9.950  -5.894
15.170  10.000  9.900  -5.994
15.180  10.000  9.827  -6.040
15.190  10.000  10.063  -5.943
15.200  10.000  10.086  -5.910
15.210  10.000  10.176  -5.892
15.220  10.000  9.827  -5.768
15.230  10.000  9.890  -5.619
15.240  10.000  10.186  -5.648
15.250  10.000  10.173  -5.777
15.260  10.000  10.120  -5.859
15.270  10.000  9.799  -5.967
15.280  10.000  9.967  -5.950
15.290  10.000  10.072  -5.785
15.300  10.000  10.117  -5.728
15.310  10.000  9.940  -5.803
15.320  10.000  9.889  -5.831
15.330  10.000  10.169  -5.999
15.340  10.000  10.131  -6.295
15.350  10.000  9.829  -6.453
15.360  10.000  9.961  -6.716
15.370  10.000  9.972  -7.004
15.380  10.000  10.062  -7.174
15.390  10.000  10.178  -7.444
15.400  10.000  10.004  -7.784
15.410  10.000  9.929  -7.941
15.420  10.000  9.795  -7.880
15.430  10.000  9.696  -7.811
15.440  10.000  10.124  -7.813
15.450  10.000  10.154  -7.811
15.460  10.000  9.837  -7.729
15.470  10.000  9.813  -7.764
15.480  10.000  10.143  -7.792
15.490  10.000  10.075  -7.706
15.500  10.000  10.003  -7.593
15.510  10.000  10.030  -7.525
15.520  10.000  10.130  -7.705
15.530  10.000  9.945  -7.872
15.540  10.000  10.040  -7.957
15.550  10.000  10.069  -8.216
15.560  10.000  9.936  -8.522
15.570  10.000  9.874  -8.639
15.580  10.000  9.964  -8.634
15.590  10.000  10.004  -8.405
15.600  10.000  9.884  -8.121
15.610  10.000  9.878  -8.027
15.620  10.000  10.030  -7.975
15.630  10.000  10.195  -8.007
15.640  10.000  9.810  -8.044
15.650  10.000  9.881  -7.990
15.660  10.000  10.324  -7.985
15.670  10.000  10.196  -8.008
15.680  10.000  9.832  -7.937
15.690  10.000  9.913  -7.890
15.700  10.000  10.182  -8.137
15.710  10.000  10.034  -8.390
15.720  10.000  9.975  -8.398
15.730  10.000  9.971  -8.391
15.740  10.000  9.932  -8.527
15.750  10.000  10.303  -8.785
15.760  10.000  9.958  -9.047
15.770  10.000  9.923  -9.348
15.780  10.000  10.054  -9.576
15.790  10.000  9.830  -9.646
15.800  10.000  9.900  -9.604
15.810  10.000  10.123  -9.450
15.820  10.000  9.939  -9.338
15.830  10.000  9.849  -9.307
15.840  10.000  9.874  -9.282
15.850  10.000  10.067  -9.273
15.860  10.000  10.445  -9.277
15.870  10.000  9.875  -9.326
15.880  10.000  9.780  -9.279
15.890  10.000  9.718  -9.006
15.900  10.000  9.983  -8.686
15.910  10.000  10.199  -8.380
15.920  10.000  9.953  -8.037
15.930  10.000  9.828  -7.759
15.940  10.000  10.132  -7.637
15.950  10.000  10.090  -7.451
15.960  10.000  10.076  -7.310
15.970  10.000  9.969  -7.273
15.980  10.000  10.097  -7.126
15.990  10.000  10.050  -6.932
16.000  10.000  10.216  -6.807
16.010  10.000  9.937  -6.701
16.020  10.000  9.837  -6.518
16.030  10.000  10.061  -6.477
16.040  10.000  10.112  -6.579
16.050  10.000  10.124  -6.732
16.060  10.000  9.795  -6.822
16.070  10.000  9.831  -6.870
16.080  10.000  10.096  -7.008
16.090  10.000  10.194  -7.074
16.100  10.000  10.011  -7.214
16.110  10.000  9.959  -7.448
16.120  10.000  9.938  -7.521
16.130  10.000  9.947  -7.464
16.140  10.000  10.078  -7.296
16.150  10.000  9.801  -7.161
16.160  10.000  9.992  -7.147
16.170  10.000  10.119  -7.294
16.180  10.000  10.174  -7.556
16.190  10.000  9.875  -7.849
16.200  10.000  9.977  -8.068
16.210  10.000  10.051  -8.145
16.220  10.000  10.049  -8.267
16.230  10.000  9.950  -8.490
16.240  10.000  9.956  -8.569
16.250  10.000  9.970  -8.516
16.260  10.000  9.730  -8.588
16.270  10.000  10.191  -8.663
16.280  10.000  10.100  -8.695
16.290  10.000  10.053  -8.584
16.300  10.000  9.901  -8.437
16.310  10.000  9.841  -8.415
16.320  10.000  10.001  -8.299
16.330  10.000  10.112  -8.197
16.340  10.000  9.980  -8.152
16.350  10.000  10.127  -8.187
16.360  10.000  10.089  -8.279
16.370  10.000  9.763  -8.163
16.380  10.000  10.059  -8.079
16.390  10.000  10.076  -8.256
16.400  10.000  10.096  -8.491
16.410  10.000  9.887  -8.610
16.420  10.000  9.758  -8.580
16.430  10.000  10.192  -8.556
16.440  10.000  10.026  -8.663
16.450  10.000  9.919  -8.704
16.460  10.000  9.920  -8.551
16.470  10.000  9.970  -8.401
16.480  10.000  10.023  -8.283
16.490  10.000  10.006  -8.250
16.500  10.000  10.072  -8.331
16.510  10.000  10.072  -8.398
16.520  10.000  9.914  -8.397
16.530  10.000  9.911  -8.353
16.540  10.000  9.891  -8.271
16.550  10.000  10.179  -8.153
16.560  10.000  10.188  -8.039
16.570  10.000  9.947  -8.006
16.580  10.000  9.879  -7.952
16.590  10.000  10.067  -7.935
16.600  10.000  10.093  -8.080
16.610  10.000  9.982  -8.145
16.620  10.000  9.927  -8.037
16.630  10.000  9.924  -7.847
16.640  10.000  9.987  -7.732
16.650  10.000  10.183  -7.770
16.660  10.000  10.008  -7.869
16.670  10.000  10.080  -7.989
16.680  10.000  9.967  -8.235
16.690  10.000  10.051  -8.398
16.700  10.000  9.957  -8.411
16.710  10.000  10.070  -8.362
16.720  10.000  9.892  -8.298
16.730  10.000  9.957  -8.258
16.740  10.000  9.889  -8.252
16.750  10.000  9.955  -8.229
16.760  10.000  9.986  -8.257
16.770  10.000  9.910  -8.417
16.780  10.000  10.154  -8.571
16.790  10.000  9.863  -8.586
16.800  10.000  10.062  -8.525
16.810  10.000  9.954  -8.470
16.820  10.000  9.946  -8.327
16.830  10.000  9.956  -8.231
16.840  10.000  10.105  -8.213
16.850  10.000  9.998  -8.179
16.860  10.000  9.979  -8.148
16.870  10.000  9.984  -8.171
16.880  10.000  10.067  -8.206
16.890  10.000  10.028  -8.232
16.900  10.000  9.974  -8.195
16.910  10.000  9.879  -8.169
16.920  10.000  10.198  -8.198
16.930  10.000  10.189  -8.182
16.940  10.000  10.048  -8.241
16.950  10.000  10.060  -8.481
16.960  10.000  9.872  -8.715
16.970  10.000  9.871  -8.611
16.980  10.000  9.907  -8.316
16.990  10.000  10.258  -8.220
17.000  10.000  10.116  -8.396
17.010  10.000  10.061  -8.576
17.020  10.000  9.924  -8.770
17.030  10.000  9.805  -8.947
17.040  10.000  10.069  -9.005
17.050  12.501  10.091  -9.016
17.060  15.000  10.079  -8.634
17.070  17.500  11.602  -7.467
17.080  20.000  14.499  -5.230
17.090  22.500  17.029  -1.617
17.100  25.000  19.630  3.347
17.110  27.500  22.540  9.302
17.120  30.000  25.254  15.629
17.130  32.500  28.500  22.082
17.140  35.000  30.059  28.853
17.150  35.000  31.221  35.496
17.160  35.000  32.450  41.365
17.170  35.000  32.805  46.707
17.180  35.000  33.143  52.014
17.190  35.000  33.498  57.259
17.200  35.000  34.003  62.225
17.210  35.000  33.278  67.374
17.220  35.000  33.508  72.862
17.230  35.000  34.159  78.143
17.240  35.000  33.733  83.132
17.250  35.000  33.727  88.043
17.260  35.000  33.834  93.098
17.270  35.000  33.402  98.271
17.280  35.000  33.551  103.439
17.290  35.000  34.266  108.235
17.300  35.000  34.203  112.888
17.310  35.000  34.160  117.511
17.320  35.000  34.319  121.958
17.330  35.000  34.920  126.385
17.340  35.000  34.179  131.017
17.350  35.000  34.824  135.781
17.360  35.000  35.135  140.247
17.370  35.000  34.026  144.976
17.380  35.000  34.302  150.270
17.390  35.000  34.696  155.146
17.400  35.000  34.438  159.700
17.410  35.000  34.780  164.076
17.420  35.000  35.001  168.131
17.430  35.000  34.606  172.531
17.440  35.000  34.783  177.348
17.450  35.000  34.865  182.054
17.460  35.000  35.455  186.555
17.470  35.000  35.513  191.090
17.480  35.000  35.351  195.392
17.490  35.000  34.600  199.610
17.500  35.000  34.373  204.130
17.510  35.000  34.697  208.624
17.520  35.000  35.391  212.858
17.530  35.000  35.095  217.319
17.540  35.000  35.694  221.846
17.550  35.000  35.216  226.135
17.560  35.000  35.454  230.379
17.570  35.000  35.638  234.488
17.580  35.000  35.613  238.553
17.590  35.000  35.308  242.396
17.600  35.000  35.771  246.033
17.610  35.000  35.846  249.804
17.620  35.000  35.279  253.663
17.630  35.000  35.816  257.421
17.640  35.000  35.707  261.081
17.650  35.000  35.937  264.690
17.660  35.000  35.329  268.092
17.670  35.000  35.213  271.423
17.680  35.000  34.428  274.766
17.690  35.000  34.149  277.834
17.700  35.000  33.866  280.696
17.710  35.000  33.897  284.057
17.720  35.000  33.901  287.917
17.730  35.000  34.771  291.740
17.740  35.000  35.390  295.328
17.750  35.000  35.654  298.996
17.760  35.000  35.746  302.749
17.770  35.000  36.108  306.227
17.780  35.000  36.465  309.506
17.790  35.000  35.713  312.601
17.800  35.000  36.230  315.548
17.810  35.000  34.121  318.394
17.820  35.000  34.932  320.774
17.830  35.000  32.818  323.322
17.840  35.000  33.949  326.134
17.850  35.000  33.781  329.092
17.860  35.000  35.274  332.364
17.870  35.000  35.784  335.639
17.880  35.000  36.615  338.970
17.890  35.000  36.546  342.127
17.900  35.000  35.820  345.027
17.910  35.000  35.500  347.680
17.920  35.000  33.904  350.223
17.930  35.000  33.911  352.788
17.940  35.000  34.045  355.393
17.950  35.000  34.302  358.212
17.960  35.000  35.295  361.115
17.970  35.000  34.872  364.264
17.980  35.000  35.423  367.467
17.990  35.000  35.439  370.507
18.000  35.000  35.146  373.372
18.010  35.000  35.808  375.941
18.020  35.000  35.873  378.418
18.030  35.000  34.844  380.819
18.040  35.000  35.163  383.109
18.050  10.000  34.592  385.270
18.060  10.000  33.543  387.211
18.070  10.000  31.644  387.885
18.080  10.000  25.867  385.890
18.090  10.000  18.508  379.783
18.100  10.000  17.016  372.249
18.110  10.000  12.873  364.953
18.120  10.000  11.693  358.064
18.130  10.000  10.345  352.101
18.140  10.000  9.673  346.128
18.150  10.000  9.286  340.387
18.160  10.000  9.038  334.644
18.170  10.000  8.995  328.867
18.180  10.000  8.912  323.486
18.190  10.000  8.871  318.755
18.200  10.000  8.832  313.701
18.210  10.000  8.854  308.693
18.220  10.000  8.981  304.037
18.230  10.000  9.027  299.296
18.240  10.000  9.090  294.331
18.250  10.000  9.245  289.263
18.260  10.000  9.357  284.533
18.270  10.000  9.486  280.288
18.280  10.000  9.590  276.055
18.290  10.000  9.787  271.553
18.300  10.000  9.837  267.391
18.310  10.000  9.945  263.186
18.320  10.000  9.963  258.839
18.330  10.000  9.909  254.808
18.340  10.000  9.963  250.773
18.350  10.000  9.882  246.643
18.360  10.000  9.793  242.540
18.370  10.000  9.757  238.248
18.380  10.000  9.704  234.070
18.390  10.000  9.768  230.159
18.400  10.000  9.577  226.123
18.410  10.000  9.575  222.115
18.420  10.000  9.468  218.243
18.430  10.000  9.396  214.362
18.440  10.000  9.368  210.510
18.450  10.000  9.294  206.568
18.460  10.000  9.245  202.648
18.470  10.000  9.369  199.000
18.480  10.000  9.487  195.384
18.490  10.000  9.698  191.952
18.500  10.000  9.931  188.833
18.510  10.000  10.093  185.406
18.520  10.000  10.141  181.930
18.530  10.000  9.927  178.633
18.540  10.000  9.892  175.404
18.550  10.000  9.877  172.021
18.560  10.000  9.925  168.550
18.570  10.000  9.793  165.266
18.580  10.000  9.749  162.072
18.590  10.000  9.747  158.902
18.600  10.000  9.945  155.819
18.610  10.000  9.924  152.815
18.620  10.000  9.981  149.761
18.630  10.000  9.816  146.638
18.640  10.000  9.888  143.565
18.650  10.000  9.767  140.606
18.660  10.000  9.867  137.625
18.670  10.000  9.820  134.828
18.680  10.000  9.716  131.878
18.690  10.000  9.813  128.913
18.700  10.000  9.720  126.185
18.710  10.000  9.615  123.387
18.720  10.000  9.778  120.382
18.730  10.000  9.618  117.499
18.740  10.000  9.650  114.948
18.750  10.000  9.717  112.252
18.760  10.000  9.771  109.519
18.770  10.000  9.799  106.915
18.780  10.000  9.910  104.420
18.790  10.000  10.152  101.867
18.800  10.000  9.970  99.366
18.810  10.000  9.946  97.106
18.820  10.000  9.874  94.819
18.830  10.000  9.899  92.354
18.840  10.000  9.942  89.896
18.850  10.000  9.887  87.624
18.860  10.000  9.845  85.507
18.870  10.000  9.859  83.407
18.880  10.000  10.134  81.268
18.890  10.000  9.995  79.184
18.900  10.000  9.956  77.317
18.910  10.000  9.977  75.106
18.920  10.000  9.908  72.925
18.930  10.000  9.868  71.022
18.940  10.000  9.879  69.050
18.950  10.000  9.876  67.244
18.960  10.000  10.073  65.380
18.970  10.000  9.930  63.570
18.980  10.000  9.951  61.946
18.990  10.000  9.882  60.396
19.000  10.000  9.763  58.846
19.010  10.000  9.961  57.421
19.020  10.000  10.009  55.965
19.030  10.000  10.094  54.466
19.040  10.000  9.914  52.955
19.050  10.000  9.830  51.397
19.060  10.000  9.890  49.891
19.070  10.000  10.059  48.381
19.080  10.000  9.710  46.820
19.090  10.000  9.839  45.450
19.100  10.000  10.051  44.098
19.110  10.000  10.081  42.743
19.120  10.000  10.142  41.509
19.130  10.000  9.979  39.958
19.140  10.000  10.100  38.364
19.150  10.000  9.621  37.121
19.160  10.000  9.724  35.992
19.170  10.000  9.712  34.804
19.180  10.000  9.961  33.528
19.190  10.000  10.054  32.370
19.200  10.000  10.047  31.424
19.210  10.000  9.959  30.393
19.220  10.000  9.949  29.394
19.230  10.000  9.888  28.453
19.240  10.000  9.907  27.383
19.250  10.000  9.894  26.376
19.260  10.000  10.025  25.464
19.270  10.000  10.098  24.491
19.280  10.000  9.962  23.448
19.290  10.000  9.929  22.373
19.300  10.000  9.670  21.453
19.310  10.000  9.981  20.663
19.320  10.000  9.829  19.800
19.330  10.000  9.900  19.008
19.340  10.000  9.777  18.263
19.350  10.000  9.824  17.255
19.360  10.000  9.702  16.176
19.370  10.000  9.893  15.295
19.380  10.000  9.500  14.525
19.390  10.000  9.704  13.868
19.400  10.000  9.654  13.157
19.410  10.000  9.546  12.298
19.420  10.000  9.732  11.429
19.430  10.000  9.820  10.846
19.440  10.000  10.058  10.467
19.450  10.000  10.138  10.015
19.460  10.000  9.973  9.584
19.470  10.000  9.776  9.166
19.480  10.000  9.862  8.740
19.490  10.000  9.973  8.422
19.500  10.000  10.151  8.167
19.510  10.000  9.965  7.922
19.520  10.000  9.708  7.801
19.530  10.000  9.933  7.823
19.540  10.000  9.912  7.861
19.550  10.000  10.168  7.792
19.560  10.000  9.816  7.829
19.570  10.000  9.870  8.000
19.580  10.000  9.857  8.190
19.590  10.000  9.979  8.332
19.600  10.000  10.168  8.387
19.610  10.000  10.030  8.412
19.620  10.000  10.097  8.211
19.630  10.000  9.855  7.914
19.640  10.000  10.099  7.751
19.650  10.000  10.219  7.801
19.660  10.000  9.970  7.768
19.670  10.000  10.044  7.497
19.680  10.000  9.835  7.205
19.690  10.000  9.977  7.051
19.700  10.000  10.240  7.011
19.710  10.000  10.036  6.791
19.720  10.000  9.809  6.517
19.730  10.000  10.031  6.241
19.740  10.000  10.049  5.846
19.750  10.000  9.909  5.526
19.760  10.000  9.813  5.423
19.770  10.000  9.821  5.524
19.780  10.000  10.152  5.623
19.790  10.000  9.995  5.525
19.800  10.000  10.050  5.324
19.810  10.000  9.911  5.231
19.820  10.000  10.111  5.246
19.830  10.000  10.123  5.232
19.840  10.000  9.912  5.147
19.850  10.000  9.914  5.123
19.860  10.000  10.032  5.243
19.870  10.000  10.101  5.415
19.880  10.000  9.830  5.525
19.890  10.000  9.835  5.619
19.900  10.000  9.935  5.781
19.910  10.000  10.174  5.938
19.920  10.000  9.970  6.147
19.930  10.000  10.108  6.414
19.940  10.000  9.973  6.568
19.950  10.000  9.824  6.592
19.960  10.000  9.907  6.584
19.970  10.000  10.210  6.687
19.980  10.000  10.033  6.950
19.990  10.000  9.810  7.155
20.000  10.000  9.979  7.276
20.010  10.000  10.116  7.429
20.020  10.000  10.132  7.636
20.030  10.000  10.117  7.829
20.040  10.000  9.735  8.069
20.050  10.000  9.912  8.502
20.060  10.000  10.049  8.959
20.070  10.000  10.395  9.230
20.080  10.000  10.142  9.231
20.090  10.000  9.748  9.128
20.100  10.000  9.813  9.102
20.110  10.000  10.229  9.029
20.120  10.000  10.205  8.884
20.130  10.000  10.018  8.887
20.140  10.000  9.727  9.038
20.150  10.000  10.036  9.152
20.160  10.000  10.118  9.199
20.170  10.000  10.113  9.129
20.180  10.000  9.619  9.177
20.190  10.000  9.957  9.384
20.200  10.000  10.127  9.586
20.210  10.000  10.266  9.728
20.220  10.000  10.066  9.739
20.230  10.000  9.806  9.650
20.240  10.000  9.893  9.636
20.250  10.000  10.050  9.715
20.260  10.000  10.138  9.639
20.270  10.000  9.895  9.522
20.280  10.000  9.904  9.461
20.290  10.000  9.938  9.369
20.300  10.000  10.170  9.375
20.310  10.000  9.982  9.335
20.320  10.000  10.093  9.260
20.330  10.000  9.837  9.375
20.340  10.000  9.904  9.540
20.350  10.000  9.874  9.715
20.360  10.000  10.177  9.930
20.370  10.000  9.990  9.981
20.380  10.000  9.844  9.964
20.390  10.000  9.926  9.904
20.400  10.000  10.321  9.791
20.410  10.000  9.832  9.894
20.420  10.000  10.282  10.090
20.430  10.000  9.890  10.273
20.440  10.000  9.934  10.501
20.450  10.000  10.042  10.795
20.460  10.000  10.059  10.984
20.470  10.000  9.999  11.064
20.480  10.000  10.020  11.170
20.490  10.000  9.827  11.290
20.500  10.000  10.112  11.495
20.510  10.000  10.028  11.781
20.520  10.000  9.890  12.011
20.530  10.000  9.589  12.188
20.540  10.000  10.105  12.324
20.550  10.000  10.419  12.312
20.560  10.000  10.125  12.298
20.570  10.000  9.663  12.376
20.580  10.000  9.809  12.471
20.590  10.000  10.479  12.473
20.600  10.000  10.213  12.322
20.610  10.000  9.762  12.234
20.620  10.000  9.615  12.316
20.630  10.000  9.977  12.482
20.640  10.000  10.250  12.570
20.650  10.000  10.099  12.485
20.660  10.000  9.936  12.424
20.670  10.000  10.027  12.298
20.680  10.000  10.147  12.179
20.690  10.000  10.140  12.294
20.700  10.000  9.896  12.237
20.710  10.000  9.912  11.970
20.720  10.000  9.998  11.683
20.730  10.000  10.093  11.496
20.740  10.000  9.971  11.496
20.750  10.000  9.643  11.760
20.760  10.000  10.044  11.926
20.770  10.000  10.275  11.663
20.780  10.000  10.030  11.420
20.790  10.000  9.696  11.198
20.800  10.000  10.024  11.010
20.810  10.000  10.030  11.063
20.820  10.000  10.095  11.150
20.830  10.000  9.884  11.208
20.840  10.000  9.921  11.369
20.850  10.000  9.827  11.733
20.860  10.000  10.034  12.102
20.870  10.000  10.110  12.297
20.880  10.000  10.031  12.382
20.890  10.000  10.003  12.435
20.900  10.000  9.946  12.591
20.910  10.000  9.985  12.851
20.920  10.000  10.198  13.022
20.930  10.000  10.051  13.235
20.940  10.000  9.778  13.506
20.950  10.000  10.064  13.459
20.960  10.000  10.118  13.409
20.970  10.000  10.144  13.371
20.980  10.000  9.823  13.291
20.990  10.000  9.778  13.334
21.000  10.000  10.183  13.419
21.010  10.000  10.119  13.538
21.020  10.000  9.962  13.584
21.030  10.000  10.033  13.591
21.040  10.000  9.847  13.677
21.050  10.000  9.916  13.943
21.060  10.000  10.277  14.122
21.070  10.000  10.083  14.101
21.080  10.000  9.746  14.004
21.090  10.000  9.927  13.935
21.100  10.000  10.011  14.101
21.110  10.000  10.421  14.103
21.120  10.000  9.964  13.992
21.130  10.000  9.948  13.941
21.140  10.000  9.875  13.888
21.150  10.000  10.147  13.964
21.160  10.000  9.950  14.048
21.170  10.000  9.907  14.077
21.180  10.000  10.093  13.959
21.190  10.000  9.971  13.865
21.200  10.000  10.028  13.791
21.210  10.000  9.921  13.543
21.220  10.000  10.134  13.237
21.230  10.000  9.788  13.053
21.240  10.000  10.004  13.017
21.250  10.000  9.948  13.047
21.260  10.000  9.966  13.082
21.270  10.000  10.052  13.036
21.280  10.000  10.056  12.860
21.290  10.000  9.891  12.763
21.300  10.000  10.007  12.789
21.310  10.000  9.947  12.913
