# covent_pc_4
# Captured 2020-07-31 17:25:13.104391 by unknown user
# Built at revision 4f5d3bd (dirty)
time(sec) pc_setpoint pressure volume net_flow
0.000 35.000 35.921 181.752 817.711
0.010 35.000 33.912 190.146 860.944
0.020 35.000 34.299 198.114 732.140
0.030 35.000 34.446 205.838 813.175
0.040 35.000 35.565 214.109 841.066
0.050 35.000 34.832 222.429 822.247
0.060 35.000 36.147 230.418 776.151
0.070 35.000 35.342 238.011 742.468
0.080 35.000 35.644 245.629 781.300
0.090 35.000 36.072 253.186 730.093
0.100 35.000 34.813 260.521 736.687
0.110 35.000 34.849 267.865 732.020
0.120 35.000 34.638 275.049 705.186
0.130 35.000 34.689 282.276 740.115
0.140 35.000 34.847 289.797 764.106
0.150 35.000 36.020 297.364 749.434
0.160 35.000 35.378 304.362 650.034
0.170 35.000 35.669 311.236 724.856
0.180 35.000 36.177 318.053 638.431
0.190 35.000 35.714 324.275 606.052
0.200 35.000 35.023 330.201 578.928
0.210 35.000 33.788 335.728 526.564
0.220 35.000 33.017 341.193 566.628
0.230 35.000 33.971 346.390 472.733
0.240 35.000 35.154 351.425 534.297
0.250 35.000 35.294 356.891 558.954
0.260 35.000 35.610 362.744 611.503
0.270 35.000 36.420 368.352 510.062
0.280 35.000 35.418 373.711 561.811
0.290 35.000 35.943 378.922 480.519
0.300 35.000 35.697 383.579 450.515
0.310 35.000 35.224 387.894 412.781
0.320 35.000 35.191 391.987 405.894
0.330 35.000 34.719 395.794 355.392
0.340 35.000 34.465 399.419 369.551
0.350 35.000 34.543 403.067 360.213
0.360 35.000 34.545 406.795 385.330
0.370 35.000 35.084 410.446 344.929
0.380 35.000 34.990 414.388 443.547
0.390 35.000 34.920 418.877 454.100
0.400 35.000 35.565 422.889 348.405
0.410 35.000 36.654 426.301 333.935
0.420 35.000 35.445 429.836 372.800
0.430 35.000 35.526 433.404 340.997
0.440 35.000 34.710 436.405 259.223
0.450 35.000 34.528 438.715 202.716
0.460 35.000 34.969 440.787 211.876
0.470 35.000 34.788 443.159 262.445
0.480 35.000 35.462 445.616 228.944
0.490 35.000 35.436 447.959 239.706
0.500 35.000 34.732 450.148 198.064
0.510 35.000 35.039 452.340 240.343
0.520 35.000 35.619 454.511 193.857
0.530 35.000 35.199 456.413 186.651
0.540 35.000 34.935 458.228 176.150
0.550 35.000 34.735 459.956 169.551
0.560 35.000 35.096 461.518 142.907
0.570 35.000 35.239 463.108 174.917
0.580 35.000 35.226 464.741 151.850
0.590 35.000 35.231 466.207 141.333
0.600 35.000 34.946 467.515 120.252
0.610 35.000 34.586 468.799 136.443
0.620 35.000 35.232 469.979 99.564
0.630 35.000 34.952 471.130 130.624
0.640 35.000 35.165 472.445 132.449
0.650 35.000 34.899 473.658 110.088
0.660 35.000 35.602 474.817 121.861
0.670 35.000 34.631 476.125 139.665
0.680 35.000 35.039 477.377 110.707
0.690 35.000 35.250 478.494 112.695
0.700 35.000 35.202 479.324 53.309
0.710 35.000 34.920 479.869 55.690
0.720 35.000 35.044 480.434 57.408
0.730 35.000 35.378 480.965 48.634
0.740 35.000 35.003 481.518 62.071
0.750 35.000 34.984 482.168 67.904
0.760 35.000 35.182 482.657 29.871
0.770 35.000 35.065 483.024 43.473
0.780 35.000 34.991 483.401 31.962
0.790 35.000 34.990 483.691 26.172
0.800 10.000 34.938 483.964 28.422
0.810 10.000 33.472 480.445 -732.250
0.820 10.000 22.230 472.427 -871.434
0.830 10.000 20.962 463.451 -923.675
0.840 10.000 19.401 454.652 -836.175
0.850 10.000 19.272 446.180 -858.118
0.860 10.000 18.861 437.822 -813.551
0.870 10.000 18.671 429.906 -769.579
0.880 10.000 18.432 421.937 -824.287
0.890 10.000 18.152 414.255 -712.229
0.900 10.000 17.734 406.544 -829.784
0.910 10.000 17.533 398.854 -708.546
0.920 10.000 17.260 391.153 -831.598
0.930 10.000 16.894 383.282 -742.616
0.940 10.000 16.667 375.976 -718.573
0.950 10.000 16.486 368.702 -736.095
0.960 10.000 16.161 361.411 -722.221
0.970 10.000 15.880 354.268 -705.788
0.980 10.000 15.621 347.247 -698.938
0.990 10.000 15.370 340.288 -692.669
1.000 10.000 15.297 332.727 -819.139
1.010 10.000 14.911 325.377 -651.511
1.020 10.000 14.530 319.019 -620.111
1.030 10.000 14.464 312.504 -682.850
1.040 10.000 14.141 305.733 -671.402
1.050 10.000 14.058 298.597 -755.932
1.060 10.000 13.798 290.994 -764.185
1.070 10.000 13.362 283.595 -715.957
1.080 10.000 13.301 276.771 -649.037
1.090 10.000 12.946 270.522 -600.665
1.100 10.000 12.823 263.874 -728.852
1.110 10.000 12.746 257.114 -623.141
1.120 10.000 12.479 250.816 -635.996
1.130 10.000 12.286 244.069 -714.029
1.140 10.000 11.915 237.406 -618.593
1.150 10.000 11.912 230.665 -729.147
1.160 10.000 11.573 224.196 -565.138
1.170 10.000 11.462 218.314 -611.252
1.180 10.000 11.229 212.255 -599.920
1.190 10.000 11.136 206.222 -607.397
1.200 10.000 10.892 200.312 -574.295
1.210 10.000 10.736 194.482 -592.050
1.220 10.000 10.492 188.435 -617.196
1.230 10.000 10.350 182.716 -526.746
1.240 10.000 10.293 177.414 -533.319
1.250 10.000 10.051 172.013 -547.211
1.260 10.000 9.878 165.864 -682.386
1.270 10.000 9.707 159.206 -649.307
1.280 10.000 9.527 153.474 -497.073
1.290 10.000 9.229 148.700 -457.857
1.300 10.000 8.948 143.204 -641.252
1.310 10.000 8.941 136.916 -616.588
1.320 10.000 8.945 131.161 -534.119
1.330 10.000 8.944 126.388 -420.321
1.340 10.000 9.119 121.831 -491.239
1.350 10.000 9.181 116.416 -592.028
1.360 10.000 9.045 111.430 -404.662
1.370 10.000 9.081 107.107 -460.384
1.380 10.000 8.859 102.660 -428.913
1.390 10.000 8.970 98.315 -440.020
1.400 10.000 9.099 93.876 -447.928
1.410 10.000 9.287 89.619 -403.342
1.420 10.000 9.367 85.768 -367.009
1.430 10.000 9.428 82.167 -353.074
1.440 10.000 9.499 78.734 -333.515
1.450 10.000 9.606 75.412 -330.918
1.460 10.000 9.690 72.223 -306.911
1.470 10.000 9.841 69.216 -294.549
1.480 10.000 9.814 66.266 -295.465
1.490 10.000 9.698 63.485 -260.749
1.500 10.000 9.638 60.806 -274.916
1.510 10.000 9.607 58.100 -266.268
1.520 10.000 9.716 55.446 -264.637
1.530 10.000 9.733 52.782 -268.095
1.540 10.000 9.554 50.092 -270.016
1.550 10.000 9.723 47.448 -258.839
1.560 10.000 9.702 44.965 -237.642
1.570 10.000 9.678 42.728 -209.707
1.580 10.000 9.588 40.671 -201.762
1.590 10.000 9.485 38.744 -183.726
1.600 10.000 9.495 36.982 -168.624
1.610 10.000 9.756 35.196 -188.494
1.620 10.000 9.819 33.371 -176.642
1.630 10.000 9.756 31.753 -146.954
1.640 10.000 9.660 30.323 -138.828
1.650 10.000 9.731 28.972 -131.414
1.660 10.000 9.808 27.692 -124.734
1.670 10.000 9.688 26.562 -101.059
1.680 10.000 9.737 25.599 -91.657
1.690 10.000 9.861 24.706 -86.994
1.700 10.000 9.823 23.891 -75.953
1.710 10.000 9.622 23.185 -65.299
1.720 10.000 9.897 22.581 -55.436
1.730 10.000 9.973 22.125 -35.810
1.740 10.000 9.705 21.769 -35.404
1.750 10.000 9.687 21.472 -24.014
1.760 10.000 9.844 21.301 -10.140
1.770 10.000 9.923 21.250 -0.067
1.780 10.000 9.790 21.259 1.779
1.790 10.000 9.961 21.296 5.591
1.800 10.000 9.976 21.450 25.238
1.810 10.000 9.892 21.686 22.027
1.820 10.000 9.941 21.992 39.234
1.830 10.000 10.034 22.336 29.525
1.840 10.000 10.013 22.582 19.592
1.850 10.000 10.041 22.814 26.781
1.860 10.000 10.037 23.034 17.225
1.870 10.000 10.099 23.205 17.147
1.880 10.000 10.077 23.388 19.345
1.890 10.000 10.134 23.564 15.955
1.900 10.000 10.167 23.668 4.811
1.910 10.000 10.136 23.752 11.928
1.920 10.000 10.157 23.760 -10.366
1.930 10.000 10.227 23.648 -11.897
1.940 10.000 10.122 23.552 -7.354
1.950 10.000 10.159 23.423 -18.412
1.960 10.000 10.030 23.273 -11.714
1.970 10.000 10.211 23.170 -8.861
1.980 10.000 10.137 23.068 -11.517
1.990 10.000 10.119 22.787 -44.638
2.000 10.000 10.122 22.394 -33.957
2.010 10.000 10.057 22.049 -35.144
2.020 10.000 10.025 21.589 -56.770
2.030 10.000 10.128 21.038 -53.545
2.040 10.000 9.948 20.592 -35.521
2.050 10.000 9.947 20.256 -31.809
2.060 10.000 9.989 19.866 -46.043
2.070 10.000 9.979 19.365 -54.201
2.080 10.000 9.901 18.876 -43.515
2.090 10.000 9.997 18.399 -51.902
2.100 10.000 9.953 17.972 -33.495
2.110 10.000 9.932 17.625 -36.035
2.120 10.000 9.750 17.270 -35.003
2.130 10.000 9.825 16.933 -32.351
2.140 10.000 9.941 16.728 -8.686
2.150 10.000 9.901 16.579 -21.051
2.160 10.000 9.918 16.388 -17.143
2.170 10.000 9.878 16.256 -9.274
2.180 10.000 9.972 16.116 -18.701
2.190 10.000 9.856 16.041 3.734
2.200 10.000 9.968 16.027 -6.663
2.210 10.000 10.056 15.949 -8.826
2.220 10.000 9.954 15.854 -10.187
2.230 10.000 9.945 15.786 -3.354
2.240 10.000 10.007 15.771 0.264
2.250 10.000 9.975 15.803 6.099
2.260 10.000 9.999 15.837 0.711
2.270 10.000 10.094 15.737 -20.682
2.280 10.000 9.937 15.657 4.791
2.290 10.000 9.982 15.654 -5.474
2.300 10.000 10.140 15.596 -6.122
2.310 10.000 10.051 15.595 5.940
2.320 10.000 10.056 15.627 0.535
2.330 10.000 10.106 15.575 -11.018
2.340 10.000 10.119 15.411 -21.745
2.350 10.000 10.031 15.241 -12.212
2.360 10.000 10.081 15.091 -17.835
2.370 10.000 9.924 14.918 -16.744
2.380 10.000 9.991 14.757 -15.450
2.390 10.000 9.979 14.569 -22.213
2.400 10.000 9.998 14.367 -18.266
2.410 10.000 10.065 14.175 -20.061
2.420 10.000 9.942 14.042 -6.643
2.430 10.000 9.920 13.976 -6.486
2.440 10.000 10.082 13.854 -17.884
2.450 10.000 9.966 13.720 -8.970
2.460 10.000 10.023 13.603 -14.453
2.470 10.000 10.063 13.409 -24.228
2.480 10.000 10.033 13.224 -12.897
2.490 10.000 9.832 13.140 -3.912
2.500 10.000 10.106 13.097 -4.624
2.510 10.000 10.092 13.009 -13.048
2.520 10.000 9.974 12.734 -41.916
2.530 10.000 9.968 12.385 -27.941
2.540 10.000 10.041 12.170 -15.004
2.550 10.000 9.851 12.057 -7.598
2.560 10.000 10.042 11.949 -14.031
2.570 10.000 10.055 11.804 -14.855
2.580 10.000 9.926 11.667 -12.537
2.590 10.000 9.926 11.590 -2.926
2.600 10.000 10.053 11.470 -21.139
2.610 10.000 10.068 11.264 -19.976
2.620 10.000 9.907 11.036 -25.657
2.630 10.000 9.993 10.789 -23.793
2.640 10.000 9.986 10.607 -12.582
2.650 10.000 9.944 10.470 -14.827
2.660 10.000 10.031 10.247 -29.686
2.670 10.000 10.084 9.974 -24.929
2.680 10.000 9.945 9.739 -22.159
2.690 10.000 9.886 9.625 -0.470
2.700 10.000 9.968 9.572 -10.134
2.710 10.000 9.977 9.525 0.583
2.720 10.000 10.005 9.499 -5.746
2.730 10.000 10.091 9.428 -8.333
2.740 10.000 9.994 9.417 6.101
2.750 10.000 9.992 9.362 -17.105
2.760 10.000 10.041 9.151 -25.064
2.770 10.000 10.097 8.958 -13.535
2.780 10.000 10.041 8.761 -25.907
2.790 10.000 10.024 8.417 -42.994
2.800 10.000 9.951 8.093 -21.756
2.810 12.500 9.965 7.918 -13.315
2.820 15.000 10.542 8.105 50.713
2.830 17.500 11.596 9.430 214.390
2.840 20.000 13.196 12.818 463.149
2.850 22.500 17.621 18.603 693.877
2.860 25.000 25.442 26.848 954.866
2.870 27.500 31.021 37.219 1119.700
2.880 30.000 34.075 47.966 1029.697
2.890 32.500 33.603 58.277 1032.389
2.900 35.000 32.542 68.445 1001.273
2.910 35.000 32.855 78.508 1011.426
2.920 35.000 34.607 88.960 1079.150
2.930 35.000 36.175 99.194 967.480
2.940 35.000 36.556 109.101 1014.020
2.950 35.000 36.248 118.935 952.289
2.960 35.000 35.975 129.075 1075.891
2.970 35.000 35.873 139.378 984.465
2.980 35.000 37.665 149.396 1019.462
2.990 35.000 35.978 159.662 1034.015
3.000 35.000 34.697 169.158 865.106
3.010 35.000 34.289 178.117 926.450
3.020 35.000 36.209 186.924 835.166
3.030 35.000 35.796 195.421 864.309
3.040 35.000 35.187 203.722 795.967
3.050 35.000 34.981 211.776 814.844
3.060 35.000 35.815 219.806 791.044
3.070 35.000 35.024 227.742 795.790
3.080 35.000 34.978 235.666 789.501
3.090 35.000 35.743 243.515 780.355
3.100 35.000 34.886 251.147 745.382
3.110 35.000 35.155 258.360 697.657
3.120 35.000 35.470 265.391 708.671
3.130 35.000 35.113 272.803 773.801
3.140 35.000 35.020 279.766 618.844
3.150 35.000 34.897 286.517 731.384
3.160 35.000 34.844 293.789 722.866
3.170 35.000 35.217 300.857 690.722
3.180 35.000 35.788 307.815 701.185
3.190 35.000 35.670 314.733 681.756
3.200 35.000 36.064 320.959 563.805
3.210 35.000 35.408 326.725 589.329
3.220 35.000 35.176 332.112 487.819
3.230 35.000 33.697 337.066 503.431
3.240 35.000 33.368 341.923 467.992
3.250 35.000 33.607 346.745 496.377
3.260 35.000 34.361 352.053 565.196
3.270 35.000 36.286 357.667 557.692
3.280 35.000 36.549 363.527 614.198
3.290 35.000 36.512 369.172 514.778
3.300 35.000 35.999 374.306 512.007
3.310 35.000 35.023 379.417 510.275
3.320 35.000 34.188 383.914 388.935
3.330 35.000 34.806 388.096 447.653
3.340 35.000 35.148 392.431 418.921
3.350 35.000 35.438 396.268 348.872
3.360 35.000 35.120 399.923 382.275
3.370 35.000 35.326 403.845 402.023
3.380 35.000 35.305 407.728 374.553
3.390 35.000 34.992 411.432 366.233
3.400 35.000 35.024 415.024 352.136
3.410 35.000 34.474 418.451 333.389
3.420 35.000 35.146 421.920 360.281
3.430 35.000 35.438 425.296 315.078
3.440 35.000 35.669 428.549 335.461
3.450 35.000 34.937 431.568 268.365
3.460 35.000 34.753 434.479 313.827
3.470 35.000 35.075 437.369 264.114
3.480 35.000 35.067 440.230 308.092
3.490 35.000 35.440 442.993 244.582
3.500 35.000 35.230 445.294 215.570
3.510 35.000 35.375 447.478 221.366
3.520 35.000 34.581 449.527 188.424
3.530 35.000 34.545 451.509 207.905
3.540 35.000 35.522 453.583 206.837
3.550 35.000 35.245 455.610 198.651
3.560 35.000 35.159 457.488 177.004
3.570 35.000 35.342 459.165 158.367
3.580 35.000 35.136 460.896 187.818
3.590 35.000 34.724 462.620 156.884
3.600 35.000 35.004 464.008 120.744
3.610 35.000 35.237 465.299 137.435
3.620 35.000 34.849 466.615 125.851
3.630 35.000 35.414 467.773 105.806
3.640 35.000 35.127 468.883 116.126
3.650 35.000 34.815 469.915 90.223
3.660 35.000 35.151 470.797 86.202
3.670 35.000 35.091 471.671 88.676
3.680 35.000 35.148 472.462 69.454
3.690 35.000 35.196 473.225 83.203
3.700 35.000 34.904 473.884 48.588
3.710 35.000 34.965 474.424 59.356
3.720 35.000 34.956 474.989 53.727
3.730 35.000 34.973 475.553 59.031
3.740 35.000 35.145 476.206 71.617
3.750 35.000 35.113 476.889 65.017
3.760 35.000 35.201 477.312 19.488
3.770 35.000 34.703 477.598 37.702
3.780 35.000 34.960 478.080 58.763
3.790 35.000 35.461 478.540 33.209
3.800 35.000 34.709 478.805 19.721
3.810 10.000 35.157 478.875 -5.727
3.820 10.000 34.014 475.691 -631.009
3.830 10.000 22.010 468.217 -863.783
3.840 10.000 20.951 459.130 -953.492
3.850 10.000 19.441 450.049 -862.903
3.860 10.000 19.542 441.943 -757.759
3.870 10.000 18.946 433.739 -883.646
3.880 10.000 18.504 425.504 -763.436
3.890 10.000 18.339 417.291 -878.310
3.900 10.000 17.757 408.849 -810.906
3.910 10.000 17.354 400.415 -875.874
3.920 10.000 16.929 392.874 -632.304
3.930 10.000 16.897 386.202 -702.091
3.940 10.000 16.219 378.354 -867.653
3.950 10.000 16.254 370.644 -674.230
3.960 10.000 15.844 363.113 -832.073
3.970 10.000 16.061 354.952 -800.233
3.980 10.000 15.480 347.588 -672.527
3.990 10.000 15.138 340.984 -648.259
4.000 10.000 15.009 334.266 -695.221
4.010 10.000 14.944 326.696 -818.634
4.020 10.000 14.680 319.199 -681.036
4.030 10.000 14.359 312.368 -685.214
4.040 10.000 13.980 305.226 -742.706
4.050 10.000 13.734 297.435 -815.878
4.060 10.000 13.764 289.903 -690.590
4.070 10.000 13.245 282.954 -699.200
4.080 10.000 12.959 276.221 -647.570
4.090 10.000 13.064 270.043 -587.914
4.100 10.000 12.654 263.167 -787.545
4.110 10.000 12.617 255.814 -682.897
4.120 10.000 12.472 249.234 -633.093
4.130 10.000 12.124 242.196 -774.389
4.140 10.000 11.692 235.635 -538.078
4.150 10.000 11.657 229.982 -592.254
4.160 10.000 11.525 224.086 -587.107
4.170 10.000 11.201 218.322 -565.796
4.180 10.000 11.270 212.492 -600.158
4.190 10.000 10.933 206.596 -579.050
4.200 10.000 10.774 200.838 -572.327
4.210 10.000 10.608 194.287 -738.120
4.220 10.000 10.692 187.196 -680.153
4.230 10.000 10.449 180.987 -561.579
4.240 10.000 10.147 175.633 -509.088
4.250 10.000 9.995 169.745 -668.744
4.260 10.000 10.063 163.711 -538.146
4.270 10.000 9.667 158.427 -518.153
4.280 10.000 9.582 152.561 -655.301
4.290 10.000 9.359 146.456 -565.805
4.300 10.000 9.222 140.621 -601.295
4.310 10.000 9.149 134.477 -627.417
4.320 10.000 9.129 128.831 -501.774
4.330 10.000 9.163 123.263 -611.969
4.340 10.000 9.201 117.038 -633.027
4.350 10.000 9.005 110.927 -589.075
4.360 10.000 9.259 105.906 -415.205
4.370 10.000 9.213 100.719 -622.323
4.380 10.000 9.041 95.376 -445.815
4.390 10.000 8.962 90.866 -456.445
4.400 10.000 8.973 86.395 -437.923
4.410 10.000 8.941 82.113 -418.007
4.420 10.000 9.202 77.978 -409.036
4.430 10.000 9.263 74.151 -356.671
4.440 10.000 9.452 70.566 -360.289
4.450 10.000 9.701 66.979 -357.128
4.460 10.000 9.648 63.329 -372.847
4.470 10.000 9.730 59.714 -350.259
4.480 10.000 9.798 56.213 -349.835
4.490 10.000 9.592 52.717 -349.417
4.500 10.000 9.737 49.233 -347.538
4.510 10.000 9.686 45.815 -335.969
4.520 10.000 9.634 42.609 -305.158
4.530 10.000 9.794 39.420 -332.624
4.540 10.000 9.557 36.316 -288.320
4.550 10.000 9.629 33.436 -287.591
4.560 10.000 9.588 30.694 -260.547
4.570 10.000 9.617 28.242 -230.208
4.580 10.000 9.514 26.031 -211.911
4.590 10.000 9.487 23.965 -201.210
4.600 10.000 9.469 21.975 -196.960
4.610 10.000 9.582 19.974 -203.171
4.620 10.000 9.735 18.043 -182.991
4.630 10.000 9.749 16.327 -160.171
4.640 10.000 9.609 14.805 -144.213
4.650 10.000 9.678 13.390 -138.967
4.660 10.000 9.824 12.087 -121.537
4.670 10.000 9.730 10.926 -110.607
4.680 10.000 9.748 9.865 -101.701
4.690 10.000 9.785 8.838 -103.730
4.700 10.000 9.834 7.856 -92.634
4.710 10.000 9.802 7.054 -67.665
4.720 10.000 9.760 6.367 -69.706
4.730 10.000 9.813 5.681 -67.573
4.740 10.000 9.958 5.120 -44.549
4.750 10.000 9.840 4.690 -41.605
4.760 10.000 9.728 4.263 -43.730
4.770 10.000 9.920 3.882 -32.423
4.780 10.000 9.913 3.657 -12.680
4.790 10.000 9.769 3.634 8.159
4.800 10.000 9.926 3.719 8.758
4.810 10.000 9.947 3.841 15.759
4.820 10.000 9.997 3.933 2.498
4.830 10.000 9.992 4.051 21.289
4.840 10.000 10.141 4.177 3.826
4.850 10.000 9.941 4.271 14.953
4.860 10.000 9.939 4.501 31.135
4.870 10.000 10.086 4.765 21.559
4.880 10.000 10.062 4.938 13.137
4.890 10.000 10.105 5.038 6.854
4.900 10.000 10.075 5.154 16.386
4.910 10.000 10.024 5.302 13.122
4.920 10.000 10.055 5.443 15.079
4.930 10.000 10.109 5.554 7.143
4.940 10.000 10.145 5.573 -3.304
4.950 10.000 10.149 5.507 -9.969
4.960 10.000 10.176 5.377 -16.012
4.970 10.000 10.142 5.177 -23.926
4.980 10.000 10.115 4.953 -21.042
4.990 10.000 10.145 4.696 -30.165
5.000 10.000 10.106 4.400 -29.043
5.010 10.000 10.118 4.100 -31.116
5.020 10.000 10.040 3.735 -41.818
5.030 10.000 9.983 3.286 -47.942
5.040 10.000 10.038 2.784 -52.407
5.050 10.000 10.059 2.337 -37.140
5.060 10.000 9.913 1.915 -47.262
5.070 10.000 9.992 1.455 -44.615
5.080 10.000 10.076 1.043 -37.795
5.090 10.000 9.903 0.729 -25.045
5.100 10.000 9.967 0.392 -42.297
5.110 10.000 9.987 -0.014 -38.997
5.120 10.000 9.877 -0.333 -24.693
5.130 10.000 9.919 -0.640 -36.782
5.140 10.000 9.975 -1.001 -35.389
5.150 10.000 9.992 -1.332 -30.927
5.160 10.000 9.947 -1.673 -37.286
5.170 10.000 9.924 -2.014 -30.816
5.180 10.000 9.820 -2.237 -13.821
5.190 10.000 9.957 -2.367 -12.093
5.200 10.000 9.970 -2.517 -17.937
5.210 10.000 9.943 -2.637 -6.095
5.220 10.000 9.933 -2.706 -7.746
5.230 10.000 9.836 -2.734 2.117
5.240 10.000 9.969 -2.799 -15.107
5.250 10.000 10.007 -2.938 -12.734
5.260 10.000 9.928 -3.048 -9.077
5.270 10.000 9.925 -3.146 -10.655
5.280 10.000 9.928 -3.206 -1.378
5.290 10.000 9.928 -3.162 10.221
5.300 10.000 10.025 -3.043 13.565
5.310 10.000 10.061 -3.028 -10.473
5.320 10.000 9.993 -3.104 -4.877
5.330 10.000 10.095 -3.161 -6.420
5.340 10.000 9.936 -3.188 1.004
5.350 10.000 10.191 -3.183 0.056
5.360 10.000 10.149 -3.215 -6.504
5.370 10.000 9.995 -3.268 -4.082
5.380 10.000 10.088 -3.308 -3.849
5.390 10.000 10.108 -3.354 -5.504
5.400 10.000 10.052 -3.536 -30.802
5.410 10.000 10.093 -3.793 -20.665
5.420 10.000 10.070 -4.017 -24.136
5.430 10.000 9.921 -4.232 -18.871
5.440 10.000 9.982 -4.445 -23.762
5.450 10.000 10.100 -4.707 -28.581
5.460 10.000 9.970 -4.922 -14.458
5.470 10.000 9.996 -5.051 -11.342
5.480 10.000 10.069 -5.141 -6.508
5.490 10.000 9.966 -5.224 -10.158
5.500 10.000 10.047 -5.386 -22.169
5.510 10.000 9.977 -5.597 -20.054
5.520 10.000 10.063 -5.822 -25.022
5.530 10.000 10.024 -6.114 -33.454
5.540 10.000 9.959 -6.478 -39.202
5.550 10.000 9.914 -6.732 -11.729
5.560 10.000 10.005 -6.838 -9.406
5.570 10.000 10.073 -7.029 -28.867
5.580 10.000 10.009 -7.319 -29.107
5.590 10.000 9.941 -7.583 -23.624
5.600 10.000 9.981 -7.804 -20.648
5.610 10.000 9.982 -8.084 -35.236
5.620 10.000 9.998 -8.393 -26.706
5.630 10.000 9.943 -8.544 -3.454
5.640 10.000 9.933 -8.638 -15.401
5.650 10.000 10.007 -8.772 -11.293
5.660 10.000 9.977 -8.855 -5.296
5.670 10.000 9.873 -8.974 -18.606
5.680 10.000 10.040 -9.205 -27.530
5.690 10.000 9.932 -9.388 -9.037
5.700 10.000 9.997 -9.462 -5.707
5.710 10.000 9.932 -9.481 1.908
5.720 10.000 10.056 -9.504 -6.613
5.730 10.000 9.986 -9.576 -7.764
5.740 10.000 9.972 -9.722 -21.437
5.750 10.000 9.998 -9.884 -11.009
5.760 10.000 10.022 -9.907 6.464
5.770 10.000 10.031 -9.871 0.682
5.780 10.000 9.948 -9.912 -8.885
5.790 10.000 10.056 -10.014 -11.521
5.800 10.000 9.973 -10.132 -11.956
5.810 10.000 9.930 -10.355 -32.741
5.820 12.500 10.112 -10.562 -8.642
5.830 15.000 10.374 -10.177 85.667
5.840 17.500 11.554 -8.618 226.010
5.850 20.000 13.351 -5.134 470.867
5.860 22.501 17.983 0.848 725.485
5.870 25.001 25.672 10.005 1105.633
5.880 27.500 31.202 21.038 1101.870
5.890 30.000 34.090 31.868 1064.086
5.900 32.500 32.993 42.454 1053.196
5.910 35.000 32.626 52.666 989.276
5.920 35.000 33.458 62.844 1046.351
5.930 35.000 33.613 73.406 1066.034
5.940 35.000 35.731 84.388 1130.141
5.950 35.000 37.301 94.983 988.927
5.960 35.000 36.551 105.314 1077.358
5.970 35.000 36.016 115.380 936.139
5.980 35.000 36.898 124.796 947.062
5.990 35.000 36.079 134.522 996.859
6.000 35.000 36.228 143.951 890.095
6.010 35.000 34.913 153.297 979.041
6.020 35.000 35.433 162.869 934.604
6.030 35.000 34.799 172.052 902.759
6.040 35.000 35.314 180.763 839.401
6.050 35.000 35.453 189.083 824.734
6.060 35.000 35.658 197.549 868.125
6.070 35.000 34.889 205.708 763.646
6.080 35.000 35.207 213.649 824.902
6.090 35.000 35.320 221.870 819.313
6.100 35.000 35.238 229.926 791.739
6.110 35.000 35.290 237.912 805.682
6.120 35.000 34.692 245.872 786.368
6.130 35.000 36.214 253.713 781.854
6.140 35.000 34.866 261.495 774.273
6.150 35.000 35.533 268.543 635.440
6.160 35.000 34.958 275.337 723.500
6.170 35.000 35.478 281.841 577.226
6.180 35.000 35.455 287.680 590.515
6.190 35.000 34.937 294.236 720.681
6.200 35.000 34.738 300.954 622.901
6.210 35.000 34.345 307.059 597.971
6.220 35.000 35.086 313.070 604.372
6.230 35.000 35.406 319.111 603.635
6.240 35.000 35.947 325.195 613.585
6.250 35.000 35.724 331.339 615.256
6.260 35.000 35.563 337.030 522.702
6.270 35.000 35.191 342.361 543.741
6.280 35.000 34.544 347.656 515.008
6.290 35.000 34.049 352.336 421.094
6.300 35.000 33.714 356.674 446.512
6.310 35.000 33.948 361.449 508.435
6.320 35.000 35.287 366.461 493.992
6.330 35.000 35.998 371.655 544.934
6.340 35.000 36.618 376.590 441.971
6.350 35.000 36.330 380.720 384.086
6.360 35.000 35.658 384.677 407.347
6.370 35.000 34.569 388.429 342.806
6.380 35.000 34.694 392.076 386.626
6.390 35.000 34.171 395.658 329.690
6.400 35.000 35.017 398.994 337.792
6.410 35.000 34.797 402.543 371.958
6.420 35.000 35.110 405.866 292.703
6.430 35.000 35.494 409.050 344.008
6.440 35.000 35.553 412.560 358.070
6.450 35.000 35.470 416.208 371.453
6.460 35.000 35.174 419.793 345.551
6.470 35.000 34.994 423.055 306.879
6.480 35.000 34.872 426.032 288.486
6.490 35.000 35.384 428.721 249.346
6.500 35.000 34.972 431.267 259.860
6.510 35.000 35.394 433.721 230.893
6.520 35.000 35.373 436.034 231.724
6.530 35.000 34.946 438.333 228.072
6.540 35.000 34.698 440.567 218.680
6.550 35.000 34.960 442.610 190.051
6.560 35.000 35.228 444.704 228.697
6.570 35.000 35.103 446.932 216.921
6.580 35.000 34.956 449.006 197.840
6.590 35.000 35.502 451.027 206.458
6.600 35.000 35.140 452.983 184.766
6.610 35.000 35.002 454.646 147.902
6.620 35.000 35.098 456.330 188.829
6.630 35.000 35.008 458.019 148.862
6.640 35.000 34.984 459.501 147.613
6.650 35.000 35.438 460.801 112.371
6.660 35.000 35.004 461.871 101.558
6.670 35.000 34.973 462.879 100.162
6.680 35.000 35.144 463.711 66.237
6.690 35.000 34.957 464.478 87.107
6.700 35.000 35.376 465.259 69.121
6.710 35.000 35.024 465.997 78.404
6.720 35.000 35.052 466.772 76.725
6.730 35.000 34.967 467.435 55.778
6.740 35.000 34.972 467.887 34.606
6.750 35.000 35.177 468.211 30.215
6.760 35.000 35.242 468.601 47.814
6.770 35.000 34.884 468.895 11.025
6.780 35.000 34.911 469.034 16.827
6.790 35.000 34.992 469.161 8.452
6.800 35.000 34.778 469.231 5.626
6.810 35.000 35.026 469.533 54.803
6.820 10.000 34.853 469.942 26.940
6.830 10.000 33.411 466.976 -620.286
6.840 10.000 22.113 459.525 -869.932
6.850 10.000 20.910 450.496 -935.802
6.860 10.000 19.279 441.589 -845.630
6.870 10.000 19.216 433.594 -753.346
6.880 10.000 18.862 425.400 -885.434
6.890 10.000 18.075 417.469 -700.827
6.900 10.000 17.573 409.971 -798.883
6.910 10.000 17.301 402.801 -635.133
6.920 10.000 16.978 395.247 -875.347
6.930 10.000 16.876 387.393 -695.698
6.940 10.000 16.178 380.702 -642.636
6.950 10.000 16.114 373.900 -717.615
6.960 10.000 15.641 366.388 -784.527
6.970 10.000 15.976 358.212 -850.981
6.980 10.000 15.219 350.167 -758.080
6.990 10.000 14.986 342.941 -687.089
7.000 10.000 14.549 336.454 -610.391
7.010 10.000 14.549 330.136 -653.134
7.020 10.000 14.415 323.118 -750.519
7.030 10.000 14.326 316.008 -671.484
7.040 10.000 14.187 308.937 -742.676
7.050 10.000 14.123 302.069 -631.083
7.060 10.000 13.733 295.743 -633.994
7.070 10.000 13.606 288.858 -742.993
7.080 10.000 13.383 281.313 -766.123
7.090 10.000 13.269 273.627 -770.482
7.100 10.000 12.994 267.017 -551.962
7.110 10.000 12.831 261.259 -599.539
7.120 10.000 12.522 254.674 -717.148
7.130 10.000 12.460 248.311 -555.930
7.140 10.000 12.180 242.725 -561.217
7.150 10.000 11.951 236.896 -604.630
7.160 10.000 11.856 230.190 -736.529
7.170 10.000 11.612 223.030 -695.552
7.180 10.000 11.052 216.350 -640.514
7.190 10.000 10.993 210.569 -515.571
7.200 10.000 10.951 205.311 -536.195
7.210 10.000 10.618 199.791 -567.637
7.220 10.000 10.712 194.374 -515.922
7.230 10.000 10.443 189.071 -544.658
7.240 10.000 10.095 183.196 -630.161
7.250 10.000 10.226 176.888 -631.704
7.260 10.000 9.999 170.653 -615.205
7.270 10.000 9.889 164.997 -515.672
7.280 10.000 9.710 159.218 -640.435
7.290 10.000 9.635 152.678 -667.701
7.300 10.000 9.358 146.124 -642.436
7.310 10.000 9.309 139.896 -603.677
7.320 10.000 9.177 134.307 -514.213
7.330 10.000 9.304 129.367 -473.904
7.340 10.000 8.973 123.889 -621.591
7.350 10.000 9.119 117.820 -592.319
7.360 10.000 9.071 111.697 -632.105
7.370 10.000 9.269 106.273 -452.600
7.380 10.000 9.099 101.995 -403.084
7.390 10.000 9.123 97.938 -408.402
7.400 10.000 8.892 93.101 -559.049
7.410 10.000 8.912 88.206 -419.983
7.420 10.000 9.023 84.129 -395.267
7.430 10.000 9.044 80.327 -365.278
7.440 10.000 9.399 76.350 -430.138
7.450 10.000 9.553 72.248 -390.187
7.460 10.000 9.720 68.383 -382.624
7.470 10.000 9.668 64.625 -369.134
7.480 10.000 9.646 61.119 -332.104
7.490 10.000 9.691 57.985 -294.742
7.500 10.000 9.667 55.091 -284.133
7.510 10.000 9.644 52.333 -267.327
7.520 10.000 9.732 49.694 -260.448
7.530 10.000 9.660 47.086 -261.272
7.540 10.000 9.644 44.458 -264.368
7.550 10.000 9.609 41.923 -242.635
7.560 10.000 9.531 39.460 -249.874
7.570 10.000 9.627 36.953 -251.449
7.580 10.000 9.704 34.424 -254.547
7.590 10.000 9.724 31.992 -231.827
7.600 10.000 9.650 29.798 -206.856
7.610 10.000 9.460 27.817 -189.477
7.620 10.000 9.501 25.961 -181.671
7.630 10.000 9.631 24.157 -179.220
7.640 10.000 9.812 22.403 -171.480
7.650 10.000 9.711 20.862 -136.730
7.660 10.000 9.705 19.517 -132.207
7.670 10.000 9.743 18.288 -113.675
7.680 10.000 9.835 17.129 -118.141
7.690 10.000 9.777 16.101 -87.505
7.700 10.000 9.680 15.174 -97.767
7.710 10.000 9.738 14.339 -69.225
7.720 10.000 9.808 13.664 -65.810
7.730 10.000 9.831 13.039 -59.190
7.740 10.000 9.737 12.490 -50.714
7.750 10.000 9.860 12.033 -40.595
7.760 10.000 9.866 11.626 -40.888
7.770 10.000 9.702 11.365 -11.162
7.780 10.000 9.813 11.297 -2.480
7.790 10.000 9.935 11.217 -13.530
7.800 10.000 9.849 11.230 16.099
7.810 10.000 9.804 11.427 23.366
7.820 10.000 9.973 11.708 32.688
7.830 10.000 9.970 12.023 30.293
7.840 10.000 9.899 12.351 35.474
7.850 10.000 10.015 12.669 28.060
7.860 10.000 10.094 13.065 51.101
7.870 10.000 9.896 13.538 43.493
7.880 10.000 10.052 13.868 22.540
7.890 10.000 10.099 14.031 9.999
7.900 10.000 10.069 14.204 24.617
7.910 10.000 10.162 14.422 19.059
7.920 10.000 10.177 14.623 21.118
7.930 10.000 10.093 14.762 6.696
7.940 10.000 10.096 14.821 5.052
7.950 10.000 10.151 14.885 7.704
7.960 10.000 10.286 14.841 -16.404
7.970 10.000 10.104 14.750 -1.866
7.980 10.000 10.109 14.697 -8.601
7.990 10.000 10.217 14.520 -26.848
8.000 10.000 10.183 14.271 -22.944
8.010 10.000 10.070 14.008 -29.608
8.020 10.000 10.033 13.658 -40.455
8.030 10.000 10.118 13.347 -21.821
8.040 10.000 10.047 13.072 -33.044
8.050 10.000 9.992 12.731 -35.148
8.060 10.000 10.080 12.345 -42.035
8.070 10.000 10.058 11.926 -41.817
8.080 10.000 9.967 11.486 -46.263
8.090 10.000 9.978 11.030 -44.900
8.100 10.000 9.994 10.640 -33.058
8.110 10.000 10.035 10.298 -35.311
8.120 10.000 9.877 9.926 -39.189
8.130 10.000 9.937 9.557 -34.598
8.140 10.000 9.844 9.264 -24.006
8.150 10.000 9.897 9.007 -27.430
8.160 10.000 10.000 8.791 -15.745
8.170 10.000 9.886 8.661 -10.135
8.180 10.000 9.950 8.458 -30.612
8.190 10.000 9.881 8.213 -18.383
8.200 10.000 9.988 8.034 -17.306
8.210 10.000 9.931 7.873 -14.913
8.220 10.000 9.879 7.726 -14.482
8.230 10.000 9.904 7.608 -9.137
8.240 10.000 9.872 7.520 -8.487
8.250 10.000 9.917 7.458 -3.959
8.260 10.000 10.020 7.429 -1.740
8.270 10.000 9.929 7.501 16.000
8.280 10.000 9.890 7.595 2.858
8.290 10.000 9.957 7.632 4.497
8.300 10.000 10.060 7.736 16.417
8.310 10.000 10.010 7.882 12.805
8.320 10.000 9.899 8.012 13.033
8.330 10.000 10.026 8.165 17.625
8.340 10.000 9.939 8.406 30.688
8.350 10.000 9.954 8.646 17.283
8.360 10.000 10.105 8.841 21.697
8.370 10.000 10.045 9.048 19.686
8.380 10.000 10.000 9.182 7.085
8.390 10.000 10.086 9.156 -12.184
8.400 10.000 10.109 9.117 4.246
8.410 10.000 9.968 9.252 22.804
8.420 10.000 10.084 9.293 -14.604
8.430 10.000 10.032 9.187 -6.581
8.440 10.000 9.967 9.224 14.062
8.450 10.000 9.994 9.352 11.497
8.460 10.000 10.077 9.353 -11.398
8.470 10.000 10.047 9.242 -10.673
8.480 10.000 10.029 9.145 -8.717
8.490 10.000 10.038 9.107 1.126
8.500 10.000 10.115 9.098 -3.034
8.510 10.000 10.130 9.006 -15.356
8.520 10.000 10.038 8.860 -13.922
8.530 10.000 10.103 8.688 -20.439
8.540 10.000 10.118 8.514 -14.403
8.550 10.000 9.884 8.370 -14.330
8.560 10.000 9.994 8.208 -18.011
8.570 10.000 10.103 8.039 -15.800
8.580 10.000 10.045 7.807 -30.520
8.590 10.000 9.964 7.458 -39.362
8.600 10.000 10.020 7.135 -25.367
8.610 10.000 9.942 6.910 -19.458
8.620 10.000 9.996 6.735 -15.593
8.630 10.000 9.964 6.571 -17.146
8.640 10.000 9.994 6.323 -32.528
8.650 10.000 9.903 6.062 -19.661
8.660 10.000 9.980 5.818 -29.107
8.670 10.000 9.961 5.586 -17.270
8.680 10.000 9.970 5.454 -9.188
8.690 10.000 9.872 5.345 -12.612
8.700 10.000 9.956 5.242 -8.011
8.710 10.000 10.001 5.161 -8.196
8.720 10.000 9.876 5.088 -6.428
8.730 10.000 9.922 5.008 -9.574
8.740 10.000 10.040 4.941 -3.850
8.750 10.000 9.906 4.968 9.214
8.760 10.000 9.945 5.053 7.924
8.770 10.000 10.043 5.092 -0.141
8.780 10.000 9.972 5.035 -11.267
8.790 10.000 10.005 4.959 -3.877
8.800 10.000 9.996 4.947 1.497
8.810 10.000 10.013 4.912 -8.621
8.820 10.000 9.969 4.885 3.211
8.830 12.500 10.042 4.887 -2.716
8.840 15.000 10.507 5.290 83.347
8.850 17.500 11.629 6.790 216.600
8.860 20.000 13.398 10.207 466.745
8.870 22.501 17.897 15.942 680.128
8.880 25.000 25.574 25.122 1156.069
8.890 27.500 31.349 36.576 1134.720
8.900 30.000 34.230 47.202 990.482
8.910 32.500 33.937 56.973 964.010
8.920 35.000 32.968 66.884 1018.219
8.930 35.000 33.083 76.644 933.419
8.940 35.000 33.588 86.668 1071.804
8.950 35.000 34.695 97.274 1049.374
8.960 35.000 35.792 107.725 1040.743
8.970 35.000 35.843 118.153 1044.950
8.980 35.000 36.325 128.665 1057.390
8.990 35.000 36.229 138.955 1000.484
9.000 35.000 36.829 149.075 1023.700
9.010 35.000 37.958 159.023 965.771
9.020 35.000 36.282 168.202 870.111
9.030 35.000 35.757 176.654 820.361
9.040 35.000 32.964 185.549 957.964
9.050 35.000 34.785 194.545 841.969
9.060 35.000 34.885 203.104 869.950
9.070 35.000 35.811 211.518 812.133
9.080 35.000 35.448 219.567 798.293
9.090 35.000 36.009 227.312 750.726
9.100 35.000 34.939 235.274 841.078
9.110 35.000 35.391 243.263 757.202
9.120 35.000 35.349 250.897 769.609
9.130 35.000 35.504 258.418 734.641
9.140 35.000 34.819 265.832 748.174
9.150 35.000 35.960 272.723 630.059
9.160 35.000 34.720 279.282 681.739
9.170 35.000 35.376 286.011 664.105
9.180 35.000 35.453 292.340 601.713
9.190 35.000 35.272 298.399 609.532
9.200 35.000 35.850 304.365 584.179
9.210 35.000 34.011 310.523 647.541
9.220 35.000 34.192 316.790 605.360
9.230 35.000 33.895 322.650 567.028
9.240 35.000 35.550 328.408 584.594
9.250 35.000 35.607 334.368 607.488
9.260 35.000 36.242 340.352 589.251
9.270 35.000 35.091 345.859 512.200
9.280 35.000 35.804 350.779 471.649
9.290 35.000 34.911 355.846 541.905
9.300 35.000 34.843 361.009 490.642
9.310 35.000 34.033 365.963 500.303
9.320 35.000 34.924 370.856 478.326
9.330 35.000 35.153 375.769 504.092
9.340 35.000 35.040 380.625 466.855
9.350 35.000 35.638 385.130 434.385
9.360 35.000 36.028 389.392 418.174
9.370 35.000 36.010 393.834 469.762
9.380 35.000 35.574 398.212 406.275
9.390 35.000 34.919 401.886 328.549
9.400 35.000 34.053 405.099 314.013
9.410 35.000 34.304 408.257 317.443
9.420 35.000 34.613 411.273 285.751
9.430 35.000 34.542 414.423 344.397
9.440 35.000 35.060 417.741 319.152
9.450 35.000 35.287 421.121 356.887
9.460 35.000 35.456 424.596 338.188
9.470 35.000 35.353 427.819 306.383
9.480 35.000 35.453 431.072 344.111
9.490 35.000 35.143 434.414 324.444
9.500 35.000 35.520 437.563 305.274
9.510 35.000 35.745 440.464 274.904
9.520 35.000 35.011 443.157 263.786
9.530 35.000 34.782 445.643 233.469
9.540 35.000 35.313 447.932 224.215
9.550 35.000 35.225 450.047 198.806
9.560 35.000 34.655 452.114 214.653
9.570 35.000 34.608 454.218 206.149
9.580 35.000 35.243 456.376 225.340
9.590 35.000 35.303 458.517 203.022
9.600 35.000 34.949 460.275 148.387
9.610 35.000 35.120 461.803 157.241
9.620 35.000 35.578 463.471 176.392
9.630 35.000 35.327 465.043 137.985
9.640 35.000 35.148 466.259 105.295
9.650 35.000 34.730 467.196 82.102
9.660 35.000 35.390 468.060 90.746
9.670 35.000 34.917 468.920 81.211
9.680 35.000 35.024 469.726 79.983
9.690 35.000 35.235 470.447 64.134
9.700 35.000 35.102 471.140 74.507
9.710 35.000 34.804 471.747 46.984
9.720 35.000 35.059 472.186 40.725
9.730 35.000 35.123 472.529 27.962
9.740 35.000 35.015 472.805 27.191
9.750 35.000 34.932 473.118 35.464
9.760 35.000 35.055 473.533 47.405
9.770 35.000 35.040 473.991 44.157
9.780 35.000 34.872 474.385 34.711
9.790 35.000 35.049 474.794 47.132
9.800 35.000 35.217 475.185 31.136
9.810 35.000 34.640 475.643 60.378
9.820 35.000 35.199 476.177 46.424
9.830 10.000 35.074 476.676 53.382
9.840 10.000 33.477 473.928 -603.153
9.850 10.000 21.800 466.494 -883.648
9.860 10.000 20.746 457.242 -966.605
9.870 10.000 19.305 448.233 -835.262
9.880 10.000 19.345 439.540 -903.120
9.890 10.000 19.089 431.352 -733.982
9.900 10.000 18.618 423.859 -765.323
9.910 10.000 18.082 415.930 -820.481
9.920 10.000 17.771 408.292 -706.648
9.930 10.000 17.290 400.546 -843.003
9.940 10.000 16.729 392.872 -691.736
9.950 10.000 16.562 385.174 -847.418
9.960 10.000 16.271 376.927 -802.506
9.970 10.000 15.929 369.841 -614.897
9.980 10.000 16.039 362.774 -798.567
9.990 10.000 15.634 354.804 -795.100
10.000 10.000 15.505 347.615 -642.844
10.010 10.000 15.324 341.033 -673.679
10.020 10.000 14.969 334.590 -614.786
10.030 10.000 14.843 328.209 -661.561
10.040 10.000 14.326 321.525 -674.909
10.050 10.000 14.202 314.018 -826.713
10.060 10.000 14.168 306.737 -629.669
10.070 10.000 13.527 300.491 -619.261
10.080 10.000 13.483 293.311 -817.035
10.090 10.000 13.215 286.054 -634.286
10.100 10.000 12.947 279.886 -599.427
10.110 10.000 12.810 273.889 -599.883
10.120 10.000 12.561 267.290 -720.087
10.130 10.000 12.504 260.260 -685.779
10.140 10.000 12.211 253.155 -735.117
10.150 10.000 11.716 245.774 -741.193
10.160 10.000 11.803 239.374 -538.944
10.170 10.000 11.779 234.028 -530.083
10.180 10.000 11.718 227.570 -761.254
10.190 10.000 11.286 220.048 -743.330
10.200 10.000 11.055 212.608 -744.807
10.210 10.000 11.093 205.393 -698.219
10.220 10.000 10.756 198.489 -682.612
10.230 10.000 10.758 192.177 -579.777
10.240 10.000 10.834 186.535 -548.776
10.250 10.000 10.553 181.178 -522.535
10.260 10.000 9.965 175.871 -538.637
10.270 10.000 9.720 169.627 -710.455
10.280 10.000 9.637 163.180 -578.804
10.290 10.000 9.340 156.930 -671.274
10.300 10.000 9.302 150.847 -545.405
10.310 10.000 9.260 145.804 -463.125
10.320 10.000 9.224 140.642 -569.314
10.330 10.000 9.232 134.702 -618.788
10.340 10.000 9.339 129.078 -505.772
10.350 10.000 9.233 124.619 -386.202
10.360 10.000 9.360 119.837 -569.912
10.370 10.000 9.339 114.525 -492.918
10.380 10.000 9.297 109.386 -534.850
10.390 10.000 9.167 103.826 -577.060
10.400 10.000 9.195 98.560 -476.180
10.410 10.000 8.929 93.465 -542.833
10.420 10.000 8.937 88.638 -422.695
10.430 10.000 8.973 84.526 -399.625
10.440 10.000 9.241 80.570 -391.629
10.450 10.000 9.559 76.927 -336.835
10.460 10.000 9.698 73.328 -382.997
10.470 10.000 9.682 68.674 -547.478
10.480 10.000 9.556 64.301 -327.466
10.490 10.000 9.604 61.176 -297.536
10.500 10.000 9.623 58.112 -315.085
10.510 10.000 9.646 55.087 -290.252
10.520 10.000 9.684 52.251 -276.765
10.530 10.000 9.740 49.560 -261.486
10.540 10.000 9.634 46.763 -297.995
10.550 10.000 9.684 43.923 -269.887
10.560 10.000 9.640 41.292 -256.302
10.570 10.000 9.677 38.702 -261.764
10.580 10.000 9.688 36.033 -272.039
10.590 10.000 9.691 33.400 -254.569
10.600 10.000 9.703 30.941 -237.282
10.610 10.000 9.660 28.696 -211.751
10.620 10.000 9.547 26.692 -189.061
10.630 10.000 9.492 24.797 -189.923
10.640 10.000 9.582 22.903 -188.848
10.650 10.000 9.851 21.079 -175.801
10.660 10.000 9.773 19.406 -158.960
10.670 10.000 9.651 17.951 -132.055
10.680 10.000 9.654 16.618 -134.427
10.690 10.000 9.837 15.299 -129.470
10.700 10.000 9.782 14.108 -108.774
10.710 10.000 9.744 13.050 -102.761
10.720 10.000 9.693 12.045 -98.161
10.730 10.000 9.786 11.141 -82.660
10.740 10.000 9.690 10.470 -51.609
10.750 10.000 9.871 9.968 -48.730
10.760 10.000 9.786 9.545 -35.942
10.770 10.000 9.832 9.219 -29.141
10.780 10.000 9.802 8.969 -20.849
10.790 10.000 9.858 8.711 -30.796
10.800 10.000 9.932 8.475 -16.491
10.810 10.000 9.884 8.353 -7.800
10.820 10.000 9.807 8.307 -1.392
10.830 10.000 9.968 8.333 6.571
10.840 10.000 9.974 8.458 18.262
10.850 10.000 9.838 8.670 24.207
10.860 10.000 9.971 8.978 37.492
10.870 10.000 10.044 9.421 51.018
10.880 10.000 10.053 9.812 27.253
10.890 10.000 9.967 10.049 20.008
10.900 10.000 10.109 10.198 9.872
10.910 10.000 10.079 10.347 19.935
10.920 10.000 10.025 10.592 29.050
10.930 10.000 10.181 10.802 13.062
10.940 10.000 10.142 10.869 0.249
10.950 10.000 10.128 10.865 -1.024
10.960 10.000 10.081 10.963 20.620
10.970 10.000 10.230 11.039 -5.507
10.980 10.000 10.195 10.983 -5.583
10.990 10.000 10.141 10.924 -6.289
11.000 10.000 10.150 10.771 -24.333
11.010 10.000 10.138 10.449 -40.017
11.020 10.000 10.074 10.050 -39.746
11.030 10.000 10.201 9.557 -58.885
11.040 10.000 10.017 9.010 -50.555
11.050 10.000 10.038 8.590 -33.412
11.060 10.000 10.099 8.182 -48.214
11.070 10.000 9.919 7.690 -50.058
11.080 10.000 10.044 7.227 -42.602
11.090 10.000 9.928 6.915 -19.819
11.100 10.000 9.939 6.653 -32.702
11.110 10.000 9.988 6.385 -20.724
11.120 10.000 9.923 6.107 -35.061
11.130 10.000 9.970 5.764 -33.545
11.140 10.000 9.937 5.437 -31.714
11.150 10.000 9.925 5.144 -27.006
11.160 10.000 9.915 4.817 -38.280
11.170 10.000 9.862 4.532 -18.778
11.180 10.000 9.949 4.278 -31.937
11.190 10.000 9.991 3.992 -25.318
11.200 10.000 9.875 3.711 -30.818
11.210 10.000 9.942 3.320 -47.520
11.220 10.000 10.016 2.937 -29.124
11.230 10.000 9.901 2.744 -9.409
11.240 10.000 9.917 2.632 -12.977
11.250 10.000 9.967 2.427 -28.071
11.260 10.000 9.939 2.283 -0.754
11.270 10.000 9.887 2.266 -2.623
11.280 10.000 10.108 2.266 2.725
11.290 10.000 9.996 2.364 16.804
11.300 10.000 9.954 2.373 -14.912
11.310 10.000 9.919 2.276 -4.616
11.320 10.000 10.008 2.194 -11.618
11.330 10.000 10.002 2.140 0.766
11.340 10.000 10.009 2.085 -11.871
11.350 10.000 10.011 1.980 -9.114
11.360 10.000 10.016 1.902 -6.352
11.370 10.000 10.072 1.782 -17.673
11.380 10.000 10.029 1.647 -9.464
11.390 10.000 10.079 1.589 -2.144
11.400 10.000 10.059 1.571 -1.407
11.410 10.000 9.989 1.527 -7.340
11.420 10.000 10.026 1.445 -9.072
11.430 10.000 9.938 1.362 -7.618
11.440 10.000 10.027 1.248 -15.033
11.450 10.000 10.029 1.138 -7.042
11.460 10.000 10.125 1.062 -8.074
11.470 10.000 9.957 0.920 -20.330
11.480 10.000 9.946 0.754 -12.857
11.490 10.000 10.118 0.603 -17.374
11.500 10.000 10.064 0.475 -8.308
11.510 10.000 9.901 0.342 -18.191
11.520 10.000 10.033 0.153 -19.747
11.530 10.000 10.074 0.026 -5.540
11.540 10.000 10.033 0.002 0.697
11.550 10.000 10.043 -0.125 -25.997
11.560 10.000 9.980 -0.333 -15.761
11.570 10.000 9.994 -0.560 -29.623
11.580 10.000 9.998 -0.927 -43.775
11.590 10.000 9.996 -1.214 -13.486
11.600 10.000 10.047 -1.381 -20.082
11.610 10.000 9.904 -1.542 -12.042
11.620 10.000 10.008 -1.718 -23.240
11.630 10.000 10.041 -1.967 -26.435
11.640 10.000 9.974 -2.214 -22.933
11.650 10.000 9.945 -2.441 -22.618
11.660 10.000 10.050 -2.636 -16.247
11.670 10.000 10.006 -2.767 -10.062
11.680 10.000 9.935 -2.876 -11.636
11.690 10.000 9.968 -2.898 7.250
11.700 10.000 10.007 -2.909 -9.609
11.710 10.000 9.984 -3.029 -14.300
11.720 10.000 9.985 -3.163 -12.475
11.730 10.000 9.952 -3.329 -20.837
11.740 10.000 9.982 -3.593 -31.885
11.750 10.000 9.947 -3.832 -15.847
11.760 10.000 10.021 -4.009 -19.700
11.770 10.000 9.969 -4.180 -14.366
11.780 10.000 9.904 -4.216 7.043
11.790 10.000 9.925 -4.228 -9.449
11.800 10.000 10.039 -4.328 -10.541
11.810 10.000 10.052 -4.461 -16.003
11.820 10.000 9.882 -4.582 -8.198
11.830 10.000 10.026 -4.651 -5.636
11.840 12.500 10.086 -4.654 5.064
11.850 15.000 10.446 -4.111 103.518
11.860 17.500 11.654 -2.452 228.252
11.870 20.000 13.447 0.930 448.270
11.880 22.500 18.082 6.825 730.723
11.890 25.000 25.394 16.051 1114.354
11.900 27.500 30.789 27.475 1170.563
11.910 30.000 33.127 39.672 1268.793
11.920 32.500 32.827 51.606 1117.945
11.930 35.000 33.267 61.569 874.176
11.940 35.000 32.489 71.818 1176.205
11.950 35.000 36.151 82.317 923.665
11.960 35.000 35.581 92.407 1093.724
11.970 35.000 36.228 103.178 1060.991
11.980 35.000 35.832 113.271 957.815
11.990 35.000 35.678 123.587 1105.369
12.000 35.000 36.627 134.281 1033.593
12.010 35.000 36.448 144.667 1042.878
12.020 35.000 36.655 154.716 967.006
12.030 35.000 37.202 163.997 889.717
12.040 35.000 35.368 172.743 859.408
12.050 35.000 34.446 181.029 797.246
12.060 35.000 34.433 189.445 886.584
12.070 35.000 34.921 198.356 895.263
12.080 35.000 34.864 207.071 847.452
12.090 35.000 35.723 215.422 823.295
12.100 35.000 35.921 223.519 796.096
12.110 35.000 35.787 231.627 825.608
12.120 35.000 35.741 239.209 690.977
12.130 35.000 34.734 246.440 754.778
12.140 35.000 34.295 254.114 780.420
12.150 35.000 35.409 261.650 726.667
12.160 35.000 35.488 268.765 696.422
12.170 35.000 34.979 276.075 765.600
12.180 35.000 34.400 283.498 718.951
12.190 35.000 34.876 290.699 721.116
12.200 35.000 35.988 297.501 639.490
12.210 35.000 35.735 304.360 732.198
12.220 35.000 36.341 311.279 651.655
12.230 35.000 36.419 317.588 610.189
12.240 35.000 35.719 323.576 587.412
12.250 35.000 33.534 328.927 482.770
12.260 35.000 32.672 333.224 376.661
12.270 35.000 32.051 337.230 424.572
12.280 35.000 33.830 342.200 569.478
12.290 35.000 36.402 347.641 518.644
12.300 35.000 37.341 353.422 637.502
12.310 35.000 36.657 359.451 568.334
12.320 35.000 36.163 364.640 469.385
12.330 35.000 35.289 369.174 437.438
12.340 35.000 34.401 373.664 460.623
12.350 35.000 34.449 378.160 438.591
12.360 35.000 34.533 382.433 415.621
12.370 35.000 34.828 386.484 394.957
12.380 35.000 35.137 390.350 378.263
12.390 35.000 35.115 394.212 394.277
12.400 35.000 35.567 398.240 411.217
12.410 35.000 35.763 402.149 370.586
12.420 35.000 35.474 405.782 356.018
12.430 35.000 35.207 409.626 412.814
12.440 35.000 34.989 413.529 367.702
12.450 35.000 35.346 417.049 336.289
12.460 35.000 35.376 420.304 314.781
12.470 35.000 35.317 423.155 255.398
12.480 35.000 34.962 425.820 277.481
12.490 35.000 34.609 428.534 265.566
12.500 35.000 35.306 430.995 226.501
12.510 35.000 34.984 433.346 243.679
12.520 35.000 34.896 435.703 227.887
12.530 35.000 35.339 438.074 246.222
12.540 35.000 35.055 440.669 272.769
12.550 35.000 35.055 443.076 208.700
12.560 35.000 35.093 445.195 215.087
12.570 35.000 35.405 447.368 219.459
12.580 35.000 35.109 449.394 185.754
12.590 35.000 35.034 451.183 172.031
12.600 35.000 35.052 452.880 167.439
12.610 35.000 35.180 454.741 204.789
12.620 35.000 35.164 456.471 141.090
12.630 35.000 35.003 457.832 130.995
12.640 35.000 35.050 459.087 120.226
12.650 35.000 35.071 460.226 107.478
12.660 35.000 35.078 461.284 104.118
12.670 35.000 35.118 462.350 109.127
12.680 35.000 34.990 463.248 70.503
12.690 35.000 34.986 464.105 100.904
12.700 35.000 34.963 465.051 88.314
12.710 35.000 35.038 465.955 92.372
12.720 35.000 35.220 466.965 109.614
12.730 35.000 35.045 467.961 89.591
12.740 35.000 34.923 468.819 82.119
12.750 35.000 35.378 469.578 69.615
12.760 35.000 34.862 470.235 61.791
12.770 35.000 34.854 470.657 22.645
12.780 35.000 35.144 471.044 54.735
12.790 35.000 35.136 471.469 30.351
12.800 35.000 34.662 472.004 76.545
12.810 35.000 35.319 472.780 78.741
12.820 35.000 34.984 473.564 78.122
12.830 35.000 35.142 474.050 19.032
12.840 10.000 35.197 474.277 26.318
12.850 10.000 33.162 470.069 -867.973
12.860 10.000 22.320 461.184 -909.051
12.870 10.000 20.936 452.156 -896.509
12.880 10.000 19.381 443.282 -878.185
12.890 10.000 19.355 435.062 -765.855
12.900 10.000 18.650 426.961 -854.331
12.910 10.000 18.274 419.132 -711.694
12.920 10.000 17.921 412.058 -702.988
12.930 10.000 17.509 404.961 -716.268
12.940 10.000 17.322 397.079 -860.283
12.950 10.000 16.908 389.442 -667.250
12.960 10.000 16.624 382.758 -669.467
12.970 10.000 16.707 376.180 -646.209
12.980 10.000 16.373 368.776 -834.527
12.990 10.000 16.276 360.852 -750.301
13.000 10.000 15.903 353.749 -670.423
13.010 10.000 15.697 347.211 -637.005
13.020 10.000 15.442 340.193 -766.479
13.030 10.000 14.960 333.054 -661.429
13.040 10.000 14.762 325.746 -800.335
13.050 10.000 14.304 317.779 -793.194
13.060 10.000 14.116 310.790 -604.265
13.070 10.000 13.775 304.988 -556.470
13.080 10.000 13.793 299.010 -639.102
13.090 10.000 13.526 292.439 -675.025
13.100 10.000 13.333 285.368 -739.013
13.110 10.000 13.270 278.837 -567.268
13.120 10.000 13.047 272.193 -761.155
13.130 10.000 12.861 265.085 -660.832
13.140 10.000 12.777 258.642 -627.803
13.150 10.000 12.357 252.029 -694.425
13.160 10.000 12.280 245.517 -608.345
13.170 10.000 12.149 239.412 -612.911
13.180 10.000 11.810 233.000 -669.207
13.190 10.000 11.693 226.770 -577.071
13.200 10.000 11.473 220.583 -660.324
13.210 10.000 11.336 214.526 -551.052
13.220 10.000 11.066 208.363 -681.599
13.230 10.000 10.746 201.665 -657.902
13.240 10.000 10.690 195.235 -628.084
13.250 10.000 10.486 189.383 -542.346
13.260 10.000 10.298 184.124 -509.515
13.270 10.000 10.299 178.151 -684.936
13.280 10.000 10.143 171.427 -659.939
13.290 10.000 9.843 165.456 -534.170
13.300 10.000 9.710 159.577 -641.397
13.310 10.000 9.535 152.869 -700.627
13.320 10.000 9.174 146.263 -620.573
13.330 10.000 9.226 140.387 -554.266
13.340 10.000 9.236 134.617 -600.101
13.350 10.000 9.160 129.259 -471.504
13.360 10.000 9.136 124.197 -540.901
13.370 10.000 9.168 118.522 -594.167
13.380 10.000 9.261 113.386 -433.009
13.390 10.000 9.208 108.577 -528.815
13.400 10.000 9.120 103.732 -440.137
13.410 10.000 9.070 98.612 -583.833
13.420 10.000 8.912 93.745 -389.710
13.430 10.000 8.904 89.648 -429.561
13.440 10.000 8.910 85.576 -384.934
13.450 10.000 9.359 81.655 -399.230
13.460 10.000 9.418 77.639 -404.123
13.470 10.000 9.452 73.972 -329.136
13.480 10.000 9.567 70.762 -312.892
13.490 10.000 9.595 67.584 -322.788
13.500 10.000 9.717 64.430 -308.029
13.510 10.000 9.810 61.354 -307.039
13.520 10.000 9.619 58.207 -322.443
13.530 10.000 9.791 55.016 -315.698
13.540 10.000 9.722 52.000 -287.457
13.550 10.000 9.717 49.164 -279.708
13.560 10.000 9.732 46.285 -296.168
13.570 10.000 9.637 43.474 -266.022
13.580 10.000 9.552 40.947 -239.493
13.590 10.000 9.511 38.628 -224.168
13.600 10.000 9.502 36.516 -198.420
13.610 10.000 9.459 34.520 -200.661
13.620 10.000 9.574 32.528 -197.818
13.630 10.000 9.683 30.545 -198.699
13.640 10.000 9.710 28.605 -189.370
13.650 10.000 9.568 26.882 -155.230
13.660 10.000 9.642 25.354 -150.287
13.670 10.000 9.799 23.874 -145.791
13.680 10.000 9.812 22.493 -130.343
13.690 10.000 9.730 21.223 -123.741
13.700 10.000 9.640 20.085 -103.704
13.710 10.000 9.784 19.079 -97.571
13.720 10.000 9.862 18.203 -77.604
13.730 10.000 9.868 17.358 -91.484
13.740 10.000 9.654 16.607 -58.658
13.750 10.000 9.740 16.059 -50.933
13.760 10.000 9.893 15.623 -36.237
13.770 10.000 9.854 15.254 -37.736
13.780 10.000 9.831 14.973 -18.304
13.790 10.000 9.862 14.779 -20.569
13.800 10.000 9.881 14.663 -2.654
13.810 10.000 9.769 14.653 0.582
13.820 10.000 9.883 14.563 -18.393
13.830 10.000 9.994 14.517 9.121
13.840 10.000 9.884 14.666 20.731
13.850 10.000 9.940 14.824 10.820
13.860 10.000 10.033 14.956 15.468
13.870 10.000 9.976 15.191 31.702
13.880 10.000 9.989 15.534 36.738
13.890 10.000 10.057 15.802 16.954
13.900 10.000 9.969 16.012 25.029
13.910 10.000 9.924 16.301 32.714
13.920 10.000 10.101 16.475 2.216
13.930 10.000 10.184 16.497 2.113
13.940 10.000 10.197 16.524 3.217
13.950 10.000 10.054 16.563 4.740
13.960 10.000 10.081 16.633 9.120
13.970 10.000 10.202 16.746 13.570
13.980 10.000 10.118 16.801 -2.649
13.990 10.000 10.168 16.730 -11.521
14.000 10.000 10.217 16.570 -20.414
14.010 10.000 10.003 16.410 -11.671
14.020 10.000 10.132 16.195 -31.243
14.030 10.000 10.124 15.859 -36.068
14.040 10.000 10.084 15.537 -28.252
14.050 10.000 9.960 15.227 -33.808
14.060 10.000 9.970 14.923 -26.928
14.070 10.000 10.082 14.659 -25.972
14.080 10.000 9.978 14.400 -25.790
14.090 10.000 10.018 14.061 -41.963
14.100 10.000 9.956 13.621 -45.998
14.110 10.000 9.971 13.231 -32.143
14.120 10.000 9.885 12.953 -23.305
14.130 10.000 10.029 12.678 -31.680
14.140 10.000 10.069 12.461 -11.866
14.150 10.000 9.983 12.346 -11.089
14.160 10.000 9.990 12.088 -40.577
14.170 10.000 9.915 11.761 -24.712
14.180 10.000 9.944 11.505 -26.507
14.190 10.000 9.967 11.258 -22.900
14.200 10.000 9.931 11.033 -22.149
14.210 10.000 10.009 10.873 -9.735
14.220 10.000 9.938 10.769 -11.189
14.230 10.000 9.888 10.615 -19.466
14.240 10.000 10.062 10.440 -15.680
14.250 10.000 9.947 10.308 -10.681
14.260 10.000 9.945 10.197 -11.476
14.270 10.000 9.924 10.130 -2.012
14.280 10.000 9.877 10.186 13.337
14.290 10.000 9.940 10.222 -6.115
14.300 10.000 10.007 10.194 0.505
14.310 10.000 9.971 10.190 -1.340
14.320 10.000 9.822 10.205 4.350
14.330 10.000 9.989 10.248 4.233
14.340 10.000 10.031 10.288 3.638
14.350 10.000 9.993 10.299 -1.432
14.360 10.000 10.005 10.298 1.321
14.370 10.000 9.989 10.413 21.714
14.380 10.000 10.037 10.649 25.385
14.390 10.000 9.926 10.806 6.014
14.400 10.000 10.101 10.782 -10.811
14.410 10.000 10.081 10.777 9.840
14.420 10.000 9.941 10.759 -13.452
14.430 10.000 10.030 10.714 4.508
14.440 10.000 10.059 10.789 10.424
14.450 10.000 10.014 10.886 8.952
14.460 10.000 10.009 10.966 7.094
14.470 10.000 10.050 10.986 -3.089
14.480 10.000 10.084 10.915 -10.993
14.490 10.000 10.015 10.853 -1.418
14.500 10.000 10.081 10.828 -3.630
14.510 10.000 10.007 10.782 -5.675
14.520 10.000 10.079 10.657 -19.254
14.530 10.000 9.985 10.452 -21.758
14.540 10.000 10.105 10.244 -19.830
14.550 10.000 10.025 10.145 0.133
14.560 10.000 10.010 10.107 -7.848
14.570 10.000 10.173 9.950 -23.591
14.580 10.000 9.948 9.714 -23.610
14.590 10.000 10.014 9.515 -16.074
14.600 10.000 9.973 9.436 0.194
14.610 10.000 9.913 9.422 -3.038
14.620 10.000 10.045 9.305 -20.176
14.630 10.000 9.960 9.114 -18.138
14.640 10.000 9.930 8.922 -20.273
14.650 10.000 10.042 8.747 -14.804
14.660 10.000 9.955 8.655 -3.406
14.670 10.000 9.967 8.590 -9.666
14.680 10.000 9.987 8.470 -14.282
14.690 10.000 9.926 8.365 -6.770
14.700 10.000 9.978 8.263 -13.599
14.710 10.000 9.955 8.169 -5.213
14.720 10.000 10.031 8.077 -13.260
14.730 10.000 9.927 7.980 -6.193
14.740 10.000 9.942 7.883 -13.088
14.750 10.000 10.105 7.735 -16.483
14.760 10.000 10.016 7.601 -10.418
14.770 10.000 9.964 7.508 -8.065
14.780 10.000 9.929 7.474 1.233
14.790 10.000 10.014 7.484 0.759
14.800 10.000 9.984 7.489 0.255
14.810 10.000 10.054 7.399 -18.393
14.820 10.000 10.071 7.251 -11.142
14.830 10.000 10.079 7.126 -13.768
14.840 10.000 9.866 7.021 -7.358
14.850 12.500 10.002 6.870 -22.773
14.860 15.000 10.398 7.173 83.289
14.870 17.500 11.657 8.709 224.012
14.880 20.000 13.282 12.120 458.066
14.890 22.500 17.851 18.067 731.402
14.900 25.000 25.487 26.745 1004.357
14.910 27.500 31.123 37.231 1092.869
14.920 30.000 33.705 48.126 1086.239
14.930 32.500 33.552 58.797 1047.785
14.940 35.000 33.050 69.112 1015.154
14.950 35.000 33.393 79.130 988.549
14.960 35.000 33.985 88.965 978.469
14.970 35.000 36.511 98.926 1013.659
14.980 35.000 35.875 108.879 977.127
14.990 35.000 36.555 118.468 940.516
15.000 35.000 36.212 128.336 1033.156
15.010 35.000 36.016 138.566 1012.622
15.020 35.000 37.399 147.851 844.631
15.030 35.000 36.324 156.063 797.662
15.040 35.000 34.548 164.381 866.186
15.050 35.000 33.426 173.433 944.199
15.060 35.000 35.619 182.423 853.788
15.070 35.000 35.512 191.110 882.714
15.080 35.000 36.197 200.193 934.191
15.090 35.000 35.167 208.780 783.891
15.100 35.000 35.881 217.091 877.482
15.110 35.000 35.412 225.322 769.451
15.120 35.000 34.488 232.913 748.721
15.130 35.000 34.667 240.867 842.182
15.140 35.000 35.483 248.904 764.756
15.150 35.000 36.555 256.259 706.639
15.160 35.000 34.815 263.639 769.438
15.170 35.000 34.957 270.767 656.297
15.180 35.000 35.288 277.511 692.349
15.190 35.000 35.394 283.925 590.283
15.200 35.000 35.563 290.456 715.918
15.210 35.000 34.425 297.226 638.394
15.220 35.000 35.049 303.034 522.665
15.230 35.000 34.718 308.880 647.096
15.240 35.000 35.110 315.050 586.796
15.250 35.000 34.595 321.109 624.745
15.260 35.000 35.833 327.279 609.361
15.270 35.000 35.435 333.465 627.997
15.280 35.000 35.608 339.817 642.206
15.290 35.000 35.919 345.800 554.598
15.300 35.000 35.241 351.061 497.798
15.310 35.000 35.407 355.936 477.157
15.320 35.000 33.797 360.668 469.141
15.330 35.000 33.777 365.132 423.772
15.340 35.000 34.138 369.432 436.019
15.350 35.000 34.740 373.616 400.925
15.360 35.000 35.423 377.688 413.388
15.370 35.000 35.153 381.871 422.966
15.380 35.000 35.585 386.263 455.686
15.390 35.000 35.674 390.593 410.310
15.400 35.000 35.355 394.678 406.711
15.410 35.000 36.087 398.963 450.433
15.420 35.000 35.524 403.120 380.872
15.430 35.000 35.419 406.612 317.460
15.440 35.000 35.288 410.123 384.746
15.450 35.000 35.007 413.444 279.573
15.460 35.000 34.395 416.331 297.795
15.470 35.000 34.863 419.415 319.108
15.480 35.000 34.843 422.460 289.815
15.490 35.000 35.082 425.311 280.306
15.500 35.000 35.235 428.085 274.544
15.510 35.000 35.220 430.669 242.399
15.520 35.000 34.957 433.537 331.214
15.530 35.000 35.227 436.431 247.569
15.540 35.000 34.907 438.959 257.863
15.550 35.000 35.683 441.713 293.063
15.560 35.000 35.399 444.410 246.279
15.570 35.000 35.234 446.490 169.663
15.580 35.000 34.603 448.371 206.667
15.590 35.000 34.932 450.344 187.970
15.600 35.000 35.054 452.416 226.340
15.610 35.000 35.023 454.478 185.977
15.620 35.000 35.332 456.142 146.970
15.630 35.000 34.905 457.778 180.144
15.640 35.000 35.131 459.545 173.227
15.650 35.000 35.361 461.138 145.396
15.660 35.000 35.247 462.643 155.713
15.670 35.000 35.044 463.828 81.210
15.680 35.000 34.830 464.751 103.508
15.690 35.000 35.152 465.876 121.488
15.700 35.000 35.044 466.943 91.892
15.710 35.000 35.381 467.748 69.008
15.720 35.000 34.907 468.425 66.499
15.730 35.000 34.788 469.172 82.827
15.740 35.000 35.373 469.792 41.136
15.750 35.000 34.974 470.275 55.544
15.760 35.000 35.121 470.727 34.776
15.770 35.000 35.076 471.048 29.539
15.780 35.000 35.151 471.340 28.754
15.790 35.000 34.976 471.614 25.989
15.800 35.000 35.094 471.851 21.454
15.810 35.000 35.018 471.970 2.363
15.820 35.000 34.635 472.120 27.700
15.830 35.000 35.160 472.328 13.817
15.840 35.000 34.886 472.581 36.732
15.850 10.000 34.918 472.763 -0.181
15.860 10.000 33.411 469.027 -747.101
15.870 10.000 22.220 460.849 -888.472
15.880 10.000 20.967 451.892 -902.989
15.890 10.000 19.251 443.576 -760.286
15.900 10.000 18.969 436.164 -722.024
15.910 10.000 18.641 428.113 -888.176
15.920 10.000 18.092 419.058 -922.638
15.930 10.000 17.549 411.400 -609.232
15.940 10.000 17.356 404.742 -722.377
15.950 10.000 17.302 397.387 -748.175
15.960 10.000 17.033 390.053 -718.994
15.970 10.000 16.852 382.209 -849.874
15.980 10.000 16.170 374.319 -727.607
15.990 10.000 16.259 366.275 -881.742
16.000 10.000 15.769 358.745 -624.221
16.010 10.000 15.539 352.554 -613.733
16.020 10.000 15.398 345.521 -793.180
16.030 10.000 14.893 337.377 -835.370
16.040 10.000 14.833 329.372 -765.997
16.050 10.000 14.694 322.301 -648.108
16.060 10.000 14.316 315.885 -635.076
16.070 10.000 14.307 309.338 -674.357
16.080 10.000 13.896 302.755 -642.249
16.090 10.000 13.650 296.675 -573.787
16.100 10.000 13.579 290.145 -732.194
16.110 10.000 13.282 283.329 -630.892
16.120 10.000 12.987 276.926 -649.829
16.130 10.000 12.930 269.960 -743.533
16.140 10.000 12.659 263.484 -551.590
16.150 10.000 12.337 257.706 -603.864
16.160 10.000 12.337 251.963 -544.990
16.170 10.000 12.006 245.897 -668.195
16.180 10.000 12.018 238.996 -711.964
16.190 10.000 11.863 231.605 -766.206
16.200 10.000 11.603 223.895 -775.769
16.210 10.000 11.374 217.354 -532.423
16.220 10.000 11.268 211.125 -713.417
16.230 10.000 11.218 204.778 -556.073
16.240 10.000 10.839 198.403 -719.050
16.250 10.000 10.821 191.940 -573.458
16.260 10.000 10.582 185.463 -722.001
16.270 10.000 10.375 178.456 -679.435
16.280 10.000 10.099 172.298 -552.113
16.290 10.000 10.082 166.181 -671.143
16.300 10.000 9.897 159.718 -621.451
16.310 10.000 9.551 154.244 -473.334
16.320 10.000 9.522 149.497 -476.084
16.330 10.000 9.222 143.800 -663.113
16.340 10.000 9.164 137.938 -509.435
16.350 10.000 8.733 133.098 -458.574
16.360 10.000 9.272 128.450 -471.065
16.370 10.000 9.167 123.637 -491.770
16.380 10.000 9.451 118.982 -438.680
16.390 10.000 9.170 113.869 -584.387
16.400 10.000 9.198 108.976 -394.173
16.410 10.000 9.107 104.704 -460.324
16.420 10.000 9.130 99.720 -536.392
16.430 10.000 9.084 94.698 -468.067
16.440 10.000 8.843 90.497 -372.142
16.450 10.000 9.070 86.544 -418.299
16.460 10.000 9.122 82.209 -448.946
16.470 10.000 9.475 77.919 -409.028
16.480 10.000 9.691 73.648 -445.032
16.490 10.000 9.611 69.625 -359.603
16.500 10.000 9.685 65.684 -428.492
16.510 10.000 9.480 61.809 -346.728
16.520 10.000 9.707 58.412 -332.763
16.530 10.000 9.636 55.256 -298.057
16.540 10.000 9.647 52.382 -276.970
16.550 10.000 9.775 49.609 -277.787
16.560 10.000 9.659 46.842 -275.345
16.570 10.000 9.645 44.069 -279.364
16.580 10.000 9.727 41.304 -273.651
16.590 10.000 9.723 38.604 -266.409
16.600 10.000 9.751 35.943 -265.805
16.610 10.000 9.647 33.349 -253.012
16.620 10.000 9.640 30.974 -221.861
16.630 10.000 9.583 28.855 -201.965
16.640 10.000 9.528 26.897 -189.614
16.650 10.000 9.582 24.957 -198.452
16.660 10.000 9.640 22.989 -195.236
16.670 10.000 9.673 21.156 -171.260
16.680 10.000 9.710 19.575 -144.975
16.690 10.000 9.710 18.105 -149.158
16.700 10.000 9.815 16.698 -132.190
16.710 10.000 9.667 15.436 -120.077
16.720 10.000 9.715 14.278 -111.514
16.730 10.000 9.787 13.244 -95.444
16.740 10.000 9.859 12.315 -90.199
16.750 10.000 9.828 11.451 -82.671
16.760 10.000 9.694 10.697 -68.066
16.770 10.000 9.820 10.065 -58.330
16.780 10.000 9.952 9.504 -53.973
16.790 10.000 9.752 8.994 -48.094
16.800 10.000 9.757 8.562 -38.259
16.810 10.000 9.904 8.311 -11.928
16.820 10.000 9.851 8.199 -10.401
16.830 10.000 9.910 8.095 -10.349
16.840 10.000 9.942 8.075 6.229
16.850 10.000 9.907 8.117 2.191
16.860 10.000 9.848 8.139 2.299
16.870 10.000 9.954 8.200 9.869
16.880 10.000 9.947 8.379 25.775
16.890 10.000 9.976 8.567 11.992
16.900 10.000 10.150 8.726 19.649
16.910 10.000 10.023 8.915 18.209
16.920 10.000 10.054 9.068 12.436
16.930 10.000 9.999 9.238 21.533
16.940 10.000 10.175 9.330 -3.055
16.950 10.000 10.082 9.387 14.327
16.960 10.000 10.016 9.518 11.927
16.970 10.000 10.120 9.563 -2.900
16.980 10.000 10.122 9.513 -7.085
16.990 10.000 10.040 9.454 -4.701
17.000 10.000 10.203 9.395 -7.136
17.010 10.000 10.181 9.298 -12.296
17.020 10.000 10.053 9.158 -15.618
17.030 10.000 10.046 9.003 -15.540
17.040 10.000 10.160 8.779 -29.208
17.050 10.000 10.079 8.421 -42.308
17.060 10.000 10.079 7.952 -51.537
17.070 10.000 10.017 7.552 -28.444
17.080 10.000 10.046 7.214 -39.157
17.090 10.000 10.010 6.859 -31.849
17.100 10.000 10.113 6.553 -29.300
17.110 10.000 10.025 6.252 -31.033
17.120 10.000 9.942 5.913 -36.685
17.130 10.000 9.977 5.671 -11.678
17.140 10.000 10.096 5.437 -35.088
17.150 10.000 9.902 5.055 -41.485
17.160 10.000 9.977 4.719 -25.548
17.170 10.000 10.034 4.449 -28.573
17.180 10.000 9.891 4.085 -44.277
17.190 10.000 9.993 3.591 -54.441
17.200 10.000 10.015 3.046 -54.606
17.210 10.000 9.959 2.562 -42.047
17.220 10.000 9.862 2.173 -35.775
17.230 10.000 9.935 1.918 -15.325
17.240 10.000 9.888 1.761 -15.980
17.250 10.000 9.884 1.589 -18.502
17.260 10.000 9.839 1.493 -0.772
17.270 10.000 10.012 1.442 -9.374
17.280 10.000 9.847 1.389 -1.224
17.290 10.000 9.849 1.349 -6.751
17.300 10.000 10.016 1.353 7.504
17.310 10.000 9.980 1.424 6.730
17.320 10.000 9.894 1.447 -2.043
17.330 10.000 9.952 1.338 -19.801
17.340 10.000 10.003 1.165 -14.857
17.350 10.000 9.966 1.063 -5.468
17.360 10.000 10.018 1.051 2.923
17.370 10.000 10.110 1.102 7.392
17.380 10.000 9.992 1.091 -9.603
17.390 10.000 9.917 1.021 -4.419
17.400 10.000 10.109 1.037 7.698
17.410 10.000 10.041 1.094 3.622
17.420 10.000 10.105 0.983 -25.749
17.430 10.000 10.139 0.781 -14.811
17.440 10.000 9.951 0.688 -3.774
17.450 10.000 10.049 0.618 -10.152
17.460 10.000 10.137 0.443 -24.897
17.470 10.000 10.143 0.226 -18.475
17.480 10.000 9.995 0.024 -21.975
17.490 10.000 10.024 -0.229 -28.558
17.500 10.000 10.053 -0.448 -15.228
17.510 10.000 10.058 -0.561 -7.459
17.520 10.000 10.017 -0.767 -33.626
17.530 10.000 10.131 -1.166 -46.254
17.540 10.000 9.936 -1.489 -18.219
17.550 10.000 9.905 -1.657 -15.432
17.560 10.000 10.136 -1.909 -34.983
17.570 10.000 9.991 -2.165 -16.302
17.580 10.000 9.927 -2.357 -22.013
17.590 10.000 10.046 -2.626 -31.821
17.600 10.000 9.940 -2.906 -24.148
17.610 10.000 9.993 -3.121 -18.891
17.620 10.000 9.994 -3.358 -28.411
17.630 10.000 10.010 -3.597 -19.541
17.640 10.000 10.026 -3.793 -19.519
17.650 10.000 9.870 -3.971 -16.046
17.660 10.000 9.932 -4.134 -16.592
17.670 10.000 10.073 -4.233 -3.266
17.680 10.000 9.893 -4.329 -16.020
17.690 10.000 10.024 -4.504 -18.885
17.700 10.000 9.961 -4.677 -15.655
17.710 10.000 9.900 -4.797 -8.448
17.720 10.000 9.976 -4.919 -15.854
17.730 10.000 10.061 -5.130 -26.416
17.740 10.000 9.991 -5.333 -14.209
17.750 10.000 9.947 -5.484 -16.035
17.760 10.000 10.006 -5.701 -27.249
17.770 10.000 10.066 -5.956 -23.769
17.780 10.000 9.959 -6.150 -15.052
17.790 10.000 10.006 -6.290 -13.048
17.800 10.000 9.955 -6.295 12.179
17.810 10.000 9.911 -6.220 2.686
17.820 10.000 9.995 -6.292 -16.978
17.830 10.000 9.987 -6.471 -18.824
17.840 10.000 10.043 -6.659 -18.777
17.850 10.000 10.017 -6.795 -8.479
17.860 12.500 9.930 -6.778 11.925
17.870 15.001 10.494 -6.218 100.043
17.880 17.500 11.726 -4.585 226.598
17.890 20.000 13.452 -1.051 480.358
17.900 22.500 18.075 4.920 713.803
17.910 25.000 25.720 13.540 1010.100
17.920 27.500 31.644 23.491 980.129
17.930 30.000 33.908 33.761 1073.944
17.940 32.500 33.439 44.054 984.591
17.950 35.000 32.550 53.693 943.237
17.960 35.000 33.210 63.703 1058.749
17.970 35.000 33.550 74.082 1017.241
17.980 35.000 35.108 83.787 923.799
17.990 35.000 35.441 93.752 1068.341
18.000 35.000 36.794 103.866 955.339
18.010 35.000 36.452 113.707 1012.611
18.020 35.000 37.047 123.802 1005.859
18.030 35.000 37.067 133.861 1006.601
18.040 35.000 35.924 143.364 894.034
18.050 35.000 35.421 151.952 823.663
18.060 35.000 34.373 160.727 931.032
18.070 35.000 34.823 170.106 945.052
18.080 35.000 35.667 178.859 805.459
18.090 35.000 36.096 187.203 863.389
18.100 35.000 34.938 196.132 922.084
18.110 35.000 35.084 204.833 818.078
18.120 35.000 34.846 213.261 867.909
18.130 35.000 36.080 221.173 714.699
18.140 35.000 36.240 228.576 765.800
18.150 35.000 35.072 236.320 783.114
18.160 35.000 34.532 244.145 781.487
18.170 35.000 34.619 251.615 712.779
18.180 35.000 35.168 258.584 680.990
18.190 35.000 34.613 265.474 697.140
18.200 35.000 35.551 272.824 772.822
18.210 35.000 35.168 280.486 759.540
18.220 35.000 36.616 287.363 615.850
18.230 35.000 35.272 294.058 723.129
18.240 35.000 34.839 301.151 695.589
18.250 35.000 35.146 307.590 592.194
18.260 35.000 34.576 313.486 587.028
18.270 35.000 34.989 319.413 598.543
18.280 35.000 34.964 325.156 549.710
18.290 35.000 35.225 330.647 548.724
18.300 35.000 34.866 336.314 584.689
18.310 35.000 36.097 341.902 532.919
18.320 35.000 35.954 347.143 515.242
18.330 35.000 35.083 352.411 538.416
18.340 35.000 34.942 357.348 448.882
18.350 35.000 33.834 361.741 429.816
18.360 35.000 33.992 366.049 431.680
18.370 35.000 34.385 370.499 458.389
18.380 35.000 35.187 374.929 427.655
18.390 35.000 35.409 379.295 445.631
18.400 35.000 35.614 383.329 361.116
18.410 35.000 35.798 387.162 405.457
18.420 35.000 35.898 391.252 412.311
18.430 35.000 35.894 395.509 439.451
18.440 35.000 35.319 399.735 405.615
18.450 35.000 34.714 403.359 319.028
18.460 35.000 34.686 406.576 324.581
18.470 35.000 35.359 409.585 277.129
18.480 35.000 34.567 412.554 316.698
18.490 35.000 35.242 415.530 278.595
18.500 35.000 35.203 418.494 314.141
18.510 35.000 35.268 421.330 253.113
18.520 35.000 34.908 423.904 261.641
18.530 35.000 35.241 426.615 280.612
18.540 35.000 35.039 429.416 279.500
18.550 35.000 34.961 432.016 240.617
18.560 35.000 35.171 434.330 222.226
18.570 35.000 35.242 436.563 224.187
18.580 35.000 34.986 438.718 206.854
18.590 35.000 34.905 440.817 213.006
18.600 35.000 35.110 442.903 204.176
18.610 35.000 35.405 444.842 183.688
18.620 35.000 35.060 446.723 192.456
18.630 35.000 34.922 448.482 159.455
18.640 35.000 34.904 450.047 153.436
18.650 35.000 35.138 451.585 154.240
18.660 35.000 35.169 453.229 174.484
18.670 35.000 35.332 454.757 131.116
18.680 35.000 34.851 456.174 152.277
18.690 35.000 34.958 457.674 147.758
18.700 35.000 35.383 458.995 116.358
18.710 35.000 34.994 460.204 125.482
18.720 35.000 35.167 461.382 110.074
18.730 35.000 34.857 462.691 151.834
18.740 35.000 35.090 463.969 103.749
18.750 35.000 35.192 464.988 99.976
18.760 35.000 35.294 465.813 65.045
18.770 35.000 34.613 466.449 62.196
18.780 35.000 35.039 467.035 55.079
18.790 35.000 35.416 467.461 30.132
18.800 35.000 34.596 467.874 52.475
18.810 35.000 35.076 468.397 52.133
18.820 35.000 35.164 469.009 70.154
18.830 35.000 35.109 469.421 12.295
18.840 35.000 35.268 469.587 20.829
18.850 35.000 34.857 469.806 22.939
18.860 10.000 34.867 470.140 43.865
18.870 10.000 33.381 467.121 -647.590
18.880 10.000 22.313 459.487 -879.165
18.890 10.000 20.893 450.361 -946.073
18.900 10.000 19.292 441.939 -737.892
18.910 10.000 19.327 433.721 -906.200
18.920 10.000 19.042 425.087 -820.644
18.930 10.000 18.798 417.387 -719.340
18.940 10.000 18.241 409.478 -862.617
18.950 10.000 17.874 401.114 -810.017
18.960 10.000 17.181 392.924 -828.111
18.970 10.000 16.987 384.309 -894.923
18.980 10.000 16.882 376.293 -708.086
18.990 10.000 16.739 369.135 -723.259
19.000 10.000 16.409 361.396 -824.884
19.010 10.000 16.330 353.551 -744.089
19.020 10.000 16.045 346.485 -669.223
19.030 10.000 15.752 339.770 -673.708
19.040 10.000 15.146 333.258 -628.869
19.050 10.000 15.084 327.070 -608.686
19.060 10.000 14.659 320.339 -737.080
19.070 10.000 14.560 313.246 -681.946
19.080 10.000 13.962 306.653 -636.705
19.090 10.000 13.962 299.652 -763.456
19.100 10.000 13.821 292.882 -590.354
19.110 10.000 13.482 286.869 -612.368
19.120 10.000 13.313 280.062 -748.996
19.130 10.000 13.260 272.628 -737.848
19.140 10.000 12.616 266.188 -550.150
19.150 10.000 12.391 260.780 -531.507
19.160 10.000 12.255 254.079 -808.664
19.170 10.000 12.335 247.221 -563.198
19.180 10.000 11.984 241.672 -546.542
19.190 10.000 11.793 236.105 -566.763
19.200 10.000 11.596 230.717 -511.026
19.210 10.000 11.442 225.410 -549.581
19.220 10.000 11.517 219.691 -595.003
19.230 10.000 11.299 213.194 -704.264
19.240 10.000 10.983 207.062 -521.949
19.250 10.000 10.581 200.908 -709.216
19.260 10.000 10.603 194.641 -544.039
19.270 10.000 10.340 189.647 -454.900
19.280 10.000 10.233 184.711 -531.949
19.290 10.000 10.015 178.707 -669.262
19.300 10.000 9.889 172.637 -544.712
19.310 10.000 9.745 166.586 -665.589
19.320 10.000 9.669 160.337 -584.143
19.330 10.000 9.244 154.752 -532.864
19.340 10.000 9.281 148.976 -622.404
19.350 10.000 9.164 143.202 -532.293
19.360 10.000 9.083 138.082 -491.629
19.370 10.000 9.414 132.400 -644.873
19.380 10.000 9.323 125.991 -637.045
19.390 10.000 9.264 119.841 -592.498
19.400 10.000 9.311 114.689 -438.154
19.410 10.000 9.333 109.613 -577.148
19.420 10.000 9.249 104.387 -467.641
19.430 10.000 9.108 99.856 -438.888
19.440 10.000 8.910 94.864 -559.534
19.450 10.000 8.911 90.071 -398.962
19.460 10.000 9.188 86.062 -402.845
19.470 10.000 9.031 82.181 -373.543
19.480 10.000 9.404 78.199 -422.906
19.490 10.000 9.523 74.174 -382.102
19.500 10.000 9.641 70.461 -360.330
19.510 10.000 9.591 67.078 -316.404
19.520 10.000 9.572 63.981 -302.918
19.530 10.000 9.663 60.970 -299.283
19.540 10.000 9.619 58.164 -261.851
19.550 10.000 9.726 55.565 -258.064
19.560 10.000 9.727 52.948 -265.273
19.570 10.000 9.644 50.436 -237.114
19.580 10.000 9.496 48.074 -235.227
19.590 10.000 9.558 45.744 -230.987
19.600 10.000 9.537 43.553 -207.062
19.610 10.000 9.661 41.446 -214.518
19.620 10.000 9.638 39.233 -227.978
19.630 10.000 9.672 36.954 -227.771
19.640 10.000 9.659 34.776 -207.986
19.650 10.000 9.666 32.795 -188.127
19.660 10.000 9.598 30.995 -171.960
19.670 10.000 9.587 29.344 -158.061
19.680 10.000 9.707 27.717 -167.448
19.690 10.000 9.783 26.116 -152.805
19.700 10.000 9.816 24.754 -119.560
19.710 10.000 9.760 23.543 -122.543
19.720 10.000 9.717 22.326 -121.022
19.730 10.000 9.730 21.225 -99.029
19.740 10.000 9.794 20.276 -90.891
19.750 10.000 9.719 19.433 -77.703
19.760 10.000 9.817 18.649 -78.880
19.770 10.000 9.865 17.920 -67.083
19.780 10.000 9.720 17.303 -56.344
19.790 10.000 9.803 16.756 -52.941
19.800 10.000 9.911 16.377 -22.844
19.810 10.000 9.904 16.107 -31.324
19.820 10.000 9.801 15.879 -14.168
19.830 10.000 9.870 15.698 -22.131
19.840 10.000 9.833 15.548 -7.721
19.850 10.000 9.918 15.543 6.554
19.860 10.000 9.995 15.588 2.595
19.870 10.000 9.905 15.672 14.223
19.880 10.000 9.969 15.786 8.444
19.890 10.000 9.954 15.884 11.127
19.900 10.000 9.937 16.066 25.330
19.910 10.000 10.065 16.278 17.166
19.920 10.000 10.039 16.452 17.668
19.930 10.000 10.004 16.618 15.349
19.940 10.000 10.096 16.747 10.551
19.950 10.000 10.118 16.832 6.355
19.960 10.000 10.023 16.866 0.598
19.970 10.000 10.158 16.776 -18.762
19.980 10.000 10.124 16.748 13.319
19.990 10.000 9.971 16.875 12.085
20.000 10.000 10.091 16.972 7.209
20.010 10.000 10.158 17.051 8.537
20.020 10.000 10.070 17.108 3.030
20.030 10.000 10.060 17.153 5.905
20.040 10.000 10.096 17.181 -0.332
20.050 10.000 10.068 17.166 -2.730
20.060 10.000 10.075 17.032 -23.962
20.070 10.000 10.161 16.828 -16.957
20.080 10.000 10.006 16.691 -10.344
20.090 10.000 9.983 16.515 -24.806
20.100 10.000 10.087 16.204 -37.479
20.110 10.000 10.143 15.866 -30.093
20.120 10.000 9.944 15.634 -16.337
20.130 10.000 10.052 15.466 -17.178
20.140 10.000 9.988 15.230 -30.090
20.150 10.000 9.968 14.939 -28.074
20.160 10.000 10.011 14.671 -25.648
20.170 10.000 9.940 14.426 -23.233
20.180 10.000 10.112 14.227 -16.691
20.190 10.000 10.012 14.015 -25.707
20.200 10.000 9.953 13.770 -23.255
20.210 10.000 10.022 13.516 -27.511
20.220 10.000 10.019 13.178 -40.019
20.230 10.000 9.925 12.890 -17.677
20.240 10.000 9.984 12.631 -34.066
20.250 10.000 9.878 12.351 -22.007
20.260 10.000 9.858 12.170 -14.135
20.270 10.000 9.963 12.073 -5.192
20.280 10.000 9.973 11.969 -15.670
20.290 10.000 9.944 11.838 -10.612
20.300 10.000 9.823 11.833 9.699
20.310 10.000 10.019 11.867 -2.870
20.320 10.000 9.906 11.834 -3.820
20.330 10.000 9.851 11.831 3.304
20.340 10.000 10.144 11.801 -9.429
20.350 10.000 9.907 11.625 -25.768
20.360 10.000 9.843 11.433 -12.613
20.370 10.000 10.093 11.339 -6.135
20.380 10.000 9.955 11.319 2.070
20.390 10.000 9.967 11.300 -5.757
20.400 10.000 10.000 11.252 -3.943
20.410 10.000 10.001 11.161 -14.234
20.420 10.000 9.941 11.040 -9.938
20.430 10.000 9.985 11.073 16.564
20.440 10.000 10.132 11.148 -1.608
20.450 10.000 9.890 11.170 5.965
20.460 10.000 9.994 11.176 -4.727
20.470 10.000 10.025 11.180 5.461
20.480 10.000 10.113 11.275 13.541
20.490 10.000 10.107 11.332 -2.072
20.500 10.000 9.986 11.330 1.736
20.510 10.000 10.066 11.284 -10.914
20.520 10.000 10.018 11.215 -3.010
20.530 10.000 10.007 11.222 4.403
20.540 10.000 10.088 11.260 3.336
20.550 10.000 10.051 11.190 -17.447
20.560 10.000 9.941 11.037 -13.022
20.570 10.000 9.978 10.923 -9.959
20.580 10.000 10.118 10.838 -7.057
20.590 10.000 10.123 10.748 -10.940
20.600 10.000 10.033 10.596 -19.338
20.610 10.000 10.131 10.390 -21.837
20.620 10.000 9.885 10.292 2.160
20.630 10.000 10.028 10.162 -28.217
20.640 10.000 10.043 9.974 -9.293
20.650 10.000 10.015 9.758 -33.864
20.660 10.000 9.968 9.494 -18.934
20.670 10.000 9.957 9.377 -4.587
20.680 10.000 9.964 9.281 -14.563
20.690 10.000 9.953 9.169 -7.906
20.700 10.000 9.992 9.060 -13.845
20.710 10.000 9.964 8.942 -9.748
20.720 10.000 9.957 8.838 -10.929
20.730 10.000 9.947 8.798 2.824
20.740 10.000 9.959 8.797 -2.958
20.750 10.000 10.032 8.784 0.388
20.760 10.000 9.963 8.712 -14.904
20.770 10.000 9.863 8.602 -7.156
20.780 10.000 10.083 8.487 -15.780
20.790 10.000 9.919 8.395 -2.678
20.800 10.000 9.987 8.332 -9.768
20.810 10.000 9.965 8.277 -1.265
20.820 10.000 9.976 8.339 13.703
20.830 10.000 9.925 8.502 18.893
20.840 10.000 10.079 8.566 -6.109
20.850 10.000 9.979 8.538 0.397
20.860 10.000 10.003 8.546 1.268
20.870 12.499 10.009 8.487 -13.013
20.880 15.000 10.428 8.804 76.307
20.890 17.499 11.635 10.306 224.225
20.900 19.999 13.617 13.790 472.517
20.910 22.499 18.184 19.872 743.953
20.920 25.001 25.629 28.640 1008.801
20.930 27.500 31.845 39.318 1127.106
20.940 29.999 33.631 50.776 1165.402
20.950 32.499 33.420 61.244 928.323
20.960 34.999 33.477 70.308 884.277
20.970 35.000 32.589 79.593 972.648
20.980 35.000 33.749 89.351 979.202
20.990 35.000 34.958 99.646 1079.717
21.000 35.000 35.730 109.903 971.682
21.010 35.000 36.011 120.063 1060.317
21.020 35.000 36.147 130.181 963.388
21.030 35.000 37.501 139.491 898.550
21.040 35.000 36.473 149.308 1064.927
21.050 35.000 36.654 159.674 1007.553
21.060 35.000 35.522 169.346 926.853
21.070 35.000 36.005 178.033 811.198
21.080 35.000 34.189 186.288 839.839
21.090 35.000 34.507 194.743 850.599
21.100 35.000 34.686 203.126 825.974
21.110 35.000 35.405 211.763 901.414
21.120 35.000 35.936 220.309 807.966
21.130 35.000 36.142 228.065 743.206
21.140 35.000 35.780 235.719 787.627
21.150 35.000 33.930 243.599 788.182
21.160 35.000 35.023 251.546 801.307
21.170 35.000 35.007 259.110 711.625
21.180 35.000 36.065 266.283 723.505
21.190 35.000 35.726 273.601 739.514
21.200 35.000 34.893 280.616 663.661
21.210 35.000 34.311 287.492 711.875
21.220 35.000 35.513 294.212 631.158
21.230 35.000 35.092 301.051 737.746
21.240 35.000 35.872 308.018 655.478
21.250 35.000 35.366 314.734 687.396
21.260 35.000 35.829 321.040 574.145
21.270 35.000 36.087 326.758 569.214
21.280 35.000 34.822 332.334 545.678
21.290 35.000 33.370 337.459 479.797
21.300 35.000 33.627 342.107 449.509
21.310 35.000 34.057 346.727 474.961
21.320 35.000 34.251 351.926 564.832
21.330 35.000 36.326 357.504 550.724
21.340 35.000 36.055 363.017 551.544
21.350 35.000 35.663 368.390 523.460
21.360 35.000 35.724 373.286 455.618
21.370 35.000 35.186 377.885 463.375
21.380 35.000 35.321 382.330 426.112
