# covent_pc_7
# Captured 2020-07-31 17:27:57.158311 by unknown user
# Built at revision 4f5d3bd (dirty)
time(sec) pc_setpoint pressure volume net_flow
0.000 35.000 40.058 192.627 1045.039
0.010 35.000 40.060 202.024 834.760
0.020 35.000 40.058 209.672 694.927
0.030 35.000 40.044 216.082 587.035
0.040 35.000 40.049 220.898 376.197
0.050 35.000 40.042 223.436 131.495
0.060 35.000 33.395 222.947 -229.443
0.070 35.000 21.184 220.314 -296.950
0.080 35.000 22.176 218.821 -1.837
0.090 35.000 30.892 220.779 393.557
0.100 35.000 39.838 226.876 825.685
0.110 35.000 40.056 235.493 897.868
0.120 35.000 40.057 244.369 876.981
0.130 35.000 40.060 251.858 620.963
0.140 35.000 40.060 257.308 469.244
0.150 35.000 40.060 260.792 227.544
0.160 35.000 39.355 261.194 -147.048
0.170 35.000 26.450 258.454 -401.003
0.180 35.000 20.747 255.371 -215.507
0.190 35.000 25.424 254.882 117.826
0.200 35.000 36.175 257.973 500.519
0.210 35.000 40.034 264.350 775.013
0.220 35.000 40.058 272.284 811.353
0.230 35.000 40.057 279.491 630.312
0.240 35.000 40.062 285.140 499.347
0.250 35.000 40.067 289.119 296.573
0.260 35.000 40.052 290.530 -14.353
0.270 35.000 31.067 288.344 -422.971
0.280 35.000 23.943 284.370 -371.843
0.290 35.000 24.923 282.115 -78.943
0.300 35.000 33.248 282.885 232.935
0.310 35.000 40.029 286.804 550.738
0.320 35.000 40.059 292.482 585.321
0.330 35.000 40.053 297.633 444.808
0.340 35.000 40.059 301.135 255.335
0.350 35.000 38.902 302.390 -4.299
0.360 35.000 30.523 300.798 -314.057
0.370 35.000 27.381 297.982 -249.081
0.380 35.000 29.262 296.497 -47.918
0.390 35.000 35.515 296.970 142.363
0.400 35.000 38.817 299.304 324.435
0.410 35.000 39.274 301.937 202.301
0.420 35.000 37.649 303.434 97.123
0.430 35.000 33.264 303.518 -80.379
0.440 35.000 32.805 302.666 -90.120
0.450 35.000 34.714 302.085 -26.101
0.460 35.000 35.683 301.939 -2.967
0.470 35.000 35.081 301.986 12.248
0.480 35.000 34.489 302.073 5.328
0.490 35.000 34.816 302.176 15.275
0.500 35.000 35.089 302.370 23.527
0.510 35.000 34.928 302.614 25.139
0.520 35.000 35.140 302.809 13.938
0.530 35.000 34.832 303.039 32.121
0.540 35.000 34.654 303.438 47.665
0.550 35.000 34.590 303.803 25.210
0.560 35.000 34.862 304.140 42.321
0.570 35.000 35.097 304.670 63.669
0.580 35.000 34.860 305.342 70.678
0.590 35.000 35.055 305.884 37.725
0.600 35.000 34.938 306.311 47.651
0.610 35.000 34.954 306.804 51.048
0.620 35.000 34.953 307.322 52.569
0.630 5.000 35.064 307.918 66.605
0.640 5.000 33.964 304.225 -805.318
0.650 5.000 20.620 296.356 -768.367
0.660 5.000 14.463 288.390 -824.840
0.670 5.000 11.128 281.557 -541.730
0.680 5.000 10.225 276.213 -527.280
0.690 5.000 10.017 270.404 -634.551
0.700 5.000 9.608 264.167 -612.806
0.710 5.000 9.254 258.462 -528.126
0.720 5.000 9.002 253.343 -495.778
0.730 5.000 8.711 247.840 -604.727
0.740 5.000 8.530 242.295 -504.239
0.750 5.000 8.309 236.978 -559.237
0.760 5.000 8.017 231.720 -492.200
0.770 5.000 7.825 226.797 -492.062
0.780 5.000 7.659 222.069 -454.050
0.790 5.000 7.467 217.566 -446.466
0.800 5.000 7.274 212.622 -541.990
0.810 5.000 7.108 207.300 -522.926
0.820 5.000 7.006 202.532 -430.501
0.830 5.000 6.731 197.844 -506.910
0.840 5.000 6.660 192.794 -503.327
0.850 5.000 6.436 188.033 -448.911
0.860 5.000 6.349 183.671 -423.652
0.870 5.000 6.136 179.053 -499.958
0.880 5.000 6.012 174.475 -415.634
0.890 5.000 5.787 170.366 -406.013
0.900 5.000 5.641 166.226 -422.117
0.910 5.000 5.579 162.051 -412.770
0.920 5.000 5.376 157.978 -401.863
0.930 5.000 5.220 153.910 -411.685
0.940 5.000 5.122 149.786 -413.310
0.950 5.000 4.958 145.875 -368.613
0.960 5.000 4.859 142.237 -359.265
0.970 5.000 4.740 138.515 -385.034
0.980 5.000 4.588 134.460 -425.576
0.990 5.000 4.494 130.531 -360.607
1.000 5.000 4.400 126.880 -369.723
1.010 5.000 4.336 123.171 -371.689
1.020 5.000 4.253 119.738 -315.168
1.030 5.000 4.294 116.421 -348.320
1.040 5.000 4.286 112.896 -356.612
1.050 5.000 4.282 109.339 -354.851
1.060 5.000 4.304 105.989 -315.170
1.070 5.000 4.370 102.841 -314.412
1.080 5.000 4.315 99.720 -309.810
1.090 5.000 4.359 96.607 -312.724
1.100 5.000 4.279 93.538 -301.130
1.110 5.000 4.187 90.594 -287.639
1.120 5.000 4.158 87.731 -284.923
1.130 5.000 4.148 84.999 -261.260
1.140 5.000 4.236 82.337 -271.461
1.150 5.000 4.359 79.712 -253.394
1.160 5.000 4.491 77.257 -237.476
1.170 5.000 4.638 74.886 -236.896
1.180 5.000 4.722 72.643 -211.686
1.190 5.000 4.732 70.641 -188.860
1.200 5.000 4.785 68.688 -201.726
1.210 5.000 4.838 66.566 -222.531
1.220 5.000 4.854 64.229 -244.956
1.230 5.000 4.851 61.820 -236.892
1.240 5.000 4.808 59.477 -231.716
1.250 5.000 4.737 57.291 -205.511
1.260 5.000 4.742 55.276 -197.529
1.270 5.000 4.696 53.411 -175.297
1.280 5.000 4.697 51.702 -166.500
1.290 5.000 4.699 50.112 -151.504
1.300 5.000 4.733 48.574 -156.193
1.310 5.000 4.752 47.021 -154.412
1.320 5.000 4.784 45.475 -154.723
1.330 5.000 4.822 43.933 -153.651
1.340 5.000 4.834 42.380 -157.157
1.350 5.000 4.818 40.883 -142.107
1.360 5.000 4.793 39.568 -120.954
1.370 5.000 4.755 38.409 -110.746
1.380 5.000 4.753 37.367 -97.672
1.390 5.000 4.698 36.489 -78.081
1.400 5.000 4.737 35.664 -86.887
1.410 5.000 4.710 34.791 -87.625
1.420 5.000 4.745 33.864 -97.768
1.430 5.000 4.856 32.954 -84.256
1.440 5.000 4.921 32.264 -53.817
1.450 5.000 4.874 31.737 -51.469
1.460 5.000 4.761 31.174 -61.265
1.470 5.000 4.809 30.468 -79.921
1.480 5.000 4.869 29.775 -58.568
1.490 5.000 4.927 29.311 -34.385
1.500 5.000 4.931 28.971 -33.509
1.510 5.000 4.887 28.607 -39.246
1.520 5.000 4.921 28.193 -43.615
1.530 5.000 4.917 27.811 -32.824
1.540 5.000 4.887 27.567 -15.830
1.550 5.000 4.932 27.359 -25.894
1.560 5.000 5.000 27.092 -27.448
1.570 5.000 4.971 26.907 -9.628
1.580 5.000 4.893 26.818 -8.019
1.590 5.000 4.981 26.632 -29.203
1.600 5.000 5.026 26.320 -33.291
1.610 5.000 5.006 26.092 -12.223
1.620 5.000 4.965 25.979 -10.424
1.630 5.000 4.944 25.854 -14.686
1.640 5.000 5.005 25.690 -17.994
1.650 5.000 5.072 25.551 -9.766
1.660 5.000 5.005 25.401 -20.240
1.670 5.000 5.037 25.178 -24.404
1.680 5.000 5.018 24.986 -14.061
1.690 5.000 5.012 24.819 -19.235
1.700 5.000 5.048 24.646 -15.503
1.710 5.000 5.042 24.400 -33.701
1.720 5.000 5.040 24.048 -36.644
1.730 5.000 4.990 23.792 -14.531
1.740 5.000 4.921 23.698 -4.283
1.750 5.000 4.987 23.594 -16.553
1.760 5.000 5.067 23.377 -26.740
1.770 5.000 5.022 23.126 -23.581
1.780 5.000 4.957 22.867 -28.196
1.790 5.000 4.948 22.629 -19.406
1.800 5.000 5.012 22.399 -26.571
1.810 5.000 5.024 22.188 -15.566
1.820 5.000 4.987 22.051 -11.971
1.830 5.000 4.974 21.821 -33.955
1.840 5.000 5.024 21.526 -25.031
1.850 5.000 4.973 21.371 -5.950
1.860 5.000 4.974 21.299 -8.513
1.870 5.000 4.989 21.119 -27.540
1.880 5.000 5.011 20.892 -17.736
1.890 5.000 4.947 20.728 -15.092
1.900 5.000 4.983 20.557 -19.168
1.910 5.000 5.057 20.333 -25.523
1.920 5.000 5.057 20.139 -13.316
1.930 5.000 4.990 20.037 -7.037
1.940 5.000 4.937 19.921 -16.183
1.950 5.000 4.996 19.730 -22.139
1.960 5.000 5.026 19.520 -19.764
1.970 5.000 5.007 19.412 -1.799
1.980 5.000 4.996 19.219 -36.760
1.990 5.000 5.000 18.871 -32.908
2.000 5.000 5.024 18.665 -8.351
2.010 5.000 5.014 18.662 7.738
2.020 5.000 5.032 18.605 -19.110
2.030 5.000 5.047 18.347 -32.464
2.040 5.000 5.000 18.068 -23.370
2.050 5.000 4.952 17.906 -8.912
2.060 5.000 5.018 17.777 -17.080
2.070 5.000 5.028 17.553 -27.662
2.080 5.000 5.053 17.300 -22.860
2.090 5.000 4.907 17.138 -9.584
2.100 5.000 4.920 16.941 -29.841
2.110 5.000 5.021 16.621 -34.169
2.120 5.000 5.051 16.357 -18.541
2.130 5.000 5.003 16.146 -23.738
2.140 5.000 4.912 15.883 -28.808
2.150 5.000 4.999 15.609 -25.968
2.160 5.000 5.007 15.407 -14.426
2.170 5.000 4.948 15.240 -18.940
2.180 5.000 5.026 14.972 -34.832
2.190 5.000 5.025 14.713 -16.927
2.200 5.000 4.936 14.524 -20.781
2.210 5.000 4.954 14.306 -22.889
2.220 5.000 5.061 14.038 -30.741
2.230 5.000 5.078 13.814 -13.913
2.240 5.000 4.971 13.680 -12.917
2.250 5.000 4.940 13.529 -17.245
2.260 5.000 4.985 13.323 -24.116
2.270 5.000 5.068 13.122 -15.970
2.280 5.000 5.010 12.985 -11.419
2.290 5.000 4.957 12.873 -11.026
2.300 5.000 4.996 12.687 -26.222
2.310 5.000 5.009 12.421 -26.900
2.320 5.000 4.978 12.262 -4.967
2.330 5.000 5.007 12.137 -20.072
2.340 5.000 5.066 11.908 -25.656
2.350 5.000 4.979 11.710 -13.967
2.360 5.000 4.936 11.565 -14.976
2.370 5.000 5.039 11.373 -23.392
2.380 5.000 5.031 11.193 -12.791
2.390 5.000 5.024 11.064 -12.911
2.400 5.000 4.951 10.885 -22.934
2.410 5.000 4.885 10.649 -24.176
2.420 5.000 5.069 10.464 -12.854
2.430 5.000 5.061 10.365 -6.957
2.440 5.000 5.039 10.185 -28.977
2.450 5.000 5.004 9.947 -18.658
2.460 5.000 5.020 9.777 -15.318
2.470 5.000 4.987 9.620 -16.110
2.480 5.000 5.009 9.468 -14.269
2.490 5.000 5.009 9.329 -13.656
2.500 5.000 5.027 9.163 -19.469
2.510 5.000 4.941 9.047 -3.843
2.520 5.000 4.930 8.978 -9.921
2.530 5.000 4.974 8.839 -17.802
2.540 5.000 5.054 8.670 -15.999
2.550 5.000 5.021 8.602 2.445
2.560 5.000 4.948 8.592 -4.466
2.570 5.000 4.939 8.381 -37.762
2.580 5.000 5.015 8.103 -17.868
2.590 5.000 5.052 8.023 1.916
2.600 5.000 5.049 7.924 -21.740
2.610 5.000 5.017 7.648 -33.428
2.620 5.000 4.986 7.378 -20.691
2.630 5.000 4.999 7.206 -13.567
2.640 8.000 5.038 7.041 -19.468
2.650 11.000 5.319 7.341 79.350
2.660 14.000 7.135 9.015 255.463
2.670 17.000 10.751 12.561 453.786
2.680 20.000 17.779 18.356 705.300
2.690 23.000 28.589 26.382 900.080
2.700 26.000 37.942 35.675 958.446
2.710 29.000 40.006 44.076 721.836
2.720 32.000 38.195 49.375 337.922
2.730 35.000 24.177 49.544 -304.151
2.740 35.000 6.674 48.490 93.422
2.750 35.000 10.127 52.025 613.469
2.760 35.000 26.273 59.301 841.705
2.770 35.000 38.773 69.894 1277.003
2.780 35.000 40.019 81.605 1064.669
2.790 35.000 40.032 91.624 939.565
2.800 35.000 40.031 100.563 848.468
2.810 35.000 40.037 108.391 716.345
2.820 35.000 40.034 114.373 480.691
2.830 35.000 40.037 118.539 352.101
2.840 35.000 33.218 120.648 69.655
2.850 35.000 20.342 120.642 -70.995
2.860 35.000 15.576 121.849 312.549
2.870 35.000 23.261 126.774 672.328
2.880 35.000 38.327 134.829 938.748
2.890 35.000 40.022 144.367 968.847
2.900 35.000 40.036 154.065 970.671
2.910 35.000 40.039 162.736 763.590
2.920 35.000 40.040 170.132 715.558
2.930 35.000 40.038 176.337 525.546
2.940 35.000 40.039 180.276 262.215
2.950 35.000 37.933 181.700 22.551
2.960 35.000 24.336 180.663 -229.739
2.970 35.000 17.374 179.479 -7.322
2.980 35.000 24.467 181.307 373.109
2.990 35.000 35.243 186.952 755.337
3.000 35.000 40.022 196.640 1182.989
3.010 35.000 40.035 207.638 1016.357
3.020 35.000 40.038 216.625 781.383
3.030 35.000 40.039 224.158 725.055
3.040 35.000 40.040 230.848 613.071
3.050 35.000 40.041 236.276 472.510
3.060 35.000 40.036 239.240 120.179
3.070 35.000 36.759 238.758 -216.441
3.080 35.000 22.452 236.001 -334.852
3.090 35.000 20.164 234.137 -38.171
3.100 35.000 28.149 235.421 295.005
3.110 35.000 38.422 240.680 756.441
3.120 35.000 40.012 248.629 834.056
3.130 35.000 40.021 257.013 842.773
3.140 35.000 40.027 264.764 707.273
3.150 35.000 40.023 270.961 532.171
3.160 35.000 40.037 275.478 371.161
3.170 35.000 40.034 277.758 84.842
3.180 35.000 34.252 276.634 -309.729
3.190 35.000 23.953 273.238 -369.338
3.200 35.000 23.740 270.856 -107.124
3.210 35.000 31.010 271.316 199.044
3.220 35.000 39.806 275.020 541.754
3.230 35.000 40.055 280.858 625.908
3.240 35.000 40.059 286.549 512.273
3.250 35.000 40.063 290.866 351.177
3.260 35.000 40.056 292.986 72.735
3.270 35.000 33.831 292.395 -190.903
3.280 35.000 27.079 289.936 -301.003
3.290 35.000 26.657 287.884 -109.333
3.300 35.000 32.548 288.092 150.916
3.310 35.000 39.703 290.472 325.146
3.320 35.000 40.059 293.706 321.494
3.330 35.000 40.041 296.344 206.240
3.340 35.000 35.591 297.162 -42.604
3.350 35.000 30.195 296.153 -159.326
3.360 35.000 31.238 294.928 -85.542
3.370 35.000 34.349 294.989 97.621
3.380 35.000 36.027 296.101 124.790
3.390 35.000 35.646 297.441 143.245
3.400 35.000 35.341 298.793 127.256
3.410 35.000 35.011 300.030 120.095
3.420 35.000 35.290 301.142 102.298
3.430 35.000 35.166 302.076 84.471
3.440 35.000 35.246 303.004 101.089
3.450 35.000 35.270 303.681 34.363
3.460 35.000 34.894 304.126 54.614
3.470 35.000 34.846 304.741 68.306
3.480 35.000 35.133 305.377 58.991
3.490 35.000 35.120 305.931 51.834
3.500 35.000 35.275 306.484 58.765
3.510 35.000 35.009 307.135 71.373
3.520 35.000 35.163 307.859 73.383
3.530 35.000 34.946 308.522 59.326
3.540 35.000 34.914 309.100 56.166
3.550 35.000 35.050 309.569 37.743
3.560 35.000 35.150 310.009 50.315
3.570 35.000 35.067 310.573 62.478
3.580 35.000 35.082 311.029 28.665
3.590 35.000 34.888 311.335 32.412
3.600 35.000 35.030 311.777 56.165
3.610 35.000 34.983 312.388 66.034
3.620 35.000 35.357 312.951 46.423
3.630 35.000 34.925 313.392 41.894
3.640 5.000 35.115 313.693 18.325
3.650 5.000 33.588 310.454 -666.383
3.660 5.000 20.257 303.739 -676.230
3.670 5.000 14.281 296.257 -820.678
3.680 5.000 11.123 289.239 -582.816
3.690 5.000 10.357 283.678 -529.132
3.700 5.000 9.869 277.868 -632.979
3.710 5.000 9.531 271.519 -637.023
3.720 5.000 9.261 265.293 -607.779
3.730 5.000 8.941 259.725 -506.125
3.740 5.000 8.599 254.219 -595.338
3.750 5.000 8.422 248.634 -521.663
3.760 5.000 8.320 243.095 -585.987
3.770 5.000 8.081 237.281 -576.849
3.780 5.000 7.947 231.996 -480.123
3.790 5.000 7.702 226.952 -528.643
3.800 5.000 7.475 222.014 -459.095
3.810 5.000 7.223 217.363 -470.973
3.820 5.000 7.165 212.291 -543.603
3.830 5.000 7.006 207.393 -435.996
3.840 5.000 6.777 202.559 -530.506
3.850 5.000 6.725 197.482 -485.055
3.860 5.000 6.474 192.364 -538.656
3.870 5.000 6.332 187.486 -436.963
3.880 5.000 6.171 183.166 -427.052
3.890 5.000 5.961 178.676 -470.952
3.900 5.000 5.774 174.338 -396.636
3.910 5.000 5.658 170.198 -431.476
3.920 5.000 5.552 165.999 -408.198
3.930 5.000 5.468 162.031 -385.226
3.940 5.000 5.318 158.171 -387.007
3.950 5.000 5.132 154.386 -369.954
3.960 5.000 5.029 150.580 -391.255
3.970 5.000 4.833 146.755 -373.722
3.980 5.000 4.682 142.929 -391.449
3.990 5.000 4.678 139.012 -392.099
4.000 5.000 4.518 135.231 -364.124
4.010 5.000 4.415 131.609 -360.274
4.020 5.000 4.393 127.958 -369.864
4.030 5.000 4.341 124.274 -366.925
4.040 5.000 4.263 120.842 -319.547
4.050 5.000 4.281 117.526 -343.575
4.060 5.000 4.298 114.125 -336.697
4.070 5.000 4.328 110.782 -331.890
4.080 5.000 4.341 107.141 -396.271
4.090 5.000 4.332 103.648 -302.161
4.100 5.000 4.368 100.666 -294.502
4.110 5.000 4.263 97.675 -303.629
4.120 5.000 4.234 94.699 -291.535
4.130 5.000 4.178 91.715 -305.340
4.140 5.000 4.122 88.787 -280.101
4.150 5.000 4.246 86.065 -264.444
4.160 5.000 4.305 83.466 -255.280
4.170 5.000 4.508 80.949 -247.950
4.180 5.000 4.639 78.514 -239.137
4.190 5.000 4.768 76.082 -247.422
4.200 5.000 4.806 73.587 -251.602
4.210 5.000 4.725 71.308 -204.141
4.220 5.000 4.668 69.413 -174.931
4.230 5.000 4.650 67.693 -169.007
4.240 5.000 4.733 66.019 -165.736
4.250 5.000 4.830 64.354 -167.263
4.260 5.000 4.837 62.596 -184.375
4.270 5.000 4.875 60.789 -176.964
4.280 5.000 4.848 59.052 -170.459
4.290 5.000 4.811 57.354 -169.190
4.300 5.000 4.826 55.655 -170.632
4.310 5.000 4.800 53.968 -166.810
4.320 5.000 4.754 52.398 -147.161
4.330 5.000 4.785 50.951 -142.197
4.340 5.000 4.715 49.609 -126.170
4.350 5.000 4.701 48.370 -121.744
4.360 5.000 4.700 47.220 -108.177
4.370 5.000 4.673 46.192 -97.563
4.380 5.000 4.666 45.186 -103.561
4.390 5.000 4.661 44.232 -87.296
4.400 5.000 4.753 43.267 -105.549
4.410 5.000 4.816 42.203 -107.290
4.420 5.000 4.894 41.143 -104.603
4.430 5.000 4.821 40.178 -88.598
4.440 5.000 4.747 39.383 -70.344
4.450 5.000 4.706 38.679 -70.507
4.460 5.000 4.800 37.941 -77.022
4.470 5.000 4.919 37.195 -72.173
4.480 5.000 4.932 36.548 -57.222
4.490 5.000 4.874 36.030 -46.358
4.500 5.000 4.840 35.592 -41.266
4.510 5.000 4.914 35.102 -56.822
4.520 5.000 4.956 34.551 -53.353
4.530 5.000 4.870 34.152 -26.455
4.540 5.000 4.843 33.864 -31.078
4.550 5.000 4.894 33.585 -24.863
4.560 5.000 4.981 33.390 -14.061
4.570 5.000 4.988 33.297 -4.524
4.580 5.000 5.026 33.149 -25.134
4.590 5.000 4.939 32.874 -29.774
4.600 5.000 4.989 32.525 -40.035
4.610 5.000 5.051 32.223 -20.459
4.620 5.000 5.060 32.037 -16.685
4.630 5.000 4.952 31.814 -27.959
4.640 5.000 5.066 31.420 -50.828
4.650 5.000 4.977 31.031 -26.840
4.660 5.000 4.996 30.760 -27.423
4.670 5.000 5.003 30.465 -31.617
4.680 5.000 5.030 30.116 -38.142
4.690 5.000 5.030 29.788 -27.546
4.700 5.000 4.945 29.499 -30.256
4.710 5.000 4.957 29.121 -45.210
4.720 5.000 5.081 28.760 -26.968
4.730 5.000 5.093 28.544 -16.295
4.740 5.000 4.918 28.333 -25.957
4.750 5.000 4.921 28.095 -21.577
4.760 5.000 5.041 27.861 -25.222
4.770 5.000 5.046 27.629 -21.310
4.780 5.000 5.026 27.413 -21.811
4.790 5.000 4.994 27.124 -35.912
4.800 5.000 4.949 26.792 -30.524
4.810 5.000 4.929 26.604 -7.203
4.820 5.000 4.990 26.474 -18.661
4.830 5.000 4.970 26.166 -42.922
4.840 5.000 5.048 25.726 -45.174
4.850 5.000 5.017 25.294 -41.305
4.860 5.000 4.931 24.990 -19.326
4.870 5.000 4.978 24.760 -26.706
4.880 5.000 5.016 24.575 -10.402
4.890 5.000 5.035 24.396 -25.320
4.900 5.000 4.928 24.217 -10.566
4.910 5.000 4.971 24.022 -28.359
4.920 5.000 5.048 23.779 -20.198
4.930 5.000 5.066 23.595 -16.561
4.940 5.000 4.991 23.428 -16.920
4.950 5.000 4.937 23.189 -30.927
4.960 5.000 5.015 22.902 -26.395
4.970 5.000 5.089 22.697 -14.551
4.980 5.000 5.048 22.454 -34.227
4.990 5.000 4.991 22.012 -54.056
5.000 5.000 4.980 21.638 -20.730
5.010 5.000 4.963 21.459 -15.063
5.020 5.000 4.937 21.231 -30.527
5.030 5.000 5.022 20.916 -32.561
5.040 5.000 5.048 20.651 -20.420
5.050 5.000 4.990 20.458 -18.202
5.060 5.000 4.960 20.272 -19.002
5.070 5.000 4.963 20.023 -30.759
5.080 5.000 5.073 19.721 -29.656
5.090 5.000 5.044 19.521 -10.356
5.100 5.000 4.958 19.318 -30.260
5.110 5.000 4.933 19.108 -11.749
5.120 5.000 5.011 18.919 -25.938
5.130 5.000 5.058 18.673 -23.349
5.140 5.000 5.013 18.393 -32.578
5.150 5.000 5.047 18.058 -34.532
5.160 5.000 4.965 17.771 -22.878
5.170 5.000 4.936 17.539 -23.402
5.180 5.000 5.018 17.240 -36.360
5.190 5.000 5.062 16.904 -31.015
5.200 5.000 5.027 16.648 -20.077
5.210 5.000 4.964 16.524 -4.690
5.220 5.000 4.951 16.341 -32.046
5.230 5.000 4.942 16.046 -26.964
5.240 5.000 5.070 15.794 -23.243
5.250 5.000 5.021 15.587 -18.167
5.260 5.000 4.939 15.351 -29.127
5.270 5.000 4.937 15.123 -16.417
5.280 5.000 4.988 15.003 -7.669
5.290 5.000 4.963 14.885 -15.927
5.300 5.000 5.007 14.705 -20.081
5.310 5.000 5.056 14.480 -24.961
5.320 5.000 4.994 14.232 -24.563
5.330 5.000 4.904 13.961 -29.592
5.340 5.000 4.946 13.737 -15.292
5.350 5.000 5.073 13.564 -19.340
5.360 5.000 5.061 13.417 -9.973
5.370 5.000 4.887 13.316 -10.310
5.380 5.000 4.985 13.201 -12.529
5.390 5.000 5.088 13.036 -20.484
5.400 5.000 5.060 12.953 3.743
5.410 5.000 5.035 12.814 -31.552
5.420 5.000 5.004 12.451 -40.974
5.430 5.000 5.046 12.152 -18.909
5.440 5.000 5.058 12.033 -4.731
5.450 5.000 5.012 11.853 -31.418
5.460 5.000 5.039 11.533 -32.399
5.470 5.000 5.021 11.220 -30.222
5.480 5.000 4.984 10.947 -24.374
5.490 5.000 4.946 10.762 -12.735
5.500 5.000 5.069 10.499 -39.798
5.510 5.000 5.010 10.245 -10.979
5.520 5.000 4.977 10.086 -20.892
5.530 5.000 4.954 9.798 -36.660
5.540 5.000 4.905 9.483 -26.347
5.550 5.000 5.045 9.264 -17.576
5.560 5.000 5.041 9.117 -11.692
5.570 5.000 4.938 8.958 -20.181
5.580 5.000 4.961 8.715 -28.438
5.590 5.000 5.009 8.484 -17.702
5.600 5.000 5.009 8.325 -14.138
5.610 5.000 5.045 8.114 -27.984
5.620 5.000 5.034 7.780 -38.819
5.630 5.000 5.071 7.432 -30.784
5.640 5.000 5.013 7.175 -20.604
5.650 8.000 4.926 6.986 -17.303
5.660 11.000 5.310 7.256 71.326
5.670 14.000 7.073 8.903 258.143
5.680 17.000 10.653 12.449 451.007
5.690 20.000 17.774 18.212 701.666
5.700 23.001 28.572 26.766 1008.553
5.710 26.000 38.588 36.079 854.595
5.720 29.000 40.037 44.034 736.515
5.730 32.001 37.812 49.205 297.259
5.740 35.000 23.269 48.903 -357.553
5.750 35.000 6.346 47.649 106.704
5.760 35.000 10.548 51.073 578.083
5.770 35.000 26.253 58.244 855.877
5.780 35.000 38.634 68.068 1109.232
5.790 35.000 40.044 78.859 1048.891
5.800 35.000 40.057 89.372 1053.708
5.810 35.000 40.061 98.419 755.249
5.820 35.000 40.059 105.463 653.922
5.830 35.000 40.062 111.355 524.501
5.840 35.000 40.061 115.760 356.423
5.850 35.000 33.602 117.556 2.807
5.860 35.000 21.014 117.267 -60.707
5.870 35.000 15.683 118.310 269.455
5.880 35.000 22.807 122.744 617.346
5.890 35.000 38.326 130.370 907.797
5.900 35.000 40.043 139.790 976.340
5.910 35.000 40.062 149.293 924.149
5.920 35.000 40.061 158.005 818.373
5.930 35.000 40.061 165.456 671.811
5.940 35.000 40.062 171.601 557.123
5.950 35.000 40.066 175.923 307.215
5.960 35.000 38.161 177.340 -23.807
5.970 35.000 24.280 175.981 -247.947
5.980 35.000 17.249 174.788 9.449
5.990 35.000 24.340 176.797 392.131
6.000 35.000 35.140 182.868 822.430
6.010 35.000 40.040 192.121 1027.644
6.020 35.000 40.060 202.519 1052.390
6.030 35.000 40.063 212.032 850.452
6.040 35.000 40.059 220.079 759.055
6.050 35.000 40.065 227.146 654.320
6.060 35.000 40.067 232.743 465.021
6.070 35.000 40.062 235.797 145.828
6.080 35.000 36.550 235.717 -161.978
6.090 35.000 22.242 233.075 -366.404
6.100 35.000 20.566 231.241 -0.248
6.110 35.000 28.708 232.792 310.278
6.120 35.000 38.604 238.383 808.059
6.130 35.000 40.037 246.397 794.817
6.140 35.000 40.044 254.710 867.807
6.150 35.000 40.050 262.738 737.625
6.160 35.000 40.047 268.706 455.924
6.170 35.000 40.051 272.415 285.971
6.180 35.000 40.047 273.876 6.132
6.190 35.000 31.773 271.952 -391.002
6.200 35.000 23.361 268.187 -361.882
6.210 35.000 23.675 266.200 -35.512
6.220 35.000 32.184 267.453 286.069
6.230 35.000 39.972 272.673 758.012
6.240 35.000 40.060 279.650 637.399
6.250 35.000 40.064 285.826 597.449
6.260 35.000 40.057 290.604 358.345
6.270 35.000 40.039 293.023 125.503
6.280 35.000 37.011 292.888 -152.516
6.290 35.000 27.128 290.585 -308.203
6.300 35.000 25.964 288.182 -172.328
6.310 35.000 30.573 287.743 84.356
6.320 35.000 38.323 289.759 318.999
6.330 35.000 40.008 293.534 435.944
6.340 35.000 39.981 296.967 250.734
6.350 35.000 37.984 298.346 25.008
6.360 35.000 31.881 297.767 -140.838
6.370 35.000 30.496 296.434 -125.736
6.380 35.000 33.047 295.871 13.176
6.390 35.000 35.736 296.386 89.668
6.400 35.000 35.738 297.415 116.218
6.410 35.000 35.132 298.522 105.146
6.420 35.000 34.698 299.751 140.815
6.430 35.000 34.919 301.004 109.725
6.440 35.000 35.128 302.190 127.462
6.450 35.000 35.343 303.440 122.463
6.460 35.000 35.771 304.402 69.984
6.470 35.000 35.491 305.197 88.897
6.480 35.000 34.812 305.997 71.285
6.490 35.000 34.703 306.777 84.655
6.500 35.000 35.271 307.547 69.296
6.510 35.000 35.629 308.214 64.122
6.520 35.000 35.134 308.805 54.095
6.530 35.000 34.894 309.261 37.029
6.540 35.000 34.978 309.577 26.260
6.550 35.000 35.137 309.892 36.775
6.560 35.000 35.152 310.170 18.845
6.570 35.000 35.085 310.376 22.335
6.580 35.000 34.922 310.570 16.367
6.590 35.000 35.081 310.696 8.863
6.600 35.000 34.819 310.886 29.247
6.610 35.000 35.071 311.130 19.490
6.620 35.000 35.071 311.289 12.323
6.630 35.000 34.833 311.540 37.868
6.640 35.000 34.980 311.824 18.947
6.650 5.000 34.932 311.954 7.048
6.660 5.000 33.114 307.474 -903.175
6.670 5.000 20.316 298.884 -814.963
6.680 5.000 14.266 290.841 -793.350
6.690 5.000 11.087 284.073 -560.515
6.700 5.000 10.263 278.435 -567.019
6.710 5.000 9.763 272.436 -632.852
6.720 5.000 9.386 266.710 -512.222
6.730 5.000 9.082 261.187 -592.373
6.740 5.000 8.902 255.726 -499.919
6.750 5.000 8.571 250.593 -526.536
6.760 5.000 8.491 245.131 -566.026
6.770 5.000 8.316 239.858 -488.589
6.780 5.000 8.080 234.519 -579.046
6.790 5.000 7.943 228.849 -555.070
6.800 5.000 7.669 223.652 -484.367
6.810 5.000 7.478 218.561 -533.825
6.820 5.000 7.278 213.264 -525.455
6.830 5.000 7.063 208.289 -469.340
6.840 5.000 6.882 203.593 -470.234
6.850 5.000 6.814 198.567 -534.891
6.860 5.000 6.593 193.681 -442.411
6.870 5.000 6.392 189.118 -470.097
6.880 5.000 6.274 184.710 -411.412
6.890 5.000 6.143 179.996 -531.319
6.900 5.000 6.003 175.061 -455.901
6.910 5.000 5.826 170.424 -471.555
6.920 5.000 5.645 165.625 -487.889
6.930 5.000 5.541 161.150 -407.376
6.940 5.000 5.379 157.104 -401.899
6.950 5.000 5.217 152.675 -483.773
6.960 5.000 5.108 148.224 -406.233
6.970 5.000 4.957 143.803 -478.223
6.980 5.000 4.854 139.338 -414.863
6.990 5.000 4.725 134.972 -458.294
7.000 5.000 4.631 130.825 -371.078
7.010 5.000 4.488 127.125 -368.969
7.020 5.000 4.302 123.408 -374.469
7.030 5.000 4.318 119.744 -358.259
7.040 5.000 4.327 116.168 -357.064
7.050 5.000 4.304 112.377 -401.093
7.060 5.000 4.285 108.652 -343.831
7.070 5.000 4.341 105.266 -333.177
7.080 5.000 4.368 101.892 -342.016
7.090 5.000 4.343 98.619 -312.391
7.100 5.000 4.352 95.503 -310.642
7.110 5.000 4.344 92.331 -324.014
7.120 5.000 4.239 89.167 -308.819
7.130 5.000 4.200 86.076 -309.413
7.140 5.000 4.185 83.031 -299.508
7.150 5.000 4.164 80.128 -281.078
7.160 5.000 4.302 77.264 -291.747
7.170 5.000 4.405 74.489 -263.371
7.180 5.000 4.567 71.814 -271.561
7.190 5.000 4.571 69.239 -243.171
7.200 5.000 4.627 66.800 -244.918
7.210 5.000 4.784 64.365 -241.996
7.220 5.000 4.681 62.157 -199.719
7.230 5.000 4.684 60.329 -165.911
7.240 5.000 4.700 58.677 -164.498
7.250 5.000 4.749 57.019 -167.074
7.260 5.000 4.790 55.385 -159.669
7.270 5.000 4.959 53.663 -184.831
7.280 5.000 4.902 51.836 -180.416
7.290 5.000 4.824 50.068 -173.239
7.300 5.000 4.811 48.303 -179.799
7.310 5.000 4.801 46.563 -168.125
7.320 5.000 4.787 44.925 -159.584
7.330 5.000 4.716 43.397 -145.937
7.340 5.000 4.762 41.970 -139.426
7.350 5.000 4.747 40.632 -128.234
7.360 5.000 4.685 39.407 -116.803
7.370 5.000 4.660 38.311 -102.418
7.380 5.000 4.690 37.268 -106.189
7.390 5.000 4.727 36.251 -97.061
7.400 5.000 4.737 35.222 -108.881
7.410 5.000 4.811 34.104 -114.702
7.420 5.000 4.889 32.929 -120.211
7.430 5.000 4.895 31.808 -104.096
7.440 5.000 4.812 30.880 -81.393
7.450 5.000 4.779 30.128 -69.059
7.460 5.000 4.723 29.435 -69.560
7.470 5.000 4.795 28.707 -76.079
7.480 5.000 4.865 27.971 -71.036
7.490 5.000 4.894 27.300 -63.307
7.500 5.000 4.768 26.723 -51.871
7.510 5.000 4.869 26.188 -55.263
7.520 5.000 4.892 25.589 -64.510
7.530 5.000 4.923 25.002 -52.827
7.540 5.000 5.011 24.541 -39.497
7.550 5.000 4.906 24.132 -42.197
7.560 5.000 4.860 23.705 -43.167
7.570 5.000 4.983 23.265 -44.843
7.580 5.000 4.960 22.907 -26.745
7.590 5.000 4.947 22.644 -26.044
7.600 5.000 4.887 22.401 -22.407
7.610 5.000 4.952 22.124 -33.091
7.620 5.000 5.045 21.839 -23.967
7.630 5.000 4.997 21.684 -6.991
7.640 5.000 5.029 21.509 -27.943
7.650 5.000 5.011 21.143 -45.195
7.660 5.000 4.987 20.799 -23.673
7.670 5.000 4.949 20.552 -25.823
7.680 5.000 5.040 20.199 -44.759
7.690 5.000 5.115 19.852 -24.581
7.700 5.000 5.044 19.688 -8.185
7.710 5.000 4.912 19.540 -21.496
7.720 5.000 5.015 19.147 -56.982
7.730 5.000 5.027 18.665 -39.426
7.740 5.000 5.057 18.336 -26.374
7.750 5.000 5.025 18.059 -29.161
7.760 5.000 4.951 17.761 -30.416
7.770 5.000 5.033 17.458 -30.237
7.780 5.000 5.066 17.197 -21.809
7.790 5.000 5.000 16.867 -44.209
7.800 5.000 5.004 16.375 -54.329
7.810 5.000 4.963 15.957 -29.257
7.820 5.000 4.977 15.663 -29.461
7.830 5.000 4.956 15.299 -43.318
7.840 5.000 4.976 14.862 -44.109
7.850 5.000 4.978 14.460 -36.343
7.860 5.000 4.970 14.235 -8.542
7.870 5.000 4.941 14.144 -9.745
7.880 5.000 4.968 13.934 -32.240
7.890 5.000 5.046 13.675 -19.624
7.900 5.000 4.980 13.511 -13.067
7.910 5.000 5.015 13.301 -28.963
7.920 5.000 4.935 13.033 -24.714
7.930 5.000 5.011 12.791 -23.684
7.940 5.000 5.057 12.593 -15.854
7.950 5.000 4.952 12.374 -27.917
7.960 5.000 5.012 12.065 -33.937
7.970 5.000 5.074 11.726 -33.788
7.980 5.000 4.960 11.429 -25.591
7.990 5.000 5.051 11.169 -26.535
8.000 5.000 4.989 10.903 -26.629
8.010 5.000 5.054 10.671 -19.832
8.020 5.000 5.017 10.395 -35.380
8.030 5.000 4.869 10.038 -35.950
8.040 5.000 5.034 9.707 -30.247
8.050 5.000 5.062 9.450 -21.222
8.060 5.000 4.985 9.276 -13.406
8.070 5.000 4.929 9.101 -21.758
8.080 5.000 4.977 8.823 -33.685
8.090 5.000 5.011 8.505 -29.959
8.100 5.000 5.027 8.213 -28.478
8.110 5.000 4.995 7.909 -32.248
8.120 5.000 5.061 7.556 -38.404
8.130 5.000 4.990 7.231 -26.679
8.140 5.000 5.050 6.979 -23.603
8.150 5.000 5.018 6.682 -35.814
8.160 5.000 5.078 6.269 -46.785
8.170 5.000 5.038 5.907 -25.628
8.180 5.000 4.955 5.688 -18.206
8.190 5.000 4.905 5.425 -34.443
8.200 5.000 4.966 5.100 -30.470
8.210 5.000 5.010 4.793 -30.886
8.220 5.000 4.957 4.489 -29.908
8.230 5.000 4.888 4.246 -18.781
8.240 5.000 4.971 4.049 -20.575
8.250 5.000 5.060 3.900 -9.324
8.260 5.000 4.928 3.837 -3.290
8.270 5.000 4.916 3.673 -29.353
8.280 5.000 4.981 3.350 -35.362
8.290 5.000 4.973 3.128 -9.063
8.300 5.000 4.995 2.995 -17.553
8.310 5.000 5.063 2.729 -35.491
8.320 5.000 5.043 2.409 -28.477
8.330 5.000 5.092 2.169 -19.713
8.340 5.000 5.012 1.930 -27.921
8.350 5.000 5.003 1.648 -28.545
8.360 5.000 5.071 1.447 -11.698
8.370 5.000 5.062 1.365 -4.715
8.380 5.000 4.965 1.249 -18.447
8.390 5.000 5.015 0.985 -34.312
8.400 5.000 5.079 0.685 -25.632
8.410 5.000 5.096 0.467 -18.057
8.420 5.000 4.967 0.268 -21.772
8.430 5.000 4.978 0.018 -28.090
8.440 5.000 5.021 -0.217 -19.069
8.450 5.000 5.033 -0.459 -29.314
8.460 5.000 4.980 -0.690 -16.819
8.470 5.000 5.041 -0.992 -43.666
8.480 5.000 5.043 -1.410 -39.875
8.490 5.000 4.975 -1.797 -37.442
8.500 5.000 4.989 -2.150 -33.167
8.510 5.000 4.954 -2.435 -23.879
8.520 5.000 5.105 -2.711 -31.404
8.530 5.000 4.974 -2.978 -21.902
8.540 5.000 4.920 -3.254 -33.261
8.550 5.000 4.973 -3.561 -28.210
8.560 5.000 4.962 -3.803 -20.291
8.570 5.000 4.979 -4.002 -19.382
8.580 5.000 4.974 -4.163 -12.948
8.590 5.000 4.989 -4.428 -39.914
8.600 5.000 4.967 -4.725 -19.463
8.610 5.000 4.980 -4.954 -26.479
8.620 5.000 4.949 -5.194 -21.419
8.630 5.000 4.972 -5.391 -18.092
8.640 5.000 4.988 -5.576 -18.912
8.650 5.000 4.949 -5.725 -10.863
8.660 8.000 4.909 -5.816 -7.208
8.670 11.000 5.321 -5.240 122.269
8.680 14.000 7.297 -3.126 300.599
8.690 17.000 10.973 0.754 475.584
8.700 20.000 17.784 6.651 703.723
8.710 23.000 28.503 15.203 1006.765
8.720 26.000 38.115 24.956 943.885
8.730 29.000 39.992 33.124 689.592
8.740 32.000 37.725 38.131 311.763
8.750 35.000 22.419 38.056 -326.770
8.760 35.000 6.888 37.342 183.972
8.770 35.000 11.223 41.460 639.824
8.780 35.000 26.945 48.934 854.538
8.790 35.000 39.055 59.068 1172.693
8.800 35.000 40.025 70.126 1039.175
8.810 35.000 40.034 80.656 1066.009
8.820 35.000 40.033 90.215 846.486
8.830 35.000 40.035 97.650 640.432
8.840 35.000 40.038 103.882 605.486
8.850 35.000 40.034 108.414 301.333
8.860 35.000 33.196 109.819 -20.347
8.870 35.000 19.673 109.413 -60.822
8.880 35.000 15.666 110.692 316.721
8.890 35.000 23.479 115.690 682.799
8.900 35.000 38.844 123.737 926.498
8.910 35.000 40.026 133.031 932.383
8.920 35.000 40.034 142.410 943.390
8.930 35.000 40.029 150.994 772.933
8.940 35.000 40.033 157.848 598.364
8.950 35.000 40.036 163.561 544.256
8.960 35.000 40.038 167.311 205.578
8.970 35.000 37.117 168.099 -47.921
8.980 35.000 23.170 166.530 -265.969
8.990 35.000 17.889 165.401 40.082
9.000 35.000 25.470 167.755 430.730
9.010 35.000 36.496 173.794 777.204
9.020 35.000 40.021 181.780 819.887
9.030 35.000 40.038 190.617 947.245
9.040 35.000 40.037 199.558 840.867
9.050 35.000 40.041 207.331 714.166
9.060 35.000 40.036 213.635 546.472
9.070 35.000 40.042 217.959 318.477
9.080 35.000 40.037 220.038 97.247
9.090 35.000 32.655 219.343 -236.375
9.100 35.000 20.760 216.814 -269.465
9.110 35.000 22.634 215.664 39.495
9.120 35.000 31.703 217.935 414.887
9.130 35.000 39.970 224.336 865.350
9.140 35.000 40.036 233.184 904.245
9.150 35.000 40.036 241.588 776.659
9.160 35.000 40.039 248.630 631.631
9.170 35.000 40.042 253.838 409.876
9.180 35.000 40.027 256.863 195.277
9.190 35.000 38.231 257.154 -137.183
9.200 35.000 25.423 254.384 -416.756
9.210 35.000 21.963 251.541 -151.923
9.220 35.000 27.393 251.571 157.915
9.230 35.000 37.764 254.836 495.037
9.240 35.000 40.011 260.865 710.633
9.250 35.000 40.027 268.123 741.043
9.260 35.000 40.038 274.341 502.524
9.270 35.000 40.040 278.074 244.104
9.280 35.000 40.038 279.885 118.130
9.290 35.000 33.572 279.115 -272.064
9.300 35.000 26.780 275.972 -356.624
9.310 35.000 25.905 273.635 -110.807
9.320 35.000 31.970 273.783 140.530
9.330 35.000 39.675 276.402 383.161
9.340 35.000 40.036 280.278 392.167
9.350 35.000 40.038 283.507 253.523
9.360 35.000 37.612 284.999 44.946
9.370 35.000 31.065 284.510 -142.850
9.380 35.000 29.933 283.309 -97.343
9.390 35.000 33.016 283.020 39.544
9.400 35.000 36.347 283.758 108.100
9.410 35.000 36.049 285.124 165.183
9.420 35.000 35.742 286.642 138.320
9.430 35.000 35.254 287.996 132.567
9.440 35.000 34.938 289.263 120.677
9.450 35.000 34.953 290.441 114.967
9.460 35.000 35.399 291.484 93.782
9.470 35.000 35.505 292.374 84.174
9.480 35.000 35.009 293.160 72.879
9.490 35.000 34.753 293.834 62.010
9.500 35.000 34.946 294.561 83.459
9.510 35.000 35.274 295.214 47.139
9.520 35.000 35.404 295.814 72.839
9.530 35.000 35.013 296.462 56.824
9.540 35.000 34.746 296.962 43.025
9.550 35.000 34.956 297.346 33.832
9.560 35.000 35.188 297.775 52.060
9.570 35.000 34.971 298.177 28.210
9.580 35.000 35.106 298.459 28.248
9.590 35.000 34.789 298.899 59.825
9.600 35.000 34.803 299.451 50.396
9.610 35.000 35.105 299.996 58.766
9.620 35.000 35.008 300.609 63.753
9.630 35.000 35.096 301.083 31.108
9.640 35.000 35.065 301.507 53.650
9.650 35.000 35.091 301.920 28.993
9.660 5.000 35.061 302.232 33.338
9.670 5.000 33.361 298.081 -863.420
9.680 5.000 20.413 289.790 -794.864
9.690 5.000 14.231 281.789 -805.370
9.700 5.000 11.025 274.426 -667.155
9.710 5.000 10.302 268.480 -522.195
9.720 5.000 9.891 262.837 -606.220
9.730 5.000 9.644 256.804 -600.501
9.740 5.000 9.204 251.126 -535.128
9.750 5.000 8.923 245.803 -529.123
9.760 5.000 8.744 240.199 -592.042
9.770 5.000 8.510 234.632 -521.424
9.780 5.000 8.303 229.262 -552.092
9.790 5.000 8.096 224.100 -480.865
9.800 5.000 7.870 219.019 -535.228
9.810 5.000 7.650 213.595 -549.606
9.820 5.000 7.381 208.371 -495.241
9.830 5.000 7.362 203.635 -451.971
9.840 5.000 7.111 198.971 -480.842
9.850 5.000 6.891 193.947 -523.732
9.860 5.000 6.761 188.742 -517.453
9.870 5.000 6.621 184.026 -425.798
9.880 5.000 6.422 179.373 -504.774
9.890 5.000 6.266 174.755 -418.728
9.900 5.000 6.167 170.124 -507.643
9.910 5.000 6.051 165.546 -408.003
9.920 5.000 5.853 161.170 -467.174
9.930 5.000 5.679 156.692 -428.116
9.940 5.000 5.519 152.609 -388.628
9.950 5.000 5.395 148.377 -457.940
9.960 5.000 5.308 143.988 -419.788
9.970 5.000 5.134 139.843 -409.153
9.980 5.000 5.042 135.407 -478.142
9.990 5.000 4.846 131.214 -360.310
10.000 5.000 4.773 127.091 -464.436
10.010 5.000 4.591 122.861 -381.555
10.020 5.000 4.483 119.209 -348.890
10.030 5.000 4.442 115.589 -375.048
10.040 5.000 4.323 111.894 -364.023
10.050 5.000 4.271 108.282 -358.306
10.060 5.000 4.298 104.792 -339.856
10.070 5.000 4.260 100.985 -421.137
10.080 5.000 4.325 97.280 -320.110
10.090 5.000 4.358 94.101 -315.766
10.100 5.000 4.381 90.926 -319.118
10.110 5.000 4.377 87.729 -320.315
10.120 5.000 4.327 84.582 -308.898
10.130 5.000 4.290 81.571 -293.507
10.140 5.000 4.210 78.625 -295.775
10.150 5.000 4.199 75.685 -291.942
10.160 5.000 4.147 72.704 -304.544
10.170 5.000 4.191 69.869 -262.509
10.180 5.000 4.336 67.269 -257.491
10.190 5.000 4.482 64.725 -251.249
10.200 5.000 4.612 62.287 -236.379
10.210 5.000 4.733 59.823 -256.328
10.220 5.000 4.793 57.287 -250.918
10.230 5.000 4.740 55.046 -197.246
10.240 5.000 4.642 53.253 -161.466
10.250 5.000 4.644 51.636 -161.857
10.260 5.000 4.734 50.001 -165.199
10.270 5.000 4.863 48.287 -177.427
10.280 5.000 4.903 46.539 -172.368
10.290 5.000 4.871 44.712 -192.944
10.300 5.000 4.778 42.867 -175.913
10.310 5.000 4.830 41.097 -178.310
10.320 5.000 4.823 39.376 -165.847
10.330 5.000 4.795 37.735 -162.404
10.340 5.000 4.810 36.154 -153.726
10.350 5.000 4.761 34.685 -140.165
10.360 5.000 4.642 33.375 -121.795
10.370 5.000 4.694 32.207 -111.772
10.380 5.000 4.705 31.133 -103.144
10.390 5.000 4.643 30.135 -96.330
10.400 5.000 4.700 29.170 -96.799
10.410 5.000 4.683 28.212 -94.793
10.420 5.000 4.792 27.259 -95.682
10.430 5.000 4.876 26.258 -104.663
10.440 5.000 4.903 25.218 -103.319
10.450 5.000 4.844 24.313 -77.540
10.460 5.000 4.791 23.644 -56.239
10.470 5.000 4.749 23.062 -60.273
10.480 5.000 4.814 22.362 -79.692
10.490 5.000 4.914 21.551 -82.467
10.500 5.000 4.912 20.837 -60.354
10.510 5.000 4.842 20.280 -51.019
10.520 5.000 4.765 19.787 -47.707
10.530 5.000 4.803 19.355 -38.640
10.540 5.000 4.970 18.977 -36.875
10.550 5.000 5.032 18.658 -27.054
10.560 5.000 4.877 18.338 -36.951
10.570 5.000 4.948 18.007 -29.229
10.580 5.000 4.952 17.748 -22.499
10.590 5.000 5.021 17.496 -27.974
10.600 5.000 4.978 17.249 -21.449
10.610 5.000 4.908 17.028 -22.670
10.620 5.000 4.976 16.700 -43.030
10.630 5.000 5.025 16.386 -19.633
10.640 5.000 5.079 16.103 -37.075
10.650 5.000 5.013 15.747 -34.019
10.660 5.000 4.996 15.394 -36.737
10.670 5.000 4.965 15.070 -28.045
10.680 5.000 4.985 14.813 -23.293
10.690 5.000 4.897 14.597 -19.993
10.700 5.000 5.072 14.267 -45.945
10.710 5.000 4.981 13.965 -14.495
10.720 5.000 4.957 13.820 -14.327
10.730 5.000 4.914 13.622 -25.449
10.740 5.000 5.020 13.298 -39.192
10.750 5.000 5.070 12.993 -21.874
10.760 5.000 5.003 12.750 -26.657
10.770 5.000 4.949 12.525 -18.416
10.780 5.000 4.987 12.303 -25.957
10.790 5.000 5.075 12.076 -19.389
10.800 5.000 5.049 11.908 -14.314
10.810 5.000 5.021 11.701 -27.161
10.820 5.000 5.037 11.402 -32.621
10.830 5.000 4.977 11.145 -18.639
10.840 5.000 4.943 10.970 -16.431
10.850 5.000 5.095 10.705 -36.655
10.860 5.000 5.069 10.310 -42.320
10.870 5.000 5.001 9.938 -32.111
10.880 5.000 5.005 9.657 -24.082
10.890 5.000 4.955 9.367 -33.851
10.900 5.000 4.993 9.006 -38.293
10.910 5.000 5.010 8.702 -22.559
10.920 5.000 4.941 8.547 -8.444
10.930 5.000 4.932 8.380 -24.845
10.940 5.000 4.954 8.120 -27.248
10.950 5.000 5.029 7.841 -28.509
10.960 5.000 4.968 7.608 -18.067
10.970 5.000 4.950 7.404 -22.739
10.980 5.000 4.975 7.147 -28.779
10.990 5.000 4.939 6.971 -6.320
11.000 5.000 4.956 6.917 -4.509
11.010 5.000 5.042 6.803 -18.217
11.020 5.000 5.036 6.636 -15.225
11.030 5.000 4.992 6.518 -8.459
11.040 5.000 4.973 6.375 -20.195
11.050 5.000 4.970 6.110 -32.693
11.060 5.000 5.046 5.807 -28.009
11.070 5.000 5.058 5.648 -3.754
11.080 5.000 5.047 5.561 -13.535
11.090 5.000 4.977 5.372 -24.415
11.100 5.000 5.039 5.118 -26.370
11.110 5.000 5.067 4.927 -11.764
11.120 5.000 5.064 4.738 -26.013
11.130 5.000 5.029 4.429 -35.805
11.140 5.000 5.059 4.128 -24.387
11.150 5.000 4.996 3.942 -12.923
11.160 5.000 4.987 3.776 -20.190
11.170 5.000 5.060 3.519 -31.195
11.180 5.000 4.994 3.243 -24.102
11.190 5.000 4.991 2.978 -28.916
11.200 5.000 4.948 2.759 -14.768
11.210 5.000 4.986 2.534 -30.272
11.220 5.000 5.022 2.261 -24.283
11.230 5.000 5.025 2.105 -6.881
11.240 5.000 4.880 1.975 -19.154
11.250 5.000 4.892 1.699 -36.117
11.260 5.000 5.007 1.331 -37.461
11.270 5.000 5.005 1.096 -9.556
11.280 5.000 4.990 0.915 -26.526
11.290 5.000 4.985 0.638 -28.908
11.300 5.000 4.960 0.401 -18.465
11.310 5.000 4.951 0.294 -3.043
11.320 5.000 4.920 0.262 -3.366
11.330 5.000 4.968 0.183 -12.438
11.340 5.000 4.963 0.041 -15.950
11.350 5.000 4.999 -0.122 -16.610
11.360 5.000 4.976 -0.274 -13.827
11.370 5.000 5.075 -0.406 -12.634
11.380 5.000 5.081 -0.503 -6.601
11.390 5.000 5.068 -0.486 9.902
11.400 5.000 5.001 -0.433 0.760
11.410 5.000 4.921 -0.557 -25.607
11.420 5.000 5.097 -0.828 -28.584
11.430 5.000 5.072 -1.027 -11.301
11.440 5.000 5.063 -1.193 -21.867
11.450 5.000 4.957 -1.386 -16.709
11.460 5.000 5.029 -1.601 -26.229
11.470 5.000 5.055 -1.814 -16.454
11.480 5.000 5.044 -1.990 -18.613
11.490 5.000 5.047 -2.261 -35.709
11.500 5.000 4.993 -2.609 -33.819
11.510 5.000 4.971 -2.818 -8.093
11.520 5.000 5.007 -2.920 -12.175
11.530 5.000 5.033 -3.149 -33.648
11.540 5.000 5.045 -3.433 -23.187
11.550 5.000 4.996 -3.652 -20.576
11.560 5.000 4.911 -3.881 -25.169
11.570 5.000 5.021 -4.195 -37.630
11.580 5.000 5.060 -4.572 -37.930
11.590 5.000 4.983 -4.807 -9.055
11.600 5.000 4.961 -4.984 -26.277
11.610 5.000 4.915 -5.250 -26.841
11.620 5.000 5.008 -5.524 -28.053
11.630 5.000 5.007 -5.728 -12.795
11.640 5.000 4.922 -5.819 -5.429
11.650 5.000 4.928 -5.926 -15.817
11.660 5.000 4.962 -6.125 -24.071
11.670 8.000 4.956 -6.276 -6.171
11.680 11.000 5.292 -5.770 107.394
11.690 14.000 7.263 -3.737 299.153
11.700 17.000 10.889 0.195 487.354
11.710 20.000 17.717 6.399 753.387
11.720 23.000 28.891 14.738 914.469
11.730 26.001 38.154 23.938 925.110
11.740 29.000 40.018 32.262 740.182
11.750 32.000 37.960 37.233 253.976
11.760 35.000 22.112 36.904 -319.735
11.770 35.000 6.399 36.021 143.017
11.780 35.000 11.301 39.750 602.833
11.790 35.000 26.802 47.151 876.978
11.800 35.000 39.237 56.687 1031.004
11.810 35.000 40.045 67.150 1061.594
11.820 35.000 40.057 77.303 968.883
11.830 35.000 40.054 85.817 733.988
11.840 35.000 40.056 92.599 622.287
11.850 35.000 40.063 98.361 530.178
11.860 35.000 40.061 102.389 275.384
11.870 35.000 32.176 103.747 -3.786
11.880 35.000 18.764 103.414 -62.642
11.890 35.000 15.708 104.875 354.854
11.900 35.000 24.248 110.146 699.291
11.910 35.000 39.136 118.715 1014.634
11.920 35.000 40.048 128.537 949.704
11.930 35.000 40.057 138.377 1018.203
11.940 35.000 40.055 147.464 799.250
11.950 35.000 40.058 154.837 675.326
11.960 35.000 40.063 160.828 522.996
11.970 35.000 40.051 164.382 187.643
11.980 35.000 35.782 165.117 -40.618
11.990 35.000 22.178 163.945 -193.727
12.000 35.000 18.823 163.416 87.869
12.010 35.000 26.618 166.182 465.347
12.020 35.000 38.363 172.532 804.662
12.030 35.000 40.047 181.392 967.439
12.040 35.000 40.057 191.354 1024.913
12.050 35.000 40.061 199.889 682.064
12.060 35.000 40.060 206.617 663.598
12.070 35.000 40.057 212.244 461.715
12.080 35.000 40.064 216.277 344.965
12.090 35.000 39.863 217.637 -73.042
12.100 35.000 26.609 215.464 -361.581
12.110 35.000 19.522 212.726 -185.987
12.120 35.000 23.435 212.782 197.337
12.130 35.000 34.218 216.570 560.341
12.140 35.000 40.036 223.886 902.796
12.150 35.000 40.060 233.313 982.625
12.160 35.000 40.055 242.466 847.202
12.170 35.000 40.063 250.739 807.979
12.180 35.000 40.061 257.407 525.698
12.190 35.000 40.067 261.752 342.853
12.200 35.000 40.061 263.713 49.523
12.210 35.000 32.187 262.033 -385.499
12.220 35.000 23.222 258.291 -363.130
12.230 35.000 23.293 256.229 -49.135
12.240 35.000 32.032 257.287 260.637
12.250 35.000 40.003 261.944 670.791
12.260 35.000 40.040 268.696 679.662
12.270 35.000 40.043 275.319 644.921
12.280 35.000 40.042 280.629 416.962
12.290 35.000 40.046 283.711 199.591
12.300 35.000 37.361 283.970 -147.905
12.310 35.000 27.649 281.552 -335.366
12.320 35.000 25.856 278.872 -200.839
12.330 35.000 29.939 278.185 63.418
12.340 35.000 37.517 280.087 316.942
12.350 35.000 40.007 283.508 367.321
12.360 35.000 40.018 286.649 260.879
12.370 35.000 39.021 288.384 86.033
12.380 35.000 32.901 288.009 -161.098
12.390 35.000 30.046 286.402 -160.196
12.400 35.000 31.818 285.512 -17.777
12.410 35.000 35.435 285.795 74.280
12.420 35.000 36.037 286.933 153.346
12.430 35.000 35.660 288.329 125.631
12.440 35.000 35.057 289.530 114.698
12.450 35.000 35.107 290.689 117.140
12.460 35.000 35.187 291.835 112.054
12.470 35.000 35.272 292.878 96.653
12.480 35.000 35.270 293.836 94.791
12.490 35.000 35.056 294.757 89.526
12.500 35.000 35.042 295.478 54.664
12.510 35.000 34.863 296.163 82.271
12.520 35.000 35.262 297.021 89.273
12.530 35.000 35.124 297.847 75.990
12.540 35.000 35.434 298.477 49.987
12.550 35.000 35.099 298.944 43.458
12.560 35.000 34.870 299.500 67.681
12.570 35.000 34.927 300.059 44.130
12.580 35.000 35.000 300.487 41.466
12.590 35.000 35.239 300.829 27.110
12.600 35.000 34.898 301.206 48.170
12.610 35.000 34.999 301.712 52.982
12.620 35.000 34.995 302.241 52.885
12.630 35.000 34.846 302.805 59.866
12.640 35.000 35.111 303.268 32.770
12.650 35.000 35.293 303.698 53.154
12.660 35.000 34.905 304.131 33.564
12.670 5.000 34.897 304.618 63.796
12.680 5.000 33.383 300.816 -824.213
12.690 5.000 20.348 292.880 -763.163
12.700 5.000 14.221 285.027 -807.191
12.710 5.000 11.110 278.099 -578.626
12.720 5.000 10.351 272.435 -554.193
12.730 5.000 9.779 266.599 -612.851
12.740 5.000 9.509 260.857 -535.570
12.750 5.000 9.167 255.507 -534.591
12.760 5.000 8.876 250.229 -520.964
12.770 5.000 8.683 245.115 -501.814
12.780 5.000 8.499 239.855 -550.151
12.790 5.000 8.278 234.730 -474.787
12.800 5.000 8.015 229.510 -569.383
12.810 5.000 7.849 224.303 -472.013
12.820 5.000 7.563 219.456 -497.486
12.830 5.000 7.409 214.468 -499.979
12.840 5.000 7.268 209.286 -536.461
12.850 5.000 7.123 203.851 -550.614
12.860 5.000 6.972 198.437 -531.721
12.870 5.000 6.741 193.231 -509.759
12.880 5.000 6.578 188.133 -509.884
12.890 5.000 6.462 183.394 -437.683
12.900 5.000 6.291 178.577 -526.037
12.910 5.000 6.075 173.950 -399.353
12.920 5.000 5.975 169.508 -489.059
12.930 5.000 5.827 164.902 -432.104
12.940 5.000 5.655 160.633 -421.711
12.950 5.000 5.522 156.478 -409.192
12.960 5.000 5.389 152.480 -390.669
12.970 5.000 5.236 148.520 -401.184
12.980 5.000 5.124 144.471 -408.584
12.990 5.000 4.938 140.161 -453.232
13.000 5.000 4.826 135.906 -397.976
13.010 5.000 4.706 131.715 -439.858
13.020 5.000 4.564 127.376 -428.372
13.030 5.000 4.459 123.276 -391.645
13.040 5.000 4.390 119.494 -364.454
13.050 5.000 4.315 115.905 -353.535
13.060 5.000 4.298 112.380 -351.514
13.070 5.000 4.292 108.656 -392.968
13.080 5.000 4.326 105.107 -317.219
13.090 5.000 4.333 101.853 -333.628
13.100 5.000 4.372 98.513 -334.297
13.110 5.000 4.311 95.282 -312.008
13.120 5.000 4.321 92.220 -300.414
13.130 5.000 4.331 89.181 -307.220
13.140 5.000 4.288 86.184 -292.347
13.150 5.000 4.223 83.263 -291.684
13.160 5.000 4.160 80.331 -294.691
13.170 5.000 4.148 77.524 -266.732
13.180 5.000 4.244 74.836 -271.045
13.190 5.000 4.347 72.233 -249.327
13.200 5.000 4.505 69.819 -233.694
13.210 5.000 4.664 67.527 -224.628
13.220 5.000 4.726 65.318 -217.020
13.230 5.000 4.805 63.120 -222.644
13.240 5.000 4.882 60.706 -260.263
13.250 5.000 4.883 58.163 -248.414
13.260 5.000 4.761 55.798 -224.607
13.270 5.000 4.635 53.767 -181.556
13.280 5.000 4.622 52.089 -154.025
13.290 5.000 4.671 50.613 -141.187
13.300 5.000 4.752 49.249 -131.580
13.310 5.000 4.762 47.934 -131.405
13.320 5.000 4.775 46.667 -122.037
13.330 5.000 4.764 45.433 -124.780
13.340 5.000 4.771 44.186 -124.530
13.350 5.000 4.767 42.944 -124.033
13.360 5.000 4.775 41.680 -128.786
13.370 5.000 4.790 40.386 -130.020
13.380 5.000 4.786 39.090 -129.041
13.390 5.000 4.841 37.725 -144.060
13.400 5.000 4.880 36.314 -138.071
13.410 5.000 4.876 34.969 -130.980
13.420 5.000 4.802 33.730 -116.823
13.430 5.000 4.754 32.691 -90.921
13.440 5.000 4.706 31.835 -80.361
13.450 5.000 4.736 31.018 -82.992
13.460 5.000 4.725 30.150 -90.645
13.470 5.000 4.799 29.278 -83.667
13.480 5.000 4.870 28.482 -75.537
13.490 5.000 4.888 27.806 -59.798
13.500 5.000 4.803 27.230 -55.212
13.510 5.000 4.790 26.667 -57.513
13.520 5.000 4.908 26.042 -67.368
13.530 5.000 4.862 25.394 -62.359
13.540 5.000 4.838 24.934 -29.678
13.550 5.000 4.858 24.649 -27.182
13.560 5.000 4.907 24.288 -45.119
13.570 5.000 4.991 23.898 -32.846
13.580 5.000 4.973 23.631 -20.530
13.590 5.000 4.884 23.428 -20.037
13.600 5.000 4.910 23.251 -15.493
13.610 5.000 4.988 23.069 -20.927
13.620 5.000 5.063 22.872 -18.451
13.630 5.000 4.925 22.714 -13.068
13.640 5.000 4.929 22.527 -24.364
13.650 5.000 5.023 22.297 -21.659
13.660 5.000 5.017 22.138 -10.114
13.670 5.000 4.973 22.065 -4.411
13.680 5.000 5.006 21.920 -24.720
13.690 5.000 4.967 21.705 -18.124
13.700 5.000 5.023 21.502 -22.577
13.710 5.000 5.016 21.315 -14.833
13.720 5.000 5.114 21.085 -31.068
13.730 5.000 5.088 20.826 -20.856
13.740 5.000 4.998 20.701 -4.007
13.750 5.000 4.943 20.597 -16.897
13.760 5.000 5.009 20.301 -42.277
13.770 5.000 5.050 20.004 -17.117
13.780 5.000 5.011 19.891 -5.535
13.790 5.000 4.938 19.758 -21.029
13.800 5.000 4.962 19.463 -37.885
13.810 5.000 5.008 19.162 -22.470
13.820 5.000 5.002 18.945 -20.796
13.830 5.000 4.996 18.698 -28.693
13.840 5.000 4.975 18.376 -35.653
13.850 5.000 4.990 18.127 -14.210
13.860 5.000 4.956 18.006 -10.020
13.870 5.000 4.995 17.844 -22.237
13.880 5.000 5.045 17.598 -27.042
13.890 5.000 5.032 17.403 -11.897
13.900 5.000 4.977 17.322 -4.443
13.910 5.000 4.981 17.112 -37.407
13.920 5.000 5.033 16.753 -34.507
13.930 5.000 5.029 16.553 -5.383
13.940 5.000 4.953 16.423 -20.671
13.950 5.000 4.958 16.163 -31.409
13.960 5.000 5.074 15.790 -43.140
13.970 5.000 5.068 15.418 -31.231
13.980 5.000 5.006 15.171 -18.271
13.990 5.000 4.965 14.929 -29.972
14.000 5.000 4.989 14.617 -32.556
14.010 5.000 4.988 14.379 -15.027
14.020 5.000 4.954 14.249 -10.935
14.030 5.000 4.988 14.071 -24.604
14.040 5.000 5.029 13.757 -38.303
14.050 5.000 4.989 13.517 -9.725
14.060 5.000 4.925 13.401 -13.392
14.070 5.000 4.932 13.261 -14.623
14.080 5.000 5.073 13.067 -24.144
14.090 5.000 5.083 12.868 -15.638
14.100 5.000 4.958 12.670 -23.920
14.110 5.000 4.936 12.405 -29.222
14.120 5.000 5.018 12.168 -18.196
14.130 5.000 5.036 12.020 -11.282
14.140 5.000 4.974 11.843 -24.266
14.150 5.000 4.953 11.579 -28.378
14.160 5.000 4.986 11.350 -17.400
14.170 5.000 4.980 11.214 -9.797
14.180 5.000 5.003 11.098 -13.483
14.190 5.000 5.042 10.868 -32.498
14.200 5.000 5.024 10.613 -18.470
14.210 5.000 4.969 10.521 -0.012
14.220 5.000 4.925 10.432 -17.660
14.230 5.000 4.961 10.212 -26.443
14.240 5.000 5.082 9.981 -19.776
14.250 5.000 5.095 9.847 -6.896
14.260 5.000 4.985 9.725 -17.515
14.270 5.000 4.913 9.579 -11.808
14.280 5.000 5.048 9.405 -22.910
14.290 5.000 5.076 9.167 -24.799
14.300 5.000 4.965 8.960 -16.527
14.310 5.000 4.942 8.819 -11.645
14.320 5.000 5.011 8.723 -7.659
14.330 5.000 4.977 8.663 -4.197
14.340 5.000 4.984 8.594 -9.647
14.350 5.000 5.091 8.425 -24.253
14.360 5.000 4.996 8.307 0.775
14.370 5.000 4.983 8.311 -0.042
14.380 5.000 5.003 8.221 -17.955
14.390 5.000 5.055 8.002 -25.925
14.400 5.000 5.068 7.816 -11.145
14.410 5.000 5.008 7.783 4.529
14.420 5.000 4.922 7.699 -21.423
14.430 5.000 5.001 7.397 -38.875
14.440 5.000 5.028 7.093 -21.953
14.450 5.000 5.076 6.931 -10.358
14.460 5.000 4.998 6.791 -17.721
14.470 5.000 4.960 6.620 -16.398
14.480 5.000 5.009 6.436 -20.559
14.490 5.000 4.966 6.254 -15.718
14.500 5.000 5.015 6.008 -33.628
14.510 5.000 5.038 5.597 -48.469
14.520 5.000 4.980 5.254 -20.247
14.530 5.000 4.932 5.146 -1.175
14.540 5.000 4.963 5.008 -26.480
14.550 5.000 5.033 4.726 -29.871
14.560 5.000 5.033 4.478 -19.894
14.570 5.000 4.997 4.328 -9.954
14.580 5.000 4.975 4.192 -17.361
14.590 5.000 4.994 4.013 -18.487
14.600 5.000 5.079 3.875 -9.112
14.610 5.000 4.998 3.707 -24.469
14.620 5.000 4.916 3.430 -30.842
14.630 5.000 4.955 3.146 -25.979
14.640 5.000 4.988 2.954 -12.363
14.650 5.000 4.964 2.858 -6.838
14.660 5.000 4.981 2.753 -14.173
14.670 5.000 5.030 2.573 -21.880
14.680 7.999 4.970 2.386 -15.523
14.690 10.999 5.328 2.796 97.559
14.700 13.999 7.152 4.727 288.635
14.710 16.999 10.923 8.529 471.705
14.720 19.999 17.899 14.330 688.461
14.730 22.999 29.001 22.029 851.340
14.740 25.999 38.557 30.553 853.490
14.750 28.999 40.002 38.507 737.258
14.760 31.999 37.578 43.087 178.858
14.770 34.999 20.938 42.420 -312.255
14.780 35.000 6.046 41.996 227.507
14.790 35.000 11.916 45.938 560.790
14.800 35.000 26.692 52.948 841.005
14.810 35.000 39.280 63.146 1198.312
14.820 35.000 40.011 74.657 1104.860
14.830 35.000 40.024 84.869 937.516
14.840 35.000 40.022 93.290 745.850
14.850 35.000 40.036 100.646 726.125
14.860 35.000 40.040 106.826 509.769
14.870 35.000 40.033 110.594 243.809
14.880 35.000 32.485 111.980 33.481
14.890 35.000 18.779 111.735 -82.445
14.900 35.000 15.496 113.078 351.058
14.910 35.000 24.094 118.189 670.830
14.920 35.000 38.862 126.739 1039.566
14.930 35.000 40.026 137.453 1103.266
14.940 35.000 40.036 147.465 899.304
14.950 35.000 40.034 155.839 775.499
14.960 35.000 40.037 162.775 610.935
14.970 35.000 40.038 168.093 453.254
14.980 35.000 40.038 171.886 305.363
14.990 35.000 36.936 173.306 -21.454
15.000 35.000 22.758 172.112 -217.567
15.010 35.000 17.876 171.294 54.107
15.020 35.000 25.821 173.738 434.702
15.030 35.000 37.484 179.851 787.545
15.040 35.000 40.026 188.538 949.874
15.050 35.000 40.038 198.213 985.604
15.060 35.000 40.037 207.330 837.663
15.070 35.000 40.040 214.684 633.223
15.080 35.000 40.039 220.524 534.458
15.090 35.000 40.041 224.368 234.518
15.100 35.000 40.036 225.920 75.891
15.110 35.000 29.863 224.395 -380.631
15.120 35.000 20.217 221.112 -276.359
15.130 35.000 22.542 220.364 126.723
15.140 35.000 32.518 223.588 518.151
15.150 35.000 40.012 231.299 1024.099
15.160 35.000 40.037 241.135 942.939
15.170 35.000 40.037 249.635 757.028
15.180 35.000 40.037 256.745 664.860
15.190 35.000 40.034 262.713 528.887
15.200 35.000 40.039 267.048 337.853
15.210 35.000 40.035 268.569 -33.423
15.220 35.000 30.638 266.461 -388.271
15.230 35.000 22.792 262.840 -335.940
15.240 35.000 23.740 260.982 -35.741
15.250 35.000 32.757 262.254 290.317
15.260 35.000 40.008 267.149 688.607
15.270 35.000 40.033 274.266 734.759
15.280 35.000 40.025 281.253 662.742
15.290 35.000 40.028 286.814 449.329
15.300 35.000 40.027 290.119 211.795
15.310 35.000 38.505 290.971 -41.460
15.320 35.000 28.350 288.744 -403.942
15.330 35.000 24.914 285.707 -203.389
15.340 35.000 28.482 284.874 36.757
15.350 35.000 36.193 286.546 297.527
15.360 35.000 40.023 290.583 510.022
15.370 35.000 40.037 294.892 351.782
15.380 35.000 40.036 297.703 210.407
15.390 35.000 37.221 298.599 -31.181
15.400 35.000 30.677 297.522 -184.193
15.410 35.000 29.489 295.902 -139.770
15.420 35.000 32.780 295.325 24.352
15.430 35.000 36.376 296.066 123.753
15.440 35.000 36.171 297.520 167.153
15.450 35.000 35.958 299.020 132.720
15.460 35.000 35.415 300.370 137.389
15.470 35.000 35.081 301.549 98.495
15.480 35.000 35.021 302.471 85.711
15.490 35.000 35.545 303.195 59.181
15.500 35.000 35.295 303.789 59.678
15.510 35.000 34.894 304.189 20.215
15.520 35.000 34.762 304.498 41.603
15.530 35.000 35.129 304.931 45.038
15.540 35.000 35.259 305.310 30.750
15.550 35.000 35.142 305.564 20.079
15.560 35.000 35.074 305.676 2.231
15.570 35.000 34.852 305.839 30.485
15.580 35.000 34.865 306.070 15.637
15.590 35.000 34.957 306.201 10.607
15.600 35.000 34.755 306.393 27.709
15.610 35.000 34.972 306.738 41.395
15.620 35.000 35.241 307.140 38.873
15.630 35.000 34.778 307.500 33.165
15.640 35.000 34.961 307.829 32.654
15.650 35.000 35.434 308.016 4.841
15.660 35.000 34.835 308.265 44.817
15.670 35.000 34.862 308.593 20.933
15.680 5.000 35.071 308.798 20.000
15.690 5.000 33.091 305.682 -643.163
15.700 5.000 20.307 298.679 -757.488
15.710 5.000 14.280 290.726 -833.052
15.720 5.000 11.096 283.665 -579.151
15.730 5.000 10.253 278.084 -536.991
15.740 5.000 9.854 272.730 -533.984
15.750 5.000 9.526 267.057 -600.122
15.760 5.000 9.236 261.410 -529.822
15.770 5.000 8.926 256.222 -507.500
15.780 5.000 8.668 250.780 -580.837
15.790 5.000 8.533 245.039 -567.669
15.800 5.000 8.241 239.821 -476.086
15.810 5.000 8.063 234.871 -513.723
15.820 5.000 7.774 229.982 -464.127
15.830 5.000 7.586 224.905 -551.284
15.840 5.000 7.467 219.554 -518.855
15.850 5.000 7.272 214.354 -521.239
15.860 5.000 7.084 209.165 -516.502
15.870 5.000 6.883 204.311 -454.551
15.880 5.000 6.688 199.303 -546.685
15.890 5.000 6.579 194.260 -462.183
15.900 5.000 6.419 189.788 -432.247
15.910 5.000 6.289 185.486 -428.125
15.920 5.000 6.118 181.092 -450.415
15.930 5.000 5.964 176.353 -497.654
15.940 5.000 5.773 171.458 -481.368
15.950 5.000 5.703 166.745 -461.255
15.960 5.000 5.523 161.970 -493.475
15.970 5.000 5.382 157.195 -461.802
15.980 5.000 5.248 152.515 -474.230
15.990 5.000 5.158 148.106 -407.446
16.000 5.000 4.990 144.144 -385.085
16.010 5.000 4.862 140.172 -409.378
16.020 5.000 4.697 136.251 -374.722
16.030 5.000 4.553 132.184 -438.591
16.040 5.000 4.488 128.132 -371.754
16.050 5.000 4.408 124.389 -376.942
16.060 5.000 4.370 120.373 -426.296
16.070 5.000 4.341 116.581 -332.191
16.080 5.000 4.275 113.214 -341.169
16.090 5.000 4.301 109.666 -368.427
16.100 5.000 4.346 106.202 -324.413
16.110 5.000 4.321 102.906 -334.713
16.120 5.000 4.334 99.653 -315.955
16.130 5.000 4.336 96.527 -309.287
16.140 5.000 4.293 93.433 -309.362
16.150 5.000 4.232 90.342 -309.047
16.160 5.000 4.198 87.336 -292.070
16.170 5.000 4.105 84.483 -278.427
16.180 5.000 4.223 81.646 -289.063
16.190 5.000 4.259 78.886 -262.843
16.200 5.000 4.327 76.352 -243.996
16.210 5.000 4.529 73.933 -239.924
16.220 5.000 4.661 71.496 -247.384
16.230 5.000 4.753 69.097 -232.400
16.240 5.000 4.647 67.041 -178.717
16.250 5.000 4.708 65.316 -166.296
16.260 5.000 4.852 63.521 -192.869
16.270 5.000 4.984 61.404 -230.341
16.280 5.000 4.916 59.086 -233.348
16.290 5.000 4.833 56.653 -253.113
16.300 5.000 4.734 54.223 -233.179
16.310 5.000 4.719 51.978 -215.855
16.320 5.000 4.681 49.935 -192.660
16.330 5.000 4.711 48.017 -190.944
16.340 5.000 4.696 46.232 -166.086
16.350 5.000 4.766 44.527 -174.881
16.360 5.000 4.755 42.810 -168.422
16.370 5.000 4.806 41.144 -164.824
16.380 5.000 4.790 39.548 -154.360
16.390 5.000 4.808 37.959 -163.367
16.400 5.000 4.744 36.371 -154.410
16.410 5.000 4.793 34.950 -129.876
16.420 5.000 4.787 33.747 -110.571
16.430 5.000 4.707 32.722 -94.490
16.440 5.000 4.725 31.819 -86.049
16.450 5.000 4.713 30.939 -89.878
16.460 5.000 4.736 30.049 -88.287
16.470 5.000 4.777 29.140 -93.382
16.480 5.000 4.845 28.228 -89.107
16.490 5.000 4.840 27.365 -83.446
16.500 5.000 4.771 26.667 -56.236
16.510 5.000 4.804 26.104 -56.259
16.520 5.000 4.872 25.504 -63.869
16.530 5.000 4.947 24.918 -53.342
16.540 5.000 4.973 24.385 -53.186
16.550 5.000 4.844 23.895 -44.804
16.560 5.000 4.877 23.440 -46.207
16.570 5.000 4.946 22.957 -50.371
16.580 5.000 4.907 22.552 -30.530
16.590 5.000 4.929 22.266 -26.833
16.600 5.000 4.903 21.982 -29.957
16.610 5.000 4.932 21.692 -27.972
16.620 5.000 4.959 21.422 -25.985
16.630 5.000 4.966 21.239 -10.626
16.640 5.000 4.963 21.026 -32.083
16.650 5.000 4.951 20.681 -36.930
16.660 5.000 5.044 20.412 -16.814
16.670 5.000 5.011 20.287 -8.202
16.680 5.000 4.952 20.167 -15.841
16.690 5.000 5.000 20.007 -16.166
16.700 5.000 5.071 19.787 -27.859
16.710 5.000 4.998 19.573 -14.776
16.720 5.000 5.021 19.353 -29.282
16.730 5.000 4.976 19.067 -27.922
16.740 5.000 5.038 18.832 -19.056
16.750 5.000 4.998 18.672 -13.000
16.760 5.000 5.002 18.500 -21.458
16.770 5.000 5.015 18.185 -41.551
16.780 5.000 5.081 17.863 -22.859
16.790 5.000 5.030 17.672 -15.182
16.800 5.000 5.000 17.554 -8.445
16.810 5.000 4.970 17.379 -26.672
16.820 5.000 4.998 17.145 -20.069
16.830 5.000 5.012 16.952 -18.544
16.840 5.000 4.946 16.777 -16.434
16.850 5.000 5.044 16.519 -35.153
16.860 5.000 5.014 16.225 -23.614
16.870 5.000 4.942 16.075 -6.475
16.880 5.000 4.984 15.927 -23.146
16.890 5.000 5.058 15.627 -36.851
16.900 5.000 5.039 15.332 -22.129
16.910 5.000 4.971 15.126 -18.957
16.920 5.000 4.948 14.852 -35.903
16.930 5.000 4.981 14.555 -23.518
16.940 5.000 5.046 14.345 -18.525
16.950 5.000 5.020 14.125 -25.514
16.960 5.000 5.010 13.859 -27.685
16.970 5.000 5.005 13.590 -25.956
16.980 5.000 5.009 13.420 -8.209
16.990 5.000 5.054 13.176 -40.499
17.000 5.000 4.969 12.797 -35.351
17.010 5.000 5.087 12.456 -32.747
17.020 5.000 5.004 12.170 -24.567
17.030 5.000 4.930 11.995 -10.472
17.040 5.000 4.979 11.790 -30.357
17.050 5.000 4.999 11.520 -23.763
17.060 5.000 5.009 11.311 -18.030
17.070 5.000 4.922 11.131 -18.020
17.080 5.000 4.911 10.914 -25.346
17.090 5.000 5.011 10.639 -29.590
17.100 5.000 5.035 10.390 -20.289
17.110 5.000 4.948 10.226 -12.440
17.120 5.000 4.986 10.031 -26.604
17.130 5.000 4.973 9.789 -21.802
17.140 5.000 4.996 9.568 -22.332
17.150 5.000 4.974 9.391 -12.994
17.160 5.000 4.981 9.270 -11.352
17.170 5.000 4.981 9.159 -10.820
17.180 5.000 5.014 9.033 -14.322
17.190 5.000 4.984 8.833 -25.725
17.200 5.000 4.987 8.611 -18.576
17.210 5.000 5.017 8.446 -14.525
17.220 5.000 5.009 8.315 -11.666
17.230 5.000 4.930 8.207 -9.997
17.240 5.000 4.986 8.016 -28.187
17.250 5.000 5.076 7.777 -19.657
17.260 5.000 5.064 7.638 -8.090
17.270 5.000 5.051 7.499 -19.609
17.280 5.000 4.993 7.284 -23.441
17.290 5.000 5.079 7.057 -21.997
17.300 5.000 5.105 6.809 -27.494
17.310 5.000 4.957 6.572 -20.020
17.320 5.000 5.011 6.314 -31.455
17.330 5.000 5.067 5.946 -42.145
17.340 5.000 4.901 5.647 -17.819
17.350 5.000 4.985 5.427 -26.141
17.360 5.000 4.990 5.202 -18.932
17.370 5.000 5.071 5.006 -20.119
17.380 5.000 4.972 4.825 -16.093
17.390 5.000 4.874 4.632 -22.550
17.400 5.000 4.980 4.326 -38.606
17.410 5.000 5.015 4.057 -15.250
17.420 5.000 4.992 3.926 -10.904
17.430 5.000 4.937 3.766 -21.187
17.440 5.000 4.910 3.545 -22.905
17.450 5.000 5.048 3.326 -21.023
17.460 5.000 5.003 3.179 -8.303
17.470 5.000 5.051 3.080 -11.503
17.480 5.000 5.026 2.895 -25.523
17.490 5.000 5.024 2.668 -19.888
17.500 5.000 5.030 2.514 -10.902
17.510 5.000 5.036 2.317 -28.516
17.520 5.000 5.047 2.015 -31.820
17.530 5.000 5.098 1.677 -35.870
17.540 5.000 4.987 1.449 -9.690
17.550 5.000 5.024 1.298 -20.480
17.560 5.000 5.044 1.011 -36.883
17.570 5.000 5.057 0.684 -28.570
17.580 5.000 4.972 0.429 -22.334
17.590 5.000 4.911 0.213 -20.959
17.600 5.000 4.983 -0.098 -41.278
17.610 5.000 4.987 -0.383 -15.738
17.620 5.000 5.069 -0.542 -15.900
17.630 5.000 4.950 -0.776 -31.044
17.640 5.000 4.964 -1.114 -36.462
17.650 5.000 5.008 -1.366 -14.069
17.660 5.000 4.979 -1.503 -13.191
17.670 5.000 4.914 -1.677 -21.703
17.680 5.000 5.005 -1.931 -29.054
17.690 8.000 5.018 -2.161 -17.046
17.700 11.001 5.268 -1.777 93.983
17.710 14.000 7.147 0.097 280.903
17.720 17.000 10.779 3.834 466.429
17.730 20.001 17.742 9.736 713.571
17.740 23.000 28.950 18.059 951.801
17.750 26.000 38.212 27.208 877.968
17.760 29.000 40.029 35.215 723.418
17.770 32.000 37.384 40.448 323.228
17.780 35.000 21.918 40.690 -274.796
17.790 35.000 6.620 40.219 180.578
17.800 35.000 11.339 44.020 579.668
17.810 35.000 27.013 51.044 825.317
17.820 35.000 39.285 61.236 1213.116
17.830 35.000 40.032 72.854 1110.247
17.840 35.000 40.043 83.143 947.410
17.850 35.000 40.039 91.429 709.518
17.860 35.000 40.044 98.643 733.764
17.870 35.000 40.047 104.839 505.564
17.880 35.000 40.047 108.773 280.852
17.890 35.000 32.497 110.066 -22.145
17.900 35.000 19.148 109.597 -71.587
17.910 35.000 15.514 110.892 330.607
17.920 35.000 23.883 116.198 730.537
17.930 35.000 38.777 124.691 968.143
17.940 35.000 40.047 134.747 1042.941
17.950 35.000 40.052 144.535 914.384
17.960 35.000 40.057 153.183 815.249
17.970 35.000 40.058 160.564 660.882
17.980 35.000 40.062 166.174 461.339
17.990 35.000 40.064 170.092 322.193
18.000 35.000 36.432 171.679 -4.624
18.010 35.000 23.340 170.662 -198.840
18.020 35.000 18.261 169.995 65.346
18.030 35.000 26.007 172.422 420.061
18.040 35.000 37.656 178.441 783.664
18.050 35.000 40.043 187.586 1045.345
18.060 35.000 40.058 196.923 822.079
18.070 35.000 40.060 205.164 826.216
18.080 35.000 40.060 212.703 681.716
18.090 35.000 40.063 218.714 520.460
18.100 35.000 40.067 222.994 335.398
18.110 35.000 40.040 224.756 17.012
18.120 35.000 28.913 223.226 -322.972
18.130 35.000 19.724 220.474 -227.383
18.140 35.000 22.697 220.150 162.453
18.150 35.000 33.180 223.578 523.206
18.160 35.000 40.030 231.003 961.134
18.170 35.000 40.063 241.100 1059.110
18.180 35.000 40.057 250.124 745.821
18.190 35.000 40.055 257.440 717.056
18.200 35.000 40.061 263.685 531.965
18.210 35.000 40.063 267.684 267.941
18.220 35.000 40.061 268.875 -29.689
18.230 35.000 31.633 266.880 -369.280
18.240 35.000 23.290 263.188 -369.276
18.250 35.000 23.465 261.061 -55.873
18.260 35.000 31.978 262.246 292.947
18.270 35.000 40.017 267.401 738.009
18.280 35.000 40.060 274.588 698.874
18.290 35.000 40.063 281.178 619.972
18.300 35.000 40.063 286.050 354.280
18.310 35.000 40.066 289.324 300.614
18.320 35.000 37.864 290.092 -147.082
18.330 35.000 27.414 287.693 -332.701
18.340 35.000 25.246 284.917 -222.479
18.350 35.000 29.326 284.134 65.827
18.360 35.000 37.540 286.273 361.906
18.370 35.000 40.019 290.163 415.844
18.380 35.000 40.031 293.693 290.545
18.390 35.000 39.962 296.175 205.778
18.400 35.000 35.018 296.655 -109.910
18.410 35.000 29.655 295.187 -183.668
18.420 35.000 30.546 293.722 -109.448
18.430 35.000 34.183 293.610 87.043
18.440 35.000 36.808 294.668 124.658
18.450 35.000 36.006 295.968 135.408
18.460 35.000 35.871 297.299 130.716
18.470 35.000 35.147 298.402 89.948
18.480 35.000 34.930 299.159 61.456
18.490 35.000 35.031 299.778 62.260
18.500 35.000 35.430 300.232 28.572
18.510 35.000 35.018 300.583 41.570
18.520 35.000 34.654 301.137 69.198
18.530 35.000 35.071 301.818 67.129
18.540 35.000 35.069 302.484 65.991
18.550 35.000 35.179 303.090 55.278
18.560 35.000 35.341 303.609 48.444
18.570 35.000 34.973 303.920 13.823
18.580 35.000 34.902 304.111 24.348
18.590 35.000 35.021 304.438 41.028
18.600 35.000 34.995 304.790 29.449
18.610 35.000 35.051 305.101 32.767
18.620 35.000 35.141 305.340 14.924
18.630 35.000 34.789 305.574 31.865
18.640 35.000 34.848 305.818 16.913
18.650 35.000 34.901 306.187 57.059
18.660 35.000 35.063 306.716 48.585
18.670 35.000 35.080 307.092 26.729
18.680 35.000 34.806 307.419 38.679
18.690 5.000 34.678 307.910 59.419
18.700 5.000 33.275 304.721 -697.231
18.710 5.000 20.280 297.634 -720.178
18.720 5.000 14.312 289.943 -817.913
18.730 5.000 11.171 283.021 -566.468
18.740 5.000 10.373 277.639 -509.904
18.750 5.000 9.801 271.867 -644.484
18.760 5.000 9.527 265.619 -605.195
18.770 5.000 9.239 259.752 -568.301
18.780 5.000 8.970 254.427 -496.707
18.790 5.000 8.555 249.435 -501.687
18.800 5.000 8.477 244.310 -523.006
18.810 5.000 8.251 239.274 -484.376
18.820 5.000 7.961 234.427 -485.019
18.830 5.000 7.733 229.701 -460.010
18.840 5.000 7.559 224.655 -549.568
18.850 5.000 7.327 219.620 -457.197
18.860 5.000 7.213 214.755 -515.898
18.870 5.000 7.082 209.523 -530.608
18.880 5.000 6.874 204.272 -519.617
18.890 5.000 6.747 199.372 -460.301
18.900 5.000 6.592 194.369 -540.401
18.910 5.000 6.391 189.120 -509.400
18.920 5.000 6.276 184.283 -457.988
18.930 5.000 6.129 179.532 -492.152
18.940 5.000 5.965 174.922 -429.891
18.950 5.000 5.763 170.691 -415.827
18.960 5.000 5.594 166.604 -401.993
18.970 5.000 5.523 162.580 -402.732
18.980 5.000 5.358 158.650 -383.100
18.990 5.000 5.137 154.673 -412.621
19.000 5.000 5.058 150.660 -389.959
19.010 5.000 4.961 146.670 -407.530
19.020 5.000 4.837 142.766 -373.850
19.030 5.000 4.669 138.994 -380.525
19.040 5.000 4.592 134.852 -447.920
19.050 5.000 4.462 130.505 -421.281
19.060 5.000 4.349 126.262 -427.426
19.070 5.000 4.342 122.378 -349.389
19.080 5.000 4.324 118.642 -397.828
19.090 5.000 4.295 114.925 -345.736
19.100 5.000 4.287 111.511 -336.830
19.110 5.000 4.300 108.214 -322.752
19.120 5.000 4.317 104.913 -337.456
19.130 5.000 4.373 101.637 -317.521
19.140 5.000 4.349 98.454 -319.314
19.150 5.000 4.308 95.278 -315.864
19.160 5.000 4.235 92.277 -284.075
19.170 5.000 4.193 89.384 -294.718
19.180 5.000 4.177 86.482 -285.672
19.190 5.000 4.184 83.668 -277.123
19.200 5.000 4.229 80.967 -263.010
19.210 5.000 4.385 78.420 -246.532
19.220 5.000 4.482 76.031 -231.263
19.230 5.000 4.674 73.629 -249.053
19.240 5.000 4.786 71.171 -242.591
19.250 5.000 4.709 69.016 -188.385
19.260 5.000 4.651 67.261 -162.593
19.270 5.000 4.745 65.602 -169.373
19.280 5.000 4.830 63.853 -180.398
19.290 5.000 4.857 61.998 -190.547
19.300 5.000 4.848 60.086 -191.960
19.310 5.000 4.865 58.129 -199.184
19.320 5.000 4.852 56.127 -201.405
19.330 5.000 4.830 54.121 -199.806
19.340 5.000 4.802 52.135 -197.353
19.350 5.000 4.777 50.191 -191.397
19.360 5.000 4.804 48.307 -185.435
19.370 5.000 4.779 46.458 -184.509
19.380 5.000 4.727 44.701 -166.817
19.390 5.000 4.758 43.087 -155.915
19.400 5.000 4.719 41.579 -145.665
19.410 5.000 4.676 40.208 -128.544
19.420 5.000 4.668 39.046 -103.894
19.430 5.000 4.660 38.064 -92.626
19.440 5.000 4.701 37.174 -85.227
19.450 5.000 4.715 36.313 -87.091
19.460 5.000 4.767 35.449 -85.574
19.470 5.000 4.831 34.542 -95.841
19.480 5.000 4.862 33.662 -80.186
19.490 5.000 4.844 32.920 -68.164
19.500 5.000 4.793 32.284 -59.215
19.510 5.000 4.784 31.680 -61.581
19.520 5.000 4.849 31.029 -68.631
19.530 5.000 4.910 30.362 -64.628
19.540 5.000 4.895 29.880 -31.799
19.550 5.000 4.877 29.554 -33.474
19.560 5.000 4.858 29.145 -48.208
19.570 5.000 4.910 28.642 -52.550
19.580 5.000 4.932 28.181 -39.525
19.590 5.000 4.933 27.836 -29.605
19.600 5.000 4.871 27.529 -31.669
19.610 5.000 4.940 27.241 -25.914
19.620 5.000 4.997 26.941 -34.041
19.630 5.000 4.924 26.680 -18.303
19.640 5.000 4.993 26.440 -29.647
19.650 5.000 4.984 26.098 -38.667
19.660 5.000 4.978 25.828 -15.411
19.670 5.000 4.934 25.678 -14.607
19.680 5.000 4.983 25.489 -23.227
19.690 5.000 5.026 25.286 -17.340
19.700 5.000 5.064 25.149 -10.100
19.710 5.000 5.026 25.058 -8.045
19.720 5.000 4.998 24.921 -19.279
19.730 5.000 5.021 24.725 -20.031
19.740 5.000 5.043 24.531 -18.665
19.750 5.000 4.998 24.409 -5.855
19.760 5.000 5.071 24.239 -28.065
19.770 5.000 5.049 24.026 -14.592
19.780 5.000 5.018 23.872 -16.243
19.790 5.000 4.979 23.698 -18.408
19.800 5.000 5.024 23.478 -25.593
19.810 5.000 5.054 23.228 -24.457
19.820 5.000 5.054 23.019 -17.431
19.830 5.000 4.976 22.813 -23.733
19.840 5.000 4.939 22.503 -38.183
19.850 5.000 5.038 22.182 -26.018
19.860 5.000 5.032 22.012 -8.058
19.870 5.000 4.976 21.805 -33.408
19.880 5.000 4.978 21.457 -36.209
19.890 5.000 4.949 21.155 -24.143
19.900 5.000 5.007 20.904 -26.082
19.910 5.000 4.984 20.673 -19.972
19.920 5.000 5.036 20.363 -42.151
19.930 5.000 4.971 20.115 -7.414
19.940 5.000 4.920 20.057 -4.151
19.950 5.000 4.909 19.922 -22.973
19.960 5.000 4.955 19.708 -19.795
19.970 5.000 5.090 19.493 -23.185
19.980 5.000 5.009 19.276 -20.081
19.990 5.000 4.903 19.010 -33.268
20.000 5.000 4.992 18.646 -39.541
20.010 5.000 5.002 18.436 -2.484
20.020 5.000 5.015 18.365 -11.722
20.030 5.000 4.990 18.211 -19.078
20.040 5.000 4.953 17.971 -28.932
20.050 5.000 4.984 17.720 -21.180
20.060 5.000 5.009 17.550 -12.732
20.070 5.000 5.012 17.397 -18.041
20.080 5.000 5.049 17.154 -30.434
20.090 5.000 5.057 16.952 -9.899
20.100 5.000 4.998 16.857 -9.104
20.110 5.000 5.001 16.676 -27.155
20.120 5.000 5.050 16.401 -27.881
20.130 5.000 5.115 16.149 -22.465
20.140 5.000 5.011 15.889 -29.589
20.150 5.000 4.960 15.595 -29.234
20.160 5.000 5.039 15.311 -27.495
20.170 5.000 5.016 15.063 -22.068
20.180 5.000 5.027 14.814 -27.811
20.190 5.000 4.947 14.525 -30.054
20.200 5.000 4.948 14.214 -32.010
20.210 5.000 4.964 14.020 -6.834
20.220 5.000 4.968 13.989 0.535
20.230 5.000 4.948 13.888 -20.689
20.240 5.000 4.987 13.690 -18.809
20.250 5.000 5.019 13.518 -15.688
20.260 5.000 4.928 13.283 -31.331
20.270 5.000 4.981 12.950 -35.192
20.280 5.000 5.049 12.683 -18.214
20.290 5.000 5.010 12.593 0.269
20.300 5.000 5.009 12.500 -18.953
20.310 5.000 4.956 12.232 -34.641
20.320 5.000 4.970 12.042 -3.356
20.330 5.000 5.066 11.998 -5.529
20.340 5.000 5.001 11.921 -9.819
20.350 5.000 4.948 11.794 -15.583
20.360 5.000 4.961 11.614 -20.480
20.370 5.000 4.992 11.422 -17.908
20.380 5.000 4.972 11.265 -13.495
20.390 5.000 5.074 11.026 -34.199
20.400 5.000 5.065 10.759 -19.152
20.410 5.000 5.009 10.608 -11.106
20.420 5.000 4.936 10.450 -20.549
20.430 5.000 5.003 10.255 -18.531
20.440 5.000 5.102 10.141 -4.094
20.450 5.000 5.043 10.043 -15.649
20.460 5.000 4.996 9.838 -25.323
20.470 5.000 4.990 9.541 -34.035
20.480 5.000 5.040 9.264 -21.344
20.490 5.000 5.008 9.077 -16.166
20.500 5.000 4.999 8.896 -19.968
20.510 5.000 4.977 8.630 -33.258
20.520 5.000 4.960 8.359 -20.879
20.530 5.000 4.965 8.164 -18.149
20.540 5.000 5.009 7.899 -34.800
20.550 5.000 5.011 7.586 -27.861
20.560 5.000 5.008 7.366 -16.059
20.570 5.000 4.907 7.290 0.708
20.580 5.000 4.929 7.261 -6.449
20.590 5.000 5.057 7.099 -26.012
20.600 5.000 5.044 6.883 -17.069
20.610 5.000 4.989 6.727 -14.098
20.620 5.000 4.981 6.559 -19.538
20.630 5.000 4.968 6.332 -25.979
20.640 5.000 5.004 6.144 -11.606
20.650 5.000 5.041 5.990 -19.138
20.660 5.000 4.956 5.774 -23.971
20.670 5.000 5.031 5.499 -31.083
20.680 5.000 5.027 5.251 -18.438
20.690 5.000 5.009 5.095 -12.910
20.700 8.000 5.029 4.897 -26.626
20.710 11.000 5.377 5.241 95.396
20.720 14.000 7.092 7.072 270.807
20.730 17.000 10.755 10.708 456.363
20.740 20.000 17.693 16.737 749.284
20.750 23.000 28.938 24.915 886.567
20.760 26.000 38.572 33.759 882.260
20.770 29.000 40.010 41.338 633.500
20.780 32.001 38.014 45.775 253.627
20.790 35.000 22.099 45.325 -343.690
20.800 35.000 6.068 44.278 134.385
20.810 35.000 11.235 47.873 584.127
20.820 35.000 26.370 54.968 835.835
20.830 35.000 39.223 64.334 1037.205
20.840 35.000 40.024 75.039 1103.733
20.850 35.000 40.031 85.111 909.951
20.860 35.000 40.033 93.672 802.578
20.870 35.000 40.022 100.930 648.164
20.880 35.000 40.028 106.663 498.930
20.890 35.000 40.027 110.592 287.023
20.900 35.000 32.815 111.710 -63.567
20.910 35.000 19.172 111.059 -66.550
20.920 35.000 15.395 112.352 325.133
20.930 35.000 23.426 117.340 672.208
20.940 35.000 38.617 125.486 957.795
20.950 35.000 40.027 135.704 1085.755
20.960 35.000 40.036 145.933 959.949
20.970 35.000 40.034 154.394 731.682
20.980 35.000 40.034 161.360 661.417
20.990 35.000 40.033 167.049 476.357
21.000 35.000 40.035 170.856 285.091
21.010 35.000 37.586 172.448 33.471
21.020 35.000 23.615 171.372 -248.626
21.030 35.000 17.278 170.182 10.722
21.040 35.000 24.885 172.229 398.657
21.050 35.000 36.144 178.022 759.947
21.060 35.000 40.026 187.224 1080.195
21.070 35.000 40.037 198.062 1087.370
21.080 35.000 40.039 207.943 888.664
21.090 35.000 40.040 215.850 692.734
21.100 35.000 40.037 222.368 611.134
21.110 35.000 40.040 227.602 435.139
21.120 35.000 40.024 230.226 90.068
21.130 35.000 33.396 229.780 -179.395
21.140 35.000 21.355 227.633 -249.977
21.150 35.000 22.358 226.376 -1.290
21.160 35.000 30.953 228.329 391.892
21.170 35.000 39.856 234.113 764.531
21.180 35.000 40.022 242.267 866.889
21.190 35.000 40.028 250.496 778.371
21.200 35.000 40.027 257.140 550.922
21.210 35.000 40.038 261.938 408.390
21.220 35.000 40.036 264.846 173.232
21.230 35.000 38.854 265.081 -126.246
21.240 35.000 26.105 262.241 -441.883
21.250 35.000 21.385 259.013 -203.549
21.260 35.000 26.270 258.571 115.233
21.270 35.000 36.626 261.564 483.269
21.280 35.000 40.025 267.729 749.419
21.290 35.000 40.035 275.518 808.328
21.300 35.000 40.036 282.660 620.054
21.310 35.000 40.040 287.689 386.054
21.320 35.000 40.039 290.550 186.084
21.330 35.000 37.853 290.868 -122.360
21.340 35.000 27.636 288.420 -367.516
21.350 35.000 24.968 285.465 -223.378
21.360 35.000 28.845 284.597 49.771
21.370 35.000 37.206 286.380 306.680
21.380 35.000 40.014 290.359 489.836
