# covent_pc_1
# Captured 2020-07-31 17:22:20.341275 by unknown user
# Built at revision 4f5d3bd (dirty)
time(sec) pc_setpoint pressure volume net_flow
0.000 5.000 4.533 -17.156 -14.245
0.010 5.000 4.596 -17.194 6.649
0.020 5.000 4.542 -17.033 25.697
0.030 5.000 4.596 -16.652 50.429
0.040 5.000 4.616 -16.029 74.263
0.050 5.000 4.734 -15.293 72.773
0.060 5.000 4.689 -14.505 84.849
0.070 5.000 4.725 -13.622 91.749
0.080 5.000 4.826 -12.614 109.922
0.090 5.000 4.809 -11.405 131.812
0.100 5.000 4.795 -10.032 142.951
0.110 5.000 4.874 -8.635 136.336
0.120 5.000 5.048 -7.352 120.424
0.130 5.000 4.941 -6.034 143.001
0.140 5.000 4.900 -4.520 159.865
0.150 5.000 5.012 -3.064 131.345
0.160 5.000 5.057 -1.657 150.064
0.170 5.000 5.025 -0.124 156.445
0.180 5.000 5.184 1.262 120.857
0.190 5.000 5.103 2.489 124.465
0.200 5.000 5.029 3.820 141.771
0.210 5.000 5.137 5.161 126.562
0.220 5.000 5.210 6.419 124.885
0.230 5.000 5.150 7.685 128.384
0.240 5.000 5.117 8.882 110.951
0.250 5.000 5.165 9.960 104.628
0.260 5.000 5.171 11.024 108.293
0.270 5.000 5.224 12.063 99.410
0.280 5.000 5.286 12.998 87.694
0.290 5.000 5.208 13.814 75.407
0.300 5.000 5.203 14.592 80.204
0.310 5.000 5.236 15.404 82.222
0.320 5.000 5.231 16.172 71.489
0.330 5.000 5.245 16.756 45.200
0.340 5.000 5.217 17.255 54.554
0.350 5.000 5.264 17.754 45.274
0.360 5.000 5.231 18.163 36.531
0.370 5.000 5.277 18.401 11.080
0.380 5.000 5.281 18.599 28.456
0.390 5.000 5.336 18.853 22.423
0.400 5.000 5.263 18.988 4.602
0.410 5.000 5.202 18.963 -9.630
0.420 5.000 5.286 18.799 -23.228
0.430 5.000 5.304 18.648 -6.955
0.440 5.000 5.184 18.554 -11.794
0.450 5.000 5.155 18.399 -19.284
0.460 5.000 5.246 18.122 -36.034
0.470 5.000 5.237 17.812 -26.024
0.480 5.000 5.218 17.490 -38.283
0.490 5.000 5.120 17.131 -33.606
0.500 5.000 5.164 16.666 -59.247
0.510 5.000 5.176 16.082 -57.705
0.520 5.000 5.183 15.531 -52.549
0.530 5.000 5.090 15.040 -45.548
0.540 5.000 5.032 14.613 -39.938
0.550 5.000 5.021 14.138 -54.998
0.560 5.000 5.118 13.567 -59.126
0.570 5.000 5.076 12.941 -66.138
0.580 5.000 5.056 12.256 -70.816
0.590 5.000 4.976 11.640 -52.355
0.600 5.000 4.921 11.095 -56.736
0.610 5.000 5.006 10.417 -78.815
0.620 5.000 5.050 9.634 -77.807
0.630 5.000 4.987 8.987 -51.586
0.640 5.000 4.931 8.494 -47.016
0.650 5.000 4.884 8.009 -50.022
0.660 5.000 4.914 7.443 -63.205
0.670 5.000 4.987 6.818 -61.710
0.680 5.000 4.985 6.220 -57.952
0.690 5.000 4.885 5.722 -41.654
0.700 5.000 4.828 5.342 -34.258
0.710 5.000 4.891 4.894 -55.315
0.720 5.000 4.964 4.333 -57.035
0.730 5.000 4.989 3.821 -45.346
0.740 5.000 4.873 3.455 -27.893
0.750 6.000 4.785 3.172 -28.664
0.760 7.000 4.875 2.969 -11.800
0.770 8.000 5.168 3.020 21.925
0.780 9.000 5.447 3.650 104.142
0.790 10.000 6.090 5.340 233.828
0.800 11.000 6.806 8.385 375.161
0.810 12.000 7.516 13.026 552.923
0.820 13.000 9.868 19.764 794.857
0.830 14.000 11.747 28.850 1022.000
0.840 15.000 14.444 39.574 1123.078
0.850 15.000 15.022 52.853 1532.695
0.860 15.000 15.099 66.226 1141.886
0.870 15.000 15.316 77.954 1203.790
0.880 15.000 15.622 91.069 1419.124
0.890 15.000 15.509 103.942 1155.751
0.900 15.000 15.057 116.441 1344.083
0.910 15.000 16.129 128.921 1151.929
0.920 15.000 15.959 140.451 1153.907
0.930 15.000 15.999 153.014 1358.170
0.940 15.000 16.288 165.803 1200.258
0.950 15.000 16.939 177.147 1068.689
0.960 15.000 16.414 188.320 1165.927
0.970 15.000 16.623 199.878 1145.599
0.980 15.000 15.248 211.704 1219.557
0.990 15.000 15.396 223.684 1176.083
1.000 15.000 16.055 234.753 1038.166
1.010 15.000 16.610 244.616 934.037
1.020 15.000 15.637 254.173 977.776
1.030 15.000 15.868 263.800 947.618
1.040 15.000 15.815 273.227 937.196
1.050 15.000 15.773 282.429 903.509
1.060 15.000 15.632 290.980 807.000
1.070 15.000 15.575 298.909 777.824
1.080 15.000 14.179 306.518 744.992
1.090 15.000 14.556 313.409 633.160
1.100 15.000 14.339 320.182 721.386
1.110 15.000 14.796 327.143 670.621
1.120 15.000 15.271 333.777 656.488
1.130 15.000 14.838 340.455 679.116
1.140 15.000 14.920 347.630 755.879
1.150 15.000 15.376 354.601 638.159
1.160 15.000 15.305 361.077 657.207
1.170 15.000 15.654 367.744 676.011
1.180 15.000 15.409 374.330 641.485
1.190 15.000 15.409 380.984 688.645
1.200 15.000 15.110 387.699 654.964
1.210 15.000 15.007 394.447 694.686
1.220 15.000 15.133 401.021 619.624
1.230 15.000 15.069 407.419 660.182
1.240 15.000 14.943 413.737 603.520
1.250 15.000 15.465 419.597 568.538
1.260 15.000 15.651 425.140 540.190
1.270 15.000 15.261 430.365 504.551
1.280 15.000 15.313 434.961 414.557
1.290 15.000 15.221 439.157 424.963
1.300 15.000 15.291 443.465 436.570
1.310 15.000 14.483 447.947 459.953
1.320 15.000 15.126 452.091 368.870
1.330 15.000 15.020 455.844 381.665
1.340 15.000 14.810 459.562 361.595
1.350 15.000 15.365 463.449 416.230
1.360 15.000 15.414 467.308 355.534
1.370 15.000 15.517 470.692 320.921
1.380 15.000 14.840 474.086 358.257
1.390 15.000 14.823 477.607 345.817
1.400 15.000 15.532 480.649 262.605
1.410 15.000 15.241 483.370 281.619
1.420 15.000 15.137 486.267 297.837
1.430 15.000 15.172 489.022 253.184
1.440 15.000 15.006 491.456 233.576
1.450 15.000 14.994 493.758 226.752
1.460 15.000 15.315 495.865 194.694
1.470 15.000 15.280 497.808 194.023
1.480 15.000 14.996 499.779 200.008
1.490 15.000 14.991 501.824 209.114
1.500 15.000 15.175 503.763 178.604
1.510 15.000 15.139 505.520 172.903
1.520 15.000 15.244 507.089 140.832
1.530 15.000 15.135 508.465 134.325
1.540 15.000 15.088 509.860 144.734
1.550 15.000 15.139 511.283 139.760
1.560 15.000 15.062 512.634 130.582
1.570 15.000 15.259 513.693 81.089
1.580 15.000 15.179 514.613 102.876
1.590 15.000 15.108 515.542 82.985
1.600 15.000 15.297 516.226 53.881
1.610 15.000 15.216 516.804 61.626
1.620 15.000 15.121 517.399 57.506
1.630 15.000 15.230 518.026 67.881
1.640 15.000 15.277 518.577 42.319
1.650 15.000 15.035 518.982 38.650
1.660 15.000 15.088 519.375 40.029
1.670 15.000 15.213 519.769 38.802
1.680 15.000 14.984 520.097 26.670
1.690 15.000 15.045 520.328 19.533
1.700 15.000 15.182 520.525 19.863
1.710 15.000 14.959 520.722 19.492
1.720 15.000 15.161 520.828 1.842
1.730 15.000 15.133 520.843 1.121
1.740 15.000 15.077 520.771 -15.586
1.750 5.000 15.053 520.706 2.560
1.760 5.000 14.320 518.472 -449.338
1.770 5.000 11.115 513.016 -641.443
1.780 5.000 11.717 506.369 -688.488
1.790 5.000 11.193 499.521 -681.133
1.800 5.000 11.441 493.335 -555.538
1.810 5.000 11.574 487.737 -564.380
1.820 5.000 11.122 482.144 -554.326
1.830 5.000 10.892 476.612 -552.175
1.840 5.000 10.805 470.642 -641.771
1.850 5.000 10.533 464.139 -658.796
1.860 5.000 10.509 457.777 -613.512
1.870 5.000 10.679 451.874 -567.323
1.880 5.000 10.140 446.637 -480.005
1.890 5.000 10.386 441.021 -643.166
1.900 5.000 10.153 435.061 -548.831
1.910 5.000 10.037 429.156 -632.245
1.920 5.000 9.958 422.829 -632.706
1.930 5.000 10.185 417.094 -514.680
1.940 5.000 9.935 411.773 -549.270
1.950 5.000 9.636 406.514 -502.462
1.960 5.000 9.843 400.572 -686.296
1.970 5.000 9.490 394.557 -516.700
1.980 5.000 9.486 389.468 -500.704
1.990 5.000 9.443 384.516 -490.141
2.000 5.000 9.266 378.958 -621.545
2.010 5.000 9.135 373.308 -508.423
2.020 5.000 9.069 368.319 -489.418
2.030 5.000 9.000 363.065 -561.140
2.040 5.000 8.948 357.175 -617.027
2.050 5.000 8.775 351.608 -496.432
2.060 5.000 8.637 346.654 -494.433
2.070 5.000 8.501 341.863 -463.714
2.080 5.000 8.609 337.162 -476.488
2.090 5.000 8.483 332.384 -479.107
2.100 5.000 8.478 327.652 -466.972
2.110 5.000 8.428 322.816 -500.304
2.120 5.000 8.351 318.042 -454.663
2.130 5.000 8.161 313.492 -455.411
2.140 5.000 8.160 308.243 -594.427
2.150 5.000 8.061 302.836 -486.962
2.160 5.000 8.020 297.553 -569.539
2.170 5.000 7.955 292.391 -463.085
2.180 5.000 7.901 287.953 -424.454
2.190 5.000 7.817 283.735 -419.123
2.200 5.000 7.805 279.471 -433.500
2.210 5.000 7.582 275.008 -459.227
2.220 5.000 7.546 269.956 -551.124
2.230 5.000 7.678 264.950 -450.135
2.240 5.000 7.416 260.398 -460.376
2.250 5.000 7.450 255.853 -448.662
2.260 5.000 7.267 251.306 -460.715
2.270 5.000 7.073 246.269 -546.595
2.280 5.000 6.950 240.894 -528.526
2.290 5.000 7.004 235.901 -469.992
2.300 5.000 6.877 231.411 -428.040
2.310 5.000 6.807 227.123 -429.605
2.320 5.000 6.826 222.281 -538.748
2.330 5.000 6.712 217.462 -424.952
2.340 5.000 6.536 213.143 -438.893
2.350 5.000 6.584 209.039 -381.885
2.360 5.000 6.476 204.512 -523.671
2.370 5.000 6.478 199.833 -412.103
2.380 5.000 6.310 195.750 -404.485
2.390 5.000 6.335 192.208 -382.561
2.400 5.000 6.220 188.093 -440.376
2.410 5.000 6.155 182.819 -518.793
2.420 5.000 6.090 177.630 -519.089
2.430 5.000 6.065 173.134 -380.017
2.440 5.000 5.890 169.290 -388.733
2.450 5.000 5.844 164.875 -494.409
2.460 5.000 6.021 160.483 -383.812
2.470 5.000 5.738 156.695 -373.508
2.480 5.000 5.725 152.514 -463.119
2.490 5.000 5.646 148.774 -367.685
2.500 5.000 5.623 144.606 -390.142
2.510 5.000 5.519 140.615 -408.260
2.520 5.000 5.562 136.682 -378.449
2.530 5.000 5.421 132.939 -369.999
2.540 5.000 5.367 128.947 -428.652
2.550 5.000 5.307 124.536 -453.395
2.560 5.000 5.245 120.465 -360.837
2.570 5.000 5.155 116.417 -448.824
2.580 5.000 5.169 112.356 -363.322
2.590 5.000 5.031 108.670 -373.879
2.600 5.000 5.077 104.806 -398.899
2.610 5.000 4.972 100.965 -369.413
2.620 5.000 4.821 97.238 -375.672
2.630 5.000 4.913 93.528 -366.652
2.640 5.000 4.768 89.923 -354.193
2.650 5.000 4.733 86.358 -358.606
2.660 5.000 4.707 82.301 -453.030
2.670 5.000 4.584 78.251 -357.156
2.680 5.000 4.615 74.582 -376.226
2.690 5.000 4.545 70.590 -422.556
2.700 5.000 4.600 66.722 -350.866
2.710 5.000 4.549 63.381 -317.454
2.720 5.000 4.506 59.815 -395.700
2.730 5.000 4.527 56.084 -350.675
2.740 5.000 4.466 52.755 -315.132
2.750 5.000 4.479 49.401 -355.574
2.760 5.000 4.506 45.953 -334.010
2.770 5.000 4.444 42.324 -391.773
2.780 5.000 4.484 38.912 -290.611
2.790 5.000 4.393 35.825 -326.928
2.800 5.000 4.415 32.675 -302.932
2.810 5.000 4.305 29.810 -270.097
2.820 5.000 4.248 27.103 -271.453
2.830 5.000 4.259 24.501 -248.833
2.840 5.000 4.286 21.980 -255.430
2.850 5.000 4.417 19.457 -249.132
2.860 5.000 4.443 17.155 -211.332
2.870 5.000 4.466 15.174 -184.846
2.880 5.000 4.518 13.219 -206.113
2.890 5.000 4.534 11.027 -232.340
2.900 5.000 4.553 8.741 -224.840
2.910 5.000 4.617 6.531 -217.225
2.920 5.000 4.523 4.517 -185.524
2.930 5.000 4.543 2.743 -169.370
2.940 5.000 4.584 1.140 -151.204
2.950 5.000 4.588 -0.343 -145.409
2.960 5.000 4.569 -1.671 -120.253
2.970 5.000 4.636 -2.856 -116.619
2.980 5.000 4.514 -3.845 -81.165
2.990 5.000 4.410 -4.482 -46.370
3.000 5.000 4.430 -4.861 -29.302
3.010 5.000 4.415 -5.123 -23.215
3.020 5.000 4.481 -5.338 -19.712
3.030 5.000 4.644 -5.426 2.052
3.040 5.000 4.506 -5.351 12.966
3.050 5.000 4.515 -5.153 26.683
3.060 5.000 4.603 -4.795 44.850
3.070 5.000 4.673 -4.257 62.781
3.080 5.000 4.713 -3.505 87.708
3.090 5.000 4.749 -2.656 82.058
3.100 5.000 4.828 -1.804 88.296
3.110 5.000 4.734 -0.784 115.816
3.120 5.000 4.764 0.382 117.311
3.130 5.000 4.933 1.665 139.380
3.140 5.000 5.006 3.055 138.559
3.150 5.000 4.853 4.468 143.985
3.160 5.000 4.873 5.888 140.146
3.170 5.000 5.011 7.261 134.341
3.180 5.000 4.998 8.616 136.786
3.190 5.000 5.097 9.968 133.585
3.200 5.000 5.102 11.282 129.166
3.210 5.000 5.086 12.683 150.936
3.220 5.000 5.034 14.146 141.769
3.230 5.000 5.121 15.530 134.947
3.240 5.000 5.253 16.823 123.791
3.250 5.000 5.119 18.023 116.135
3.260 5.000 5.149 19.351 149.411
3.270 5.000 5.193 20.656 111.585
3.280 5.000 5.153 21.772 111.664
3.290 5.000 5.204 22.886 111.194
3.300 5.000 5.267 23.943 100.268
3.310 5.000 5.136 24.858 82.672
3.320 5.000 5.100 25.646 74.993
3.330 5.000 5.253 26.358 67.329
3.340 5.000 5.292 27.026 66.351
3.350 5.000 5.339 27.531 34.597
3.360 5.000 5.157 28.029 64.873
3.370 5.000 5.339 28.556 40.569
3.380 5.000 5.278 28.882 24.733
3.390 5.000 5.241 29.150 28.784
3.400 5.000 5.301 29.369 15.027
3.410 5.000 5.352 29.447 0.569
3.420 5.000 5.194 29.554 20.873
3.430 5.000 5.304 29.753 18.809
3.440 5.000 5.350 29.794 -10.436
3.450 5.000 5.297 29.634 -21.637
3.460 5.000 5.243 29.447 -15.813
3.470 5.000 5.186 29.237 -26.118
3.480 5.000 5.265 28.953 -30.741
3.490 5.000 5.361 28.584 -43.105
3.500 5.000 5.267 28.131 -47.505
3.510 5.000 5.139 27.668 -44.918
3.520 5.000 5.168 27.120 -64.733
3.530 5.000 5.283 26.411 -77.105
3.540 5.000 5.186 25.664 -72.280
3.550 5.000 5.086 24.992 -62.223
3.560 5.000 5.111 24.270 -82.187
3.570 5.000 5.022 23.444 -82.919
3.580 5.000 5.193 22.534 -99.072
3.590 5.000 5.121 21.554 -97.030
3.600 5.000 5.120 20.591 -95.537
3.610 5.000 4.982 19.781 -66.395
3.620 5.000 4.899 19.023 -85.280
3.630 5.000 4.970 18.118 -95.779
3.640 5.000 4.994 17.129 -101.936
3.650 5.000 5.078 16.086 -106.593
3.660 5.000 4.989 15.138 -83.038
3.670 5.000 4.883 14.373 -69.916
3.680 5.000 4.872 13.684 -67.992
3.690 5.000 4.853 12.911 -86.570
3.700 5.000 5.062 11.968 -102.128
3.710 5.000 4.992 11.012 -89.068
3.720 5.000 4.865 10.193 -74.512
3.730 5.000 4.802 9.515 -61.274
3.740 5.000 4.738 8.932 -55.354
3.750 5.000 4.941 8.239 -83.069
3.760 6.000 4.925 7.458 -73.261
3.770 7.000 4.944 6.947 -28.943
3.780 8.000 5.072 6.843 8.145
3.790 9.000 5.256 7.383 99.915
3.800 10.000 6.018 9.054 234.221
3.810 11.000 6.832 12.090 372.962
3.820 12.000 7.343 16.584 525.875
3.830 13.000 9.629 22.812 719.848
3.840 14.000 11.853 31.111 939.836
3.850 15.000 14.274 41.873 1212.679
3.860 15.000 14.285 54.377 1287.604
3.870 15.000 15.932 65.700 976.304
3.880 15.000 15.744 76.496 1184.231
3.890 15.000 16.008 88.244 1165.132
3.900 15.000 15.701 100.154 1216.081
3.910 15.000 15.938 112.412 1236.550
3.920 15.000 15.717 125.239 1328.333
3.930 15.000 15.386 137.572 1138.548
3.940 15.000 16.195 149.185 1184.208
3.950 15.000 15.784 160.910 1160.780
3.960 15.000 16.889 172.286 1114.399
3.970 15.000 15.863 183.858 1200.151
3.980 15.000 16.078 195.448 1117.283
3.990 15.000 15.000 206.907 1175.076
4.000 15.000 15.984 218.073 1058.073
4.010 15.000 16.195 228.615 1050.498
4.020 15.000 15.426 239.390 1103.750
4.030 15.000 15.611 250.653 1149.617
4.040 15.000 16.539 261.088 937.078
4.050 15.000 16.167 270.711 987.035
4.060 15.000 15.907 280.146 900.785
4.070 15.000 14.759 289.414 952.820
4.080 15.000 15.288 298.747 913.788
4.090 15.000 15.092 307.563 849.464
4.100 15.000 16.080 315.586 754.867
4.110 15.000 14.286 323.217 771.551
4.120 15.000 15.060 330.603 705.598
4.130 15.000 15.271 337.703 714.498
4.140 15.000 14.495 344.832 711.381
4.150 15.000 14.700 351.914 704.943
4.160 15.000 15.121 358.766 665.324
4.170 15.000 15.274 365.558 693.215
4.180 15.000 15.028 372.369 669.070
4.190 15.000 14.528 379.559 768.932
4.200 15.000 15.006 386.819 682.938
4.210 15.000 15.516 393.674 688.179
4.220 15.000 15.443 400.545 685.769
4.230 15.000 15.879 407.336 672.606
4.240 15.000 15.163 413.899 640.133
4.250 15.000 15.463 420.027 585.389
4.260 15.000 15.240 425.560 521.259
4.270 15.000 14.569 430.812 529.240
4.280 15.000 15.468 436.108 529.632
4.290 15.000 15.195 441.503 549.589
4.300 15.000 15.630 446.607 471.241
4.310 15.000 15.094 450.901 387.578
4.320 15.000 14.807 455.019 436.111
4.330 15.000 14.712 459.216 403.170
4.340 15.000 15.232 463.381 429.605
4.350 15.000 15.374 467.519 398.213
4.360 15.000 15.106 471.385 375.110
4.370 15.000 15.320 475.133 374.368
4.380 15.000 14.910 478.784 355.970
4.390 15.000 15.153 482.222 331.459
4.400 15.000 15.195 485.588 341.722
4.410 15.000 15.207 488.810 302.738
4.420 15.000 15.382 491.732 281.564
4.430 15.000 15.137 494.544 280.899
4.440 15.000 15.156 497.138 237.960
4.450 15.000 15.025 499.471 228.419
4.460 15.000 15.204 501.654 208.425
4.470 15.000 15.268 503.705 201.791
4.480 15.000 15.302 505.734 204.031
4.490 15.000 15.143 507.626 174.324
4.500 15.000 15.140 509.318 164.113
4.510 15.000 15.079 510.871 146.417
4.520 15.000 15.143 512.231 125.676
4.530 15.000 15.260 513.424 112.950
4.540 15.000 15.254 514.545 111.272
4.550 15.000 15.209 515.569 93.446
4.560 15.000 15.053 516.473 87.414
4.570 15.000 15.161 517.277 73.239
4.580 15.000 15.163 517.994 70.180
4.590 15.000 15.072 518.728 76.665
4.600 15.000 15.108 519.498 77.272
4.610 15.000 15.307 520.153 53.738
4.620 15.000 15.017 520.706 56.977
4.630 15.000 15.004 521.141 29.903
4.640 15.000 15.187 521.486 39.165
4.650 15.000 15.067 521.842 31.991
4.660 15.000 14.983 522.264 52.358
4.670 15.000 15.271 522.763 47.449
4.680 15.000 15.055 523.156 31.223
4.690 15.000 15.028 523.298 -2.763
4.700 15.000 15.232 523.289 0.977
4.710 15.000 15.077 523.335 8.097
4.720 15.000 15.042 523.433 11.637
4.730 15.000 15.045 523.508 3.242
4.740 15.000 15.182 523.523 -0.129
4.750 15.000 15.085 523.517 -1.175
4.760 5.000 14.976 523.490 -4.129
4.770 5.000 14.475 521.328 -428.270
4.780 5.000 11.177 515.986 -640.321
4.790 5.000 11.780 509.139 -729.076
4.800 5.000 10.998 502.211 -656.750
4.810 5.000 11.581 496.185 -548.439
4.820 5.000 11.632 490.040 -680.511
4.830 5.000 11.278 483.836 -560.115
4.840 5.000 11.117 478.190 -569.107
4.850 5.000 10.650 472.220 -624.977
4.860 5.000 10.656 466.247 -569.746
4.870 5.000 10.596 460.927 -494.213
4.880 5.000 10.525 455.216 -647.999
4.890 5.000 10.593 449.056 -583.903
4.900 5.000 10.302 443.100 -607.426
4.910 5.000 10.186 436.771 -658.398
4.920 5.000 10.136 430.757 -544.179
4.930 5.000 9.918 425.532 -500.778
4.940 5.000 9.759 420.017 -602.388
4.950 5.000 9.819 413.833 -634.536
4.960 5.000 9.649 408.279 -476.184
4.970 5.000 9.514 402.663 -646.905
4.980 5.000 9.512 396.765 -532.870
4.990 5.000 9.279 391.729 -474.417
5.000 5.000 9.319 386.900 -491.004
5.010 5.000 9.194 381.945 -500.160
5.020 5.000 9.179 377.023 -484.395
5.030 5.000 8.835 371.584 -603.136
5.040 5.000 8.937 365.475 -618.800
5.050 5.000 8.809 360.038 -468.840
5.060 5.000 8.860 354.684 -601.838
5.070 5.000 8.721 349.543 -426.518
5.080 5.000 8.582 344.918 -498.257
5.090 5.000 8.455 339.833 -518.437
5.100 5.000 8.411 334.881 -472.389
5.110 5.000 8.326 329.489 -606.065
5.120 5.000 8.365 323.537 -583.447
5.130 5.000 8.125 318.224 -479.928
5.140 5.000 8.280 313.308 -503.349
5.150 5.000 8.025 308.262 -505.831
5.160 5.000 8.070 303.343 -477.989
5.170 5.000 7.931 298.781 -434.270
5.180 5.000 7.950 293.627 -596.636
5.190 5.000 7.750 287.793 -570.204
5.200 5.000 7.872 282.562 -475.991
5.210 5.000 7.985 277.808 -474.722
5.220 5.000 7.710 273.090 -469.076
5.230 5.000 7.731 268.620 -424.825
5.240 5.000 7.441 264.049 -489.088
5.250 5.000 7.435 258.680 -585.183
5.260 5.000 7.235 253.319 -486.930
5.270 5.000 7.284 248.682 -439.995
5.280 5.000 7.261 244.530 -390.794
5.290 5.000 7.196 239.636 -588.022
5.300 5.000 7.038 234.098 -519.220
5.310 5.000 6.951 228.981 -504.314
5.320 5.000 6.981 223.598 -572.425
5.330 5.000 6.777 218.232 -500.765
5.340 5.000 6.733 213.560 -433.759
5.350 5.000 6.706 209.347 -408.896
5.360 5.000 6.643 205.197 -421.125
5.370 5.000 6.599 200.838 -450.600
5.380 5.000 6.499 195.820 -553.028
5.390 5.000 6.363 190.893 -432.478
5.400 5.000 6.341 186.261 -493.607
5.410 5.000 6.264 181.794 -400.014
5.420 5.000 6.190 177.673 -423.690
5.430 5.000 6.018 173.609 -389.526
5.440 5.000 6.117 169.564 -419.472
5.450 5.000 5.982 165.003 -492.447
5.460 5.000 6.008 160.020 -504.491
5.470 5.000 5.848 155.649 -369.673
5.480 5.000 5.857 151.975 -365.305
5.490 5.000 5.736 147.714 -486.581
5.500 5.000 5.692 143.159 -424.667
5.510 5.000 5.635 139.140 -379.240
5.520 5.000 5.574 134.882 -472.306
5.530 5.000 5.483 129.984 -507.177
5.540 5.000 5.487 125.482 -393.349
5.550 5.000 5.291 121.604 -382.129
5.560 5.000 5.338 117.969 -345.053
5.570 5.000 5.329 113.682 -512.225
5.580 5.000 5.174 108.740 -476.103
5.590 5.000 5.245 104.410 -389.991
5.600 5.000 5.089 100.112 -469.646
5.610 5.000 5.028 95.960 -360.846
5.620 5.000 4.991 92.352 -360.709
5.630 5.000 4.942 88.283 -452.994
5.640 5.000 4.856 84.265 -350.653
5.650 5.000 4.843 80.386 -425.158
5.660 5.000 4.727 75.997 -452.591
5.670 5.000 4.688 71.433 -460.264
5.680 5.000 4.628 67.306 -365.137
5.690 5.000 4.615 63.808 -334.408
5.700 5.000 4.513 60.414 -344.533
5.710 5.000 4.512 57.094 -319.401
5.720 5.000 4.596 53.775 -344.457
5.730 5.000 4.487 50.368 -336.940
5.740 5.000 4.503 47.031 -330.505
5.750 5.000 4.427 43.935 -288.703
5.760 5.000 4.414 40.897 -318.837
5.770 5.000 4.472 37.695 -321.556
5.780 5.000 4.399 34.577 -302.145
5.790 5.000 4.437 31.583 -296.501
5.800 5.000 4.410 28.464 -327.256
5.810 5.000 4.292 25.297 -306.311
5.820 5.000 4.372 22.376 -277.565
5.830 5.000 4.343 19.622 -273.477
5.840 5.000 4.308 16.907 -269.472
5.850 5.000 4.323 14.316 -248.705
5.860 5.000 4.321 11.877 -239.117
5.870 5.000 4.390 9.576 -221.137
5.880 5.000 4.423 7.510 -192.124
5.890 5.000 4.560 5.529 -204.148
5.900 5.000 4.471 3.281 -245.319
5.910 5.000 4.555 0.903 -230.433
5.920 5.000 4.558 -1.246 -199.288
5.930 5.000 4.589 -3.200 -191.481
5.940 5.000 4.590 -5.086 -185.817
5.950 5.000 4.544 -6.833 -163.598
5.960 5.000 4.625 -8.337 -137.094
5.970 5.000 4.631 -9.659 -127.225
5.980 5.000 4.523 -10.834 -107.817
5.990 5.000 4.460 -11.689 -63.145
6.000 5.000 4.415 -12.198 -38.661
6.010 5.000 4.426 -12.600 -41.893
6.020 5.000 4.469 -12.995 -36.975
6.030 5.000 4.541 -13.250 -13.987
6.040 5.000 4.613 -13.327 -1.526
6.050 5.000 4.507 -13.297 7.554
6.060 5.000 4.561 -13.147 22.356
6.070 5.000 4.649 -12.778 51.582
6.080 5.000 4.692 -12.208 62.319
6.090 5.000 4.689 -11.512 76.901
6.100 5.000 4.786 -10.756 74.277
6.110 5.000 4.718 -9.870 103.078
6.120 5.000 4.738 -8.801 110.699
6.130 5.000 4.903 -7.653 118.855
6.140 5.000 4.939 -6.464 119.002
6.150 5.000 4.972 -5.254 122.890
6.160 5.000 4.940 -4.024 123.163
6.170 5.000 4.987 -2.827 116.276
6.180 5.000 4.966 -1.567 135.614
6.190 5.000 5.057 -0.098 158.321
6.200 5.000 5.050 1.438 148.825
6.210 5.000 5.119 2.765 116.463
6.220 5.000 5.123 3.886 107.760
6.230 5.000 5.099 5.051 125.323
6.240 5.000 5.174 6.293 123.017
6.250 5.000 5.156 7.489 116.169
6.260 5.000 5.173 8.522 90.519
6.270 5.000 5.102 9.501 105.289
6.280 5.000 5.220 10.521 98.790
6.290 5.000 5.133 11.484 93.728
6.300 5.000 5.240 12.375 84.554
6.310 5.000 5.248 13.136 67.485
6.320 5.000 5.184 13.825 70.378
6.330 5.000 5.136 14.505 65.720
6.340 5.000 5.253 15.213 75.870
6.350 5.000 5.313 15.861 53.704
6.360 5.000 5.190 16.342 42.527
6.370 5.000 5.240 16.725 33.983
6.380 5.000 5.319 16.998 20.535
6.390 5.000 5.230 17.204 20.676
6.400 5.000 5.265 17.358 10.136
6.410 5.000 5.338 17.400 -1.741
6.420 5.000 5.264 17.391 0.043
6.430 5.000 5.232 17.365 -5.193
6.440 5.000 5.249 17.219 -24.173
6.450 5.000 5.336 16.954 -28.703
6.460 5.000 5.350 16.674 -27.302
6.470 5.000 5.271 16.403 -26.887
6.480 5.000 5.171 16.078 -38.173
6.490 5.000 5.271 15.605 -56.331
6.500 5.000 5.291 14.990 -66.837
6.510 5.000 5.188 14.368 -57.509
6.520 5.000 5.111 13.823 -51.525
6.530 5.000 5.127 13.255 -61.996
6.540 5.000 5.221 12.538 -81.504
6.550 5.000 5.216 11.667 -92.619
6.560 5.000 5.068 10.866 -67.695
6.570 5.000 5.078 10.206 -64.151
6.580 5.000 5.080 9.441 -88.777
6.590 5.000 5.108 8.498 -99.931
6.600 5.000 5.122 7.510 -97.774
6.610 5.000 5.050 6.611 -82.034
6.620 5.000 4.956 5.880 -64.049
6.630 5.000 4.948 5.125 -87.060
6.640 5.000 4.920 4.245 -88.829
6.650 5.000 5.013 3.276 -104.920
6.660 5.000 5.096 2.185 -113.354
6.670 5.000 4.947 1.189 -85.851
6.680 5.000 4.902 0.427 -66.617
6.690 5.000 4.827 -0.236 -65.901
6.700 5.000 4.909 -0.942 -75.302
6.710 5.000 4.988 -1.760 -88.394
6.720 5.000 4.938 -2.614 -82.368
6.730 5.000 4.835 -3.340 -62.710
6.740 5.000 4.830 -3.928 -54.892
6.750 5.000 4.774 -4.431 -45.876
6.760 5.000 4.935 -5.065 -80.804
6.770 6.000 4.902 -5.766 -59.418
6.780 7.000 4.934 -6.129 -13.192
6.790 8.000 4.978 -6.058 27.276
6.800 9.000 5.344 -5.348 114.910
6.810 10.000 6.117 -3.572 240.194
6.820 11.000 6.818 -0.607 352.788
6.830 11.999 7.508 3.983 565.275
6.840 13.000 9.713 10.623 762.555
6.850 14.000 11.595 19.671 1046.783
6.860 15.000 13.859 30.547 1128.984
6.870 15.000 15.653 42.502 1262.070
6.880 15.000 15.349 54.979 1233.274
6.890 15.000 15.072 68.046 1380.122
6.900 15.000 15.479 81.494 1309.420
6.910 15.000 15.387 94.260 1243.317
6.920 15.000 15.978 107.384 1381.996
6.930 15.000 15.036 122.568 1654.919
6.940 15.000 16.135 136.639 1159.556
6.950 15.000 16.457 149.254 1363.462
6.960 15.000 16.863 161.850 1155.632
6.970 15.000 16.754 172.891 1052.166
6.980 15.000 16.158 183.742 1118.403
6.990 15.000 15.737 195.932 1319.686
7.000 15.000 16.199 207.893 1072.496
7.010 15.000 16.377 218.533 1055.431
7.020 15.000 14.562 229.992 1236.387
7.030 15.000 17.098 241.225 1009.979
7.040 15.000 16.344 251.375 1019.489
7.050 15.000 15.646 260.903 886.779
7.060 15.000 15.401 269.841 900.813
7.070 15.000 15.564 278.421 815.416
7.080 15.000 14.841 286.543 808.874
7.090 15.000 14.798 294.790 840.521
7.100 15.000 14.905 303.371 875.821
7.110 15.000 14.723 311.904 830.713
7.120 15.000 14.126 320.841 956.662
7.130 15.000 15.255 329.622 799.701
7.140 15.000 15.077 337.628 801.499
7.150 15.000 15.902 345.342 741.138
7.160 15.000 15.803 352.914 772.867
7.170 15.000 15.095 361.019 848.736
7.180 15.000 15.708 368.468 640.899
7.190 15.000 15.631 375.311 727.416
7.200 15.000 14.482 382.557 722.344
7.210 15.000 15.111 389.087 583.312
7.220 15.000 14.705 395.196 638.441
7.230 15.000 14.983 401.339 590.549
7.240 15.000 15.557 407.156 572.665
7.250 15.000 15.286 413.076 611.523
7.260 15.000 15.501 418.507 474.660
7.270 15.000 15.121 423.582 540.268
7.280 15.000 14.793 428.797 502.709
7.290 15.000 15.541 433.521 442.131
7.300 15.000 15.273 437.786 410.967
7.310 15.000 14.957 442.190 469.517
7.320 15.000 15.277 446.715 435.705
7.330 15.000 15.200 450.699 360.927
7.340 15.000 14.776 454.519 403.089
7.350 15.000 15.310 458.114 316.224
7.360 15.000 15.239 461.609 382.690
7.370 15.000 14.801 465.196 334.667
7.380 15.000 15.231 468.591 344.392
7.390 15.000 15.254 472.041 345.403
7.400 15.000 15.123 475.325 311.657
7.410 15.000 15.034 478.180 259.288
7.420 15.000 15.050 480.942 293.060
7.430 15.000 14.873 483.899 298.287
7.440 15.000 15.311 486.805 282.931
7.450 15.000 15.139 489.635 283.062
7.460 15.000 15.063 492.338 257.457
7.470 15.000 14.858 495.031 281.384
7.480 15.000 15.338 497.771 266.503
7.490 15.000 15.348 500.305 240.424
7.500 15.000 15.139 502.525 203.411
7.510 15.000 15.022 504.649 221.466
7.520 15.000 15.312 506.715 191.662
7.530 15.000 15.139 508.606 186.571
7.540 15.000 15.283 510.272 146.626
7.550 15.000 15.120 511.693 137.562
7.560 15.000 15.097 513.179 159.784
7.570 15.000 15.124 514.731 150.466
7.580 15.000 15.062 516.264 156.167
7.590 15.000 15.303 517.622 115.545
7.600 15.000 15.227 518.679 95.759
7.610 15.000 15.285 519.576 83.651
7.620 15.000 15.033 520.436 88.332
7.630 15.000 15.294 521.181 60.651
7.640 15.000 15.135 521.842 71.689
7.650 15.000 15.069 522.526 65.044
7.660 15.000 15.204 523.154 60.627
7.670 15.000 15.131 523.727 53.842
7.680 15.000 15.072 524.209 42.697
7.690 15.000 15.041 524.578 30.972
7.700 15.000 15.233 524.823 18.003
7.710 15.000 15.214 524.900 -2.545
7.720 15.000 15.083 524.974 17.321
7.730 15.000 15.060 525.116 11.129
7.740 15.000 15.122 525.200 5.672
7.750 15.000 15.035 525.250 4.258
7.760 15.000 15.131 525.191 -16.049
7.770 5.000 15.058 525.019 -18.337
7.780 5.000 14.298 522.896 -406.251
7.790 5.000 11.259 517.786 -615.772
7.800 5.000 11.804 511.124 -716.561
7.810 5.000 11.174 504.319 -644.323
7.820 5.000 11.679 498.287 -562.270
7.830 5.000 11.516 492.016 -691.800
7.840 5.000 10.994 485.860 -539.435
7.850 5.000 10.907 480.340 -564.690
7.860 5.000 10.620 474.802 -542.739
7.870 5.000 10.719 468.909 -636.031
7.880 5.000 10.600 463.104 -524.936
7.890 5.000 10.439 457.810 -533.452
7.900 5.000 10.310 452.680 -493.003
7.910 5.000 10.170 447.145 -613.828
7.920 5.000 10.120 441.348 -545.309
7.930 5.000 10.157 436.087 -507.277
7.940 5.000 10.102 430.825 -545.167
7.950 5.000 9.906 425.477 -524.086
7.960 5.000 9.837 420.155 -540.606
7.970 5.000 9.801 414.849 -520.688
7.980 5.000 9.588 409.738 -501.472
7.990 5.000 9.557 404.112 -623.719
8.000 5.000 9.692 397.849 -628.899
8.010 5.000 9.462 391.735 -593.922
8.020 5.000 9.488 386.401 -473.011
8.030 5.000 9.326 380.852 -636.803
8.040 5.000 9.195 375.213 -490.544
8.050 5.000 8.986 370.455 -461.408
8.060 5.000 8.969 365.158 -598.010
8.070 5.000 8.889 359.085 -615.953
8.080 5.000 8.807 352.970 -607.654
8.090 5.000 8.664 347.401 -506.059
8.100 5.000 8.587 342.460 -481.888
8.110 5.000 8.568 337.532 -504.077
8.120 5.000 8.608 332.678 -466.383
8.130 5.000 8.408 327.971 -475.060
8.140 5.000 8.401 323.101 -499.202
8.150 5.000 8.188 317.618 -597.533
8.160 5.000 8.151 312.274 -471.174
8.170 5.000 8.059 306.938 -596.025
8.180 5.000 7.990 301.666 -458.340
8.190 5.000 8.068 297.007 -473.459
8.200 5.000 7.727 292.327 -462.713
8.210 5.000 7.801 287.161 -570.104
8.220 5.000 7.586 281.633 -535.853
8.230 5.000 7.534 276.494 -491.894
8.240 5.000 7.501 271.835 -439.880
8.250 5.000 7.498 267.217 -483.723
8.260 5.000 7.280 261.922 -575.290
8.270 5.000 7.385 256.697 -469.753
8.280 5.000 7.248 252.302 -409.303
8.290 5.000 7.103 247.532 -544.756
8.300 5.000 7.067 242.665 -428.415
8.310 5.000 7.040 238.596 -385.439
8.320 5.000 6.961 234.380 -457.784
8.330 5.000 6.894 229.874 -443.404
8.340 5.000 6.687 225.590 -413.449
8.350 5.000 6.784 220.974 -509.838
8.360 5.000 6.693 216.584 -368.056
8.370 5.000 6.431 211.942 -560.483
8.380 5.000 6.498 207.050 -417.870
8.390 5.000 6.399 203.017 -388.628
8.400 5.000 6.507 199.210 -372.936
8.410 5.000 6.275 194.777 -513.616
8.420 5.000 6.241 190.231 -395.619
8.430 5.000 6.128 185.855 -479.626
8.440 5.000 6.099 180.968 -497.293
8.450 5.000 5.999 176.428 -411.117
8.460 5.000 5.983 172.199 -434.773
8.470 5.000 5.923 167.946 -415.432
8.480 5.000 5.830 163.539 -466.242
8.490 5.000 5.862 159.099 -421.819
8.500 5.000 5.716 154.540 -489.884
8.510 5.000 5.669 149.709 -476.445
8.520 5.000 5.527 145.391 -387.099
8.530 5.000 5.555 141.785 -334.058
8.540 5.000 5.511 138.346 -353.826
8.550 5.000 5.285 134.087 -497.989
8.560 5.000 5.447 129.114 -496.283
8.570 5.000 5.278 124.797 -367.385
8.580 5.000 5.264 121.171 -357.708
8.590 5.000 5.180 117.581 -360.466
8.600 5.000 5.181 113.504 -454.923
8.610 5.000 4.977 108.927 -460.300
8.620 5.000 4.996 104.658 -393.042
8.630 5.000 4.973 100.395 -460.121
8.640 5.000 4.907 96.287 -361.536
8.650 5.000 4.775 92.555 -384.692
8.660 5.000 4.797 89.053 -315.921
8.670 5.000 4.672 85.805 -333.575
8.680 5.000 4.595 81.894 -448.823
8.690 5.000 4.682 77.686 -392.579
8.700 5.000 4.582 74.095 -325.662
8.710 5.000 4.599 70.713 -350.651
8.720 5.000 4.503 66.730 -445.967
8.730 5.000 4.433 62.770 -346.085
8.740 5.000 4.486 59.348 -338.378
8.750 5.000 4.553 55.887 -353.905
8.760 5.000 4.478 52.575 -308.491
8.770 5.000 4.429 49.522 -302.007
8.780 5.000 4.463 46.513 -299.752
8.790 5.000 4.340 43.641 -274.677
8.800 5.000 4.466 40.328 -387.785
8.810 5.000 4.392 36.993 -279.567
8.820 5.000 4.281 34.166 -285.672
8.830 5.000 4.253 31.387 -270.179
8.840 5.000 4.282 28.706 -265.877
8.850 5.000 4.291 26.131 -249.270
8.860 5.000 4.371 23.613 -254.411
8.870 5.000 4.376 21.191 -230.003
8.880 5.000 4.401 18.983 -211.443
8.890 5.000 4.480 16.828 -219.677
8.900 5.000 4.660 14.412 -263.463
8.910 5.000 4.493 12.052 -208.580
8.920 5.000 4.442 10.106 -180.625
8.930 5.000 4.468 8.443 -151.998
8.940 5.000 4.455 7.015 -133.632
8.950 5.000 4.571 5.716 -125.978
8.960 5.000 4.583 4.455 -126.419
8.970 5.000 4.554 3.241 -116.394
8.980 5.000 4.636 2.105 -110.805
8.990 5.000 4.593 1.114 -87.336
9.000 5.000 4.470 0.387 -57.965
9.010 5.000 4.507 -0.105 -40.530
9.020 5.000 4.474 -0.416 -21.666
9.030 5.000 4.439 -0.570 -9.068
9.040 5.000 4.581 -0.688 -14.663
9.050 5.000 4.565 -0.718 8.692
9.060 5.000 4.552 -0.510 33.014
9.070 5.000 4.740 -0.116 45.744
9.080 5.000 4.717 0.413 60.058
9.090 5.000 4.639 1.027 62.818
9.100 5.000 4.671 1.711 73.932
9.110 5.000 4.807 2.526 89.020
9.120 5.000 4.885 3.501 105.916
9.130 5.000 4.824 4.606 115.090
9.140 5.000 4.860 5.834 130.472
9.150 5.000 4.898 7.273 157.543
9.160 5.000 4.921 8.775 142.877
9.170 5.000 5.002 10.242 150.262
9.180 5.000 5.049 11.758 153.027
9.190 5.000 4.991 13.288 153.062
9.200 5.000 5.088 14.780 145.231
9.210 5.000 5.079 16.227 144.254
9.220 5.000 5.140 17.563 122.870
9.230 5.000 5.139 18.757 116.093
9.240 5.000 5.104 19.985 129.373
9.250 5.000 5.174 21.196 112.999
9.260 5.000 5.128 22.298 107.370
9.270 5.000 5.175 23.434 119.689
9.280 5.000 5.211 24.579 109.330
9.290 5.000 5.191 25.574 89.658
9.300 5.000 5.106 26.489 93.492
9.310 5.000 5.277 27.365 81.682
9.320 5.000 5.266 28.201 85.455
9.330 5.000 5.194 28.950 64.380
9.340 5.000 5.166 29.574 60.398
9.350 5.000 5.238 30.119 48.483
9.360 5.000 5.275 30.617 51.263
9.370 5.000 5.258 31.081 41.418
9.380 5.000 5.252 31.377 17.785
9.390 5.000 5.224 31.545 15.928
9.400 5.000 5.277 31.710 16.997
9.410 5.000 5.264 31.872 15.424
9.420 5.000 5.280 31.954 0.978
9.430 5.000 5.302 31.981 4.515
9.440 5.000 5.243 31.976 -5.558
9.450 5.000 5.251 31.737 -42.269
9.460 5.000 5.244 31.364 -32.403
9.470 5.000 5.257 31.096 -21.189
9.480 5.000 5.206 30.847 -28.491
9.490 5.000 5.213 30.531 -34.669
9.500 5.000 5.295 30.122 -47.197
9.510 5.000 5.242 29.651 -47.057
9.520 5.000 5.144 29.150 -53.160
9.530 5.000 5.157 28.578 -61.199
9.540 5.000 5.169 27.914 -71.625
9.550 5.000 5.131 27.244 -62.446
9.560 5.000 5.138 26.662 -53.969
9.570 5.000 5.033 26.085 -61.337
9.580 5.000 5.012 25.450 -65.596
9.590 5.000 5.091 24.751 -74.240
9.600 5.000 5.122 23.929 -90.252
9.610 5.000 5.037 23.096 -76.220
9.620 5.000 4.984 22.375 -68.096
9.630 5.000 4.987 21.729 -61.053
9.640 5.000 4.944 21.068 -71.076
9.650 5.000 5.012 20.231 -96.502
9.660 5.000 4.990 19.299 -89.799
9.670 5.000 4.981 18.490 -72.038
9.680 5.000 4.946 17.792 -67.433
9.690 5.000 4.903 17.097 -71.747
9.700 5.000 4.892 16.346 -78.309
9.710 5.000 5.006 15.566 -77.817
9.720 5.000 4.957 14.858 -63.657
9.730 5.000 4.957 14.261 -55.724
9.740 5.000 4.807 13.748 -46.992
9.750 5.000 4.821 13.242 -54.119
9.760 5.000 4.908 12.662 -61.936
9.770 5.000 4.895 12.117 -47.167
9.780 6.000 4.892 11.618 -52.487
9.790 7.000 4.842 11.253 -20.557
9.800 8.000 4.996 11.268 23.488
9.810 9.000 5.394 11.932 109.454
9.820 10.000 6.058 13.662 236.351
9.830 11.000 6.737 16.626 356.699
9.840 12.000 7.574 21.128 543.677
9.850 13.000 9.764 27.712 773.095
9.860 14.000 12.091 36.690 1022.533
9.870 15.000 14.154 47.398 1118.358
9.880 15.000 14.661 58.728 1148.667
9.890 15.000 14.934 71.056 1316.813
9.900 15.000 14.816 84.140 1298.909
9.910 15.000 15.712 96.745 1223.174
9.920 15.000 15.540 109.223 1272.515
9.930 15.000 15.766 121.960 1274.206
9.940 15.000 15.681 134.299 1194.113
9.950 15.000 15.927 146.550 1256.080
9.960 15.000 16.473 158.670 1167.924
9.970 15.000 16.291 169.990 1096.085
9.980 15.000 16.425 181.984 1302.721
9.990 15.000 17.135 194.544 1208.121
10.000 15.000 16.792 206.855 1254.840
10.010 15.000 16.029 218.935 1161.587
10.020 15.000 16.405 229.606 971.894
10.030 15.000 15.630 239.744 1056.526
10.040 15.000 15.510 249.842 963.155
10.050 15.000 15.083 260.164 1101.285
10.060 15.000 15.451 270.257 916.830
10.070 15.000 15.584 279.462 924.550
10.080 15.000 15.484 288.487 880.470
10.090 15.000 14.662 297.700 962.179
10.100 15.000 15.610 306.947 887.250
10.110 15.000 15.928 315.619 847.013
10.120 15.000 15.667 324.367 902.535
10.130 15.000 15.564 332.895 803.149
10.140 15.000 15.326 340.078 633.060
10.150 15.000 14.277 346.510 653.822
10.160 15.000 14.662 353.055 655.185
10.170 15.000 14.882 359.502 634.173
10.180 15.000 14.899 366.030 671.142
10.190 15.000 15.302 372.458 614.821
10.200 15.000 15.175 378.401 573.647
10.210 15.000 15.026 384.355 617.279
10.220 15.000 15.196 390.620 635.748
10.230 15.000 15.422 396.745 589.176
10.240 15.000 15.588 402.588 579.114
10.250 15.000 15.294 408.457 594.981
10.260 15.000 14.573 413.962 505.956
10.270 15.000 15.328 419.378 577.432
10.280 15.000 14.918 424.913 529.566
10.290 15.000 15.170 429.946 477.086
10.300 15.000 15.652 434.867 507.085
10.310 15.000 14.735 439.814 482.254
10.320 15.000 15.130 444.556 466.279
10.330 15.000 15.429 449.053 432.995
10.340 15.000 14.945 453.211 398.639
10.350 15.000 15.294 457.374 434.058
10.360 15.000 15.211 461.619 414.648
10.370 15.000 15.200 465.681 397.873
10.380 15.000 15.398 469.404 346.807
10.390 15.000 14.888 472.940 360.287
10.400 15.000 15.329 476.347 321.323
10.410 15.000 15.371 479.391 287.418
10.420 15.000 14.945 482.428 319.775
10.430 15.000 15.026 485.238 242.340
10.440 15.000 15.149 487.733 256.769
10.450 15.000 15.001 490.330 262.405
10.460 15.000 15.417 492.686 208.999
10.470 15.000 15.145 494.891 231.965
10.480 15.000 14.848 497.099 209.588
10.490 15.000 15.385 499.132 197.124
10.500 15.000 15.095 501.121 200.733
10.510 15.000 15.012 503.064 187.866
10.520 15.000 14.905 504.936 186.432
10.530 15.000 15.200 506.791 184.494
10.540 15.000 15.349 508.395 136.409
10.550 15.000 15.146 509.871 158.813
10.560 15.000 15.294 511.168 100.602
10.570 15.000 15.073 512.265 118.660
10.580 15.000 15.021 513.375 103.411
10.590 15.000 15.246 514.372 96.107
10.600 15.000 15.250 515.288 86.906
10.610 15.000 15.130 516.130 81.715
10.620 15.000 15.127 516.815 55.228
10.630 15.000 15.193 517.441 69.895
10.640 15.000 14.987 518.225 86.938
10.650 15.000 14.955 518.885 45.089
10.660 15.000 15.395 519.351 48.157
10.670 15.000 15.138 519.852 52.030
10.680 15.000 15.138 520.230 23.552
10.690 15.000 14.947 520.486 27.528
10.700 15.000 15.129 520.878 50.861
10.710 15.000 15.174 521.236 20.941
10.720 15.000 15.036 521.426 16.988
10.730 15.000 15.191 521.529 3.509
10.740 15.000 14.892 521.655 21.678
10.750 15.000 15.078 521.988 45.077
10.760 15.000 14.969 522.292 15.729
10.770 15.000 15.361 522.331 -8.032
10.780 5.000 15.134 522.253 -7.576
10.790 5.000 14.405 520.221 -398.777
10.800 5.000 10.975 514.912 -663.066
10.810 5.000 11.613 507.880 -743.250
10.820 5.000 11.262 500.975 -637.906
10.830 5.000 11.791 495.120 -533.135
10.840 5.000 11.706 489.484 -593.945
10.850 5.000 11.259 483.513 -600.268
10.860 5.000 10.943 477.254 -651.586
10.870 5.000 10.597 470.921 -614.602
10.880 5.000 10.718 465.040 -561.966
10.890 5.000 10.617 459.613 -523.476
10.900 5.000 10.698 454.257 -547.727
10.910 5.000 10.276 448.345 -634.737
10.920 5.000 10.182 441.923 -649.685
10.930 5.000 10.017 435.480 -638.830
10.940 5.000 10.363 429.499 -557.388
10.950 5.000 10.122 423.654 -611.711
10.960 5.000 10.081 417.874 -543.966
10.970 5.000 9.851 412.548 -521.480
10.980 5.000 9.602 406.765 -635.230
10.990 5.000 9.644 400.729 -571.933
11.000 5.000 9.424 395.496 -474.692
11.010 5.000 9.336 390.705 -483.404
11.020 5.000 9.276 385.238 -610.066
11.030 5.000 9.376 378.846 -668.387
11.040 5.000 9.096 372.488 -602.829
11.050 5.000 9.177 366.948 -505.445
11.060 5.000 8.939 362.026 -478.588
11.070 5.000 8.875 357.359 -455.295
11.080 5.000 8.638 352.433 -529.739
11.090 5.000 8.733 347.224 -511.736
11.100 5.000 8.566 342.210 -491.494
11.110 5.000 8.491 337.370 -476.457
11.120 5.000 8.462 331.875 -622.490
11.130 5.000 8.383 326.391 -474.363
11.140 5.000 8.394 321.661 -471.601
11.150 5.000 8.393 316.927 -475.306
11.160 5.000 8.197 312.301 -449.953
11.170 5.000 8.069 307.328 -544.489
11.180 5.000 7.979 301.716 -577.899
11.190 5.000 8.019 295.775 -610.371
11.200 5.000 7.949 290.239 -496.882
11.210 5.000 7.867 284.987 -553.462
11.220 5.000 7.546 279.953 -453.400
11.230 5.000 7.684 275.347 -467.950
11.240 5.000 7.584 270.747 -451.646
11.250 5.000 7.573 266.405 -417.066
11.260 5.000 7.404 261.532 -557.471
11.270 5.000 7.241 255.922 -564.058
11.280 5.000 7.276 250.714 -478.079
11.290 5.000 7.134 245.326 -599.421
11.300 5.000 7.226 240.166 -432.534
11.310 5.000 7.106 235.807 -439.346
11.320 5.000 6.909 231.586 -404.956
11.330 5.000 6.940 226.765 -559.156
11.340 5.000 6.961 221.244 -545.209
11.350 5.000 6.859 216.367 -430.191
11.360 5.000 6.788 212.115 -419.982
11.370 5.000 6.806 207.882 -426.813
11.380 5.000 6.660 203.513 -446.871
11.390 5.000 6.624 198.615 -532.785
11.400 5.000 6.596 193.781 -433.868
11.410 5.000 6.441 189.349 -452.760
11.420 5.000 6.278 184.562 -504.279
11.430 5.000 6.193 180.089 -390.645
11.440 5.000 6.201 176.064 -414.293
11.450 5.000 5.970 171.886 -420.934
11.460 5.000 6.072 167.607 -435.232
11.470 5.000 5.931 163.390 -408.372
11.480 5.000 5.772 158.921 -485.439
11.490 5.000 5.750 154.656 -367.507
11.500 5.000 5.809 150.859 -391.927
11.510 5.000 5.671 146.392 -501.420
11.520 5.000 5.639 141.877 -401.489
11.530 5.000 5.515 137.813 -411.402
11.540 5.000 5.485 133.383 -474.651
11.550 5.000 5.384 128.535 -494.883
11.560 5.000 5.429 124.133 -385.422
11.570 5.000 5.250 119.745 -492.347
11.580 5.000 5.224 115.480 -360.475
11.590 5.000 5.124 111.222 -491.291
11.600 5.000 5.153 106.895 -374.205
11.610 5.000 5.062 102.515 -501.643
11.620 5.000 4.989 98.101 -381.059
11.630 5.000 4.914 94.279 -383.401
11.640 5.000 4.954 90.475 -377.409
11.650 5.000 4.791 86.251 -467.505
11.660 5.000 4.769 81.626 -457.374
11.670 5.000 4.703 76.931 -481.668
11.680 5.000 4.670 72.954 -313.843
11.690 5.000 4.505 69.779 -321.078
11.700 5.000 4.611 66.293 -376.073
11.710 5.000 4.481 62.247 -433.222
11.720 5.000 4.591 58.328 -350.459
11.730 5.000 4.460 54.977 -319.812
11.740 5.000 4.469 51.681 -339.406
11.750 5.000 4.442 48.314 -333.960
11.760 5.000 4.477 44.945 -339.888
11.770 5.000 4.437 41.687 -311.670
11.780 5.000 4.412 38.651 -295.579
11.790 5.000 4.431 35.647 -304.991
11.800 5.000 4.344 32.643 -296.181
11.810 5.000 4.345 29.638 -304.694
11.820 5.000 4.263 26.700 -282.786
11.830 5.000 4.297 23.913 -274.767
11.840 5.000 4.202 21.218 -264.022
11.850 5.000 4.310 18.579 -263.748
11.860 5.000 4.299 16.026 -247.030
11.870 5.000 4.467 13.642 -229.857
11.880 5.000 4.354 11.556 -187.271
11.890 5.000 4.386 9.792 -165.598
11.900 5.000 4.460 8.025 -187.728
11.910 5.000 4.565 6.153 -186.711
11.920 5.000 4.575 4.343 -175.303
11.930 5.000 4.544 2.668 -159.717
11.940 5.000 4.532 1.204 -133.126
11.950 5.000 4.525 -0.012 -110.121
11.960 5.000 4.502 -0.970 -81.306
11.970 5.000 4.478 -1.660 -56.815
11.980 5.000 4.396 -2.223 -55.709
11.990 5.000 4.412 -2.740 -47.642
12.000 5.000 4.486 -3.184 -41.275
12.010 5.000 4.522 -3.540 -29.807
12.020 5.000 4.589 -3.768 -15.884
12.030 5.000 4.516 -3.893 -9.165
12.040 5.000 4.606 -3.822 23.357
12.050 5.000 4.694 -3.513 38.547
12.060 5.000 4.621 -3.149 34.204
12.070 5.000 4.689 -2.638 68.067
12.080 5.000 4.794 -1.962 67.175
12.090 5.000 4.751 -1.250 75.154
12.100 5.000 4.706 -0.398 95.318
12.110 5.000 4.801 0.609 106.007
12.120 5.000 4.922 1.699 111.842
12.130 5.000 4.962 2.996 147.741
12.140 5.000 4.903 4.331 119.231
12.150 5.000 4.967 5.511 116.773
12.160 5.000 5.019 6.716 124.271
12.170 5.000 5.089 7.936 119.625
12.180 5.000 5.035 9.174 128.006
12.190 5.000 5.108 10.389 114.963
12.200 5.000 5.047 11.516 110.439
12.210 5.000 5.165 12.573 101.110
12.220 5.000 5.176 13.684 121.024
12.230 5.000 5.208 14.797 101.530
12.240 5.000 5.169 15.815 102.146
12.250 5.000 5.264 16.795 93.852
12.260 5.000 5.205 17.763 99.680
12.270 5.000 5.174 18.676 83.025
12.280 5.000 5.288 19.473 76.258
12.290 5.000 5.330 20.199 69.003
12.300 5.000 5.265 20.680 27.249
12.310 5.000 5.194 20.918 20.336
12.320 5.000 5.285 21.114 18.899
12.330 5.000 5.313 21.298 17.902
12.340 5.000 5.342 21.393 1.118
12.350 5.000 5.307 21.425 5.153
12.360 5.000 5.282 21.499 9.729
12.370 5.000 5.250 21.583 6.994
12.380 5.000 5.259 21.556 -12.422
12.390 5.000 5.237 21.328 -33.067
12.400 5.000 5.359 20.960 -40.596
12.410 5.000 5.247 20.636 -24.235
12.420 5.000 5.193 20.358 -31.402
12.430 5.000 5.239 19.971 -45.873
12.440 5.000 5.299 19.480 -52.331
12.450 5.000 5.233 18.991 -45.503
12.460 5.000 5.143 18.446 -63.579
12.470 5.000 5.131 17.751 -75.268
12.480 5.000 5.224 17.022 -70.511
12.490 5.000 5.221 16.278 -78.447
12.500 5.000 5.044 15.508 -75.435
12.510 5.000 5.047 14.720 -82.172
12.520 5.000 5.016 13.879 -85.984
12.530 5.000 5.114 12.993 -91.351
12.540 5.000 5.158 12.077 -91.908
12.550 5.000 5.080 11.249 -73.534
12.560 5.000 4.951 10.487 -78.921
12.570 5.000 4.876 9.671 -84.284
12.580 5.000 5.006 8.800 -89.861
12.590 5.000 5.061 7.912 -87.793
12.600 5.000 5.018 7.071 -80.461
12.610 5.000 4.913 6.313 -70.999
12.620 5.000 4.766 5.601 -71.415
12.630 5.000 4.910 4.846 -79.685
12.640 5.000 4.986 4.070 -75.563
12.650 5.000 4.998 3.287 -80.924
12.660 5.000 4.876 2.510 -74.533
12.670 5.000 4.794 1.886 -50.227
12.680 5.000 4.848 1.351 -56.878
12.690 5.000 4.917 0.736 -65.939
12.700 5.000 4.919 0.091 -63.082
12.710 5.000 4.832 -0.479 -50.888
12.720 5.000 4.743 -0.953 -44.023
12.730 5.000 4.828 -1.429 -51.098
12.740 5.000 4.915 -1.933 -49.728
12.750 5.000 4.849 -2.392 -42.175
12.760 5.000 4.796 -2.767 -32.837
12.770 5.000 4.720 -3.106 -34.978
12.780 5.000 4.880 -3.493 -42.297
12.790 6.000 4.847 -3.818 -22.648
12.800 7.000 4.870 -3.891 7.909
12.810 8.000 5.120 -3.457 78.923
12.820 9.000 5.605 -2.298 152.870
12.830 10.000 6.391 -0.114 283.989
12.840 11.000 6.669 3.364 411.656
12.850 12.000 8.050 8.437 602.778
12.860 13.000 10.063 15.408 791.504
12.870 14.000 12.141 24.726 1072.104
12.880 15.000 15.025 35.649 1112.450
12.890 15.000 14.700 48.179 1393.524
12.900 15.000 15.215 61.195 1209.831
12.910 15.000 14.286 73.545 1260.171
12.920 15.000 15.922 85.519 1134.482
12.930 15.000 15.485 97.753 1312.473
12.940 15.000 15.950 110.305 1198.084
12.950 15.000 15.470 123.204 1381.804
12.960 15.000 15.904 136.247 1226.715
12.970 15.000 16.165 148.306 1184.409
12.980 15.000 14.827 162.618 1678.825
12.990 15.000 17.618 176.572 1111.949
13.000 15.000 16.380 188.175 1208.595
13.010 15.000 16.598 200.249 1206.295
13.020 15.000 16.166 212.224 1188.576
13.030 15.000 15.499 223.319 1029.997
13.040 15.000 16.030 234.092 1125.141
13.050 15.000 15.860 245.312 1118.894
13.060 15.000 16.611 255.652 949.033
13.070 15.000 16.254 265.044 928.313
13.080 15.000 15.884 273.804 824.929
13.090 15.000 15.773 282.156 845.052
13.100 15.000 14.586 290.365 796.818
13.110 15.000 14.917 298.144 759.243
13.120 15.000 14.185 305.749 761.828
13.130 15.000 15.614 313.020 692.368
13.140 15.000 15.019 320.171 737.791
13.150 15.000 14.855 327.630 753.876
13.160 15.000 14.812 335.016 723.195
13.170 15.000 14.596 342.812 836.158
13.180 15.000 15.083 350.620 725.514
13.190 15.000 15.412 357.733 696.645
13.200 15.000 15.881 364.651 687.512
13.210 15.000 15.505 371.386 659.478
13.220 15.000 14.906 378.415 746.342
13.230 15.000 15.258 385.320 634.753
13.240 15.000 15.379 391.671 635.287
13.250 15.000 15.455 397.695 569.544
13.260 15.000 15.303 403.447 580.812
13.270 15.000 15.227 408.952 520.259
13.280 15.000 15.051 414.288 546.672
13.290 15.000 14.538 419.349 465.605
13.300 15.000 15.056 424.300 524.779
13.310 15.000 15.019 429.430 500.915
13.320 15.000 15.392 434.315 476.388
13.330 15.000 15.095 439.005 461.560
13.340 15.000 15.430 443.601 457.272
13.350 15.000 15.456 448.048 432.569
13.360 15.000 14.857 452.340 425.888
13.370 15.000 15.304 456.127 331.575
13.380 15.000 15.414 459.446 332.071
13.390 15.000 14.731 462.987 376.317
13.400 15.000 14.905 466.592 344.321
13.410 15.000 15.431 469.777 292.936
13.420 15.000 15.272 472.685 288.717
13.430 15.000 15.145 475.443 262.787
13.440 15.000 15.268 478.021 252.876
13.450 15.000 15.075 480.548 252.486
13.460 15.000 15.118 483.076 252.848
13.470 15.000 15.145 485.438 219.703
13.480 15.000 15.194 487.634 219.708
13.490 15.000 15.138 489.745 202.305
13.500 15.000 15.157 491.622 173.237
13.510 15.000 15.129 493.345 171.375
13.520 15.000 15.062 495.052 170.018
13.530 15.000 15.232 496.742 167.991
13.540 15.000 15.212 498.361 155.576
13.550 15.000 14.953 499.797 131.750
13.560 15.000 14.992 501.075 123.802
13.570 15.000 15.303 502.348 130.782
13.580 15.000 15.299 503.576 114.834
13.590 15.000 15.140 504.649 99.769
13.600 15.000 15.052 505.755 121.523
13.610 15.000 15.203 506.782 83.890
13.620 15.000 15.137 507.632 86.164
13.630 15.000 15.064 508.517 90.777
13.640 15.000 15.199 509.227 51.142
13.650 15.000 15.236 509.801 63.739
13.660 15.000 15.203 510.380 52.021
13.670 15.000 15.042 510.878 47.581
13.680 15.000 15.170 511.252 27.280
13.690 15.000 15.138 511.613 44.949
13.700 15.000 15.219 511.896 11.518
13.710 15.000 15.096 512.033 15.982
13.720 15.000 15.050 512.151 7.647
13.730 15.000 15.002 512.212 4.571
13.740 15.000 15.138 512.275 7.996
13.750 15.000 15.073 512.346 6.163
13.760 15.000 14.984 512.412 7.120
13.770 15.000 14.901 512.454 1.140
13.780 15.000 15.133 512.463 0.772
13.790 5.000 15.059 512.395 -14.519
13.800 5.000 14.501 510.316 -401.212
13.810 5.000 10.934 505.261 -609.872
13.820 5.000 11.634 498.728 -696.679
13.830 5.000 11.144 491.813 -686.351
13.840 5.000 11.432 485.684 -539.417
13.850 5.000 11.400 480.173 -562.714
13.860 5.000 11.212 473.822 -707.438
13.870 5.000 10.837 467.261 -604.934
13.880 5.000 10.859 461.509 -545.405
13.890 5.000 10.658 455.974 -561.391
13.900 5.000 10.642 449.745 -684.720
13.910 5.000 10.622 443.853 -493.615
13.920 5.000 10.168 438.274 -621.755
13.930 5.000 10.287 432.386 -556.311
13.940 5.000 10.114 426.890 -542.908
13.950 5.000 10.135 421.559 -522.915
13.960 5.000 9.992 415.697 -649.923
13.970 5.000 9.894 409.813 -526.815
13.980 5.000 9.844 404.880 -459.879
13.990 5.000 9.556 399.866 -542.888
14.000 5.000 9.692 394.494 -531.290
14.010 5.000 9.683 388.808 -606.284
14.020 5.000 9.622 382.772 -601.014
14.030 5.000 9.327 377.181 -517.201
14.040 5.000 9.332 372.243 -470.273
14.050 5.000 9.447 367.217 -534.942
14.060 5.000 9.308 361.816 -545.314
14.070 5.000 9.072 356.676 -482.321
14.080 5.000 8.970 351.817 -489.605
14.090 5.000 8.772 346.885 -496.875
14.100 5.000 8.750 341.469 -586.163
14.110 5.000 8.688 336.182 -471.543
14.120 5.000 8.617 331.322 -500.410
14.130 5.000 8.628 326.434 -476.966
14.140 5.000 8.400 321.505 -509.137
14.150 5.000 8.349 316.188 -554.101
14.160 5.000 8.210 311.040 -475.606
14.170 5.000 8.311 306.182 -496.157
14.180 5.000 8.052 301.511 -437.931
14.190 5.000 8.004 296.403 -583.711
14.200 5.000 7.935 290.598 -577.285
14.210 5.000 7.887 285.324 -477.536
14.220 5.000 7.821 280.648 -457.351
14.230 5.000 7.752 276.102 -452.114
14.240 5.000 7.725 271.722 -423.864
14.250 5.000 7.627 266.688 -583.055
14.260 5.000 7.613 261.313 -491.769
14.270 5.000 7.516 256.089 -553.225
14.280 5.000 7.288 250.581 -548.177
14.290 5.000 7.398 245.662 -435.780
14.300 5.000 7.081 240.642 -568.087
14.310 5.000 7.194 235.635 -433.369
14.320 5.000 7.003 231.174 -458.844
14.330 5.000 7.003 226.633 -449.405
14.340 5.000 6.994 222.085 -460.228
14.350 5.000 6.806 217.233 -510.126
14.360 5.000 6.795 212.468 -442.930
14.370 5.000 6.858 208.165 -417.760
14.380 5.000 6.669 203.481 -518.816
14.390 5.000 6.675 198.209 -535.652
14.400 5.000 6.729 193.394 -427.607
14.410 5.000 6.503 188.984 -454.096
14.420 5.000 6.533 184.606 -421.737
14.430 5.000 6.351 179.847 -530.070
14.440 5.000 6.278 175.122 -414.659
14.450 5.000 6.128 171.120 -385.894
14.460 5.000 6.007 166.658 -506.579
14.470 5.000 5.945 161.698 -484.973
14.480 5.000 5.969 157.462 -362.664
14.490 5.000 5.767 153.272 -475.281
14.500 5.000 5.709 148.466 -485.675
14.510 5.000 5.635 143.980 -411.723
14.520 5.000 5.663 140.142 -355.949
14.530 5.000 5.630 136.127 -446.933
14.540 5.000 5.594 132.008 -376.887
14.550 5.000 5.373 127.630 -498.816
14.560 5.000 5.421 123.050 -417.097
14.570 5.000 5.352 119.143 -364.342
14.580 5.000 5.273 115.246 -415.106
14.590 5.000 5.146 110.961 -441.868
14.600 5.000 5.138 106.547 -441.064
14.610 5.000 5.130 101.927 -482.775
14.620 5.000 4.996 97.209 -460.671
14.630 5.000 5.064 93.320 -317.272
14.640 5.000 4.884 89.953 -356.129
14.650 5.000 4.807 85.828 -468.578
14.660 5.000 4.825 81.215 -454.405
14.670 5.000 4.728 77.213 -346.052
14.680 5.000 4.686 73.803 -335.710
14.690 5.000 4.666 70.463 -332.526
14.700 5.000 4.612 66.550 -450.067
14.710 5.000 4.491 62.078 -444.290
14.720 5.000 4.604 57.939 -383.536
14.730 5.000 4.486 53.993 -405.673
14.740 5.000 4.509 50.105 -371.874
14.750 5.000 4.477 46.700 -309.194
14.760 5.000 4.386 43.368 -357.118
14.770 5.000 4.487 39.958 -324.981
14.780 5.000 4.453 36.310 -404.674
14.790 5.000 4.481 32.682 -320.897
14.800 5.000 4.387 29.632 -289.081
14.810 5.000 4.389 26.812 -274.878
14.820 5.000 4.285 23.988 -289.913
14.830 5.000 4.382 21.094 -288.818
14.840 5.000 4.267 18.335 -263.090
14.850 5.000 4.286 15.745 -254.907
14.860 5.000 4.257 13.218 -250.458
14.870 5.000 4.299 10.763 -240.506
14.880 5.000 4.397 8.532 -205.884
14.890 5.000 4.472 6.607 -179.084
14.900 5.000 4.469 4.794 -183.447
14.910 5.000 4.555 2.866 -202.199
14.920 5.000 4.557 0.874 -196.137
14.930 5.000 4.601 -1.038 -186.304
14.940 5.000 4.614 -2.832 -172.593
14.950 5.000 4.587 -4.495 -159.847
14.960 5.000 4.580 -5.968 -134.865
14.970 5.000 4.576 -7.243 -120.066
14.980 5.000 4.521 -8.255 -82.283
14.990 5.000 4.489 -8.985 -63.773
15.000 5.000 4.436 -9.597 -58.602
15.010 5.000 4.323 -10.004 -22.947
15.020 5.000 4.526 -10.340 -44.159
15.030 5.000 4.492 -10.706 -28.984
15.040 5.000 4.533 -10.886 -7.135
15.050 5.000 4.490 -10.857 13.037
15.060 5.000 4.526 -10.571 44.037
15.070 5.000 4.644 -10.102 49.931
15.080 5.000 4.698 -9.536 63.185
15.090 5.000 4.662 -8.827 78.545
15.100 5.000 4.756 -8.041 78.779
15.110 5.000 4.766 -7.221 85.132
15.120 5.000 4.833 -6.300 99.043
15.130 5.000 4.812 -5.179 125.308
15.140 5.000 4.968 -3.975 115.481
15.150 5.000 5.005 -2.712 137.071
15.160 5.000 4.937 -1.395 126.201
15.170 5.000 4.978 -0.161 120.660
15.180 5.000 5.001 1.132 137.891
15.190 5.000 5.058 2.463 128.382
15.200 5.000 5.096 3.637 106.269
15.210 5.000 5.081 4.705 107.507
15.220 5.000 5.116 5.864 124.347
15.230 5.000 5.175 7.160 134.754
15.240 5.000 5.257 8.347 102.769
15.250 5.000 5.174 9.392 106.241
15.260 5.000 5.201 10.421 99.412
15.270 5.000 5.225 11.323 80.933
15.280 5.000 5.197 12.156 85.696
15.290 5.000 5.258 12.867 56.522
15.300 5.000 5.127 13.543 78.728
15.310 5.000 5.206 14.339 80.458
15.320 5.000 5.248 15.009 53.522
15.330 5.000 5.200 15.538 52.305
15.340 5.000 5.373 15.944 28.895
15.350 5.000 5.306 16.261 34.424
15.360 5.000 5.253 16.563 26.084
15.370 5.000 5.321 16.740 9.372
15.380 5.000 5.278 16.726 -12.336
15.390 5.000 5.192 16.678 2.739
15.400 5.000 5.260 16.674 -3.445
15.410 5.000 5.304 16.613 -8.695
15.420 5.000 5.296 16.446 -24.858
15.430 5.000 5.141 16.250 -14.168
15.440 5.000 5.232 16.022 -31.613
15.450 5.000 5.287 15.663 -40.148
15.460 5.000 5.285 15.253 -41.789
15.470 5.000 5.148 14.913 -26.227
15.480 5.000 5.151 14.596 -37.089
15.490 5.000 5.288 14.100 -62.232
15.500 5.000 5.227 13.487 -60.274
15.510 5.000 5.170 12.902 -56.840
15.520 5.000 5.108 12.294 -64.651
15.530 5.000 5.017 11.668 -60.714
15.540 5.000 5.145 10.947 -83.347
15.550 5.000 5.147 10.074 -91.391
15.560 5.000 5.048 9.269 -69.575
15.570 5.000 4.970 8.632 -57.857
15.580 5.000 4.907 7.976 -73.228
15.590 5.000 4.982 7.204 -81.227
15.600 5.000 5.023 6.354 -88.720
15.610 5.000 5.117 5.531 -75.904
15.620 5.000 4.978 4.837 -62.907
15.630 5.000 4.881 4.261 -52.366
15.640 5.000 4.865 3.676 -64.525
15.650 5.000 4.995 2.983 -74.042
15.660 5.000 5.057 2.216 -79.399
15.670 5.000 4.955 1.436 -76.703
15.680 5.000 4.863 0.741 -62.150
15.690 5.000 4.816 0.128 -60.482
15.700 5.000 4.929 -0.529 -70.848
15.710 5.000 4.960 -1.169 -57.322
15.720 5.000 4.929 -1.783 -65.341
15.730 5.000 4.770 -2.293 -36.778
15.740 5.000 4.735 -2.680 -40.648
15.750 5.000 4.822 -3.074 -38.052
15.760 5.000 4.905 -3.492 -45.577
15.770 5.000 4.886 -3.864 -28.868
15.780 5.000 4.807 -4.119 -22.087
15.790 5.000 4.771 -4.359 -25.856
15.800 6.000 4.864 -4.637 -29.806
15.810 7.000 4.859 -4.768 3.689
15.820 8.000 5.026 -4.456 58.653
15.830 9.000 5.504 -3.516 129.316
15.840 10.000 6.342 -1.545 264.981
15.850 11.000 6.580 1.864 416.732
15.860 12.000 7.900 6.869 584.241
15.870 13.000 10.147 13.703 782.541
15.880 14.000 12.166 22.934 1063.966
15.890 15.000 14.120 33.921 1133.487
15.900 15.000 15.160 45.588 1198.895
15.910 15.000 14.944 59.414 1567.321
15.920 15.000 15.461 72.948 1139.365
15.930 15.000 15.782 84.542 1178.476
15.940 15.000 15.466 96.996 1313.538
15.950 15.000 15.972 109.950 1277.251
15.960 15.000 15.687 122.035 1139.783
15.970 15.000 15.574 133.235 1100.271
15.980 15.000 16.137 145.572 1367.013
15.990 15.000 16.527 158.707 1260.052
16.000 15.000 16.591 170.945 1187.791
16.010 15.000 16.749 182.325 1088.230
16.020 15.000 16.252 192.935 1033.469
16.030 15.000 16.282 203.412 1062.161
16.040 15.000 16.362 213.789 1013.269
16.050 15.000 14.751 224.088 1045.682
16.060 15.000 14.427 234.926 1122.856
16.070 15.000 16.895 245.497 991.209
16.080 15.000 15.882 255.455 999.770
16.090 15.000 15.280 265.351 980.183
16.100 15.000 15.941 274.610 871.512
16.110 15.000 15.373 283.079 822.369
16.120 15.000 15.604 291.315 824.724
16.130 15.000 15.483 299.647 841.791
16.140 15.000 15.136 307.250 678.612
16.150 15.000 14.519 314.366 744.844
16.160 15.000 14.867 321.153 612.687
16.170 15.000 14.756 327.656 687.605
16.180 15.000 14.628 334.728 726.981
16.190 15.000 14.614 341.689 665.316
16.200 15.000 14.958 348.656 728.040
16.210 15.000 15.503 355.535 647.798
16.220 15.000 15.503 362.142 673.472
16.230 15.000 15.349 369.019 702.061
16.240 15.000 15.682 375.607 615.447
16.250 15.000 15.591 382.023 667.724
16.260 15.000 15.472 388.375 602.832
16.270 15.000 14.585 394.164 555.019
16.280 15.000 15.533 399.275 467.143
16.290 15.000 15.073 404.040 485.676
16.300 15.000 15.290 408.453 396.732
16.310 15.000 15.212 412.476 408.242
16.320 15.000 15.088 416.718 440.148
16.330 15.000 15.062 420.924 401.101
16.340 15.000 15.069 425.065 426.952
16.350 15.000 14.860 429.170 394.077
16.360 15.000 14.963 433.264 424.694
16.370 15.000 15.130 437.198 362.080
16.380 15.000 15.183 440.892 376.797
16.390 15.000 15.485 444.511 347.092
16.400 15.000 15.088 448.010 352.659
16.410 15.000 15.175 451.450 335.387
16.420 15.000 15.156 454.522 278.954
16.430 15.000 15.080 457.383 293.249
16.440 15.000 15.067 460.318 293.868
16.450 15.000 15.431 463.143 270.999
16.460 15.000 14.986 465.910 282.525
16.470 15.000 14.895 468.638 263.027
16.480 15.000 15.202 471.192 247.530
16.490 15.000 15.396 473.734 261.125
16.500 15.000 15.066 476.226 237.179
16.510 15.000 15.342 478.449 207.346
16.520 15.000 15.029 480.461 195.289
16.530 15.000 15.037 482.255 163.357
16.540 15.000 15.165 483.978 181.402
16.550 15.000 15.249 485.612 145.344
16.560 15.000 15.105 487.022 136.637
16.570 15.000 15.047 488.324 123.692
16.580 15.000 15.327 489.532 118.050
16.590 15.000 15.175 490.685 112.456
16.600 15.000 15.123 491.748 100.083
16.610 15.000 15.098 492.687 87.721
16.620 15.000 15.302 493.540 82.893
16.630 15.000 15.140 494.369 82.889
16.640 15.000 15.044 495.068 57.011
16.650 15.000 15.254 495.632 55.860
16.660 15.000 15.178 496.165 50.733
16.670 15.000 15.138 496.585 33.119
16.680 15.000 15.205 496.945 38.997
16.690 15.000 14.921 497.341 40.201
16.700 15.000 15.059 497.730 37.531
16.710 15.000 15.292 498.120 40.458
16.720 15.000 15.013 498.527 40.958
16.730 15.000 15.083 498.792 12.054
16.740 15.000 15.234 498.963 22.130
16.750 15.000 14.993 499.142 13.656
16.760 15.000 15.053 499.105 -20.956
16.770 15.000 15.124 499.057 11.393
16.780 15.000 14.937 499.172 11.415
16.790 15.000 14.956 499.185 -8.753
16.800 5.000 14.978 499.143 0.376
16.810 5.000 14.522 497.182 -392.541
16.820 5.000 11.049 492.129 -618.030
16.830 5.000 11.741 485.443 -719.358
16.840 5.000 10.946 478.518 -665.541
16.850 5.000 11.652 471.812 -675.549
16.860 5.000 11.417 465.235 -639.920
16.870 5.000 11.215 459.389 -529.257
16.880 5.000 10.889 453.885 -571.648
16.890 5.000 10.492 447.702 -664.886
16.900 5.000 10.601 441.584 -558.650
16.910 5.000 10.608 435.733 -611.657
16.920 5.000 10.619 429.962 -542.514
16.930 5.000 10.320 424.083 -633.284
16.940 5.000 10.257 417.818 -619.901
16.950 5.000 9.987 411.919 -559.790
16.960 5.000 10.140 406.025 -619.043
16.970 5.000 10.144 400.086 -568.875
16.980 5.000 9.893 394.576 -533.083
16.990 5.000 9.819 388.796 -622.951
17.000 5.000 9.584 383.096 -516.987
17.010 5.000 9.522 377.662 -569.859
17.020 5.000 9.442 372.335 -495.502
17.030 5.000 9.412 366.837 -604.158
17.040 5.000 9.344 361.213 -520.538
17.050 5.000 9.245 356.020 -518.137
17.060 5.000 9.057 350.844 -517.058
17.070 5.000 9.177 344.980 -655.785
17.080 5.000 8.936 338.591 -622.077
17.090 5.000 8.983 332.581 -579.341
17.100 5.000 8.777 327.322 -472.933
17.110 5.000 8.692 322.335 -524.441
17.120 5.000 8.674 316.966 -549.058
17.130 5.000 8.623 311.421 -560.369
17.140 5.000 8.445 306.391 -445.489
17.150 5.000 8.422 301.725 -487.621
17.160 5.000 8.473 296.953 -466.868
17.170 5.000 8.179 292.248 -474.138
17.180 5.000 8.233 287.053 -564.861
17.190 5.000 8.112 281.843 -477.129
17.200 5.000 8.069 277.274 -436.708
17.210 5.000 7.906 272.745 -469.040
17.220 5.000 7.726 267.640 -552.215
17.230 5.000 7.811 262.586 -458.537
17.240 5.000 7.665 257.500 -558.260
17.250 5.000 7.589 252.503 -441.572
17.260 5.000 7.527 248.024 -454.166
17.270 5.000 7.416 243.286 -493.235
17.280 5.000 7.398 238.412 -481.844
17.290 5.000 7.351 233.690 -462.496
17.300 5.000 7.204 229.059 -463.723
17.310 5.000 7.099 223.798 -588.402
17.320 5.000 6.954 218.663 -438.663
17.330 5.000 6.960 214.321 -429.654
17.340 5.000 7.185 209.951 -444.441
17.350 5.000 6.921 204.983 -549.323
17.360 5.000 6.868 199.670 -512.891
17.370 5.000 6.741 194.517 -517.639
17.380 5.000 6.671 189.795 -427.154
17.390 5.000 6.619 185.252 -480.967
17.400 5.000 6.505 180.640 -441.825
17.410 5.000 6.451 175.776 -530.973
17.420 5.000 6.358 171.006 -422.973
17.430 5.000 6.519 166.811 -416.182
17.440 5.000 6.422 162.171 -511.668
17.450 5.000 6.184 157.135 -495.709
17.460 5.000 6.231 152.582 -414.797
17.470 5.000 6.128 148.011 -499.217
17.480 5.000 6.032 143.020 -499.240
17.490 5.000 5.992 138.506 -403.459
17.500 5.000 5.869 133.914 -515.111
17.510 5.000 5.787 129.346 -398.457
17.520 5.000 5.611 125.453 -380.174
17.530 5.000 5.607 121.142 -481.988
17.540 5.000 5.610 116.870 -372.377
17.550 5.000 5.520 113.284 -344.782
17.560 5.000 5.474 109.581 -395.880
17.570 5.000 5.375 105.542 -411.897
17.580 5.000 5.322 101.501 -396.324
17.590 5.000 5.248 97.768 -350.268
17.600 5.000 5.246 94.159 -371.656
17.610 5.000 5.168 89.999 -460.276
17.620 5.000 5.046 85.285 -482.582
17.630 5.000 5.052 80.480 -478.199
17.640 5.000 5.004 76.256 -366.767
17.650 5.000 4.954 72.500 -384.348
17.660 5.000 4.872 68.549 -405.932
17.670 5.000 4.805 64.424 -419.015
17.680 5.000 4.673 60.000 -465.838
17.690 5.000 4.692 55.902 -353.783
17.700 5.000 4.622 52.483 -329.963
17.710 5.000 4.612 48.881 -390.593
17.720 5.000 4.561 45.143 -356.924
17.730 5.000 4.456 41.198 -432.029
17.740 5.000 4.496 37.263 -355.035
17.750 5.000 4.496 33.900 -317.575
17.760 5.000 4.478 30.473 -367.915
17.770 5.000 4.453 27.042 -318.257
17.780 5.000 4.411 23.839 -322.298
17.790 5.000 4.469 20.595 -326.561
17.800 5.000 4.424 17.029 -386.583
17.810 5.000 4.448 13.205 -378.175
17.820 5.000 4.331 9.917 -279.296
17.830 5.000 4.315 7.074 -289.462
17.840 5.000 4.252 4.261 -273.033
17.850 5.000 4.243 1.572 -264.689
17.860 5.000 4.286 -1.081 -266.024
17.870 5.000 4.229 -3.615 -240.788
17.880 5.000 4.333 -5.947 -225.726
17.890 5.000 4.374 -8.297 -244.239
17.900 5.000 4.432 -10.716 -239.623
17.910 5.000 4.492 -12.815 -180.156
17.920 5.000 4.342 -14.370 -130.899
17.930 5.000 4.390 -15.581 -111.317
17.940 5.000 4.398 -16.625 -97.294
17.950 5.000 4.439 -17.511 -80.011
17.960 5.000 4.491 -18.332 -84.212
17.970 5.000 4.464 -19.189 -87.023
17.980 5.000 4.527 -20.038 -82.956
17.990 5.000 4.558 -20.824 -74.199
18.000 5.000 4.522 -21.460 -52.899
18.010 5.000 4.507 -21.907 -36.645
18.020 5.000 4.431 -22.136 -9.127
18.030 5.000 4.504 -22.173 1.679
18.040 5.000 4.629 -22.144 4.095
18.050 5.000 4.607 -22.015 21.828
18.060 5.000 4.606 -21.749 31.426
18.070 5.000 4.669 -21.271 64.107
18.080 5.000 4.758 -20.593 71.500
18.090 5.000 4.663 -19.811 84.905
18.100 5.000 4.743 -18.904 96.508
18.110 5.000 4.855 -17.829 118.367
18.120 5.000 4.879 -16.721 103.192
18.130 5.000 4.888 -15.653 110.627
18.140 5.000 4.880 -14.512 117.407
18.150 5.000 4.966 -13.227 139.516
18.160 5.000 5.033 -11.893 127.535
18.170 5.000 4.949 -10.578 135.458
18.180 5.000 5.035 -9.281 123.771
18.190 5.000 5.097 -8.016 129.255
18.200 5.000 5.067 -6.743 125.343
18.210 5.000 5.170 -5.513 120.831
18.220 5.000 5.266 -4.459 89.838
18.230 5.000 5.128 -3.521 97.765
18.240 5.000 5.154 -2.540 98.479
18.250 5.000 5.143 -1.481 113.342
18.260 5.000 5.241 -0.523 78.221
18.270 5.000 5.175 0.246 75.623
18.280 5.000 5.215 1.032 81.624
18.290 5.000 5.228 1.889 89.742
18.300 5.000 5.184 2.716 75.617
18.310 5.000 5.202 3.445 70.222
18.320 5.000 5.285 4.085 57.807
18.330 5.000 5.257 4.631 51.266
18.340 5.000 5.275 5.121 46.851
18.350 5.000 5.287 5.434 15.753
18.360 5.000 5.312 5.579 13.276
18.370 5.000 5.302 5.761 23.003
18.380 5.000 5.328 5.881 1.041
18.390 5.000 5.258 5.869 -3.356
18.400 5.000 5.337 5.742 -22.093
18.410 5.000 5.168 5.508 -24.733
18.420 5.000 5.277 5.171 -42.675
18.430 5.000 5.303 4.805 -30.540
18.440 5.000 5.254 4.540 -22.455
18.450 5.000 5.109 4.302 -25.153
18.460 5.000 5.111 3.930 -49.287
18.470 5.000 5.221 3.338 -69.138
18.480 5.000 5.308 2.657 -66.948
18.490 5.000 5.142 2.077 -49.157
18.500 5.000 5.071 1.631 -40.017
18.510 5.000 5.107 1.127 -60.703
18.520 5.000 5.143 0.513 -62.186
18.530 5.000 5.230 -0.198 -80.023
18.540 5.000 5.074 -0.940 -68.249
18.550 5.000 4.989 -1.607 -65.241
18.560 5.000 4.988 -2.276 -68.442
18.570 5.000 5.038 -3.055 -87.536
18.580 5.000 5.101 -3.976 -96.483
18.590 5.000 5.044 -4.828 -74.049
18.600 5.000 4.968 -5.575 -75.386
18.610 5.000 4.788 -6.253 -60.074
18.620 5.000 4.928 -6.883 -65.986
18.630 5.000 5.019 -7.593 -76.086
18.640 5.000 5.011 -8.381 -81.560
18.650 5.000 4.918 -9.117 -65.528
18.660 5.000 4.817 -9.694 -49.852
18.670 5.000 4.851 -10.224 -56.259
18.680 5.000 4.935 -10.863 -71.492
18.690 5.000 4.950 -11.525 -60.970
18.700 5.000 4.910 -12.109 -55.698
18.710 5.000 4.776 -12.620 -46.491
18.720 5.000 4.795 -13.069 -43.286
18.730 5.000 4.859 -13.551 -53.081
18.740 5.000 4.908 -14.087 -54.181
18.750 5.000 4.812 -14.514 -31.311
18.760 5.000 4.778 -14.796 -24.961
18.770 5.000 4.813 -15.036 -23.182
18.780 5.000 4.885 -15.308 -31.253
18.790 5.000 4.902 -15.635 -34.141
18.800 5.000 4.792 -15.927 -24.187
18.810 6.000 4.750 -16.029 3.788
18.820 7.000 4.852 -15.903 21.472
18.830 8.000 5.140 -15.431 72.804
18.840 9.000 5.612 -14.220 169.482
18.850 10.000 6.308 -11.902 294.148
18.860 11.000 6.616 -8.274 431.326
18.870 12.000 8.072 -3.048 613.866
18.880 13.000 9.995 4.334 862.557
18.890 14.000 12.520 13.929 1056.512
18.900 15.000 14.400 25.099 1177.463
18.910 15.000 14.372 37.447 1292.139
18.920 15.000 16.317 49.457 1109.951
18.930 15.000 15.050 60.970 1192.541
18.940 15.000 16.216 72.513 1116.185
18.950 15.000 15.115 84.214 1224.191
18.960 15.000 16.093 96.064 1145.453
18.970 15.000 15.989 107.721 1186.237
18.980 15.000 15.624 119.748 1218.929
18.990 15.000 16.023 132.634 1358.552
19.000 15.000 15.726 145.748 1264.293
19.010 15.000 15.725 158.843 1354.700
19.020 15.000 17.299 170.930 1062.678
19.030 15.000 16.335 182.246 1200.586
19.040 15.000 16.025 193.878 1125.642
19.050 15.000 16.636 204.449 988.564
19.060 15.000 15.865 215.216 1164.838
19.070 15.000 15.238 226.367 1065.653
19.080 15.000 16.765 236.478 956.563
19.090 15.000 15.781 246.261 1000.129
19.100 15.000 16.025 255.214 789.750
19.110 15.000 14.699 263.111 790.244
19.120 15.000 14.233 271.598 907.083
19.130 15.000 15.009 279.886 749.851
19.140 15.000 14.109 287.454 764.421
19.150 15.000 15.089 294.971 739.044
19.160 15.000 14.600 302.438 754.105
19.170 15.000 14.824 310.095 777.554
19.180 15.000 15.150 317.813 765.964
19.190 15.000 15.788 325.369 745.179
19.200 15.000 15.564 332.940 768.672
19.210 15.000 15.741 340.333 710.374
19.220 15.000 15.522 347.427 708.515
19.230 15.000 14.798 354.617 729.387
19.240 15.000 15.449 361.438 634.958
19.250 15.000 15.384 368.003 677.381
19.260 15.000 15.204 374.364 595.505
19.270 15.000 15.048 380.417 615.055
19.280 15.000 14.969 386.400 581.446
19.290 15.000 15.242 391.919 522.456
19.300 15.000 15.634 397.074 508.490
19.310 15.000 14.904 402.122 501.155
19.320 15.000 15.067 406.877 449.792
19.330 15.000 14.971 411.466 468.002
19.340 15.000 14.790 416.107 460.198
19.350 15.000 15.287 420.670 452.259
19.360 15.000 15.419 425.207 455.220
19.370 15.000 15.505 429.712 445.501
19.380 15.000 15.113 433.638 340.150
19.390 15.000 14.842 437.238 379.849
19.400 15.000 15.317 440.867 345.623
19.410 15.000 15.296 444.304 342.057
19.420 15.000 14.838 447.860 369.039
19.430 15.000 14.908 451.245 308.057
19.440 15.000 15.360 454.229 288.805
19.450 15.000 15.053 457.086 282.558
19.460 15.000 15.002 460.032 306.655
19.470 15.000 15.662 463.069 300.787
19.480 15.000 15.290 465.842 253.702
19.490 15.000 14.874 468.458 269.405
19.500 15.000 14.887 471.033 245.764
19.510 15.000 15.044 473.421 231.763
19.520 15.000 15.500 475.442 172.455
19.530 15.000 15.139 477.393 217.857
19.540 15.000 15.072 479.550 213.412
19.550 15.000 15.300 481.497 176.104
19.560 15.000 15.106 483.231 170.604
19.570 15.000 14.957 485.060 195.175
19.580 15.000 15.197 486.780 148.917
19.590 15.000 15.129 488.245 144.047
19.600 15.000 15.016 489.594 125.797
19.610 15.000 15.061 490.829 121.197
19.620 15.000 15.123 491.999 112.859
19.630 15.000 15.078 493.181 123.408
19.640 15.000 15.163 494.410 122.490
19.650 15.000 15.244 495.489 93.390
19.660 15.000 15.133 496.438 96.363
19.670 15.000 15.277 497.260 67.955
19.680 15.000 15.032 498.000 80.019
19.690 15.000 15.161 498.739 67.906
19.700 15.000 15.138 499.439 72.063
19.710 15.000 15.073 500.092 58.444
19.720 15.000 15.143 500.675 58.242
19.730 15.000 15.137 501.201 46.875
19.740 15.000 15.111 501.730 58.935
19.750 15.000 15.083 502.219 38.845
19.760 15.000 15.262 502.596 36.546
19.770 15.000 15.242 502.900 24.371
19.780 15.000 15.127 503.003 -3.863
19.790 15.000 15.129 502.997 2.768
19.800 15.000 15.082 502.922 -17.826
19.810 5.000 14.928 502.896 12.688
19.820 5.000 14.607 500.940 -403.936
19.830 5.000 11.251 495.735 -637.162
19.840 5.000 11.815 489.034 -702.836
19.850 5.000 11.126 482.245 -654.999
19.860 5.000 11.785 476.304 -533.362
19.870 5.000 11.359 471.100 -507.422
19.880 5.000 11.202 465.169 -678.679
19.890 5.000 10.869 459.087 -537.844
19.900 5.000 10.610 453.869 -505.829
19.910 5.000 10.606 448.575 -552.864
19.920 5.000 10.499 442.616 -638.452
19.930 5.000 10.559 436.844 -516.538
19.940 5.000 10.426 430.981 -655.899
19.950 5.000 10.114 424.934 -553.155
19.960 5.000 10.146 419.201 -593.886
19.970 5.000 10.097 413.120 -622.262
19.980 5.000 10.058 407.487 -504.367
19.990 5.000 10.010 402.462 -500.486
20.000 5.000 9.902 396.798 -632.520
20.010 5.000 9.562 390.687 -589.822
20.020 5.000 9.832 384.556 -636.409
20.030 5.000 9.543 378.485 -577.661
20.040 5.000 9.320 373.292 -461.071
20.050 5.000 9.335 367.926 -612.024
20.060 5.000 9.354 362.448 -483.545
20.070 5.000 8.966 357.718 -462.083
20.080 5.000 9.080 352.127 -656.559
20.090 5.000 8.979 345.950 -578.837
20.100 5.000 8.968 340.236 -563.734
20.110 5.000 8.732 334.940 -495.732
20.120 5.000 8.673 329.709 -550.415
20.130 5.000 8.620 324.492 -493.030
20.140 5.000 8.516 319.627 -480.025
20.150 5.000 8.373 314.928 -459.791
20.160 5.000 8.349 310.392 -447.355
20.170 5.000 8.317 305.659 -499.259
20.180 5.000 8.198 300.872 -458.293
20.190 5.000 8.206 296.441 -427.801
20.200 5.000 8.262 291.574 -545.510
20.210 5.000 7.994 285.944 -580.677
20.220 5.000 7.942 280.663 -475.536
20.230 5.000 7.817 275.929 -471.192
20.240 5.000 7.748 271.291 -456.470
20.250 5.000 7.573 266.932 -415.310
20.260 5.000 7.654 262.752 -420.630
20.270 5.000 7.450 258.322 -465.294
20.280 5.000 7.405 253.783 -442.656
20.290 5.000 7.354 248.651 -583.715
20.300 5.000 7.325 243.594 -427.809
20.310 5.000 7.249 239.270 -436.858
20.320 5.000 7.196 234.982 -420.873
20.330 5.000 7.129 230.759 -423.693
20.340 5.000 7.007 225.978 -532.490
20.350 5.000 6.998 221.079 -447.354
20.360 5.000 7.043 216.139 -540.608
20.370 5.000 6.912 211.526 -381.963
20.380 5.000 6.783 207.131 -497.049
20.390 5.000 6.735 201.977 -533.801
20.400 5.000 6.632 196.643 -533.011
20.410 5.000 6.633 191.981 -399.299
20.420 5.000 6.539 187.789 -439.174
20.430 5.000 6.479 182.966 -525.545
20.440 5.000 6.584 178.362 -395.011
20.450 5.000 6.453 174.416 -394.263
20.460 5.000 6.250 169.803 -528.395
20.470 5.000 6.163 165.286 -374.908
20.480 5.000 6.136 161.217 -439.086
20.490 5.000 5.987 156.930 -418.075
20.500 5.000 5.992 152.394 -489.377
20.510 5.000 5.883 147.932 -403.018
20.520 5.000 5.828 144.002 -382.899
20.530 5.000 5.884 139.737 -469.851
20.540 5.000 5.728 135.346 -408.672
20.550 5.000 5.678 130.946 -471.438
20.560 5.000 5.659 126.725 -372.295
20.570 5.000 5.539 122.864 -400.322
20.580 5.000 5.500 118.499 -472.570
20.590 5.000 5.411 114.410 -344.881
20.600 5.000 5.384 110.450 -447.276
20.610 5.000 5.197 106.255 -392.035
20.620 5.000 5.188 102.078 -443.198
20.630 5.000 5.154 97.759 -420.774
20.640 5.000 5.015 94.018 -327.202
20.650 5.000 5.029 90.143 -447.905
20.660 5.000 4.904 86.078 -365.151
20.670 5.000 4.904 81.937 -462.972
20.680 5.000 4.804 77.259 -472.774
20.690 5.000 4.694 72.634 -452.200
20.700 5.000 4.731 68.847 -305.211
20.710 5.000 4.646 65.284 -407.132
20.720 5.000 4.700 61.488 -352.422
20.730 5.000 4.493 57.716 -401.955
20.740 5.000 4.547 53.877 -365.450
20.750 5.000 4.448 50.298 -350.646
20.760 5.000 4.472 46.979 -313.138
20.770 5.000 4.562 43.394 -403.904
20.780 5.000 4.429 39.672 -340.485
20.790 5.000 4.492 36.403 -313.401
20.800 5.000 4.506 33.384 -290.011
20.810 5.000 4.467 30.308 -325.570
20.820 5.000 4.487 26.862 -363.188
20.830 5.000 4.448 23.534 -302.362
20.840 5.000 4.402 20.618 -281.309
20.850 5.000 4.300 17.871 -268.042
20.860 5.000 4.278 15.154 -275.401
20.870 5.000 4.219 12.498 -255.700
20.880 5.000 4.243 10.050 -233.756
20.890 5.000 4.201 7.741 -228.340
20.900 5.000 4.375 5.456 -228.481
20.910 5.000 4.365 3.327 -197.371
20.920 5.000 4.374 1.519 -164.297
20.930 5.000 4.455 -0.046 -148.475
20.940 5.000 4.525 -1.620 -166.502
20.950 5.000 4.526 -3.238 -157.220
20.960 5.000 4.499 -4.723 -139.655
20.970 5.000 4.516 -6.038 -123.406
20.980 5.000 4.522 -7.139 -96.779
20.990 5.000 4.453 -7.954 -66.098
21.000 5.000 4.308 -8.469 -36.945
21.010 5.000 4.376 -8.806 -30.438
21.020 5.000 4.416 -9.066 -21.619
21.030 5.000 4.507 -9.309 -26.875
21.040 5.000 4.547 -9.525 -16.368
21.050 5.000 4.495 -9.628 -4.346
21.060 5.000 4.474 -9.517 26.505
21.070 5.000 4.636 -9.104 56.258
21.080 5.000 4.623 -8.535 57.425
21.090 5.000 4.605 -7.845 80.709
21.100 5.000 4.705 -7.007 86.843
21.110 5.000 4.815 -6.102 94.076
21.120 5.000 4.766 -5.016 123.159
21.130 5.000 4.829 -3.791 121.910
21.140 5.000 4.815 -2.473 141.645
21.150 5.000 4.851 -0.864 180.280
21.160 5.000 4.952 0.845 161.289
21.170 5.000 5.009 2.427 155.088
21.180 5.000 5.003 3.966 152.786
21.190 5.000 5.056 5.414 136.973
21.200 5.000 5.088 6.751 130.235
21.210 5.000 5.037 8.194 158.460
21.220 5.000 5.134 9.763 155.330
21.230 5.000 5.150 11.236 139.151
21.240 5.000 5.177 12.539 121.657
21.250 5.000 5.147 13.737 117.809
21.260 5.000 5.206 14.822 99.153
21.270 5.000 5.190 15.955 127.482
21.280 5.000 5.250 17.148 111.132
21.290 5.000 5.251 18.261 111.514
21.300 5.000 5.165 19.273 91.027
21.310 5.000 5.218 20.140 82.320
21.320 5.000 5.398 20.880 65.546
21.330 5.000 5.185 21.605 79.523
21.340 5.000 5.294 22.312 61.938
21.350 5.000 5.294 22.815 38.686
21.360 5.000 5.239 23.152 28.541
21.370 5.000 5.309 23.400 21.061
21.380 5.000 5.349 23.600 18.941
