# covent_pc_6
# Captured 2020-07-31 17:27:04.836068 by unknown user
# Built at revision 4f5d3bd (dirty)
time(sec) pc_setpoint pressure volume net_flow
0.000 14.999 10.362 0.451 95.937
0.010 17.500 11.900 2.208 255.385
0.020 19.999 15.292 5.610 425.286
0.030 22.499 21.786 10.909 634.542
0.040 24.999 30.230 17.915 766.542
0.050 27.499 37.863 25.607 771.743
0.060 29.999 39.993 32.043 515.537
0.070 32.499 34.963 35.317 139.284
0.080 34.999 19.729 34.841 -234.462
0.090 35.000 9.459 35.006 267.438
0.100 35.000 16.665 39.300 591.114
0.110 35.000 32.078 46.919 933.066
0.120 35.000 39.967 57.426 1168.391
0.130 35.000 40.028 68.498 1045.376
0.140 35.000 40.032 78.495 954.606
0.150 35.000 40.033 87.309 808.378
0.160 35.000 40.035 94.528 634.954
0.170 35.000 40.035 100.395 538.697
0.180 35.000 40.041 104.130 208.234
0.190 35.000 33.715 105.113 -11.434
0.200 35.000 19.275 104.369 -137.416
0.210 35.000 14.207 105.196 302.760
0.220 35.000 22.559 109.948 647.551
0.230 35.000 38.794 118.325 1027.854
0.240 35.000 40.027 128.561 1019.474
0.250 35.000 40.039 138.837 1035.742
0.260 35.000 40.033 148.001 796.925
0.270 35.000 40.036 155.377 678.457
0.280 35.000 40.040 161.279 502.080
0.290 35.000 40.039 165.075 256.958
0.300 35.000 39.110 166.384 4.744
0.310 35.000 23.877 164.987 -284.137
0.320 35.000 13.726 163.654 17.503
0.330 35.000 21.150 165.858 423.301
0.340 35.000 33.258 171.908 786.807
0.350 35.000 40.008 181.088 1049.200
0.360 35.000 40.020 191.475 1028.207
0.370 35.000 40.025 201.399 956.497
0.380 35.000 40.022 210.180 799.829
0.390 35.000 40.025 217.308 625.659
0.400 35.000 40.024 222.615 435.775
0.410 35.000 40.025 225.953 231.741
0.420 35.000 37.867 226.669 -88.541
0.430 35.000 22.382 224.423 -360.644
0.440 35.000 16.550 222.579 -7.998
0.450 35.000 24.102 224.659 424.302
0.460 35.000 35.765 231.019 847.525
0.470 35.000 40.017 240.532 1055.228
0.480 35.000 40.035 251.592 1156.677
0.490 35.000 40.035 261.330 790.946
0.500 35.000 40.037 269.254 793.901
0.510 35.000 40.039 276.135 582.262
0.520 35.000 40.040 281.215 433.789
0.530 35.000 40.038 284.191 161.274
0.540 35.000 37.295 284.217 -156.126
0.550 35.000 21.274 281.725 -342.401
0.560 35.000 18.195 279.908 -20.796
0.570 35.000 26.428 281.726 384.417
0.580 35.000 37.881 287.764 823.553
0.590 35.000 40.027 297.663 1156.225
0.600 35.000 40.035 308.363 983.806
0.610 35.000 40.036 317.687 881.085
0.620 35.000 40.035 325.455 672.352
0.630 35.000 40.037 331.470 530.721
0.640 35.000 40.034 335.604 296.166
0.650 35.000 40.034 337.285 39.976
0.660 35.000 31.398 335.705 -356.030
0.670 35.000 19.760 332.514 -282.188
0.680 35.000 22.253 331.341 47.660
0.690 35.000 32.356 333.812 446.682
0.700 35.000 39.998 340.255 842.004
0.710 35.000 40.036 349.301 966.526
0.720 35.000 40.034 357.873 748.463
0.730 35.000 40.036 364.573 591.574
0.740 35.000 40.037 369.766 446.997
0.750 35.000 40.035 372.935 186.862
0.760 35.000 40.034 373.373 -99.295
0.770 35.000 28.535 370.769 -421.424
0.780 35.000 21.182 367.208 -290.776
0.790 35.000 23.508 366.089 66.995
0.800 35.000 34.163 368.629 441.065
0.810 35.000 40.016 374.948 823.098
0.820 35.000 40.036 383.334 854.040
0.830 35.000 40.039 391.121 702.982
0.840 35.000 40.036 397.280 529.296
0.850 35.000 40.042 401.702 354.987
0.860 35.000 40.037 403.717 47.932
0.870 35.000 34.925 402.536 -283.979
0.880 35.000 23.460 399.272 -368.871
0.890 35.000 23.770 396.897 -106.066
0.900 35.000 31.255 397.494 225.401
0.910 35.000 39.731 401.394 554.489
0.920 35.000 40.025 407.337 634.166
0.930 35.000 40.027 413.198 537.933
0.940 35.000 40.028 417.530 328.380
0.950 35.000 40.031 419.378 41.293
0.960 35.000 33.567 418.662 -184.512
0.970 35.000 25.833 416.327 -282.400
0.980 35.000 26.678 414.510 -81.037
0.990 10.000 33.081 415.293 237.559
1.000 10.000 37.434 415.877 -120.704
1.010 10.000 21.920 413.403 -373.914
1.020 10.000 16.241 407.789 -749.332
1.030 10.000 13.078 400.565 -695.465
1.040 10.000 11.198 394.455 -526.552
1.050 10.000 10.472 389.239 -516.556
1.060 10.000 10.158 383.740 -583.164
1.070 10.000 9.949 377.981 -568.650
1.080 10.000 9.801 372.707 -486.331
1.090 10.000 9.541 367.409 -573.168
1.100 10.000 9.361 362.107 -487.192
1.110 10.000 9.396 356.935 -546.981
1.120 10.000 9.330 351.715 -497.478
1.130 10.000 9.368 346.785 -488.365
1.140 10.000 9.326 341.983 -471.754
1.150 10.000 9.428 337.329 -459.402
1.160 10.000 9.613 332.553 -495.700
1.170 10.000 9.713 327.743 -466.410
1.180 10.000 9.709 323.152 -451.787
1.190 10.000 9.758 318.603 -457.957
1.200 10.000 9.879 313.611 -540.627
1.210 10.000 9.927 308.602 -461.141
1.220 10.000 9.687 303.682 -522.898
1.230 10.000 9.689 298.747 -463.953
1.240 10.000 9.750 294.261 -433.283
1.250 10.000 9.748 289.739 -471.186
1.260 10.000 9.607 285.288 -418.935
1.270 10.000 9.626 281.165 -405.674
1.280 10.000 9.580 276.495 -528.271
1.290 10.000 9.539 271.883 -393.921
1.300 10.000 9.452 267.564 -470.079
1.310 10.000 9.489 263.095 -423.772
1.320 10.000 9.470 258.426 -509.826
1.330 10.000 9.466 253.785 -418.508
1.340 10.000 9.603 249.551 -428.383
1.350 10.000 9.641 245.359 -410.164
1.360 10.000 9.753 241.321 -397.465
1.370 10.000 9.872 237.318 -402.956
1.380 10.000 9.887 233.336 -393.475
1.390 10.000 9.905 229.387 -396.425
1.400 10.000 9.861 225.543 -372.229
1.410 10.000 9.851 221.792 -378.117
1.420 10.000 9.926 217.907 -398.926
1.430 10.000 9.864 214.012 -380.036
1.440 10.000 9.854 210.228 -376.462
1.450 10.000 9.874 206.562 -357.013
1.460 10.000 9.876 202.957 -363.901
1.470 10.000 10.056 199.286 -370.137
1.480 10.000 9.832 195.892 -308.874
1.490 10.000 9.913 192.276 -414.369
1.500 10.000 9.915 188.477 -345.219
1.510 10.000 9.736 185.201 -310.261
1.520 10.000 9.874 181.847 -360.558
1.530 10.000 10.035 178.157 -377.390
1.540 10.000 9.808 174.782 -297.633
1.550 10.000 9.779 171.801 -298.422
1.560 10.000 9.959 168.544 -353.016
1.570 10.000 10.063 164.933 -369.341
1.580 10.000 9.869 161.489 -319.416
1.590 10.000 9.691 158.542 -269.903
1.600 10.000 9.828 155.796 -279.391
1.610 10.000 9.937 152.855 -308.792
1.620 10.000 10.009 149.621 -338.071
1.630 10.000 10.043 146.155 -355.081
1.640 10.000 9.898 142.687 -338.491
1.650 10.000 9.729 139.389 -321.062
1.660 10.000 9.631 136.405 -275.767
1.670 10.000 9.747 133.850 -235.215
1.680 10.000 9.898 131.400 -254.864
1.690 10.000 9.993 128.940 -237.205
1.700 10.000 9.993 126.598 -230.950
1.710 10.000 9.897 124.235 -241.717
1.720 10.000 9.849 121.852 -235.037
1.730 10.000 9.895 119.544 -226.529
1.740 10.000 9.847 117.344 -213.426
1.750 10.000 9.907 115.189 -217.699
1.760 10.000 9.824 113.050 -210.123
1.770 10.000 9.756 110.948 -210.277
1.780 10.000 9.872 108.811 -216.839
1.790 10.000 9.856 106.641 -217.410
1.800 10.000 9.876 104.444 -221.896
1.810 10.000 9.915 102.107 -245.343
1.820 10.000 9.771 99.744 -227.545
1.830 10.000 9.777 97.473 -226.623
1.840 10.000 9.908 95.169 -234.072
1.850 10.000 9.963 92.829 -233.879
1.860 10.000 10.082 90.521 -227.722
1.870 10.000 10.086 88.205 -235.623
1.880 10.000 9.951 85.931 -219.271
1.890 10.000 9.826 83.789 -208.955
1.900 10.000 9.725 81.754 -198.100
1.910 10.000 9.700 79.842 -184.395
1.920 10.000 9.636 78.044 -175.166
1.930 10.000 9.782 76.224 -188.576
1.940 10.000 9.902 74.375 -181.502
1.950 10.000 10.041 72.485 -196.450
1.960 10.000 10.029 70.569 -186.558
1.970 10.000 10.012 68.724 -182.602
1.980 10.000 9.827 66.971 -168.075
1.990 10.000 9.733 65.301 -165.809
2.000 10.000 9.803 63.593 -175.859
2.010 10.000 10.028 61.809 -180.938
2.020 10.000 9.970 60.073 -166.223
2.030 10.000 9.932 58.466 -155.220
2.040 10.000 9.766 56.982 -141.637
2.050 10.000 9.734 55.513 -152.192
2.060 10.000 9.881 54.022 -145.847
2.070 10.000 9.985 52.610 -136.654
2.080 10.000 9.944 51.262 -132.747
2.090 10.000 9.924 49.954 -128.943
2.100 10.000 9.950 48.639 -134.095
2.110 10.000 10.030 47.318 -130.147
2.120 10.000 9.939 46.015 -130.502
2.130 10.000 9.885 44.742 -124.047
2.140 10.000 9.895 43.506 -123.111
2.150 10.000 9.867 42.241 -129.909
2.160 10.000 9.958 41.043 -109.706
2.170 10.000 10.064 39.926 -113.724
2.180 10.000 10.013 38.796 -112.385
2.190 10.000 9.809 37.708 -105.080
2.200 10.000 9.979 36.628 -111.057
2.210 10.000 9.962 35.542 -106.039
2.220 10.000 9.918 34.467 -109.053
2.230 10.000 9.976 33.363 -111.611
2.240 10.000 9.949 32.279 -105.342
2.250 10.000 9.997 31.281 -94.246
2.260 10.000 9.932 30.372 -87.436
2.270 10.000 9.862 29.431 -100.770
2.280 10.000 9.922 28.431 -99.260
2.290 10.000 9.980 27.507 -85.631
2.300 10.000 9.920 26.658 -84.126
2.310 10.000 9.875 25.765 -94.448
2.320 10.000 9.955 24.878 -82.982
2.330 10.000 10.012 24.089 -74.706
2.340 10.000 9.855 23.351 -72.907
2.350 10.000 9.924 22.666 -64.066
2.360 10.000 10.000 22.056 -58.003
2.370 10.000 10.022 21.439 -65.347
2.380 10.000 10.015 20.732 -76.181
2.390 10.000 9.913 20.072 -55.696
2.400 10.000 9.890 19.481 -62.667
2.410 10.000 9.902 18.814 -70.715
2.420 10.000 9.901 18.139 -64.188
2.430 10.000 9.971 17.497 -64.341
2.440 10.000 9.999 16.964 -42.103
2.450 10.000 9.966 16.574 -35.933
2.460 10.000 9.924 16.194 -40.035
2.470 10.000 9.988 15.789 -41.045
2.480 10.000 10.072 15.367 -43.293
2.490 10.000 9.980 14.915 -47.112
2.500 10.000 9.875 14.436 -48.644
2.510 10.000 9.942 13.999 -38.925
2.520 10.000 9.891 13.710 -18.874
2.530 10.000 10.009 13.440 -35.077
2.540 10.000 10.014 13.068 -39.386
2.550 10.000 9.989 12.746 -24.894
2.560 10.000 9.967 12.424 -39.516
2.570 10.000 9.775 12.085 -28.277
2.580 10.000 10.028 11.815 -25.773
2.590 10.000 10.129 11.609 -15.475
2.600 10.000 10.003 11.422 -21.873
2.610 10.000 9.940 11.237 -15.028
2.620 10.000 9.989 11.079 -16.688
2.630 10.000 9.896 10.956 -7.878
2.640 10.000 9.978 10.816 -20.132
2.650 10.000 9.991 10.602 -22.667
2.660 10.000 9.950 10.425 -12.826
2.670 10.000 9.881 10.350 -2.037
2.680 10.000 10.037 10.290 -10.102
2.690 10.000 10.075 10.197 -8.447
2.700 10.000 9.944 10.176 4.234
2.710 10.000 9.944 10.192 -1.017
2.720 10.000 9.906 10.163 -4.756
2.730 10.000 10.077 10.143 0.702
2.740 10.000 9.935 10.210 12.782
2.750 10.000 10.031 10.226 -9.663
2.760 10.000 10.022 10.159 -3.688
2.770 10.000 9.999 10.138 -0.489
2.780 10.000 9.964 10.192 11.287
2.790 10.000 10.044 10.255 1.361
2.800 10.000 10.179 10.281 3.705
2.810 10.000 9.977 10.252 -9.365
2.820 10.000 9.933 10.277 14.295
2.830 10.000 10.154 10.343 -1.122
2.840 10.000 10.098 10.261 -15.343
2.850 10.000 10.074 10.182 -0.439
2.860 10.000 10.059 10.069 -22.021
2.870 10.000 9.934 9.896 -12.572
2.880 10.000 9.950 9.759 -14.879
2.890 10.000 10.091 9.518 -33.434
2.900 10.000 10.029 9.280 -14.037
2.910 10.000 9.980 9.208 -0.392
2.920 10.000 10.019 9.118 -17.704
2.930 10.000 9.971 8.918 -22.125
2.940 10.000 9.975 8.813 1.087
2.950 10.000 10.049 8.792 -5.308
2.960 10.000 9.921 8.692 -14.737
2.970 10.000 9.936 8.554 -12.894
2.980 10.000 10.017 8.437 -10.428
2.990 10.000 9.972 8.328 -11.451
3.000 10.000 9.891 8.178 -18.412
3.010 10.000 10.024 8.050 -7.269
3.020 10.000 9.938 8.044 6.049
3.030 10.000 9.864 8.031 -8.534
3.040 10.000 10.005 7.992 0.559
3.050 10.000 9.979 8.040 9.033
3.060 10.000 10.029 8.069 -3.121
3.070 10.000 9.945 8.143 17.924
3.080 10.000 10.028 8.255 4.475
3.090 10.000 10.028 8.236 -8.357
3.100 10.000 9.984 8.135 -11.798
3.110 10.000 9.947 8.097 4.175
3.120 10.000 10.105 8.141 4.713
3.130 10.000 10.048 8.100 -12.986
3.140 10.000 9.862 7.984 -10.263
3.150 10.000 10.097 7.881 -10.220
3.160 10.000 10.074 7.807 -4.690
3.170 10.000 9.875 7.729 -10.916
3.180 10.000 10.065 7.622 -10.385
3.190 10.000 9.933 7.605 6.910
3.200 10.000 9.926 7.705 13.046
3.210 10.000 10.164 7.767 -0.511
3.220 10.000 10.055 7.771 1.237
3.230 10.000 9.997 7.845 13.617
3.240 10.000 10.063 7.817 -19.223
3.250 10.000 10.016 7.650 -14.281
3.260 10.000 10.032 7.511 -13.390
3.270 10.000 10.026 7.341 -20.750
3.280 10.000 10.023 7.174 -12.545
3.290 10.000 9.982 7.162 10.134
3.300 10.000 9.970 7.160 -10.472
3.310 10.000 10.014 7.026 -16.421
3.320 10.000 9.999 6.933 -2.189
3.330 10.000 10.074 6.881 -8.287
3.340 10.000 9.964 6.818 -4.166
3.350 10.000 9.931 6.797 -0.053
3.360 10.000 10.025 6.844 9.491
3.370 10.000 9.961 6.865 -5.354
3.380 10.000 9.962 6.730 -21.755
3.390 10.000 10.009 6.558 -12.626
3.400 10.000 9.971 6.437 -11.445
3.410 10.000 9.964 6.291 -17.757
3.420 10.000 10.013 6.112 -18.031
3.430 10.000 10.050 5.975 -9.350
3.440 10.000 9.922 5.935 1.354
3.450 10.000 9.917 5.927 -2.990
3.460 10.000 10.077 5.896 -3.188
3.470 10.000 10.045 5.896 3.091
3.480 10.000 9.996 5.896 -3.171
3.490 10.000 10.064 5.784 -19.084
3.500 10.000 9.972 5.667 -4.383
3.510 10.000 9.927 5.683 7.559
3.520 10.000 10.070 5.706 -2.943
3.530 10.000 10.001 5.811 23.890
3.540 10.000 10.050 5.999 13.767
3.550 10.000 9.910 6.038 -6.022
3.560 10.000 9.960 6.006 -0.245
3.570 10.000 10.041 6.034 5.844
3.580 10.000 10.000 6.036 -5.589
3.590 10.000 10.006 5.953 -11.016
3.600 10.000 9.960 5.877 -4.131
3.610 10.000 9.907 5.925 13.841
3.620 10.000 10.017 6.002 1.443
3.630 10.000 10.029 6.044 7.064
3.640 10.000 10.094 6.068 -2.343
3.650 10.000 10.030 5.997 -11.774
3.660 10.000 9.936 5.856 -16.429
3.670 10.000 10.053 5.837 12.571
3.680 10.000 10.009 5.937 7.437
3.690 10.000 10.015 5.927 -9.400
3.700 10.000 10.028 5.810 -14.127
3.710 10.000 9.910 5.748 1.767
3.720 10.000 9.954 5.767 2.075
3.730 10.000 10.079 5.700 -15.443
3.740 10.000 10.095 5.554 -13.764
3.750 10.000 9.948 5.533 9.641
3.760 10.000 9.953 5.601 3.897
3.770 10.000 9.950 5.659 7.749
3.780 10.000 9.983 5.691 -1.411
3.790 10.000 10.026 5.650 -6.813
3.800 10.000 10.001 5.492 -24.843
3.810 10.000 9.926 5.321 -9.268
3.820 10.000 9.945 5.293 3.633
3.830 10.000 9.979 5.375 12.704
3.840 10.000 10.136 5.410 -5.630
3.850 10.000 10.085 5.389 1.334
3.860 10.000 9.907 5.425 5.867
3.870 10.000 9.961 5.438 -3.192
3.880 10.000 10.195 5.384 -7.662
3.890 10.000 10.045 5.250 -19.109
3.900 10.000 9.926 5.085 -13.836
3.910 10.000 9.994 4.966 -10.073
3.920 10.000 9.984 4.909 -1.337
3.930 10.000 10.034 4.907 1.051
3.940 10.000 9.953 4.842 -14.119
3.950 10.000 10.031 4.727 -8.776
3.960 10.000 9.965 4.673 -2.157
3.970 10.000 9.931 4.644 -3.594
3.980 10.000 10.023 4.608 -3.650
3.990 10.000 10.035 4.521 -13.721
4.000 10.000 9.983 4.515 12.539
4.010 10.000 9.954 4.579 0.369
4.020 10.000 10.033 4.540 -8.312
4.030 10.000 9.919 4.447 -10.231
4.040 10.000 10.008 4.305 -18.090
4.050 10.000 10.045 4.179 -7.230
4.060 10.000 9.939 4.219 15.297
4.070 10.000 9.947 4.280 -3.210
4.080 10.000 10.027 4.296 6.419
4.090 10.000 9.998 4.388 11.983
4.100 10.000 10.049 4.377 -14.046
4.110 10.000 9.937 4.342 6.972
4.120 10.000 9.807 4.478 20.143
4.130 10.000 10.124 4.629 10.115
4.140 10.000 10.034 4.758 15.631
4.150 10.000 9.999 4.817 -3.747
4.160 10.000 9.989 4.830 6.379
4.170 10.000 10.071 4.900 7.553
4.180 10.000 9.904 4.955 3.401
4.190 10.000 10.011 5.011 7.855
4.200 10.000 10.197 5.035 -3.054
4.210 10.000 9.952 5.124 20.980
4.220 10.000 9.994 5.188 -8.217
4.230 10.000 10.056 5.073 -14.846
4.240 10.000 10.083 4.961 -7.570
4.250 10.000 10.082 4.882 -8.171
4.260 10.000 10.038 4.785 -11.200
4.270 10.000 9.959 4.782 10.629
4.280 10.000 10.050 4.824 -2.293
4.290 10.000 9.997 4.742 -14.180
4.300 10.000 10.026 4.608 -12.518
4.310 10.000 10.113 4.531 -2.909
4.320 10.000 10.005 4.492 -4.886
4.330 10.000 9.947 4.346 -24.350
4.340 10.000 10.006 4.115 -21.886
4.350 10.000 9.938 3.943 -12.507
4.360 10.000 9.955 3.792 -17.636
4.370 10.000 10.045 3.638 -13.113
4.380 10.000 10.060 3.518 -10.974
4.390 10.000 9.940 3.407 -11.253
4.400 10.000 9.958 3.237 -22.649
4.410 10.000 9.986 3.051 -14.530
4.420 10.000 9.967 2.999 4.006
4.430 10.000 9.893 3.041 4.502
4.440 10.000 9.931 3.001 -12.645
4.450 10.000 9.940 2.901 -7.343
4.460 10.000 10.030 2.824 -8.028
4.470 10.000 10.020 2.725 -11.724
4.480 10.000 9.931 2.695 5.816
4.490 10.000 9.981 2.685 -7.886
4.500 10.000 9.918 2.650 0.829
4.510 10.000 10.047 2.627 -5.316
4.520 10.000 10.004 2.708 21.399
4.530 10.000 9.942 2.889 14.741
4.540 10.000 9.974 2.901 -12.150
4.550 10.000 9.977 2.923 16.549
4.560 10.000 9.939 3.121 23.009
4.570 10.000 10.097 3.188 -9.593
4.580 10.000 9.976 3.102 -7.587
4.590 10.000 10.014 3.110 9.157
4.600 10.000 9.997 3.160 0.718
4.610 10.000 10.053 3.226 12.625
4.620 10.000 10.060 3.415 25.170
4.630 10.000 10.078 3.550 1.741
4.640 10.000 9.910 3.558 -0.113
4.650 10.000 9.924 3.627 13.875
4.660 10.000 10.129 3.635 -12.180
4.670 10.000 10.012 3.622 9.499
4.680 10.000 10.138 3.615 -10.864
4.690 10.000 9.992 3.579 3.722
4.700 10.000 9.946 3.604 1.162
4.710 10.000 10.026 3.598 -2.359
4.720 10.000 10.079 3.537 -9.802
4.730 10.000 9.987 3.563 14.990
4.740 10.000 10.041 3.600 -7.646
4.750 10.000 10.009 3.482 -15.888
4.760 10.000 9.980 3.497 18.903
4.770 10.000 10.023 3.671 16.016
4.780 10.000 9.998 3.824 14.513
4.790 10.000 10.009 3.831 -13.098
4.800 10.000 10.034 3.727 -7.804
4.810 10.000 9.950 3.622 -13.204
4.820 10.000 10.044 3.447 -21.796
4.830 10.000 10.106 3.217 -24.118
4.840 10.000 9.991 3.061 -7.003
4.850 10.000 9.919 2.944 -16.484
4.860 10.000 9.961 2.883 4.297
4.870 10.000 10.022 2.934 5.860
4.880 10.000 9.996 2.980 3.395
4.890 10.000 9.958 2.882 -22.933
4.900 10.000 9.988 2.760 -1.598
4.910 10.000 10.039 2.713 -7.693
4.920 10.000 9.860 2.660 -3.033
4.930 10.000 10.054 2.592 -10.562
4.940 10.000 10.009 2.520 -3.805
4.950 10.000 9.912 2.427 -14.833
4.960 10.000 9.883 2.330 -4.564
4.970 10.000 10.021 2.371 12.853
4.980 10.000 9.972 2.497 12.357
4.990 10.000 10.058 2.613 10.841
5.000 12.500 9.967 2.711 8.692
5.010 15.000 10.447 3.214 91.858
5.020 17.500 11.962 4.827 230.746
5.030 20.000 15.340 8.093 422.531
5.040 22.500 21.662 13.401 639.094
5.050 25.000 29.827 20.226 725.805
5.060 27.500 37.620 27.846 798.231
5.070 30.000 39.912 34.548 542.096
5.080 32.500 35.218 38.209 190.366
5.090 35.000 20.645 38.002 -231.828
5.100 35.000 9.994 37.887 208.792
5.110 35.000 16.097 41.933 600.515
5.120 35.000 32.100 49.381 888.775
5.130 35.000 39.991 58.949 1025.026
5.140 35.000 40.053 69.734 1131.970
5.150 35.000 40.058 79.733 867.988
5.160 35.000 40.061 88.040 793.409
5.170 35.000 40.062 95.489 696.252
5.180 35.000 40.067 101.329 471.899
5.190 35.000 40.061 104.906 243.213
5.200 35.000 34.676 105.800 -64.256
5.210 35.000 19.352 104.723 -151.150
5.220 35.000 13.755 105.320 270.381
5.230 35.000 22.026 109.667 599.100
5.240 35.000 37.524 118.363 1140.640
5.250 35.000 40.038 129.569 1100.594
5.260 35.000 40.060 140.088 1003.181
5.270 35.000 40.057 149.248 828.778
5.280 35.000 40.065 157.280 777.597
5.290 35.000 40.063 163.766 519.599
5.300 35.000 40.066 167.908 308.835
5.310 35.000 40.039 169.956 100.675
5.320 35.000 28.650 168.906 -310.706
5.330 35.000 14.890 167.020 -66.563
5.340 35.000 18.191 168.794 421.336
5.350 35.000 29.171 174.545 728.971
5.360 35.000 39.999 183.640 1090.372
5.370 35.000 40.056 194.041 989.064
5.380 35.000 40.061 202.859 775.338
5.390 35.000 40.063 210.358 724.559
5.400 35.000 40.060 217.356 674.991
5.410 35.000 40.065 223.048 463.371
5.420 35.000 40.061 226.477 222.492
5.430 35.000 37.275 226.944 -129.104
5.440 35.000 21.662 224.816 -296.478
5.450 35.000 17.202 223.565 46.177
5.460 35.000 25.240 226.054 451.555
5.470 35.000 37.371 232.607 859.016
5.480 35.000 40.032 242.115 1043.162
5.490 35.000 40.046 252.212 975.384
5.500 35.000 40.043 261.338 850.578
5.510 35.000 40.052 268.970 675.971
5.520 35.000 40.061 275.101 550.026
5.530 35.000 40.068 279.573 344.309
5.540 35.000 40.057 281.427 26.469
5.550 35.000 32.375 279.872 -337.400
5.560 35.000 18.589 277.028 -231.395
5.570 35.000 20.631 276.603 146.365
5.580 35.000 30.718 279.998 532.630
5.590 35.000 39.992 287.046 877.000
5.600 35.000 40.059 296.951 1104.248
5.610 35.000 40.061 307.179 941.370
5.620 35.000 40.065 315.986 819.416
5.630 35.000 40.062 323.022 587.863
5.640 35.000 40.062 328.017 411.072
5.650 35.000 40.053 331.243 234.313
5.660 35.000 38.995 331.731 -136.688
5.670 35.000 23.930 328.864 -436.724
5.680 35.000 18.955 325.903 -155.511
5.690 35.000 25.043 326.383 251.589
5.700 35.000 36.070 330.975 666.776
5.710 35.000 40.048 338.988 935.863
5.720 35.000 40.060 348.809 1028.317
5.730 35.000 40.061 357.751 760.051
5.740 35.000 40.062 364.922 674.193
5.750 35.000 40.061 370.510 443.267
5.760 35.000 40.040 373.985 251.770
5.770 35.000 40.062 375.197 -9.435
5.780 35.000 30.023 373.278 -374.414
5.790 35.000 21.428 369.886 -303.907
5.800 35.000 23.267 368.600 46.763
5.810 35.000 33.626 370.753 383.827
5.820 35.000 40.036 376.454 756.207
5.830 35.000 40.061 384.254 803.814
5.840 35.000 40.059 391.701 685.591
5.850 35.000 40.063 397.937 561.584
5.860 35.000 40.062 402.114 273.702
5.870 35.000 40.058 403.520 7.600
5.880 35.000 32.203 401.850 -341.626
5.890 35.000 23.533 398.439 -340.492
5.900 35.000 24.314 396.619 -23.651
5.910 35.000 32.682 398.072 314.249
5.920 35.000 40.022 402.937 658.755
5.930 35.000 40.061 409.365 626.817
5.940 35.000 40.058 414.897 479.747
5.950 35.000 40.044 418.800 300.801
5.960 35.000 40.028 420.773 93.705
5.970 35.000 32.436 420.066 -235.056
5.980 35.000 25.726 417.474 -283.246
5.990 35.000 26.846 415.944 -22.738
6.000 10.000 33.538 417.121 258.073
6.010 10.000 37.896 417.777 -126.976
6.020 10.000 22.317 415.329 -362.812
6.030 10.000 16.429 410.015 -699.931
6.040 10.000 13.099 403.095 -683.642
6.050 10.000 11.234 396.977 -540.396
6.060 10.000 10.638 391.692 -516.550
6.070 10.000 10.236 386.514 -519.023
6.080 10.000 10.004 381.347 -514.357
6.090 10.000 9.759 376.351 -484.870
6.100 10.000 9.526 371.111 -563.121
6.110 10.000 9.437 365.362 -586.794
6.120 10.000 9.231 360.036 -478.253
6.130 10.000 9.245 354.947 -539.588
6.140 10.000 9.328 349.588 -532.420
6.150 10.000 9.423 344.545 -476.008
6.160 10.000 9.393 339.705 -492.094
6.170 10.000 9.587 334.908 -467.291
6.180 10.000 9.767 329.729 -568.599
6.190 10.000 9.732 324.521 -472.512
6.200 10.000 9.751 319.569 -518.312
6.210 10.000 9.726 314.651 -465.313
6.220 10.000 9.787 310.081 -448.675
6.230 10.000 9.662 305.581 -451.237
6.240 10.000 9.736 301.133 -438.394
6.250 10.000 9.769 296.729 -442.532
6.260 10.000 9.725 292.231 -456.901
6.270 10.000 9.693 287.817 -426.078
6.280 10.000 9.709 283.487 -439.740
6.290 10.000 9.663 278.700 -517.677
6.300 10.000 9.523 273.845 -453.527
6.310 10.000 9.499 269.341 -447.220
6.320 10.000 9.452 265.045 -411.945
6.330 10.000 9.427 260.935 -410.048
6.340 10.000 9.514 256.740 -428.802
6.350 10.000 9.644 252.563 -406.864
6.360 10.000 9.658 248.472 -411.237
6.370 10.000 9.795 244.418 -399.566
6.380 10.000 9.877 240.404 -403.318
6.390 10.000 9.877 236.418 -393.784
6.400 10.000 9.868 232.469 -396.205
6.410 10.000 9.838 228.523 -392.853
6.420 10.000 9.855 224.656 -380.633
6.430 10.000 9.856 220.896 -371.314
6.440 10.000 9.844 217.228 -362.233
6.450 10.000 9.918 213.425 -398.444
6.460 10.000 9.959 209.644 -357.828
6.470 10.000 9.892 206.128 -345.171
6.480 10.000 9.994 202.367 -407.084
6.490 10.000 9.881 198.689 -328.619
6.500 10.000 9.800 195.237 -361.792
6.510 10.000 9.924 191.456 -394.411
6.520 10.000 9.743 187.976 -301.521
6.530 10.000 9.795 184.902 -313.086
6.540 10.000 10.084 181.471 -373.381
6.550 10.000 10.079 177.772 -366.469
6.560 10.000 9.823 174.472 -293.341
6.570 10.000 9.739 171.552 -290.920
6.580 10.000 9.888 168.312 -356.950
6.590 10.000 9.995 164.645 -376.481
6.600 10.000 9.954 161.109 -330.677
6.610 10.000 9.750 158.041 -282.934
6.620 10.000 9.709 155.276 -270.051
6.630 10.000 9.779 152.543 -276.473
6.640 10.000 10.019 149.736 -285.042
6.650 10.000 10.046 146.849 -292.419
6.660 10.000 10.024 143.821 -313.154
6.670 10.000 9.919 140.638 -323.512
6.680 10.000 9.869 137.359 -332.018
6.690 10.000 9.850 134.074 -325.350
6.700 10.000 9.743 130.906 -308.061
6.710 10.000 9.848 127.872 -298.509
6.720 10.000 9.844 124.963 -283.581
6.730 10.000 9.799 122.122 -284.654
6.740 10.000 9.869 119.306 -278.629
6.750 10.000 9.940 116.577 -266.995
6.760 10.000 9.939 113.890 -270.401
6.770 10.000 9.920 111.161 -275.515
6.780 10.000 9.878 108.415 -273.674
6.790 10.000 9.815 105.733 -262.640
6.800 10.000 9.868 103.098 -264.516
6.810 10.000 9.902 100.429 -269.321
6.820 10.000 9.943 97.771 -262.227
6.830 10.000 9.860 95.169 -258.086
6.840 10.000 9.914 92.623 -251.145
6.850 10.000 9.840 90.154 -242.785
6.860 10.000 9.822 87.776 -232.473
6.870 10.000 9.795 85.525 -218.026
6.880 10.000 9.703 83.469 -192.936
6.890 10.000 9.712 81.583 -184.429
6.900 10.000 9.781 79.703 -191.561
6.910 10.000 9.841 77.770 -195.095
6.920 10.000 9.942 75.794 -200.071
6.930 10.000 10.008 73.760 -206.732
6.940 10.000 9.928 71.725 -200.197
6.950 10.000 9.915 69.781 -188.752
6.960 10.000 9.917 67.966 -174.205
6.970 10.000 9.832 66.235 -171.905
6.980 10.000 9.786 64.480 -179.169
6.990 10.000 9.774 62.728 -171.161
7.000 10.000 9.941 61.015 -171.447
7.010 10.000 9.995 59.320 -167.707
7.020 10.000 9.951 57.663 -163.578
7.030 10.000 9.853 56.029 -163.183
7.040 10.000 9.794 54.409 -160.819
7.050 10.000 9.859 52.798 -161.420
7.060 10.000 10.017 51.239 -150.420
7.070 10.000 10.060 49.775 -142.470
7.080 10.000 9.942 48.372 -138.052
7.090 10.000 9.853 46.954 -145.589
7.100 10.000 9.869 45.473 -150.492
7.110 10.000 9.961 44.011 -141.949
7.120 10.000 9.933 42.665 -127.246
7.130 10.000 9.889 41.356 -134.516
7.140 10.000 9.867 40.016 -133.487
7.150 10.000 9.956 38.780 -113.852
7.160 10.000 9.992 37.657 -110.769
7.170 10.000 9.884 36.574 -105.742
7.180 10.000 9.981 35.386 -131.790
7.190 10.000 9.948 34.124 -120.604
7.200 10.000 9.915 33.040 -96.206
7.210 10.000 9.954 32.068 -98.252
7.220 10.000 9.933 31.031 -109.149
7.230 10.000 9.982 29.924 -112.349
7.240 10.000 9.990 28.890 -94.456
7.250 10.000 9.890 27.948 -93.879
7.260 10.000 9.825 26.950 -105.620
7.270 10.000 9.996 25.952 -94.021
7.280 10.000 10.041 25.065 -83.373
7.290 10.000 9.904 24.240 -81.644
7.300 10.000 9.853 23.408 -84.828
7.310 10.000 9.940 22.635 -69.677
7.320 10.000 9.992 21.941 -69.279
7.330 10.000 9.976 21.193 -80.139
7.340 10.000 9.913 20.407 -77.199
7.350 10.000 10.028 19.689 -66.334
7.360 10.000 9.954 19.037 -64.097
7.370 10.000 9.942 18.377 -67.866
7.380 10.000 9.940 17.755 -56.617
7.390 10.000 9.927 17.212 -51.838
7.400 10.000 9.912 16.675 -55.584
7.410 10.000 9.869 16.103 -58.852
7.420 10.000 9.987 15.530 -55.788
7.430 10.000 10.091 15.022 -45.831
7.440 10.000 10.069 14.511 -56.363
7.450 10.000 9.878 13.962 -53.482
7.460 10.000 9.943 13.419 -55.002
7.470 10.000 9.903 12.936 -41.730
7.480 10.000 9.908 12.524 -40.569
7.490 10.000 9.978 12.074 -49.545
7.500 10.000 9.963 11.697 -25.781
7.510 10.000 9.862 11.443 -24.985
7.520 10.000 9.976 11.054 -52.893
7.530 10.000 9.969 10.629 -31.984
7.540 10.000 10.032 10.391 -15.566
7.550 10.000 9.924 10.172 -28.316
7.560 10.000 9.919 9.849 -36.227
7.570 10.000 9.932 9.621 -9.476
7.580 10.000 10.008 9.499 -14.933
7.590 10.000 10.051 9.255 -33.757
7.600 10.000 9.987 8.910 -35.318
7.610 10.000 10.077 8.694 -7.811
7.620 10.000 9.947 8.637 -3.586
7.630 10.000 9.934 8.569 -10.055
7.640 10.000 9.994 8.460 -11.718
7.650 10.000 9.923 8.343 -11.777
7.660 10.000 9.953 8.159 -25.085
7.670 10.000 9.917 7.972 -12.144
7.680 10.000 10.031 7.932 4.090
7.690 10.000 10.028 7.928 -4.827
7.700 10.000 9.974 7.846 -11.720
7.710 10.000 10.010 7.743 -8.738
7.720 10.000 9.985 7.707 1.466
7.730 10.000 9.996 7.683 -6.297
7.740 10.000 10.031 7.600 -10.334
7.750 10.000 9.999 7.576 5.562
7.760 10.000 9.993 7.637 6.579
7.770 10.000 9.851 7.721 10.343
7.780 10.000 9.968 7.789 3.192
7.790 10.000 10.067 7.887 16.478
7.800 10.000 10.037 7.987 3.384
7.810 10.000 10.079 7.973 -6.053
7.820 10.000 10.010 7.927 -3.123
7.830 10.000 9.976 7.942 6.020
7.840 10.000 9.973 7.937 -7.001
7.850 10.000 10.031 7.860 -8.372
7.860 10.000 10.121 7.765 -10.628
7.870 10.000 9.962 7.618 -18.672
7.880 10.000 9.976 7.417 -21.547
7.890 10.000 10.072 7.232 -15.621
7.900 10.000 9.967 7.192 7.610
7.910 10.000 10.016 7.148 -16.302
7.920 10.000 10.003 7.000 -13.223
7.930 10.000 9.955 6.925 -1.964
7.940 10.000 9.986 6.898 -3.347
7.950 10.000 10.004 6.863 -3.659
7.960 10.000 10.052 6.762 -16.626
7.970 10.000 9.966 6.697 3.716
7.980 10.000 9.995 6.602 -22.741
7.990 10.000 9.984 6.379 -21.721
8.000 10.000 10.038 6.298 5.446
8.010 10.000 10.044 6.256 -13.949
8.020 10.000 10.046 6.058 -25.592
8.030 10.000 10.002 5.884 -9.121
8.040 10.000 10.014 5.838 -0.156
8.050 10.000 9.981 5.756 -16.249
8.060 10.000 10.018 5.571 -20.728
8.070 10.000 10.031 5.441 -5.352
8.080 10.000 10.006 5.280 -26.859
8.090 10.000 10.024 5.051 -18.874
8.100 10.000 9.977 4.886 -14.187
8.110 10.000 9.991 4.748 -13.275
8.120 10.000 9.906 4.574 -21.671
8.130 10.000 10.025 4.333 -26.531
8.140 10.000 9.961 4.182 -3.556
8.150 10.000 10.002 4.041 -24.692
8.160 10.000 9.926 3.886 -6.210
8.170 10.000 10.053 3.872 3.397
8.180 10.000 9.971 3.946 11.371
8.190 10.000 9.966 3.860 -28.542
8.200 10.000 10.042 3.659 -11.594
8.210 10.000 9.994 3.590 -2.312
8.220 10.000 10.014 3.541 -7.401
8.230 10.000 9.982 3.401 -20.724
8.240 10.000 9.978 3.255 -8.492
8.250 10.000 9.928 3.227 2.946
8.260 10.000 9.944 3.221 -4.088
8.270 10.000 10.001 3.170 -6.260
8.280 10.000 10.055 3.094 -8.943
8.290 10.000 9.944 3.039 -1.953
8.300 10.000 10.042 2.965 -12.933
8.310 10.000 9.997 2.904 0.725
8.320 10.000 10.009 2.953 9.227
8.330 10.000 10.072 2.935 -12.851
8.340 10.000 10.077 2.804 -13.374
8.350 10.000 10.012 2.674 -12.712
8.360 10.000 9.893 2.616 1.176
8.370 10.000 10.115 2.539 -16.639
8.380 10.000 9.978 2.471 3.171
8.390 10.000 9.976 2.474 -2.725
8.400 10.000 9.980 2.436 -4.774
8.410 10.000 9.868 2.410 -0.381
8.420 10.000 10.022 2.410 0.316
8.430 10.000 10.037 2.375 -7.208
8.440 10.000 10.009 2.285 -10.889
8.450 10.000 10.007 2.203 -5.439
8.460 10.000 9.971 2.186 1.969
8.470 10.000 10.018 2.098 -19.669
8.480 10.000 10.095 1.858 -28.291
8.490 10.000 10.029 1.693 -4.637
8.500 10.000 9.917 1.639 -6.195
8.510 10.000 9.939 1.583 -5.044
8.520 10.000 10.020 1.577 3.844
8.530 10.000 10.044 1.572 -4.740
8.540 10.000 9.999 1.513 -7.088
8.550 10.000 9.928 1.493 3.165
8.560 10.000 10.063 1.451 -11.596
8.570 10.000 9.962 1.322 -14.252
8.580 10.000 9.968 1.237 -2.732
8.590 10.000 10.111 1.218 -1.018
8.600 10.000 9.964 1.249 7.044
8.610 10.000 9.967 1.291 1.354
8.620 10.000 10.026 1.269 -5.574
8.630 10.000 10.005 1.269 5.486
8.640 10.000 10.038 1.243 -10.636
8.650 10.000 10.025 1.159 -6.238
8.660 10.000 9.960 1.149 4.221
8.670 10.000 10.012 1.089 -16.270
8.680 10.000 10.009 0.977 -5.943
8.690 10.000 10.048 0.920 -5.564
8.700 10.000 10.010 0.900 1.605
8.710 10.000 9.994 0.871 -7.517
8.720 10.000 9.961 0.825 -1.499
8.730 10.000 9.909 0.872 10.764
8.740 10.000 10.004 0.904 -4.359
8.750 10.000 9.977 0.805 -15.351
8.760 10.000 10.028 0.724 -0.948
8.770 10.000 9.898 0.774 11.064
8.780 10.000 10.057 0.826 -0.757
8.790 10.000 10.084 0.825 0.632
8.800 10.000 9.932 0.821 -1.556
8.810 10.000 9.944 0.799 -2.784
8.820 10.000 10.035 0.723 -12.512
8.830 10.000 9.988 0.758 19.606
8.840 10.000 9.970 0.908 10.335
8.850 10.000 10.065 0.977 3.538
8.860 10.000 10.022 1.054 11.838
8.870 10.000 10.008 1.064 -9.796
8.880 10.000 9.971 0.930 -17.122
8.890 10.000 10.043 0.807 -7.486
8.900 10.000 10.099 0.775 1.243
8.910 10.000 10.053 0.832 10.106
8.920 10.000 9.951 0.863 -3.845
8.930 10.000 10.032 0.751 -18.731
8.940 10.000 10.021 0.650 -1.371
8.950 10.000 10.021 0.614 -5.740
8.960 10.000 9.976 0.469 -23.389
8.970 10.000 9.951 0.337 -3.023
8.980 10.000 10.001 0.289 -6.443
8.990 10.000 9.988 0.177 -15.963
9.000 10.000 10.065 0.023 -14.902
9.010 10.000 9.968 -0.026 5.158
9.020 10.000 9.943 -0.031 -6.216
9.030 10.000 9.941 -0.183 -24.213
9.040 10.000 9.945 -0.310 -1.108
9.050 10.000 10.056 -0.348 -6.465
9.060 10.000 9.973 -0.421 -8.305
9.070 10.000 9.999 -0.472 -1.841
9.080 10.000 9.896 -0.451 6.103
9.090 10.000 9.989 -0.466 -9.177
9.100 10.000 10.016 -0.480 6.465
9.110 10.000 10.003 -0.453 -1.100
9.120 10.000 9.986 -0.507 -9.694
9.130 10.000 9.984 -0.607 -10.252
9.140 10.000 10.007 -0.626 6.358
9.150 10.000 10.000 -0.595 -0.150
9.160 10.000 10.090 -0.660 -12.818
9.170 10.000 10.010 -0.737 -2.618
9.180 10.000 9.964 -0.716 6.853
9.190 10.000 9.974 -0.722 -8.106
9.200 10.000 9.983 -0.799 -7.318
9.210 10.000 10.101 -0.886 -9.977
9.220 10.000 10.030 -0.959 -4.731
9.230 10.000 10.019 -1.051 -13.600
9.240 10.000 10.028 -1.128 -1.753
9.250 10.000 10.013 -1.117 3.799
9.260 10.000 10.092 -1.173 -14.904
9.270 10.000 10.012 -1.305 -11.530
9.280 10.000 9.958 -1.396 -6.636
9.290 10.000 9.919 -1.474 -8.995
9.300 10.000 10.022 -1.583 -12.847
9.310 10.000 10.069 -1.690 -8.492
9.320 10.000 9.932 -1.753 -4.012
9.330 10.000 9.913 -1.835 -12.521
9.340 10.000 9.995 -1.922 -4.747
9.350 10.000 9.951 -1.910 7.053
9.360 10.000 10.027 -1.898 -4.573
9.370 10.000 9.975 -1.858 12.561
9.380 10.000 9.988 -1.827 -6.517
9.390 10.000 9.909 -1.835 4.929
9.400 10.000 9.996 -1.850 -7.845
9.410 10.000 10.005 -1.880 1.788
9.420 10.000 10.057 -1.880 -1.724
9.430 10.000 10.034 -1.893 -0.807
9.440 10.000 9.981 -1.913 -3.347
9.450 10.000 9.969 -1.847 16.559
9.460 10.000 10.103 -1.816 -10.245
9.470 10.000 9.987 -1.906 -7.730
9.480 10.000 10.035 -2.013 -13.703
9.490 10.000 9.966 -2.098 -3.285
9.500 10.000 9.992 -2.132 -3.634
9.510 10.000 9.932 -2.181 -6.079
9.520 10.000 10.084 -2.209 0.362
9.530 10.000 10.110 -2.218 -2.076
9.540 10.000 9.971 -2.272 -8.629
9.550 10.000 9.943 -2.383 -13.674
9.560 10.000 9.952 -2.449 0.554
9.570 10.000 10.038 -2.479 -6.553
9.580 10.000 10.042 -2.568 -11.258
9.590 10.000 9.987 -2.601 4.585
9.600 10.000 9.974 -2.510 13.628
9.610 10.000 9.956 -2.474 -6.515
9.620 10.000 10.101 -2.556 -9.877
9.630 10.000 10.054 -2.603 0.646
9.640 10.000 9.906 -2.684 -16.907
9.650 10.000 9.988 -2.828 -11.830
9.660 10.000 10.010 -2.847 7.967
9.670 10.000 9.944 -2.743 12.890
9.680 10.000 10.044 -2.690 -2.373
9.690 10.000 10.006 -2.685 3.297
9.700 10.000 9.974 -2.700 -6.192
9.710 10.000 9.954 -2.772 -8.213
9.720 10.000 9.964 -2.824 -2.198
9.730 10.000 10.079 -2.752 16.500
9.740 10.000 9.963 -2.655 3.014
9.750 10.000 10.018 -2.733 -18.612
9.760 10.000 9.961 -2.827 -0.219
9.770 10.000 10.017 -2.838 -1.934
9.780 10.000 10.014 -2.863 -3.157
9.790 10.000 10.083 -2.895 -3.158
9.800 10.000 9.915 -2.857 10.727
9.810 10.000 9.936 -2.829 -5.052
9.820 10.000 10.033 -2.901 -9.486
9.830 10.000 10.019 -2.902 9.435
9.840 10.000 9.965 -2.795 11.966
9.850 10.000 9.994 -2.714 4.237
9.860 10.000 10.045 -2.673 3.773
9.870 10.000 9.999 -2.592 12.582
9.880 10.000 9.957 -2.607 -15.709
9.890 10.000 10.043 -2.746 -11.933
9.900 10.000 10.046 -2.713 18.426
9.910 10.000 9.948 -2.576 8.893
9.920 10.000 10.026 -2.557 -4.904
9.930 10.000 10.046 -2.561 3.966
9.940 10.000 10.063 -2.597 -11.072
9.950 10.000 10.001 -2.786 -26.775
9.960 10.000 9.966 -2.996 -15.162
9.970 10.000 9.976 -3.028 8.673
9.980 10.000 9.959 -2.945 7.934
9.990 10.000 10.003 -2.966 -12.033
10.000 10.000 10.029 -3.056 -6.025
10.010 12.499 9.986 -3.024 12.446
10.020 14.999 10.458 -2.504 91.447
10.030 17.499 11.998 -0.798 249.769
10.040 19.999 15.256 2.611 432.136
10.050 22.499 21.549 8.163 678.142
10.060 24.999 30.004 15.163 721.864
10.070 27.499 37.515 22.605 766.694
10.080 29.999 39.777 29.093 530.762
10.090 32.499 35.343 32.383 127.365
10.100 35.000 20.581 31.839 -236.277
10.110 35.000 10.013 32.039 276.305
10.120 35.000 16.405 36.481 612.132
10.130 35.000 32.280 44.005 893.164
10.140 35.000 39.972 54.477 1200.699
10.150 35.000 40.032 65.826 1068.920
10.160 35.000 40.037 75.738 914.362
10.170 35.000 40.035 84.256 789.166
10.180 35.000 40.037 91.564 672.526
10.190 35.000 40.041 97.320 478.504
10.200 35.000 40.056 100.928 243.146
10.210 35.000 34.184 101.710 -86.726
10.220 35.000 19.127 100.642 -126.920
10.230 35.000 14.128 101.717 342.027
10.240 35.000 22.776 106.745 663.593
10.250 35.000 37.937 116.078 1202.650
10.260 35.000 40.039 127.256 1032.936
10.270 35.000 40.057 137.436 1003.085
10.280 35.000 40.059 146.934 896.917
10.290 35.000 40.048 154.825 681.253
10.300 35.000 40.061 161.020 557.725
10.310 35.000 40.067 165.511 340.659
10.320 35.000 39.929 167.579 72.779
10.330 35.000 26.193 166.564 -275.613
10.340 35.000 14.091 165.117 -13.894
10.350 35.000 19.544 167.224 435.302
10.360 35.000 31.561 173.357 791.214
10.370 35.000 40.027 182.468 1030.829
10.380 35.000 40.055 192.760 1027.563
10.390 35.000 40.060 202.701 960.569
10.400 35.000 40.058 211.497 799.055
10.410 35.000 40.062 218.728 647.188
10.420 35.000 40.064 224.261 459.371
10.430 35.000 40.065 227.504 189.219
10.440 35.000 37.663 227.813 -127.392
10.450 35.000 21.617 225.575 -320.301
10.460 35.000 16.971 224.119 29.282
10.470 35.000 24.878 226.492 445.199
10.480 35.000 36.573 233.078 872.046
10.490 35.000 40.043 242.878 1087.953
10.500 35.000 40.049 253.397 1015.855
10.510 35.000 40.059 263.048 914.295
10.520 35.000 40.045 271.237 723.574
10.530 35.000 40.046 278.036 636.083
10.540 35.000 40.050 283.231 402.790
10.550 35.000 40.043 285.535 58.076
10.560 35.000 34.443 284.664 -232.422
10.570 35.000 20.111 282.137 -272.939
10.580 35.000 19.818 281.343 114.115
10.590 35.000 29.755 284.012 419.755
10.600 35.000 39.746 290.156 808.911
10.610 35.000 40.054 299.532 1066.293
10.620 35.000 40.058 309.084 844.169
10.630 35.000 40.062 317.011 741.184
10.640 35.000 40.065 323.612 579.098
10.650 35.000 40.065 328.701 438.567
10.660 35.000 40.062 331.282 77.643
10.670 35.000 36.972 330.760 -181.996
10.680 35.000 22.058 328.071 -355.950
10.690 35.000 19.496 326.322 6.142
10.700 35.000 27.994 328.065 342.273
10.710 35.000 38.387 333.863 817.754
10.720 35.000 40.045 343.171 1043.995
10.730 35.000 40.056 352.246 770.889
10.740 35.000 40.062 359.764 732.737
10.750 35.000 40.061 366.138 542.083
10.760 35.000 40.064 370.594 349.113
10.770 35.000 40.058 372.722 76.399
10.780 35.000 36.672 372.103 -200.149
10.790 35.000 22.407 369.126 -395.149
10.800 35.000 21.296 366.957 -38.775
10.810 35.000 29.221 368.102 267.734
10.820 35.000 39.011 373.151 741.747
10.830 35.000 40.049 380.909 810.438
10.840 35.000 40.058 388.170 641.685
10.850 35.000 40.057 394.347 593.623
10.860 35.000 40.063 399.761 489.309
10.870 35.000 40.061 402.959 150.217
10.880 35.000 37.406 402.749 -192.115
10.890 35.000 24.594 399.721 -413.484
10.900 35.000 22.398 397.204 -89.922
10.910 35.000 29.098 397.768 202.668
10.920 35.000 38.843 401.653 574.301
10.930 35.000 40.050 407.794 653.991
10.940 35.000 40.064 414.011 589.452
10.950 35.000 40.061 419.232 454.913
10.960 35.000 40.062 422.568 212.186
10.970 35.000 39.577 423.228 -80.097
10.980 35.000 28.814 420.873 -390.927
10.990 35.000 23.850 417.683 -247.229
11.000 35.000 26.934 416.757 62.154
11.010 10.000 35.428 418.985 383.346
11.020 10.000 40.012 421.385 96.676
11.030 10.000 27.253 419.568 -460.092
11.040 10.000 18.377 413.384 -776.543
11.050 10.000 13.722 405.742 -751.896
11.060 10.000 11.465 399.213 -553.917
11.070 10.000 10.635 393.745 -539.701
11.080 10.000 10.266 388.351 -539.167
11.090 10.000 10.002 382.964 -538.366
11.100 10.000 9.787 377.228 -608.760
11.110 10.000 9.753 371.745 -487.849
11.120 10.000 9.429 366.741 -512.862
11.130 10.000 9.397 361.396 -556.180
11.140 10.000 9.310 355.716 -579.848
11.150 10.000 9.285 350.236 -516.142
11.160 10.000 9.394 344.896 -551.894
11.170 10.000 9.490 339.321 -563.015
11.180 10.000 9.490 334.021 -496.869
11.190 10.000 9.595 329.126 -482.293
11.200 10.000 9.756 324.085 -525.897
11.210 10.000 9.822 319.058 -479.560
11.220 10.000 9.710 314.309 -470.368
11.230 10.000 9.790 309.321 -527.264
11.240 10.000 9.815 304.353 -466.130
11.250 10.000 9.682 299.662 -471.705
11.260 10.000 9.651 294.968 -467.527
11.270 10.000 9.717 290.482 -429.770
11.280 10.000 9.708 286.176 -431.092
11.290 10.000 9.711 281.735 -457.418
11.300 10.000 9.640 277.274 -434.848
11.310 10.000 9.556 272.980 -423.777
11.320 10.000 9.563 268.279 -516.495
11.330 10.000 9.567 263.038 -531.714
11.340 10.000 9.521 258.274 -421.288
11.350 10.000 9.481 254.113 -410.827
11.360 10.000 9.552 249.930 -425.844
11.370 10.000 9.585 245.783 -403.246
11.380 10.000 9.686 241.845 -384.527
11.390 10.000 9.678 237.997 -385.124
11.400 10.000 9.826 234.101 -393.776
11.410 10.000 9.908 230.239 -378.989
11.420 10.000 9.872 226.464 -375.814
11.430 10.000 9.986 222.641 -388.786
11.440 10.000 9.896 218.796 -380.397
11.450 10.000 9.824 215.024 -373.978
11.460 10.000 9.886 211.246 -381.547
11.470 10.000 9.983 207.280 -411.800
11.480 10.000 9.914 203.603 -323.641
11.490 10.000 9.857 200.034 -389.961
11.500 10.000 9.861 196.297 -357.596
11.510 10.000 9.798 192.845 -332.877
11.520 10.000 9.953 189.071 -421.842
11.530 10.000 9.818 185.350 -322.400
11.540 10.000 9.861 182.229 -301.671
11.550 10.000 10.073 178.681 -407.869
11.560 10.000 9.999 174.772 -373.958
11.570 10.000 9.723 171.498 -280.791
11.580 10.000 9.774 168.567 -305.566
11.590 10.000 10.004 165.128 -382.232
11.600 10.000 10.027 161.523 -338.680
11.610 10.000 9.748 158.398 -286.551
11.620 10.000 9.649 155.550 -283.057
11.630 10.000 9.833 152.722 -282.520
11.640 10.000 10.000 149.703 -321.236
11.650 10.000 10.039 146.385 -342.401
11.660 10.000 10.031 142.953 -344.001
11.670 10.000 9.948 139.478 -350.873
11.680 10.000 9.695 136.238 -297.135
11.690 10.000 9.649 133.427 -265.081
11.700 10.000 9.752 130.858 -248.821
11.710 10.000 9.948 128.419 -239.004
11.720 10.000 9.993 125.993 -246.198
11.730 10.000 9.949 123.576 -237.134
11.740 10.000 9.825 121.181 -241.978
11.750 10.000 9.825 118.796 -234.981
11.760 10.000 9.900 116.504 -223.378
11.770 10.000 9.880 114.270 -223.430
11.780 10.000 9.866 112.095 -211.516
11.790 10.000 9.794 109.910 -225.555
11.800 10.000 9.868 107.732 -210.080
11.810 10.000 9.945 105.626 -211.103
11.820 10.000 9.896 103.466 -220.764
11.830 10.000 9.849 101.240 -224.515
11.840 10.000 9.843 98.953 -232.796
11.850 10.000 9.830 96.582 -241.538
11.860 10.000 9.851 94.255 -223.762
11.870 10.000 9.946 91.892 -248.849
11.880 10.000 9.993 89.489 -231.774
11.890 10.000 9.954 87.174 -231.022
11.900 10.000 9.773 84.890 -226.028
11.910 10.000 9.839 82.707 -210.557
11.920 10.000 9.883 80.745 -181.656
11.930 10.000 9.865 78.981 -171.323
11.940 10.000 9.720 77.251 -174.699
11.950 10.000 9.776 75.451 -185.269
11.960 10.000 9.793 73.610 -182.872
11.970 10.000 9.935 71.696 -199.915
11.980 10.000 10.093 69.704 -198.682
11.990 10.000 10.033 67.825 -177.008
12.000 10.000 9.896 66.060 -176.110
12.010 10.000 9.747 64.348 -166.235
12.020 10.000 9.722 62.706 -162.240
12.030 10.000 9.841 61.037 -171.513
12.040 10.000 9.990 59.335 -168.654
12.050 10.000 9.990 57.701 -158.337
12.060 10.000 9.877 56.124 -156.988
12.070 10.000 9.797 54.575 -152.741
12.080 10.000 9.817 53.073 -147.790
12.090 10.000 10.022 51.529 -161.010
12.100 10.000 9.920 50.035 -137.728
12.110 10.000 9.927 48.779 -113.441
12.120 10.000 9.854 47.528 -136.896
12.130 10.000 9.928 46.107 -147.210
12.140 10.000 9.983 44.681 -137.993
12.150 10.000 9.958 43.369 -124.427
12.160 10.000 9.888 42.093 -130.838
12.170 10.000 9.889 40.814 -124.903
12.180 10.000 9.971 39.604 -117.135
12.190 10.000 9.993 38.488 -106.103
12.200 10.000 9.965 37.389 -113.586
12.210 10.000 9.880 36.276 -109.101
12.220 10.000 9.921 35.215 -103.021
12.230 10.000 10.037 34.164 -107.193
12.240 10.000 10.063 33.136 -98.492
12.250 10.000 9.875 32.127 -103.221
12.260 10.000 9.955 31.042 -113.771
12.270 10.000 9.932 29.950 -104.641
12.280 10.000 9.876 28.916 -102.159
12.290 10.000 9.912 27.941 -92.879
12.300 10.000 9.957 27.065 -82.375
12.310 10.000 9.992 26.216 -87.395
12.320 10.000 9.864 25.402 -75.383
12.330 10.000 9.929 24.566 -91.823
12.340 10.000 9.964 23.640 -93.364
12.350 10.000 10.007 22.787 -77.358
12.360 10.000 9.955 22.093 -61.456
12.370 10.000 9.923 21.392 -78.747
12.380 10.000 9.884 20.627 -74.081
12.390 10.000 9.996 20.004 -50.699
12.400 10.000 9.925 19.493 -51.362
12.410 10.000 9.897 18.852 -76.811
12.420 10.000 10.020 18.148 -63.987
12.430 10.000 9.936 17.582 -49.366
12.440 10.000 9.923 17.042 -58.525
12.450 10.000 9.980 16.458 -58.275
12.460 10.000 9.991 15.906 -52.217
12.470 10.000 9.938 15.415 -45.817
12.480 10.000 9.932 14.949 -47.404
12.490 10.000 9.897 14.501 -42.259
12.500 10.000 9.955 14.149 -28.207
12.510 10.000 10.015 13.903 -21.006
12.520 10.000 9.878 13.608 -37.864
12.530 10.000 9.979 13.189 -46.031
12.540 10.000 10.052 12.853 -21.213
12.550 10.000 9.966 12.610 -27.324
12.560 10.000 10.051 12.248 -45.064
12.570 10.000 9.898 11.894 -25.675
12.580 10.000 9.931 11.639 -25.453
12.590 10.000 9.795 11.380 -26.287
12.600 10.000 10.038 11.153 -19.133
12.610 10.000 10.036 11.034 -4.670
12.620 10.000 9.907 10.935 -15.116
12.630 10.000 9.953 10.763 -19.282
12.640 10.000 9.989 10.671 0.923
12.650 10.000 10.036 10.585 -18.233
12.660 10.000 10.053 10.414 -15.832
12.670 10.000 10.051 10.294 -8.214
12.680 10.000 9.894 10.171 -16.405
12.690 10.000 9.934 10.089 -0.015
12.700 10.000 10.001 10.060 -5.746
12.710 10.000 10.079 9.970 -12.330
12.720 10.000 9.905 9.849 -11.806
12.730 10.000 10.000 9.674 -23.205
12.740 10.000 9.974 9.512 -9.163
12.750 10.000 9.960 9.494 5.500
12.760 10.000 10.071 9.599 15.476
12.770 10.000 10.016 9.680 0.790
12.780 10.000 10.036 9.588 -19.220
12.790 10.000 10.037 9.477 -2.947
12.800 10.000 9.902 9.470 1.501
12.810 10.000 10.084 9.414 -12.711
12.820 10.000 10.008 9.375 5.010
12.830 10.000 9.961 9.390 -2.084
12.840 10.000 9.974 9.392 2.599
12.850 10.000 10.074 9.323 -16.384
12.860 10.000 9.942 9.223 -3.770
12.870 10.000 10.060 9.128 -15.119
12.880 10.000 10.069 9.001 -10.317
12.890 10.000 9.869 8.963 2.802
12.900 10.000 10.010 8.948 -5.933
12.910 10.000 10.064 8.828 -18.118
12.920 10.000 9.996 8.677 -11.924
12.930 10.000 10.014 8.589 -5.702
12.940 10.000 9.950 8.435 -25.064
12.950 10.000 10.026 8.271 -7.893
12.960 10.000 10.057 8.167 -12.922
12.970 10.000 9.925 8.055 -9.344
12.980 10.000 10.054 7.890 -23.648
12.990 10.000 9.960 7.777 1.077
13.000 10.000 9.929 7.769 -2.795
13.010 10.000 10.013 7.675 -15.929
13.020 10.000 10.034 7.534 -12.345
13.030 10.000 10.056 7.423 -9.900
13.040 10.000 9.932 7.318 -10.996
13.050 10.000 10.008 7.235 -5.715
13.060 10.000 10.041 7.184 -4.487
13.070 10.000 10.098 7.078 -16.562
13.080 10.000 10.042 6.894 -20.358
13.090 10.000 9.977 6.788 -0.699
13.100 10.000 9.938 6.731 -10.709
13.110 10.000 9.964 6.591 -17.366
13.120 10.000 10.093 6.427 -15.429
13.130 10.000 10.047 6.340 -1.968
13.140 10.000 9.984 6.269 -12.238
13.150 10.000 10.015 6.124 -16.751
13.160 10.000 9.967 5.970 -14.145
13.170 10.000 9.970 5.780 -23.683
13.180 10.000 9.899 5.519 -28.684
13.190 10.000 10.029 5.338 -7.460
13.200 10.000 10.022 5.344 8.727
13.210 10.000 9.897 5.442 10.742
13.220 10.000 9.963 5.523 5.563
13.230 10.000 10.086 5.608 11.502
13.240 10.000 10.021 5.625 -8.149
13.250 10.000 10.038 5.496 -17.649
13.260 10.000 9.959 5.391 -3.443
13.270 10.000 9.984 5.358 -3.117
13.280 10.000 9.948 5.357 2.884
13.290 10.000 9.996 5.352 -3.768
13.300 10.000 10.015 5.254 -15.944
13.310 10.000 9.901 5.099 -15.043
13.320 10.000 9.978 5.041 3.394
13.330 10.000 10.073 5.136 15.694
13.340 10.000 10.019 5.227 2.518
13.350 10.000 9.983 5.214 -5.232
13.360 10.000 9.940 5.214 5.373
13.370 10.000 9.951 5.276 6.948
13.380 10.000 10.027 5.246 -12.858
13.390 10.000 10.088 5.190 1.652
13.400 10.000 10.044 5.232 6.632
13.410 10.000 9.941 5.301 7.147
13.420 10.000 10.023 5.312 -4.835
13.430 10.000 9.983 5.294 1.137
13.440 10.000 10.074 5.291 -1.641
13.450 10.000 9.995 5.220 -12.598
13.460 10.000 10.021 5.118 -7.802
13.470 10.000 10.018 5.066 -2.576
13.480 10.000 9.915 4.995 -11.607
13.490 10.000 10.101 4.863 -14.816
13.500 10.000 10.034 4.806 3.461
13.510 10.000 9.932 4.796 -5.434
13.520 10.000 9.963 4.694 -15.055
13.530 10.000 10.013 4.662 8.729
13.540 10.000 10.008 4.668 -7.677
13.550 10.000 10.023 4.561 -13.705
13.560 10.000 10.039 4.502 1.878
13.570 10.000 9.880 4.520 1.853
13.580 10.000 10.058 4.515 -2.835
13.590 10.000 10.021 4.471 -6.136
13.600 10.000 10.067 4.403 -7.298
13.610 10.000 10.010 4.350 -3.330
13.620 10.000 9.844 4.301 -6.544
13.630 10.000 10.082 4.188 -15.982
13.640 10.000 10.015 4.152 8.758
13.650 10.000 9.878 4.277 16.186
13.660 10.000 10.012 4.403 9.027
13.670 10.000 9.995 4.477 5.879
13.680 10.000 9.923 4.546 7.754
13.690 10.000 10.014 4.519 -12.991
13.700 10.000 10.004 4.375 -15.986
13.710 10.000 9.993 4.277 -3.538
13.720 10.000 9.967 4.267 1.509
13.730 10.000 9.984 4.292 3.533
13.740 10.000 10.026 4.313 0.732
13.750 10.000 10.058 4.325 1.699
13.760 10.000 10.102 4.212 -24.381
13.770 10.000 10.027 4.078 -2.503
13.780 10.000 10.022 4.051 -2.736
13.790 10.000 10.014 4.001 -7.325
13.800 10.000 9.996 3.963 -0.274
13.810 10.000 10.121 3.917 -8.972
13.820 10.000 9.941 3.854 -3.640
13.830 10.000 9.920 3.835 -0.078
13.840 10.000 10.109 3.773 -12.362
13.850 10.000 10.011 3.711 -0.095
13.860 10.000 10.049 3.671 -7.775
13.870 10.000 9.923 3.614 -3.724
13.880 10.000 9.993 3.595 -0.073
13.890 10.000 9.906 3.523 -14.393
13.900 10.000 9.940 3.355 -19.180
13.910 10.000 10.012 3.246 -2.480
13.920 10.000 10.046 3.314 15.936
13.930 10.000 9.968 3.373 -4.016
13.940 10.000 9.967 3.299 -10.873
13.950 10.000 9.954 3.258 2.782
13.960 10.000 10.056 3.247 -5.043
13.970 10.000 9.990 3.159 -12.652
13.980 10.000 9.907 3.082 -2.687
13.990 10.000 9.935 3.155 17.332
14.000 10.000 10.000 3.231 -2.076
14.010 10.000 10.025 3.250 5.885
14.020 10.000 9.961 3.398 23.620
14.030 10.000 10.033 3.560 8.857
14.040 10.000 9.958 3.636 6.266
14.050 10.000 9.968 3.740 14.483
14.060 10.000 10.077 3.849 7.317
14.070 10.000 10.098 3.846 -7.768
14.080 10.000 10.034 3.795 -2.574
14.090 10.000 10.060 3.795 2.649
14.100 10.000 9.931 3.822 2.670
14.110 10.000 10.003 3.810 -4.982
14.120 10.000 10.197 3.752 -6.659
14.130 10.000 10.022 3.801 16.425
14.140 10.000 9.971 3.851 -6.384
14.150 10.000 10.041 3.815 -0.722
14.160 10.000 9.990 3.797 -2.877
14.170 10.000 10.054 3.694 -17.826
14.180 10.000 10.103 3.457 -29.614
14.190 10.000 10.073 3.263 -9.102
14.200 10.000 9.871 3.192 -5.132
14.210 10.000 10.006 3.063 -20.611
14.220 10.000 9.976 2.928 -6.458
14.230 10.000 9.963 2.846 -9.956
14.240 10.000 9.977 2.702 -18.714
14.250 10.000 9.859 2.570 -7.681
14.260 10.000 9.912 2.494 -7.618
14.270 10.000 10.048 2.443 -2.587
14.280 10.000 9.977 2.377 -10.627
14.290 10.000 10.087 2.265 -11.748
14.300 10.000 9.916 2.222 3.070
14.310 10.000 9.961 2.150 -17.415
14.320 10.000 9.954 2.000 -12.528
14.330 10.000 10.032 1.941 0.741
14.340 10.000 10.007 1.994 9.893
14.350 10.000 9.824 2.037 -1.414
14.360 10.000 9.995 2.042 2.466
14.370 10.000 10.019 2.166 22.225
14.380 10.000 9.998 2.305 5.731
14.390 10.000 9.968 2.374 8.089
14.400 10.000 10.065 2.466 10.267
14.410 10.000 9.925 2.580 12.535
14.420 10.000 9.994 2.654 2.170
14.430 10.000 10.095 2.712 9.501
14.440 10.000 10.037 2.778 3.751
14.450 10.000 10.042 2.795 -0.331
14.460 10.000 10.002 2.889 19.055
14.470 10.000 10.004 3.024 7.920
14.480 10.000 10.032 3.017 -9.369
14.490 10.000 10.073 2.875 -19.047
14.500 10.000 9.983 2.817 7.572
14.510 10.000 9.982 2.904 9.720
14.520 10.000 10.031 2.821 -26.332
14.530 10.000 10.062 2.717 5.637
14.540 10.000 10.108 2.704 -8.365
14.550 10.000 9.963 2.618 -8.851
14.560 10.000 10.056 2.526 -9.460
14.570 10.000 10.002 2.506 5.427
14.580 10.000 9.888 2.474 -11.748
14.590 10.000 10.016 2.387 -5.692
14.600 10.000 10.068 2.318 -8.158
14.610 10.000 10.007 2.203 -14.787
14.620 10.000 9.851 2.098 -6.286
14.630 10.000 9.955 2.073 1.285
14.640 10.000 10.063 2.132 10.491
14.650 10.000 9.969 2.186 0.495
14.660 10.000 9.965 2.167 -4.493
14.670 10.000 10.047 2.141 -0.659
14.680 10.000 10.041 2.142 0.963
14.690 10.000 10.015 2.088 -11.892
14.700 10.000 9.972 1.940 -17.689
14.710 10.000 10.111 1.862 2.067
14.720 10.000 9.898 1.868 -0.858
14.730 10.000 9.867 1.782 -16.218
14.740 10.000 10.038 1.714 2.463
14.750 10.000 10.060 1.758 6.509
14.760 10.000 10.043 1.662 -25.852
14.770 10.000 9.935 1.430 -20.511
14.780 10.000 9.881 1.319 -1.617
14.790 10.000 9.980 1.321 1.889
14.800 10.000 9.991 1.302 -5.600
14.810 10.000 10.049 1.215 -11.838
14.820 10.000 9.985 1.186 6.118
14.830 10.000 10.028 1.213 -0.698
14.840 10.000 9.965 1.186 -4.730
14.850 10.000 9.885 1.147 -3.189
14.860 10.000 10.016 1.137 1.272
14.870 10.000 10.053 1.174 6.208
14.880 10.000 9.977 1.257 10.205
14.890 10.000 10.066 1.344 7.201
14.900 10.000 10.093 1.328 -10.333
14.910 10.000 10.051 1.239 -7.450
14.920 10.000 10.008 1.149 -10.494
14.930 10.000 9.920 1.048 -9.834
14.940 10.000 10.056 0.967 -6.278
14.950 10.000 10.092 0.922 -2.738
14.960 10.000 10.003 0.879 -5.759
14.970 10.000 9.944 0.827 -4.811
14.980 10.000 10.042 0.793 -1.952
14.990 10.000 10.041 0.743 -7.936
15.000 10.000 10.047 0.595 -21.762
15.010 10.000 10.057 0.356 -26.003
15.020 12.500 10.017 0.141 -17.037
15.030 15.000 10.356 0.486 86.061
15.040 17.500 11.845 2.121 240.856
15.050 20.000 15.064 5.339 402.793
15.060 22.500 21.384 10.534 636.164
15.070 25.000 29.836 17.368 730.757
15.080 27.500 37.907 24.937 783.229
15.090 30.000 39.981 31.693 567.715
15.100 32.500 36.199 35.309 155.606
15.110 35.000 20.909 34.786 -260.286
15.120 35.000 9.498 34.590 221.060
15.130 35.000 15.568 38.748 610.640
15.140 35.000 31.243 45.949 829.445
15.150 35.000 39.948 55.703 1121.379
15.160 35.000 40.021 66.311 1000.211
15.170 35.000 40.032 76.261 989.703
15.180 35.000 40.039 85.194 796.138
15.190 35.000 40.039 92.521 669.932
15.200 35.000 40.042 98.700 565.868
15.210 35.000 40.038 102.792 252.498
15.220 35.000 34.013 103.987 -13.432
15.230 35.000 19.497 103.352 -113.551
15.240 35.000 14.173 104.410 325.078
15.250 35.000 22.540 109.164 625.796
15.260 35.000 38.256 117.352 1011.810
15.270 35.000 40.010 127.820 1081.822
15.280 35.000 40.027 138.167 987.580
15.290 35.000 40.023 147.010 781.041
15.300 35.000 40.024 154.366 689.561
15.310 35.000 40.026 160.398 517.298
15.320 35.000 40.025 164.514 305.990
15.330 35.000 39.568 166.094 9.775
15.340 35.000 26.118 164.596 -309.420
15.350 35.000 14.078 163.052 0.617
15.360 35.000 20.150 165.253 439.577
15.370 35.000 31.838 171.462 801.991
15.380 35.000 40.004 180.560 1017.799
15.390 35.000 40.036 191.254 1121.130
15.400 35.000 40.042 201.431 914.124
15.410 35.000 40.038 209.965 792.774
15.420 35.000 40.036 217.187 651.610
15.430 35.000 40.041 222.571 425.267
15.440 35.000 40.038 225.927 245.787
15.450 35.000 38.196 226.451 -140.861
15.460 35.000 21.817 224.053 -338.979
15.470 35.000 16.324 222.455 19.467
15.480 35.000 24.100 224.705 430.404
15.490 35.000 36.403 230.913 811.547
15.500 35.000 40.023 240.485 1102.857
15.510 35.000 40.038 251.487 1097.655
15.520 35.000 40.035 261.864 977.815
15.530 35.000 40.042 270.270 703.277
15.540 35.000 40.039 276.248 492.345
15.550 35.000 40.042 280.641 386.316
15.560 35.000 40.037 283.159 117.359
15.570 35.000 34.641 282.616 -226.031
15.580 35.000 20.448 280.057 -285.826
15.590 35.000 19.802 279.100 94.391
15.600 35.000 29.518 281.725 430.725
15.610 35.000 39.690 288.094 843.143
15.620 35.000 40.017 297.448 1027.786
15.630 35.000 40.018 306.674 817.264
15.640 35.000 40.030 314.464 740.825
15.650 35.000 40.028 320.910 548.437
15.660 35.000 40.027 326.073 484.079
15.670 35.000 40.024 329.277 156.638
15.680 35.000 37.495 329.228 -166.345
15.690 35.000 22.251 326.476 -384.084
15.700 35.000 19.138 324.305 -50.033
15.710 35.000 27.561 325.632 315.549
15.720 35.000 37.989 331.054 768.788
15.730 35.000 40.026 339.642 949.080
15.740 35.000 40.031 348.778 878.306
15.750 35.000 40.037 357.520 869.982
15.760 35.000 40.034 364.645 555.166
15.770 35.000 40.041 369.652 446.149
15.780 35.000 40.035 372.350 93.432
15.790 35.000 38.787 371.943 -174.830
15.800 35.000 23.969 368.808 -452.032
15.810 35.000 19.529 365.819 -145.875
15.820 35.000 26.178 366.174 216.858
15.830 35.000 37.447 370.365 621.408
15.840 35.000 40.027 377.972 900.045
15.850 35.000 40.032 386.787 862.366
15.860 35.000 40.039 394.408 662.320
15.870 35.000 40.036 400.316 519.301
15.880 35.000 40.035 404.536 324.360
15.890 35.000 40.038 406.382 45.011
15.900 35.000 36.361 405.203 -280.887
15.910 35.000 23.087 401.808 -397.995
15.920 35.000 22.399 399.151 -133.449
15.930 35.000 29.711 399.646 232.497
15.940 35.000 39.395 403.704 578.933
15.950 35.000 40.031 409.960 672.444
15.960 35.000 40.036 416.434 622.376
15.970 35.000 40.037 421.865 463.466
15.980 35.000 40.042 425.380 239.789
15.990 35.000 39.983 426.037 -108.479
16.000 35.000 29.789 423.435 -411.820
16.010 35.000 23.649 419.949 -285.492
16.020 10.000 25.825 418.622 20.010
16.030 10.000 33.265 417.072 -329.861
16.040 10.000 23.990 412.818 -521.242
16.050 10.000 16.063 406.563 -729.734
16.060 10.000 12.586 399.301 -722.667
16.070 10.000 11.085 392.571 -623.334
16.080 10.000 10.412 386.569 -577.069
16.090 10.000 10.100 380.746 -587.645
16.100 10.000 10.029 375.229 -515.609
16.110 10.000 9.793 369.701 -590.073
16.120 10.000 9.712 364.065 -537.119
16.130 10.000 9.427 358.439 -587.996
16.140 10.000 9.322 353.014 -497.177
16.150 10.000 9.247 347.672 -571.077
16.160 10.000 9.353 342.003 -562.968
16.170 10.000 9.408 336.810 -475.537
16.180 10.000 9.457 331.970 -492.132
16.190 10.000 9.596 327.146 -472.965
16.200 10.000 9.566 322.424 -471.415
16.210 10.000 9.629 317.705 -472.106
16.220 10.000 9.758 312.641 -541.140
16.230 10.000 9.835 307.666 -453.787
16.240 10.000 9.745 303.285 -422.470
16.250 10.000 9.811 298.840 -466.420
16.260 10.000 9.789 293.925 -516.674
16.270 10.000 9.730 288.771 -514.057
16.280 10.000 9.685 284.014 -437.312
16.290 10.000 9.604 279.687 -428.180
16.300 10.000 9.648 275.013 -506.583
16.310 10.000 9.599 270.354 -425.267
16.320 10.000 9.561 266.070 -431.542
16.330 10.000 9.434 261.815 -419.434
16.340 10.000 9.482 257.617 -420.262
16.350 10.000 9.334 253.459 -411.241
16.360 10.000 9.512 249.328 -415.035
16.370 10.000 9.474 245.308 -388.924
16.380 10.000 9.713 241.361 -400.393
16.390 10.000 9.876 237.351 -401.544
16.400 10.000 9.990 233.459 -376.913
16.410 10.000 9.955 229.594 -396.079
16.420 10.000 9.895 225.680 -386.901
16.430 10.000 9.797 221.778 -393.428
16.440 10.000 9.858 217.872 -387.748
16.450 10.000 9.869 214.116 -363.552
16.460 10.000 9.830 210.417 -376.249
16.470 10.000 9.910 206.700 -367.115
16.480 10.000 9.908 203.228 -327.368
16.490 10.000 9.871 199.863 -345.418
16.500 10.000 10.065 196.137 -399.977
16.510 10.000 9.868 192.582 -311.000
16.520 10.000 9.821 189.204 -364.430
16.530 10.000 9.921 185.517 -373.090
16.540 10.000 9.787 182.206 -289.112
16.550 10.000 9.920 179.005 -351.246
16.560 10.000 10.060 175.285 -392.785
16.570 10.000 9.869 171.746 -315.001
16.580 10.000 9.757 168.743 -285.604
16.590 10.000 9.942 165.516 -359.815
16.600 10.000 9.954 161.930 -357.166
16.610 10.000 9.811 158.669 -295.249
16.620 10.000 9.766 155.800 -278.410
16.630 10.000 9.856 152.939 -293.823
16.640 10.000 9.930 149.949 -304.151
16.650 10.000 10.086 146.740 -337.703
16.660 10.000 10.015 143.368 -336.641
16.670 10.000 9.822 140.113 -314.286
16.680 10.000 9.697 137.115 -285.499
16.690 10.000 9.664 134.437 -250.089
16.700 10.000 9.811 131.983 -240.502
16.710 10.000 9.859 129.635 -229.212
16.720 10.000 9.982 127.277 -242.392
16.730 10.000 9.963 124.903 -232.541
16.740 10.000 9.969 122.575 -232.915
16.750 10.000 9.979 120.180 -246.229
16.760 10.000 9.844 117.795 -230.603
16.770 10.000 9.819 115.512 -226.052
16.780 10.000 9.856 113.292 -217.967
16.790 10.000 9.886 111.102 -220.067
16.800 10.000 9.924 108.906 -219.188
16.810 10.000 9.893 106.718 -218.483
16.820 10.000 9.777 104.606 -203.746
16.830 10.000 9.772 102.515 -214.556
16.840 10.000 9.813 100.434 -201.602
16.850 10.000 9.878 98.387 -207.668
16.860 10.000 9.929 96.259 -218.025
16.870 10.000 9.861 94.057 -222.461
16.880 10.000 9.869 91.856 -217.797
16.890 10.000 9.902 89.674 -218.508
16.900 10.000 10.063 87.359 -244.411
16.910 10.000 9.958 85.018 -223.847
16.920 10.000 9.802 82.814 -216.798
16.930 10.000 9.740 80.666 -212.907
16.940 10.000 9.810 78.680 -184.281
16.950 10.000 9.879 76.844 -183.124
16.960 10.000 9.850 75.027 -180.171
16.970 10.000 9.838 73.155 -194.255
16.980 10.000 9.876 71.142 -208.367
16.990 10.000 9.934 69.126 -194.858
17.000 10.000 10.007 67.173 -195.609
17.010 10.000 9.980 65.278 -183.397
17.020 10.000 9.864 63.505 -171.346
17.030 10.000 9.768 61.811 -167.426
17.040 10.000 9.712 60.166 -161.550
17.050 10.000 9.822 58.515 -168.542
17.060 10.000 9.950 56.839 -166.779
17.070 10.000 10.021 55.190 -163.024
17.080 10.000 9.890 53.658 -143.281
17.090 10.000 9.806 52.282 -132.037
17.100 10.000 9.833 50.895 -145.328
17.110 10.000 9.895 49.410 -151.761
17.120 10.000 10.045 47.960 -138.144
17.130 10.000 9.963 46.599 -134.039
17.140 10.000 9.894 45.223 -141.218
17.150 10.000 9.904 43.817 -139.995
17.160 10.000 9.952 42.466 -130.090
17.170 10.000 9.949 41.229 -117.312
17.180 10.000 9.892 40.031 -122.321
17.190 10.000 9.794 38.809 -122.070
17.200 10.000 10.029 37.564 -127.042
17.210 10.000 10.134 36.400 -105.759
17.220 10.000 10.011 35.333 -107.644
17.230 10.000 9.901 34.214 -116.192
17.240 10.000 9.866 33.036 -119.382
17.250 10.000 9.920 31.915 -104.857
17.260 10.000 9.911 30.913 -95.500
17.270 10.000 9.940 29.929 -101.330
17.280 10.000 9.911 28.900 -104.470
17.290 10.000 9.975 27.947 -86.064
17.300 10.000 9.884 27.133 -76.766
17.310 10.000 9.915 26.299 -89.964
17.320 10.000 9.900 25.410 -87.794
17.330 10.000 10.006 24.602 -73.786
17.340 10.000 10.052 23.852 -76.334
17.350 10.000 9.894 23.068 -80.465
17.360 10.000 9.911 22.297 -73.729
17.370 10.000 10.032 21.569 -71.852
17.380 10.000 9.971 20.911 -59.672
17.390 10.000 9.835 20.243 -73.946
17.400 10.000 9.930 19.527 -69.228
17.410 10.000 10.054 18.845 -67.247
17.420 10.000 10.002 18.238 -54.101
17.430 10.000 9.935 17.645 -64.519
17.440 10.000 9.882 17.009 -62.796
17.450 10.000 9.858 16.461 -46.679
17.460 10.000 9.857 16.115 -22.475
17.470 10.000 10.072 15.845 -31.723
17.480 10.000 9.968 15.515 -34.173
17.490 10.000 9.989 15.152 -38.480
17.500 10.000 9.962 14.782 -35.508
17.510 10.000 10.031 14.346 -51.628
17.520 10.000 10.068 13.865 -44.629
17.530 10.000 9.956 13.545 -19.413
17.540 10.000 9.862 13.293 -30.920
17.550 10.000 9.870 12.958 -36.013
17.560 10.000 9.966 12.611 -33.445
17.570 10.000 10.039 12.338 -21.229
17.580 10.000 9.979 12.074 -31.585
17.590 10.000 9.991 11.718 -39.487
17.600 10.000 9.992 11.453 -13.497
17.610 10.000 9.890 11.329 -11.288
17.620 10.000 9.967 11.141 -26.349
17.630 10.000 9.950 10.854 -31.127
17.640 10.000 9.996 10.586 -22.392
17.650 10.000 9.981 10.391 -16.576
17.660 10.000 9.942 10.204 -20.869
17.670 10.000 9.963 10.038 -12.427
17.680 10.000 10.101 9.896 -15.873
17.690 10.000 9.929 9.844 5.388
17.700 10.000 9.912 9.853 -3.506
17.710 10.000 10.100 9.805 -6.164
17.720 10.000 9.957 9.818 8.768
17.730 10.000 10.020 9.729 -26.536
17.740 10.000 10.003 9.521 -15.102
17.750 10.000 9.945 9.478 6.507
17.760 10.000 9.920 9.489 -4.345
17.770 10.000 9.988 9.352 -23.026
17.780 10.000 10.027 9.149 -17.490
17.790 10.000 10.042 9.005 -11.269
17.800 10.000 10.010 8.844 -21.069
17.810 10.000 10.026 8.648 -18.044
17.820 10.000 10.106 8.532 -5.273
17.830 10.000 9.983 8.482 -4.664
17.840 10.000 10.107 8.377 -16.295
17.850 10.000 10.000 8.179 -23.353
17.860 10.000 9.935 8.002 -12.030
17.870 10.000 9.931 7.864 -15.476
17.880 10.000 10.000 7.740 -9.468
17.890 10.000 10.014 7.638 -10.970
17.900 10.000 10.001 7.574 -1.796
17.910 10.000 9.891 7.574 1.902
17.920 10.000 9.919 7.553 -6.128
17.930 10.000 10.057 7.510 -2.444
17.940 10.000 10.017 7.481 -3.489
17.950 10.000 10.017 7.351 -22.359
17.960 10.000 10.036 7.239 -0.126
17.970 10.000 9.952 7.250 2.288
17.980 10.000 9.933 7.234 -5.443
17.990 10.000 10.091 7.101 -21.169
18.000 10.000 9.960 7.004 1.741
18.010 10.000 9.993 6.975 -7.451
18.020 10.000 9.933 6.834 -20.734
18.030 10.000 9.957 6.713 -3.615
18.040 10.000 10.097 6.698 0.670
18.050 10.000 9.964 6.647 -10.824
18.060 10.000 10.007 6.486 -21.460
18.070 10.000 10.001 6.342 -7.190
18.080 10.000 10.013 6.362 11.088
18.090 10.000 9.943 6.366 -10.208
18.100 10.000 9.962 6.301 -2.885
18.110 10.000 10.035 6.318 6.231
18.120 10.000 10.061 6.383 6.931
18.130 10.000 10.032 6.333 -16.968
18.140 10.000 10.095 6.214 -6.914
18.150 10.000 10.048 6.164 -3.136
18.160 10.000 9.993 6.027 -24.114
18.170 10.000 9.970 5.733 -34.717
18.180 10.000 10.006 5.477 -16.473
18.190 10.000 9.936 5.440 9.008
18.200 10.000 9.993 5.407 -15.575
18.210 10.000 10.001 5.271 -11.639
18.220 10.000 9.986 5.226 2.567
18.230 10.000 9.950 5.232 -1.329
18.240 10.000 9.954 5.201 -4.851
18.250 10.000 10.100 5.152 -5.044
18.260 10.000 10.004 5.156 5.982
18.270 10.000 9.959 5.129 -11.465
18.280 10.000 10.001 5.002 -13.999
18.290 10.000 10.024 4.995 12.670
18.300 10.000 9.999 5.051 -1.354
18.310 10.000 9.987 5.007 -7.524
18.320 10.000 9.956 5.000 6.034
18.330 10.000 10.010 5.028 -0.348
18.340 10.000 9.999 4.990 -7.184
18.350 10.000 9.996 4.933 -4.203
18.360 10.000 10.110 4.925 2.571
18.370 10.000 10.022 4.888 -10.078
18.380 10.000 9.878 4.765 -14.487
18.390 10.000 10.073 4.641 -10.365
18.400 10.000 9.964 4.617 5.658
18.410 10.000 9.999 4.608 -7.446
18.420 10.000 10.041 4.533 -7.547
18.430 10.000 10.064 4.520 4.967
18.440 10.000 9.927 4.607 12.339
18.450 10.000 9.906 4.675 1.288
18.460 10.000 10.098 4.651 -6.154
18.470 10.000 9.996 4.651 6.148
18.480 10.000 9.922 4.671 -2.032
18.490 10.000 10.032 4.591 -13.919
18.500 10.000 10.004 4.499 -4.535
18.510 10.000 9.939 4.458 -3.765
18.520 10.000 10.074 4.374 -12.924
18.530 10.000 10.054 4.267 -8.422
18.540 10.000 9.904 4.176 -9.776
18.550 10.000 10.018 4.072 -11.131
18.560 10.000 10.054 4.010 -1.173
18.570 10.000 10.077 3.945 -11.857
18.580 10.000 9.962 3.866 -3.927
18.590 10.000 10.046 3.758 -17.661
18.600 10.000 9.940 3.631 -7.752
18.610 10.000 10.013 3.583 -1.896
18.620 10.000 10.001 3.581 1.520
18.630 10.000 9.999 3.535 -10.708
18.640 10.000 10.083 3.365 -23.373
18.650 10.000 9.876 3.239 -1.867
18.660 10.000 9.943 3.212 -3.422
18.670 10.000 10.128 3.077 -23.541
18.680 10.000 9.966 2.978 3.649
18.690 10.000 9.926 2.984 -2.439
18.700 10.000 9.905 2.936 -7.227
18.710 10.000 9.988 2.889 -2.125
18.720 10.000 10.004 2.886 1.445
18.730 10.000 10.024 2.838 -10.980
18.740 10.000 10.032 2.759 -4.887
18.750 10.000 10.016 2.764 5.938
18.760 10.000 9.968 2.821 5.557
18.770 10.000 9.930 2.841 -1.670
18.780 10.000 10.060 2.768 -12.776
18.790 10.000 9.931 2.726 4.238
18.800 10.000 9.951 2.790 8.653
18.810 10.000 10.008 2.777 -11.332
18.820 10.000 10.037 2.700 -3.969
18.830 10.000 10.105 2.711 6.104
18.840 10.000 10.012 2.769 5.524
18.850 10.000 10.045 2.812 3.011
18.860 10.000 9.949 2.817 -1.935
18.870 10.000 10.053 2.801 -1.383
18.880 10.000 10.033 2.719 -14.882
18.890 10.000 10.031 2.668 4.672
18.900 10.000 10.023 2.671 -4.035
18.910 10.000 9.932 2.592 -11.888
18.920 10.000 9.992 2.522 -2.135
18.930 10.000 10.108 2.482 -5.853
18.940 10.000 9.968 2.406 -9.298
18.950 10.000 10.031 2.216 -28.797
18.960 10.000 10.005 2.009 -12.483
18.970 10.000 9.995 1.937 -1.914
18.980 10.000 10.038 1.926 -0.226
18.990 10.000 10.018 1.794 -26.169
19.000 10.000 10.031 1.577 -17.408
19.010 10.000 9.956 1.448 -8.366
19.020 10.000 9.956 1.328 -15.552
19.030 10.000 9.975 1.212 -7.679
19.040 10.000 10.086 1.233 11.946
19.050 10.000 10.003 1.275 -3.616
19.060 10.000 9.854 1.234 -4.596
19.070 10.000 10.106 1.178 -6.665
19.080 10.000 9.951 1.196 10.436
19.090 10.000 9.959 1.154 -18.899
19.100 10.000 10.002 1.027 -6.603
19.110 10.000 9.872 1.059 13.053
19.120 10.000 9.947 1.097 -5.478
19.130 10.000 9.925 1.107 7.597
19.140 10.000 10.016 1.160 2.928
19.150 10.000 10.107 1.200 5.125
19.160 10.000 10.016 1.247 4.280
19.170 10.000 9.974 1.289 4.010
19.180 10.000 9.958 1.302 -1.353
19.190 10.000 10.031 1.241 -10.773
19.200 10.000 10.046 1.190 0.439
19.210 10.000 10.021 1.192 0.079
19.220 10.000 10.026 1.116 -15.278
19.230 10.000 9.925 0.973 -13.280
19.240 10.000 9.971 0.881 -5.290
19.250 10.000 10.098 0.925 14.110
19.260 10.000 10.074 0.993 -0.369
19.270 10.000 9.996 1.007 3.109
19.280 10.000 10.073 0.979 -8.718
19.290 10.000 10.042 0.946 2.013
19.300 10.000 9.971 0.985 5.791
19.310 10.000 10.088 0.943 -14.181
19.320 10.000 9.874 0.900 5.624
19.330 10.000 9.962 0.956 5.654
19.340 10.000 10.018 0.950 -6.852
19.350 10.000 10.060 0.843 -14.664
19.360 10.000 10.059 0.795 5.122
19.370 10.000 10.011 0.768 -10.536
19.380 10.000 9.890 0.534 -36.220
19.390 10.000 9.913 0.369 3.121
19.400 10.000 10.091 0.381 -0.705
19.410 10.000 9.919 0.274 -20.606
19.420 10.000 10.014 0.131 -7.995
19.430 10.000 9.990 0.048 -8.592
19.440 10.000 9.917 0.020 2.982
19.450 10.000 10.070 -0.003 -7.649
19.460 10.000 10.077 -0.053 -2.207
19.470 10.000 10.044 -0.099 -7.163
19.480 10.000 9.819 -0.113 4.499
19.490 10.000 9.906 -0.119 -5.810
19.500 10.000 9.990 -0.018 26.034
19.510 10.000 10.046 0.114 0.402
19.520 10.000 9.957 0.161 8.961
19.530 10.000 9.956 0.359 30.628
19.540 10.000 9.981 0.550 7.687
19.550 10.000 9.888 0.573 -3.140
19.560 10.000 10.165 0.562 0.858
19.570 10.000 10.103 0.579 2.670
19.580 10.000 9.977 0.621 5.677
19.590 10.000 9.963 0.589 -12.157
19.600 10.000 10.116 0.470 -11.526
19.610 10.000 10.075 0.445 6.419
19.620 10.000 10.104 0.401 -15.178
19.630 10.000 10.083 0.219 -21.110
19.640 10.000 9.985 0.085 -5.759
19.650 10.000 9.980 0.011 -9.003
19.660 10.000 10.024 -0.065 -6.166
19.670 10.000 10.027 -0.149 -10.727
19.680 10.000 9.883 -0.188 2.899
19.690 10.000 9.884 -0.185 -2.311
19.700 10.000 9.944 -0.173 4.814
19.710 10.000 9.998 -0.103 9.154
19.720 10.000 9.981 -0.089 -6.316
19.730 10.000 10.035 -0.191 -14.063
19.740 10.000 9.945 -0.227 6.779
19.750 10.000 9.973 -0.195 -0.293
19.760 10.000 9.989 -0.220 -4.857
19.770 10.000 10.098 -0.308 -12.591
19.780 10.000 10.038 -0.353 3.449
19.790 10.000 9.964 -0.328 1.645
19.800 10.000 10.005 -0.410 -18.182
19.810 10.000 10.103 -0.562 -12.195
19.820 10.000 10.044 -0.624 -0.129
19.830 10.000 10.016 -0.654 -5.782
19.840 10.000 9.933 -0.702 -3.990
19.850 10.000 9.979 -0.685 7.456
19.860 10.000 9.942 -0.650 -0.504
19.870 10.000 9.966 -0.695 -8.359
19.880 10.000 10.041 -0.751 -3.008
19.890 10.000 10.065 -0.786 -3.908
19.900 10.000 9.951 -0.777 5.774
19.910 10.000 10.032 -0.712 7.079
19.920 10.000 10.119 -0.612 12.977
19.930 10.000 10.044 -0.600 -10.576
19.940 10.000 9.907 -0.627 5.201
19.950 10.000 10.021 -0.578 4.642
19.960 10.000 9.913 -0.534 4.108
19.970 10.000 10.010 -0.562 -9.737
19.980 10.000 10.043 -0.669 -11.549
19.990 10.000 10.036 -0.808 -16.433
20.000 10.000 9.906 -0.935 -8.960
20.010 10.000 9.885 -0.949 6.305
20.020 10.000 10.027 -0.927 -1.876
20.030 12.500 10.114 -0.854 16.298
20.040 15.000 10.446 -0.299 94.711
20.050 17.500 11.965 1.420 249.228
20.060 20.000 15.133 4.769 420.491
20.070 22.500 21.213 10.083 642.437
20.080 25.001 29.668 17.347 809.877
20.090 27.500 37.281 25.607 842.669
20.100 30.000 39.985 32.929 621.786
20.110 32.501 37.073 37.198 231.741
20.120 35.000 22.630 37.074 -256.572
20.130 35.000 9.546 36.839 209.485
20.140 35.000 14.529 40.892 601.295
20.150 35.000 30.971 47.778 775.710
20.160 35.000 39.962 56.644 997.618
20.170 35.000 40.040 66.928 1059.271
20.180 35.000 40.042 76.712 897.505
20.190 35.000 40.037 85.218 803.610
20.200 35.000 40.043 92.568 666.532
20.210 35.000 40.045 98.447 509.217
20.220 35.000 40.042 101.948 190.949
20.230 35.000 34.086 102.811 -18.479
20.240 35.000 19.294 102.074 -128.976
20.250 35.000 14.168 102.979 310.040
20.260 35.000 22.393 107.789 651.901
20.270 35.000 38.077 116.719 1134.268
20.280 35.000 40.042 127.563 1034.502
20.290 35.000 40.058 137.468 946.478
20.300 35.000 40.057 146.285 817.023
20.310 35.000 40.059 154.173 760.532
20.320 35.000 40.061 160.788 562.601
20.330 35.000 40.067 165.289 337.538
20.340 35.000 39.689 167.269 58.541
20.350 35.000 26.404 165.984 -315.599
20.360 35.000 14.017 164.308 -19.502
20.370 35.000 19.502 166.312 420.121
20.380 35.000 31.268 172.310 779.627
20.390 35.000 40.022 181.146 987.583
20.400 35.000 40.050 191.518 1086.824
20.410 35.000 40.061 201.282 865.876
20.420 35.000 40.054 209.686 815.086
20.430 35.000 40.058 216.736 594.958
20.440 35.000 40.064 221.835 424.872
20.450 35.000 40.062 224.990 206.017
20.460 35.000 37.604 225.603 -83.300
20.470 35.000 21.761 223.456 -346.232
20.480 35.000 16.798 221.822 19.593
20.490 35.000 24.741 224.103 436.504
20.500 35.000 36.940 230.629 868.735
20.510 35.000 40.044 240.413 1087.386
20.520 35.000 40.059 250.807 992.128
20.530 35.000 40.058 260.052 856.753
20.540 35.000 40.059 267.769 686.302
20.550 35.000 40.058 273.918 543.938
20.560 35.000 40.062 278.551 382.587
20.570 35.000 40.059 280.738 54.885
20.580 35.000 33.074 279.670 -268.486
20.590 35.000 19.264 277.018 -262.037
20.600 35.000 20.031 276.344 127.369
20.610 35.000 30.236 279.532 510.116
20.620 35.000 39.973 286.607 904.875
20.630 35.000 40.050 296.702 1113.940
20.640 35.000 40.058 306.709 887.653
20.650 35.000 40.067 315.163 803.157
20.660 35.000 40.062 322.311 626.121
20.670 35.000 40.060 327.892 490.413
20.680 35.000 40.045 331.380 207.314
20.690 35.000 39.243 331.600 -163.357
20.700 35.000 24.229 328.567 -443.290
20.710 35.000 18.653 325.502 -169.621
20.720 35.000 24.362 325.852 239.484
20.730 35.000 35.756 330.268 643.708
20.740 35.000 40.028 338.008 904.278
20.750 35.000 40.044 347.543 1002.119
20.760 35.000 40.055 356.971 884.073
20.770 35.000 40.056 364.944 710.641
20.780 35.000 40.059 371.096 518.950
20.790 35.000 40.064 375.351 332.265
20.800 35.000 40.056 376.967 -9.016
20.810 35.000 34.066 375.159 -352.563
20.820 35.000 21.527 371.466 -386.321
20.830 35.000 22.335 369.234 -60.075
20.840 35.000 31.119 370.345 282.125
20.850 35.000 39.866 375.250 698.928
20.860 35.000 40.037 382.781 807.748
20.870 35.000 40.044 390.482 731.354
20.880 35.000 40.043 396.546 481.955
20.890 35.000 40.047 400.762 361.443
20.900 35.000 40.055 402.547 -4.690
20.910 35.000 32.487 400.880 -328.864
20.920 35.000 23.673 397.655 -316.145
20.930 35.000 24.530 395.918 -31.210
20.940 35.000 32.746 397.246 296.692
20.950 35.000 40.015 401.790 612.322
20.960 35.000 40.059 407.900 609.370
20.970 35.000 40.058 413.123 435.562
20.980 35.000 40.061 416.721 283.836
20.990 35.000 40.038 418.408 53.571
21.000 35.000 32.161 417.401 -254.989
21.010 35.000 25.660 414.828 -259.704
21.020 35.000 26.517 413.370 -31.877
21.030 10.000 33.502 414.442 246.255
21.040 10.000 38.330 415.399 -55.098
21.050 10.000 23.100 413.280 -368.748
21.060 10.000 16.461 408.835 -520.326
21.070 10.000 13.113 402.631 -720.120
21.080 10.000 11.198 396.166 -572.813
21.090 10.000 10.490 390.675 -525.514
21.100 10.000 10.171 385.075 -594.121
21.110 10.000 9.919 379.508 -519.977
21.120 10.000 9.683 374.368 -508.038
21.130 10.000 9.511 369.360 -493.123
21.140 10.000 9.333 364.457 -487.947
21.150 10.000 9.389 359.526 -497.865
21.160 10.000 9.437 354.535 -500.771
21.170 10.000 9.363 349.234 -559.267
21.180 10.000 9.461 344.027 -481.898
21.190 10.000 9.495 339.209 -482.027
21.200 10.000 9.557 334.265 -506.486
21.210 10.000 9.558 329.278 -490.957
21.220 10.000 9.671 324.525 -459.977
21.230 10.000 9.822 319.978 -449.281
21.240 10.000 9.824 315.503 -445.576
21.250 10.000 9.804 310.941 -467.038
21.260 10.000 9.777 306.038 -513.193
21.270 10.000 9.773 300.868 -521.230
21.280 10.000 9.768 296.025 -447.328
21.290 10.000 9.692 291.180 -521.249
21.300 10.000 9.624 286.383 -437.630
21.310 10.000 9.629 281.996 -440.626
21.320 10.000 9.599 277.575 -443.368
21.330 10.000 9.559 273.128 -446.001
21.340 10.000 9.505 268.774 -425.022
21.350 10.000 9.514 264.524 -425.177
21.360 10.000 9.504 260.317 -416.213
21.370 10.000 9.493 256.183 -410.237
21.380 10.000 9.559 252.055 -415.654
