# covent_pc_3
# Captured 2020-06-19 19:03:37.384425 by unknown user
# Built at revision a487b77 (dirty)
time(sec)  pc_setpoint  pressure  volume
0.000  5.000  5.051  5.587
0.010  5.000  5.032  5.178
0.020  5.000  5.110  4.657
0.030  5.000  5.045  4.121
0.040  5.000  5.222  3.520
0.050  5.000  5.052  2.908
0.060  5.000  4.856  2.222
0.070  5.000  4.811  1.491
0.080  5.000  5.109  0.710
0.090  5.000  5.190  -0.223
0.100  5.000  5.026  -1.040
0.110  5.000  4.769  -1.738
0.120  5.000  4.839  -2.364
0.130  5.000  4.975  -2.941
0.140  5.000  4.931  -3.577
0.150  5.000  4.730  -4.116
0.160  5.000  4.871  -4.569
0.170  5.000  4.996  -5.067
0.180  5.000  4.990  -5.288
0.190  5.000  4.778  -5.377
0.200  5.000  4.849  -5.542
0.210  5.000  4.754  -5.338
0.220  5.000  5.013  -4.922
0.230  5.000  4.987  -4.628
0.240  5.000  4.809  -4.348
0.250  5.000  4.883  -3.965
0.260  5.000  4.930  -3.539
0.270  5.000  5.090  -3.141
0.280  5.000  4.852  -2.676
0.290  5.000  4.968  -2.208
0.300  5.000  5.131  -1.903
0.310  5.000  4.974  -1.591
0.320  5.000  4.969  -1.062
0.330  5.000  5.062  -0.373
0.340  5.000  5.238  0.153
0.350  5.000  5.077  0.500
0.360  5.000  5.090  0.825
0.370  5.000  5.120  0.972
0.380  5.000  5.084  0.976
0.390  5.000  5.039  1.084
0.400  5.000  5.067  1.166
0.410  7.501  5.252  1.102
0.420  10.001  5.232  1.310
0.430  12.500  5.659  2.272
0.440  15.000  8.502  4.254
0.450  17.500  11.634  7.548
0.460  20.000  12.680  13.175
0.470  22.500  13.893  21.846
0.480  25.000  15.320  32.656
0.490  27.500  16.245  43.975
0.500  30.000  16.618  55.626
0.510  30.000  17.325  67.446
0.520  30.000  17.358  79.232
0.530  30.000  18.038  91.863
0.540  30.000  18.552  104.251
0.550  30.000  19.167  115.452
0.560  30.000  19.351  126.302
0.570  30.000  19.709  137.382
0.580  30.000  19.537  148.746
0.590  30.000  20.732  159.128
0.600  30.000  20.149  170.262
0.610  30.000  20.962  181.940
0.620  30.000  21.291  191.936
0.630  30.000  22.150  201.542
0.640  30.000  21.291  212.863
0.650  30.000  22.814  223.878
0.660  30.000  23.759  232.671
0.670  30.000  22.934  242.104
0.680  30.000  23.177  252.091
0.690  30.000  24.618  261.186
0.700  30.000  24.990  269.603
0.710  30.000  24.927  278.252
0.720  30.000  25.415  287.503
0.730  30.000  25.849  296.526
0.740  30.000  26.622  304.588
0.750  30.000  26.349  312.636
0.760  30.000  27.071  321.225
0.770  30.000  27.337  329.631
0.780  30.000  27.321  337.829
0.790  30.000  27.962  346.242
0.800  30.000  27.639  355.855
0.810  30.000  28.803  365.033
0.820  30.000  28.368  372.744
0.830  30.000  29.714  380.452
0.840  30.000  29.255  387.922
0.850  30.000  29.688  395.378
0.860  30.000  30.194  403.671
0.870  30.000  30.459  411.559
0.880  30.000  30.483  418.821
0.890  30.000  30.514  426.214
0.900  30.000  31.039  433.445
0.910  30.000  31.606  440.762
0.920  30.000  31.896  447.620
0.930  30.000  30.588  453.968
0.940  30.000  30.401  460.108
0.950  30.000  30.813  465.952
0.960  30.000  31.451  471.458
0.970  30.000  30.956  476.695
0.980  30.000  32.381  481.592
0.990  30.000  31.247  486.139
1.000  30.000  30.761  490.102
1.010  30.000  29.985  493.627
1.020  30.000  31.173  496.736
1.030  30.000  30.549  499.297
1.040  30.000  31.126  501.315
1.050  30.000  30.561  502.567
1.060  30.000  29.347  502.919
1.070  30.000  29.456  502.449
1.080  30.000  30.596  501.739
1.090  30.000  31.035  500.998
1.100  30.000  30.659  499.896
1.110  30.000  29.378  498.065
1.120  30.000  29.660  495.990
1.130  30.000  30.245  494.287
1.140  30.000  30.610  492.766
1.150  30.000  30.047  490.908
1.160  30.000  29.427  488.822
1.170  30.000  29.526  486.979
1.180  30.000  30.147  485.528
1.190  30.000  30.436  484.155
1.200  30.000  29.474  482.722
1.210  30.000  29.469  481.291
1.220  30.000  29.101  480.102
1.230  30.000  30.108  479.264
1.240  30.000  29.591  478.497
1.250  30.000  29.456  477.921
1.260  30.000  28.892  477.638
1.270  30.000  29.388  477.500
1.280  30.000  30.109  477.548
1.290  30.000  30.097  477.767
1.300  30.000  29.857  477.980
1.310  30.000  28.786  478.622
1.320  30.000  29.988  479.631
1.330  30.000  30.856  480.700
1.340  30.000  30.179  481.854
1.350  30.000  29.218  482.918
1.360  30.000  29.445  484.009
1.370  30.000  31.072  485.226
1.380  30.000  30.686  486.498
1.390  30.000  29.269  487.522
1.400  30.000  28.929  488.264
1.410  5.000  30.789  489.226
1.420  5.000  30.887  490.159
1.430  5.000  26.768  489.957
1.440  5.000  20.980  485.020
1.450  5.000  18.400  475.520
1.460  5.000  18.167  466.205
1.470  5.000  19.312  456.677
1.480  5.000  19.457  447.022
1.490  5.000  18.772  438.128
1.500  5.000  18.322  429.157
1.510  5.000  17.625  420.417
1.520  5.000  17.500  411.104
1.530  5.000  17.432  401.208
1.540  5.000  17.067  391.633
1.550  5.000  16.867  382.831
1.560  5.000  16.629  374.508
1.570  5.000  16.012  365.659
1.580  5.000  15.739  356.474
1.590  5.000  15.705  347.893
1.600  5.000  15.518  340.007
1.610  5.000  14.629  331.692
1.620  5.000  14.318  322.754
1.630  5.000  13.955  314.366
1.640  5.000  13.639  306.183
1.650  5.000  13.509  297.691
1.660  5.000  13.180  289.895
1.670  5.000  12.966  282.560
1.680  5.000  12.534  274.608
1.690  5.000  12.262  266.922
1.700  5.000  12.101  259.484
1.710  5.000  11.810  251.547
1.720  5.000  11.292  244.233
1.730  5.000  10.994  237.065
1.740  5.000  10.937  229.772
1.750  5.000  10.574  222.915
1.760  5.000  10.467  216.065
1.770  5.000  10.238  209.199
1.780  5.000  10.063  202.553
1.790  5.000  9.783  195.635
1.800  5.000  9.640  188.281
1.810  5.000  9.597  181.122
1.820  5.000  9.317  174.059
1.830  5.000  8.961  166.937
1.840  5.000  8.752  160.418
1.850  5.000  8.644  154.039
1.860  5.000  8.311  147.098
1.870  5.000  8.157  140.924
1.880  5.000  7.912  134.920
1.890  5.000  7.653  128.946
1.900  5.000  7.496  123.396
1.910  5.000  7.229  117.747
1.920  5.000  7.077  111.908
1.930  5.000  6.833  106.198
1.940  5.000  6.816  100.979
1.950  5.000  6.528  95.598
1.960  5.000  6.374  90.287
1.970  5.000  6.192  84.769
1.980  5.000  6.149  78.858
1.990  5.000  5.870  73.544
2.000  5.000  5.612  68.774
2.010  5.000  5.505  63.603
2.020  5.000  5.359  58.523
2.030  5.000  5.142  53.569
2.040  5.000  4.971  48.646
2.050  5.000  4.929  44.213
2.060  5.000  4.609  39.872
2.070  5.000  4.558  35.420
2.080  5.000  4.411  31.096
2.090  5.000  4.349  26.571
2.100  5.000  4.236  21.865
2.110  5.000  4.126  17.441
2.120  5.000  3.938  13.413
2.130  5.000  3.947  9.877
2.140  5.000  3.922  6.470
2.150  5.000  3.878  3.221
2.160  5.000  3.644  0.195
2.170  5.000  3.614  -2.951
2.180  5.000  3.736  -5.937
2.190  5.000  3.733  -8.537
2.200  5.000  3.694  -10.959
2.210  5.000  3.484  -13.151
2.220  5.000  3.402  -14.977
2.230  5.000  3.719  -16.554
2.240  5.000  4.005  -17.960
2.250  5.000  3.804  -19.296
2.260  5.000  3.568  -20.373
2.270  5.000  3.760  -20.884
2.280  5.000  4.423  -20.658
2.290  5.000  5.005  -19.995
2.300  5.000  4.327  -19.261
2.310  5.000  3.843  -18.134
2.320  5.000  3.841  -16.599
2.330  5.000  4.077  -14.840
2.340  5.000  4.676  -12.902
2.350  5.000  5.295  -10.858
2.360  5.000  5.015  -8.823
2.370  5.000  4.544  -6.524
2.380  5.000  4.856  -4.184
2.390  5.000  5.107  -1.862
2.400  5.000  5.908  0.299
2.410  5.000  5.210  2.154
2.420  5.000  4.929  3.811
2.430  5.000  5.019  5.267
2.440  5.000  5.526  6.653
2.450  5.000  5.676  7.624
2.460  5.000  5.496  8.290
2.470  5.000  5.180  8.890
2.480  5.000  5.545  9.576
2.490  5.000  5.730  10.380
2.500  5.000  5.821  10.938
2.510  5.000  5.612  11.285
2.520  5.000  5.260  11.433
2.530  5.000  5.076  11.274
2.540  5.000  5.436  10.901
2.550  5.000  5.401  10.234
2.560  5.000  5.289  9.335
2.570  5.000  5.132  8.307
2.580  5.000  5.164  7.244
2.590  5.000  5.083  6.052
2.600  5.000  5.123  4.746
2.610  5.000  4.978  3.430
2.620  5.000  4.867  2.131
2.630  5.000  4.902  0.740
2.640  5.000  5.031  -0.669
2.650  5.000  4.857  -1.951
2.660  5.000  4.752  -2.958
2.670  5.000  4.767  -3.677
2.680  5.000  4.868  -4.570
2.690  5.000  4.836  -5.465
2.700  5.000  4.681  -6.149
2.710  5.000  4.878  -6.735
2.720  5.000  4.924  -7.141
2.730  5.000  4.931  -7.421
2.740  5.000  4.771  -7.671
2.750  5.000  4.606  -7.707
2.760  5.000  4.818  -7.389
2.770  5.000  5.151  -7.095
2.780  5.000  4.896  -7.099
2.790  5.000  4.678  -6.979
2.800  5.000  4.594  -6.439
2.810  5.000  4.841  -5.573
2.820  5.000  5.227  -4.790
2.830  5.000  5.014  -4.299
2.840  5.000  4.773  -3.851
2.850  5.000  5.049  -3.258
2.860  5.000  5.001  -2.602
2.870  5.000  5.201  -2.122
2.880  5.000  5.056  -1.620
2.890  5.000  5.204  -1.170
2.900  5.000  5.042  -0.861
2.910  5.000  4.948  -0.570
2.920  5.000  5.044  -0.077
2.930  5.000  5.277  0.505
2.940  5.000  5.389  0.666
2.950  5.000  5.122  0.635
2.960  5.000  4.914  0.648
2.970  5.000  5.032  0.861
2.980  5.000  5.211  0.975
2.990  5.000  5.299  0.777
3.000  5.000  5.061  0.445
3.010  5.000  4.941  -0.034
3.020  5.000  4.979  -0.582
3.030  5.000  5.073  -1.167
3.040  5.000  5.130  -1.779
3.050  5.000  4.879  -2.204
3.060  5.000  4.969  -2.578
3.070  5.000  5.169  -3.001
3.080  5.000  4.983  -3.316
3.090  5.000  5.003  -3.664
3.100  5.000  4.901  -4.023
3.110  5.000  5.100  -4.282
3.120  5.000  4.826  -4.588
3.130  5.000  4.892  -5.021
3.140  5.000  5.033  -5.621
3.150  5.000  4.998  -6.147
3.160  5.000  4.850  -6.432
3.170  5.000  4.789  -6.480
3.180  5.000  4.903  -6.419
3.190  5.000  4.895  -6.442
3.200  5.000  5.002  -6.613
3.210  5.000  4.958  -6.846
3.220  5.000  4.776  -6.908
3.230  5.000  4.828  -6.900
3.240  5.000  5.116  -6.906
3.250  5.000  4.958  -6.865
3.260  5.000  4.923  -6.682
3.270  5.000  4.865  -6.413
3.280  5.000  5.029  -6.176
3.290  5.000  5.013  -5.883
3.300  5.000  5.251  -5.552
3.310  5.000  5.005  -5.339
3.320  5.000  4.904  -4.971
3.330  5.000  4.980  -4.444
3.340  5.000  5.062  -4.088
3.350  5.000  5.150  -3.915
3.360  5.000  4.998  -3.912
3.370  5.000  5.136  -3.888
3.380  5.000  5.020  -3.774
3.390  5.000  5.084  -3.685
3.400  5.000  5.000  -3.457
3.410  5.000  5.023  -3.123
3.420  7.500  5.136  -2.942
3.430  10.001  5.210  -2.727
3.440  12.500  5.525  -1.661
3.450  15.000  8.654  0.465
3.460  17.500  11.619  3.996
3.470  20.000  12.349  9.994
3.480  22.500  13.650  18.550
3.490  25.000  15.926  28.719
3.500  27.500  16.132  41.225
3.510  30.000  16.856  54.331
3.520  30.000  16.959  65.835
3.530  30.000  17.299  78.241
3.540  30.000  18.071  90.207
3.550  30.000  17.995  101.142
3.560  30.000  18.724  112.691
3.570  30.000  19.023  123.864
3.580  30.000  19.184  134.678
3.590  30.000  20.230  144.973
3.600  30.000  20.749  154.878
3.610  30.000  20.926  164.950
3.620  30.000  21.285  175.136
3.630  30.000  21.469  185.665
3.640  30.000  22.318  195.736
3.650  30.000  21.930  205.330
3.660  30.000  22.402  215.445
3.670  30.000  23.827  225.247
3.680  30.000  22.980  234.779
3.690  30.000  24.088  243.970
3.700  30.000  24.344  252.668
3.710  30.000  24.852  261.239
3.720  30.000  25.160  269.901
3.730  30.000  25.101  279.406
3.740  30.000  26.197  288.583
3.750  30.000  26.243  296.842
3.760  30.000  26.504  305.383
3.770  30.000  26.978  313.826
3.780  30.000  27.027  321.867
3.790  30.000  27.047  330.291
3.800  30.000  27.423  338.940
3.810  30.000  28.534  346.740
3.820  30.000  28.238  354.776
3.830  30.000  28.936  363.389
3.840  30.000  29.188  371.579
3.850  30.000  28.924  379.750
3.860  30.000  29.619  387.937
3.870  30.000  29.768  395.756
3.880  30.000  30.668  403.239
3.890  30.000  30.308  411.379
3.900  30.000  30.729  419.495
3.910  30.000  31.417  426.084
3.920  30.000  31.853  432.108
3.930  30.000  30.875  438.453
3.940  30.000  30.212  445.066
3.950  30.000  31.076  451.411
3.960  30.000  31.052  457.043
3.970  30.000  30.838  462.693
3.980  30.000  31.379  468.171
3.990  30.000  31.653  473.045
4.000  30.000  31.114  477.544
4.010  30.000  31.089  481.999
4.020  30.000  30.991  486.059
4.030  30.000  30.948  489.636
4.040  30.000  31.059  492.762
4.050  30.000  30.713  495.188
4.060  30.000  31.137  496.839
4.070  30.000  29.366  497.594
4.080  30.000  29.447  497.420
4.090  30.000  29.656  496.644
4.100  30.000  30.756  495.719
4.110  30.000  31.149  494.422
4.120  30.000  30.333  492.641
4.130  30.000  29.420  490.530
4.140  30.000  29.963  488.286
4.150  30.000  30.037  486.136
4.160  30.000  30.167  484.099
4.170  30.000  29.651  482.094
4.180  30.000  29.314  480.369
4.190  30.000  29.965  478.935
4.200  30.000  29.885  477.630
4.210  30.000  29.963  476.520
4.220  30.000  29.408  475.472
4.230  30.000  29.275  474.495
4.240  30.000  29.789  473.633
4.250  30.000  30.269  472.859
4.260  30.000  29.693  472.342
4.270  30.000  29.150  472.122
4.280  30.000  29.189  472.011
4.290  30.000  29.523  471.907
4.300  30.000  29.763  471.853
4.310  30.000  30.038  471.992
4.320  30.000  29.809  472.378
4.330  30.000  29.525  472.998
4.340  30.000  29.685  473.841
4.350  30.000  30.290  474.895
4.360  30.000  30.543  476.112
4.370  30.000  29.103  477.340
4.380  30.000  29.508  478.535
4.390  30.000  30.678  479.686
4.400  30.000  30.635  480.873
4.410  30.000  29.540  481.873
4.420  5.000  29.596  482.653
4.430  5.000  29.428  483.307
4.440  5.000  26.426  482.633
4.450  5.000  21.774  478.454
4.460  5.000  18.926  471.336
4.470  5.000  18.122  462.490
4.480  5.000  18.934  452.940
4.490  5.000  19.266  443.139
4.500  5.000  18.792  432.945
4.510  5.000  18.448  422.796
4.520  5.000  17.319  413.441
4.530  5.000  17.313  404.014
4.540  5.000  16.969  394.466
4.550  5.000  16.651  385.823
4.560  5.000  16.611  376.924
4.570  5.000  15.763  367.778
4.580  5.000  15.486  358.675
4.590  5.000  15.357  350.253
4.600  5.000  15.255  341.726
4.610  5.000  14.920  333.431
4.620  5.000  14.470  325.268
4.630  5.000  14.194  317.125
4.640  5.000  13.881  309.133
4.650  5.000  13.745  300.604
4.660  5.000  13.452  292.693
4.670  5.000  13.163  284.821
4.680  5.000  12.761  276.262
4.690  5.000  12.503  267.694
4.700  5.000  12.316  259.500
4.710  5.000  11.850  251.343
4.720  5.000  11.657  243.836
4.730  5.000  11.531  236.361
4.740  5.000  11.217  228.751
4.750  5.000  10.977  221.672
4.760  5.000  10.770  214.738
4.770  5.000  10.488  208.083
4.780  5.000  10.159  201.591
4.790  5.000  9.909  195.175
4.800  5.000  9.766  188.234
4.810  5.000  9.555  181.454
4.820  5.000  9.428  174.854
4.830  5.000  9.347  167.761
4.840  5.000  8.886  161.434
4.850  5.000  8.714  155.403
4.860  5.000  8.506  148.660
4.870  5.000  8.271  141.912
4.880  5.000  8.141  135.404
4.890  5.000  7.917  129.429
4.900  5.000  7.808  123.527
4.910  5.000  7.571  117.850
4.920  5.000  7.265  112.415
4.930  5.000  7.117  106.820
4.940  5.000  6.934  101.137
4.950  5.000  6.696  95.642
4.960  5.000  6.546  90.133
4.970  5.000  6.424  84.633
4.980  5.000  6.249  79.590
4.990  5.000  6.024  74.585
5.000  5.000  5.842  69.718
5.010  5.000  5.733  64.475
5.020  5.000  5.566  59.039
5.030  5.000  5.412  54.249
5.040  5.000  5.108  49.535
5.050  5.000  5.001  44.790
5.060  5.000  4.848  40.025
5.070  5.000  4.679  35.300
5.080  5.000  4.636  30.782
5.090  5.000  4.477  26.320
5.100  5.000  4.384  22.369
5.110  5.000  4.306  18.464
5.120  5.000  4.077  14.423
5.130  5.000  3.966  10.555
5.140  5.000  3.902  6.970
5.150  5.000  3.940  3.486
5.160  5.000  3.851  -0.005
5.170  5.000  3.730  -3.193
5.180  5.000  3.596  -6.150
5.190  5.000  3.678  -9.000
5.200  5.000  3.756  -11.578
5.210  5.000  3.740  -13.968
5.220  5.000  3.576  -16.315
5.230  5.000  3.415  -18.446
5.240  5.000  3.665  -20.119
5.250  5.000  3.908  -21.285
5.260  5.000  3.872  -22.286
5.270  5.000  3.485  -23.075
5.280  5.000  3.704  -23.550
5.290  5.000  4.259  -23.398
5.300  5.000  4.944  -22.521
5.310  5.000  4.559  -21.334
5.320  5.000  3.952  -20.031
5.330  5.000  3.843  -18.942
5.340  5.000  4.041  -17.737
5.350  5.000  4.576  -16.170
5.360  5.000  5.371  -14.294
5.370  5.000  5.061  -12.220
5.380  5.000  4.627  -10.135
5.390  5.000  4.563  -7.902
5.400  5.000  5.151  -5.552
5.410  5.000  5.541  -3.382
5.420  5.000  5.458  -1.406
5.430  5.000  5.320  0.227
5.440  5.000  4.716  1.733
5.450  5.000  4.931  3.523
5.460  5.000  5.790  5.056
5.470  5.000  5.741  6.002
5.480  5.000  5.524  6.652
5.490  5.000  4.999  7.328
5.500  5.000  5.583  7.916
5.510  5.000  5.710  8.237
5.520  5.000  5.643  8.607
5.530  5.000  5.474  9.155
5.540  5.000  5.161  9.442
5.550  5.000  5.140  9.431
5.560  5.000  5.451  9.459
5.570  5.000  5.494  9.235
5.580  5.000  5.198  8.621
5.590  5.000  5.028  7.817
5.600  5.000  5.079  6.912
5.610  5.000  5.227  5.934
5.620  5.000  5.157  4.787
5.630  5.000  4.952  3.541
5.640  5.000  4.965  2.201
5.650  5.000  5.068  0.845
5.660  5.000  4.927  -0.460
5.670  5.000  4.716  -1.760
5.680  5.000  4.817  -2.968
5.690  5.000  5.017  -4.026
5.700  5.000  4.776  -5.081
5.710  5.000  4.720  -5.732
5.720  5.000  4.600  -6.059
5.730  5.000  5.009  -6.629
5.740  5.000  4.902  -7.252
5.750  5.000  4.772  -7.733
5.760  5.000  4.471  -7.933
5.770  5.000  4.826  -7.870
5.780  5.000  5.014  -7.720
5.790  5.000  4.992  -7.492
5.800  5.000  4.786  -7.111
5.810  5.000  4.767  -6.621
5.820  5.000  5.007  -6.101
5.830  5.000  4.965  -5.574
5.840  5.000  5.160  -5.067
5.850  5.000  4.899  -4.548
5.860  5.000  4.856  -4.060
5.870  5.000  5.103  -3.715
5.880  5.000  5.063  -3.339
5.890  5.000  5.095  -2.854
5.900  5.000  4.975  -2.390
5.910  5.000  5.128  -1.856
5.920  5.000  5.162  -1.287
5.930  5.000  4.901  -0.795
5.940  5.000  5.090  -0.394
5.950  5.000  5.126  -0.236
5.960  5.000  5.322  -0.247
5.970  5.000  5.056  -0.236
5.980  5.000  5.026  -0.117
5.990  5.000  4.925  0.108
6.000  5.000  5.070  0.384
6.010  5.000  5.420  0.324
6.020  5.000  5.126  -0.008
6.030  5.000  4.806  -0.397
6.040  5.000  4.937  -0.636
6.050  5.000  5.223  -0.700
6.060  5.000  5.402  -1.053
6.070  5.000  4.798  -1.496
6.080  5.000  4.760  -2.031
6.090  5.000  5.015  -2.738
6.100  5.000  5.366  -3.431
6.110  5.000  5.114  -4.173
6.120  5.000  4.656  -4.781
6.130  5.000  4.725  -5.180
6.140  5.000  5.259  -5.619
6.150  5.000  5.303  -6.099
6.160  5.000  4.731  -6.688
6.170  5.000  4.415  -7.249
6.180  5.000  4.963  -7.549
6.190  5.000  5.357  -7.761
6.200  5.000  5.163  -7.889
6.210  5.000  4.383  -8.074
6.220  5.000  4.477  -8.212
6.230  5.000  4.947  -7.882
6.240  5.000  5.570  -7.488
6.250  5.000  5.066  -7.172
6.260  5.000  4.386  -6.723
6.270  5.000  4.654  -6.423
6.280  5.000  5.097  -6.016
6.290  5.000  5.427  -5.656
6.300  5.000  5.137  -5.626
6.310  5.000  4.666  -5.351
6.320  5.000  4.692  -4.830
6.330  5.000  5.200  -4.107
6.340  5.000  5.453  -3.474
6.350  5.000  5.188  -3.051
6.360  5.000  4.669  -2.811
6.370  5.000  5.041  -2.742
6.380  5.000  5.152  -2.687
6.390  5.000  5.270  -2.677
6.400  5.000  5.003  -2.567
6.410  5.000  4.941  -2.376
6.420  5.000  5.088  -2.332
6.430  7.500  5.275  -2.470
6.440  10.000  5.319  -2.442
6.450  12.500  5.598  -1.694
6.460  15.000  8.615  0.078
6.470  17.500  11.495  3.230
6.480  20.000  12.582  8.638
6.490  22.500  13.505  16.896
6.500  25.000  15.259  27.354
6.510  27.500  16.125  39.102
6.520  30.000  17.348  50.796
6.530  30.000  16.654  62.733
6.540  30.000  16.274  76.898
6.550  30.000  18.659  90.012
6.560  30.000  18.482  100.592
6.570  30.000  17.903  111.493
6.580  30.000  19.865  122.133
6.590  30.000  19.483  132.390
6.600  30.000  19.291  144.072
6.610  30.000  20.877  156.089
6.620  30.000  20.185  168.331
6.630  30.000  21.426  180.040
6.640  30.000  21.540  190.427
6.650  30.000  21.139  201.897
6.660  30.000  21.888  213.385
6.670  30.000  23.284  223.445
6.680  30.000  22.815  233.086
6.690  30.000  23.231  242.586
6.700  30.000  24.249  251.410
6.710  30.000  24.409  260.547
6.720  30.000  23.977  270.659
6.730  30.000  24.630  281.541
6.740  30.000  25.436  291.674
6.750  30.000  24.859  301.221
6.760  30.000  26.014  310.549
6.770  30.000  26.560  319.119
6.780  30.000  26.581  328.120
6.790  30.000  27.096  337.338
6.800  30.000  27.216  346.648
6.810  30.000  27.518  355.684
6.820  30.000  28.525  363.914
6.830  30.000  29.019  372.040
6.840  30.000  29.428  379.551
6.850  30.000  29.299  386.600
6.860  30.000  29.156  394.064
6.870  30.000  29.775  401.452
6.880  30.000  29.853  409.245
6.890  30.000  30.316  417.579
6.900  30.000  30.377  425.664
6.910  30.000  30.403  433.201
6.920  30.000  31.338  439.976
6.930  30.000  30.973  447.136
6.940  30.000  31.827  454.588
6.950  30.000  31.125  461.000
6.960  30.000  29.941  467.212
6.970  30.000  31.424  472.966
6.980  30.000  31.180  478.223
6.990  30.000  31.788  483.847
7.000  30.000  31.657  489.386
7.010  30.000  31.723  494.107
7.020  30.000  30.591  498.163
7.030  30.000  30.779  502.029
7.040  30.000  30.441  505.549
7.050  30.000  31.154  508.298
7.060  30.000  31.933  510.396
7.070  30.000  30.861  512.013
7.080  30.000  29.094  512.905
7.090  30.000  29.774  512.884
7.100  30.000  29.128  512.117
7.110  30.000  30.814  511.007
7.120  30.000  31.026  509.741
7.130  30.000  30.359  507.966
7.140  30.000  29.314  505.708
7.150  30.000  29.749  503.499
7.160  30.000  30.153  501.300
7.170  30.000  30.277  499.100
7.180  30.000  29.555  497.125
7.190  30.000  29.330  495.319
7.200  30.000  29.846  493.725
7.210  30.000  30.013  492.339
7.220  30.000  29.968  490.965
7.230  30.000  29.656  489.764
7.240  30.000  28.985  488.956
7.250  30.000  29.666  488.302
7.260  30.000  29.887  487.802
7.270  30.000  29.872  487.450
7.280  30.000  29.210  487.113
7.290  30.000  29.294  486.848
7.300  30.000  29.481  486.701
7.310  30.000  30.259  486.857
7.320  30.000  29.552  487.183
7.330  30.000  29.708  487.411
7.340  30.000  29.710  487.769
7.350  30.000  30.127  488.570
7.360  30.000  30.189  489.537
7.370  30.000  30.232  490.434
7.380  30.000  29.165  491.350
7.390  30.000  29.870  492.459
7.400  30.000  30.361  493.793
7.410  30.000  30.603  494.944
7.420  30.000  29.837  495.810
7.430  5.000  29.604  496.633
7.440  5.000  29.294  497.228
7.450  5.000  26.695  496.507
7.460  5.000  21.439  492.118
7.470  5.000  19.166  484.935
7.480  5.000  18.187  475.996
7.490  5.000  19.061  466.488
7.500  5.000  19.177  457.260
7.510  5.000  18.726  447.227
7.520  5.000  18.396  437.523
7.530  5.000  17.818  428.103
7.540  5.000  17.435  419.171
7.550  5.000  16.945  410.278
7.560  5.000  16.653  400.719
7.570  5.000  16.563  391.174
7.580  5.000  15.905  382.458
7.590  5.000  15.485  374.560
7.600  5.000  15.191  366.175
7.610  5.000  15.081  357.063
7.620  5.000  14.826  348.644
7.630  5.000  14.426  340.545
7.640  5.000  13.981  332.484
7.650  5.000  13.618  325.079
7.660  5.000  13.498  317.171
7.670  5.000  13.252  308.789
7.680  5.000  13.052  300.924
7.690  5.000  12.716  292.991
7.700  5.000  12.342  284.721
7.710  5.000  12.128  277.137
7.720  5.000  11.970  269.422
7.730  5.000  11.777  261.311
7.740  5.000  11.444  253.431
7.750  5.000  11.136  245.622
7.760  5.000  10.966  237.996
7.770  5.000  10.619  230.381
7.780  5.000  10.415  223.426
7.790  5.000  10.195  216.966
7.800  5.000  9.943  210.294
7.810  5.000  9.814  203.955
7.820  5.000  9.455  197.259
7.830  5.000  9.298  190.524
7.840  5.000  8.989  184.472
7.850  5.000  8.869  177.990
7.860  5.000  8.799  171.112
7.870  5.000  8.430  164.916
7.880  5.000  8.286  158.749
7.890  5.000  8.084  152.448
7.900  5.000  7.919  146.303
7.910  5.000  7.728  140.236
7.920  5.000  7.435  134.205
7.930  5.000  7.172  128.433
7.940  5.000  7.026  122.727
7.950  5.000  6.859  116.765
7.960  5.000  6.670  110.896
7.970  5.000  6.530  105.385
7.980  5.000  6.258  100.391
7.990  5.000  6.107  95.486
8.000  5.000  5.977  90.570
8.010  5.000  5.776  85.137
8.020  5.000  5.607  79.590
8.030  5.000  5.518  74.284
8.040  5.000  5.284  68.981
8.050  5.000  5.117  64.132
8.060  5.000  5.067  59.364
8.070  5.000  4.835  54.697
8.080  5.000  4.766  50.045
8.090  5.000  4.645  45.554
8.100  5.000  4.425  41.223
8.110  5.000  4.360  36.853
8.120  5.000  4.217  32.937
8.130  5.000  4.093  28.808
8.140  5.000  4.004  24.898
8.150  5.000  3.929  21.405
8.160  5.000  3.925  18.019
8.170  5.000  3.963  14.703
8.180  5.000  3.678  11.475
8.190  5.000  3.602  8.105
8.200  5.000  3.601  5.095
8.210  5.000  3.736  2.773
8.220  5.000  3.674  0.356
8.230  5.000  3.533  -1.924
8.240  5.000  3.421  -3.899
8.250  5.000  3.745  -5.572
8.260  5.000  3.956  -6.867
8.270  5.000  3.869  -8.067
8.280  5.000  3.551  -9.067
8.290  5.000  3.571  -9.407
8.300  5.000  4.206  -9.123
8.310  5.000  5.086  -8.593
8.320  5.000  4.486  -7.911
8.330  5.000  3.762  -7.004
8.340  5.000  3.809  -6.127
8.350  5.000  4.168  -5.166
8.360  5.000  4.766  -3.527
8.370  5.000  5.283  -1.426
8.380  5.000  4.988  0.468
8.390  5.000  4.609  2.429
8.400  5.000  4.661  4.619
8.410  5.000  5.343  6.731
8.420  5.000  5.699  8.462
8.430  5.000  5.236  10.061
8.440  5.000  4.714  11.756
8.450  5.000  5.022  13.567
8.460  5.000  5.488  15.505
8.470  5.000  5.697  17.028
8.480  5.000  5.457  18.035
8.490  5.000  5.079  18.651
8.500  5.000  5.463  19.062
8.510  5.000  5.645  19.499
8.520  5.000  5.747  19.895
8.530  5.000  5.749  20.155
8.540  5.000  5.482  20.257
8.550  5.000  5.230  20.364
8.560  5.000  5.158  20.356
8.570  5.000  5.237  20.044
8.580  5.000  5.468  19.574
8.590  5.000  5.306  18.856
8.600  5.000  5.084  17.862
8.610  5.000  4.972  16.837
8.620  5.000  5.130  15.863
8.630  5.000  5.108  14.813
8.640  5.000  5.026  13.604
8.650  5.000  4.872  12.347
8.660  5.000  4.876  11.098
8.670  5.000  4.859  9.843
8.680  5.000  4.908  8.753
8.690  5.000  4.887  7.770
8.700  5.000  4.883  6.842
8.710  5.000  4.891  5.938
8.720  5.000  4.868  5.035
8.730  5.000  4.683  4.363
8.740  5.000  4.648  3.991
8.750  5.000  4.993  3.759
8.760  5.000  4.878  3.564
8.770  5.000  4.789  3.500
8.780  5.000  4.683  3.577
8.790  5.000  4.861  3.846
8.800  5.000  5.143  4.264
8.810  5.000  4.805  4.823
8.820  5.000  4.772  5.311
8.830  5.000  4.964  5.737
8.840  5.000  4.926  6.224
8.850  5.000  4.927  6.791
8.860  5.000  4.980  7.439
8.870  5.000  5.077  7.993
8.880  5.000  4.907  8.645
8.890  5.000  4.900  9.296
8.900  5.000  5.115  9.802
8.910  5.000  5.061  10.242
8.920  5.000  4.977  10.740
8.930  5.000  4.999  11.387
8.940  5.000  5.221  11.989
8.950  5.000  5.130  12.371
8.960  5.000  5.082  12.637
8.970  5.000  4.972  12.790
8.980  5.000  5.282  12.912
8.990  5.000  5.170  13.135
9.000  5.000  4.914  13.297
9.010  5.000  5.076  13.407
9.020  5.000  5.208  13.354
9.030  5.000  5.373  13.203
9.040  5.000  5.029  13.055
9.050  5.000  4.891  12.831
9.060  5.000  5.075  12.733
9.070  5.000  5.190  12.673
9.080  5.000  5.166  12.286
9.090  5.000  4.944  11.673
9.100  5.000  4.854  11.089
9.110  5.000  5.037  10.692
9.120  5.000  5.091  10.156
9.130  5.000  5.057  9.517
9.140  5.000  4.824  9.052
9.150  5.000  4.888  8.643
9.160  5.000  4.952  8.344
9.170  5.000  5.024  7.998
9.180  5.000  4.945  7.519
9.190  5.000  4.811  7.110
9.200  5.000  4.915  6.812
9.210  5.000  4.908  6.591
9.220  5.000  4.849  6.711
9.230  5.000  4.981  6.846
9.240  5.000  4.874  6.831
9.250  5.000  5.052  6.835
9.260  5.000  4.725  6.953
9.270  5.000  4.958  7.227
9.280  5.000  4.992  7.471
9.290  5.000  5.034  7.839
9.300  5.000  4.993  8.165
9.310  5.000  4.817  8.424
9.320  5.000  4.802  8.880
9.330  5.000  5.013  9.371
9.340  5.000  5.198  9.590
9.350  5.000  5.008  9.669
9.360  5.000  4.891  10.067
9.370  5.000  4.862  10.686
9.380  5.000  5.254  11.215
9.390  5.000  5.129  11.662
9.400  5.000  4.993  12.016
9.410  5.000  4.927  12.432
9.420  5.000  5.052  12.849
9.430  5.000  5.136  13.029
9.440  7.500  5.273  12.958
9.450  10.000  5.095  13.088
9.460  12.500  5.411  14.126
9.470  15.000  8.819  16.128
9.480  17.500  12.108  19.344
9.490  20.000  12.551  25.115
9.500  22.500  12.858  33.540
9.510  25.000  14.463  42.934
9.520  27.500  15.524  53.299
9.530  30.000  16.377  65.313
9.540  30.000  17.001  77.966
9.550  30.000  18.326  89.321
9.560  30.000  18.447  99.487
9.570  30.000  17.756  109.986
9.580  30.000  18.894  121.015
9.590  30.000  19.361  131.984
9.600  30.000  19.167  142.756
9.610  30.000  20.161  152.647
9.620  30.000  20.329  161.859
9.630  30.000  20.786  171.424
9.640  30.000  21.362  180.928
9.650  30.000  21.686  190.822
9.660  30.000  21.890  200.837
9.670  30.000  21.894  211.035
9.680  30.000  23.335  220.667
9.690  30.000  23.111  229.876
9.700  30.000  23.908  239.582
9.710  30.000  23.473  250.177
9.720  30.000  24.190  260.469
9.730  30.000  24.549  269.202
9.740  30.000  24.220  278.099
9.750  30.000  25.141  287.566
9.760  30.000  26.149  296.813
9.770  30.000  25.444  307.200
9.780  30.000  26.113  317.874
9.790  30.000  26.739  326.559
9.800  30.000  26.605  335.193
9.810  30.000  26.878  344.467
9.820  30.000  27.973  353.018
9.830  30.000  28.083  361.160
9.840  30.000  28.335  369.348
9.850  30.000  28.044  377.840
9.860  30.000  28.974  386.636
9.870  30.000  28.850  396.188
9.880  30.000  30.459  404.736
9.890  30.000  30.252  412.197
9.900  30.000  29.702  420.473
9.910  30.000  31.037  427.861
9.920  30.000  30.365  434.947
9.930  30.000  31.025  442.150
9.940  30.000  31.155  449.038
9.950  30.000  31.776  455.516
9.960  30.000  31.534  461.528
9.970  30.000  30.666  467.228
9.980  30.000  30.332  472.592
9.990  30.000  31.378  477.902
10.000  30.000  32.371  482.849
10.010  30.000  31.783  487.346
10.020  30.000  30.262  491.591
10.030  30.000  30.824  495.534
10.040  30.000  30.755  499.041
10.050  30.000  31.811  501.788
10.060  30.000  31.174  504.204
10.070  30.000  31.117  506.464
10.080  30.000  30.096  508.042
10.090  30.000  29.034  508.572
10.100  30.000  28.742  507.938
10.110  30.000  29.710  506.704
10.120  30.000  31.179  505.628
10.130  30.000  31.414  504.408
10.140  30.000  29.733  502.426
10.150  30.000  28.840  500.144
10.160  30.000  29.970  498.068
10.170  30.000  30.556  496.423
10.180  30.000  30.385  494.795
10.190  30.000  29.077  492.713
10.200  30.000  29.434  490.678
10.210  30.000  30.025  488.949
10.220  30.000  30.528  487.439
10.230  30.000  29.527  486.229
10.240  30.000  29.069  485.181
10.250  30.000  29.132  484.215
10.260  30.000  30.123  483.450
10.270  30.000  29.937  482.848
10.280  30.000  29.169  482.426
10.290  30.000  28.924  482.108
10.300  30.000  29.661  481.875
10.310  30.000  30.477  481.905
10.320  30.000  30.241  482.017
10.330  30.000  28.837  482.159
10.340  30.000  29.068  482.684
10.350  30.000  30.833  483.840
10.360  30.000  30.660  485.259
10.370  30.000  29.131  486.481
10.380  30.000  29.156  487.517
10.390  30.000  30.655  488.596
10.400  30.000  30.941  489.760
10.410  30.000  30.023  490.712
10.420  30.000  29.202  491.547
10.430  30.000  29.424  492.792
10.440  5.000  30.780  494.367
10.450  5.000  30.641  495.352
10.460  5.000  26.467  495.080
10.470  5.000  20.521  491.393
10.480  5.000  18.312  483.026
10.490  5.000  17.913  473.809
10.500  5.000  19.197  464.324
10.510  5.000  19.102  454.576
10.520  5.000  18.737  445.844
10.530  5.000  18.126  437.038
10.540  5.000  17.545  428.299
10.550  5.000  17.463  418.948
10.560  5.000  17.153  408.979
10.570  5.000  17.015  399.923
10.580  5.000  16.897  390.960
10.590  5.000  16.334  381.675
10.600  5.000  16.074  373.054
10.610  5.000  15.808  364.551
10.620  5.000  15.128  355.778
10.630  5.000  15.126  346.663
10.640  5.000  14.662  337.605
10.650  5.000  14.155  328.775
10.660  5.000  13.777  319.957
10.670  5.000  13.748  311.739
10.680  5.000  13.414  304.207
10.690  5.000  13.486  296.089
10.700  5.000  12.941  288.056
10.710  5.000  12.516  280.052
10.720  5.000  12.421  272.466
10.730  5.000  12.125  264.851
10.740  5.000  11.905  256.916
10.750  5.000  11.833  249.906
10.760  5.000  11.558  242.456
10.770  5.000  11.278  235.075
10.780  5.000  10.854  227.886
10.790  5.000  10.586  220.447
10.800  5.000  10.193  213.597
10.810  5.000  10.004  206.622
10.820  5.000  9.790  199.683
10.830  5.000  9.551  193.380
10.840  5.000  9.208  186.776
10.850  5.000  9.022  179.731
10.860  5.000  8.931  173.193
10.870  5.000  8.595  166.692
10.880  5.000  8.527  160.079
10.890  5.000  8.274  153.527
10.900  5.000  8.033  147.271
10.910  5.000  7.834  141.262
10.920  5.000  7.724  134.762
10.930  5.000  7.547  128.809
10.940  5.000  7.311  122.960
10.950  5.000  7.000  116.769
10.960  5.000  6.897  111.153
10.970  5.000  6.701  105.370
10.980  5.000  6.538  99.520
10.990  5.000  6.391  94.288
11.000  5.000  6.163  89.191
11.010  5.000  6.131  84.285
11.020  5.000  5.828  79.015
11.030  5.000  5.687  73.401
11.040  5.000  5.561  68.316
11.050  5.000  5.270  63.712
11.060  5.000  5.161  58.830
11.070  5.000  5.052  53.548
11.080  5.000  4.895  48.245
11.090  5.000  4.688  42.978
11.100  5.000  4.671  37.952
11.110  5.000  4.477  33.345
11.120  5.000  4.354  28.789
11.130  5.000  4.245  24.345
11.140  5.000  4.157  20.036
11.150  5.000  3.991  15.939
11.160  5.000  3.876  11.883
11.170  5.000  3.937  7.930
11.180  5.000  3.919  4.530
11.190  5.000  3.778  1.265
11.200  5.000  3.646  -1.928
11.210  5.000  3.649  -4.904
11.220  5.000  3.699  -7.601
11.230  5.000  3.710  -10.201
11.240  5.000  3.561  -12.752
11.250  5.000  3.474  -15.035
11.260  5.000  3.726  -16.862
11.270  5.000  3.928  -18.322
11.280  5.000  3.984  -19.578
11.290  5.000  3.644  -20.630
11.300  5.000  3.464  -21.342
11.310  5.000  3.972  -21.448
11.320  5.000  5.011  -21.052
11.330  5.000  4.725  -20.473
11.340  5.000  4.054  -19.589
11.350  5.000  3.727  -18.574
11.360  5.000  3.767  -17.534
11.370  5.000  4.384  -16.049
11.380  5.000  5.241  -14.048
11.390  5.000  5.295  -11.997
11.400  5.000  4.985  -9.999
11.410  5.000  4.485  -7.860
11.420  5.000  4.676  -5.605
11.430  5.000  5.454  -3.389
11.440  5.000  5.706  -1.259
11.450  5.000  5.458  0.480
11.460  5.000  4.821  1.637
11.470  5.000  4.980  2.790
11.480  5.000  5.508  3.992
11.490  5.000  5.724  5.043
11.500  5.000  5.626  5.787
11.510  5.000  5.339  6.280
11.520  5.000  5.434  6.666
11.530  5.000  5.871  6.937
11.540  5.000  5.615  7.225
11.550  5.000  5.657  7.289
11.560  5.000  5.064  7.061
11.570  5.000  5.157  6.752
11.580  5.000  5.450  6.213
11.590  5.000  5.475  5.383
11.600  5.000  5.260  4.252
11.610  5.000  4.993  2.937
11.620  5.000  5.032  1.899
11.630  5.000  5.135  0.599
11.640  5.000  5.100  -0.805
11.650  5.000  4.851  -2.009
11.660  5.000  4.874  -3.244
11.670  5.000  4.868  -4.416
11.680  5.000  4.843  -5.600
11.690  5.000  4.895  -6.731
11.700  5.000  4.858  -7.854
11.710  5.000  4.764  -8.844
11.720  5.000  4.838  -9.709
11.730  5.000  4.818  -10.417
11.740  5.000  4.651  -11.042
11.750  5.000  4.856  -11.571
11.760  5.000  5.045  -11.913
11.770  5.000  4.917  -12.147
11.780  5.000  4.724  -12.393
11.790  5.000  4.587  -12.502
11.800  5.000  4.936  -12.342
11.810  5.000  5.043  -11.994
11.820  5.000  4.958  -11.657
11.830  5.000  4.676  -11.468
11.840  5.000  4.836  -11.225
11.850  5.000  5.142  -10.719
11.860  5.000  5.239  -10.183
11.870  5.000  4.823  -9.819
11.880  5.000  4.895  -9.430
11.890  5.000  5.077  -8.920
11.900  5.000  5.091  -8.552
11.910  5.000  5.042  -8.421
11.920  5.000  5.098  -8.281
11.930  5.000  5.228  -8.255
11.940  5.000  4.936  -8.303
11.950  5.000  4.989  -8.197
11.960  5.000  5.000  -7.980
11.970  5.000  5.245  -7.875
11.980  5.000  5.257  -7.831
11.990  5.000  5.020  -7.592
12.000  5.000  4.952  -7.308
12.010  5.000  5.133  -7.223
12.020  5.000  5.264  -7.244
12.030  5.000  4.992  -7.399
12.040  5.000  5.140  -7.692
12.050  5.000  4.981  -8.107
12.060  5.000  5.063  -8.628
12.070  5.000  5.191  -9.292
12.080  5.000  4.893  -9.838
12.090  5.000  4.953  -10.164
12.100  5.000  4.963  -10.712
12.110  5.000  5.021  -11.282
12.120  5.000  4.944  -11.810
12.130  5.000  5.040  -12.425
12.140  5.000  5.051  -13.127
12.150  5.000  4.936  -13.684
12.160  5.000  5.048  -14.118
12.170  5.000  4.835  -14.648
12.180  5.000  4.805  -15.002
12.190  5.000  4.819  -15.172
12.200  5.000  4.941  -15.415
12.210  5.000  5.086  -15.814
12.220  5.000  4.894  -16.057
12.230  5.000  4.806  -16.020
12.240  5.000  4.930  -16.009
12.250  5.000  4.943  -16.102
12.260  5.000  5.069  -16.168
12.270  5.000  4.963  -16.082
12.280  5.000  5.042  -15.914
12.290  5.000  4.831  -15.665
12.300  5.000  5.046  -15.476
12.310  5.000  5.091  -15.487
12.320  5.000  4.926  -15.500
12.330  5.000  4.818  -15.328
12.340  5.000  4.979  -15.107
12.350  5.000  5.061  -15.129
12.360  5.000  5.048  -15.170
12.370  5.000  5.096  -15.096
12.380  5.000  4.937  -15.054
12.390  5.000  4.912  -14.900
12.400  5.000  5.280  -14.711
12.410  5.000  5.040  -14.583
12.420  5.000  5.023  -14.417
12.430  5.000  4.943  -14.139
12.440  5.000  5.099  -14.012
12.450  7.500  5.098  -14.136
12.460  10.001  5.529  -14.054
12.470  12.500  5.494  -13.180
12.480  15.000  8.515  -11.217
12.490  17.500  11.562  -7.823
12.500  20.000  12.153  -1.982
12.510  22.500  13.503  6.073
12.520  25.000  15.703  15.913
12.530  27.501  15.585  28.287
12.540  30.000  16.811  40.683
12.550  30.000  17.130  51.937
12.560  30.000  18.049  63.241
12.570  30.000  17.850  74.173
12.580  30.000  18.516  84.773
12.590  30.000  18.614  96.105
12.600  30.000  18.787  108.200
12.610  30.000  18.896  120.884
12.620  30.000  20.643  132.133
12.630  30.000  20.144  143.536
12.640  30.000  20.619  156.038
12.650  30.000  21.488  166.474
12.660  30.000  21.160  177.688
12.670  30.000  21.666  188.911
12.680  30.000  22.307  198.250
12.690  30.000  22.493  208.056
12.700  30.000  23.522  217.553
12.710  30.000  23.239  226.414
12.720  30.000  23.583  236.194
12.730  30.000  24.926  245.440
12.740  30.000  24.495  254.381
12.750  30.000  25.649  263.027
12.760  30.000  25.256  272.277
12.770  30.000  25.563  281.801
12.780  30.000  25.841  290.733
12.790  30.000  26.244  299.897
12.800  30.000  26.741  308.394
12.810  30.000  26.871  316.650
12.820  30.000  27.313  324.983
12.830  30.000  28.162  333.317
12.840  30.000  28.562  341.176
12.850  30.000  28.267  349.063
12.860  30.000  28.419  357.497
12.870  30.000  28.749  366.008
12.880  30.000  28.807  374.005
12.890  30.000  29.760  381.588
12.900  30.000  30.105  389.288
12.910  30.000  30.489  397.015
12.920  30.000  30.215  404.542
12.930  30.000  30.449  411.859
12.940  30.000  31.466  418.641
12.950  30.000  31.525  425.475
12.960  30.000  31.136  432.609
12.970  30.000  31.702  439.037
12.980  30.000  30.602  445.032
12.990  30.000  30.559  450.823
13.000  30.000  31.603  456.059
13.010  30.000  32.334  461.008
13.020  30.000  31.439  465.813
13.030  30.000  31.134  470.143
13.040  30.000  30.414  473.789
13.050  30.000  31.265  477.052
13.060  30.000  31.112  479.892
13.070  30.000  31.220  482.179
13.080  30.000  30.635  483.864
13.090  30.000  30.263  484.893
13.100  30.000  29.238  485.243
13.110  30.000  28.616  484.823
13.120  30.000  29.699  483.836
13.130  30.000  31.099  482.749
13.140  30.000  31.671  481.537
13.150  30.000  29.185  480.052
13.160  30.000  28.878  478.458
13.170  30.000  29.915  476.926
13.180  30.000  31.168  475.581
13.190  30.000  30.499  474.029
13.200  30.000  29.072  472.213
13.210  30.000  29.085  470.525
13.220  30.000  30.021  469.280
13.230  30.000  30.324  468.391
13.240  30.000  30.194  467.361
13.250  30.000  29.069  466.320
13.260  30.000  29.049  465.532
13.270  30.000  29.536  465.017
13.280  30.000  29.982  464.606
13.290  30.000  29.324  464.166
13.300  30.000  29.482  463.756
13.310  30.000  29.113  463.640
13.320  30.000  30.001  464.154
13.330  30.000  30.532  464.851
13.340  30.000  29.981  465.312
13.350  30.000  29.199  465.713
13.360  30.000  29.450  466.435
13.370  30.000  30.641  467.557
13.380  30.000  30.055  468.848
13.390  30.000  29.574  469.879
13.400  30.000  29.628  470.907
13.410  30.000  30.743  472.229
13.420  30.000  30.239  473.542
13.430  30.000  29.828  474.595
13.440  30.000  29.404  475.537
13.450  5.000  30.666  476.645
13.460  5.000  29.977  477.566
13.470  5.000  26.717  477.002
13.480  5.000  21.217  473.104
13.490  5.000  18.421  465.023
13.500  5.000  17.954  455.791
13.510  5.000  18.905  446.664
13.520  5.000  18.999  437.116
13.530  5.000  18.823  427.748
13.540  5.000  18.477  418.090
13.550  5.000  17.748  408.271
13.560  5.000  17.248  398.568
13.570  5.000  16.869  388.950
13.580  5.000  16.498  379.507
13.590  5.000  16.574  370.269
13.600  5.000  16.068  361.441
13.610  5.000  15.912  352.651
13.620  5.000  15.662  343.793
13.630  5.000  15.386  335.003
13.640  5.000  14.701  326.482
13.650  5.000  14.426  318.045
13.660  5.000  14.265  309.016
13.670  5.000  13.980  300.541
13.680  5.000  13.694  292.330
13.690  5.000  13.282  284.178
13.700  5.000  13.023  276.049
13.710  5.000  12.710  267.612
13.720  5.000  12.439  259.997
13.730  5.000  12.194  252.417
13.740  5.000  11.954  244.073
13.750  5.000  11.537  236.351
13.760  5.000  11.454  229.430
13.770  5.000  11.064  222.279
13.780  5.000  10.895  215.231
13.790  5.000  10.682  208.180
13.800  5.000  10.413  200.644
13.810  5.000  10.222  193.749
13.820  5.000  9.982  187.135
13.830  5.000  9.809  180.582
13.840  5.000  9.506  173.890
13.850  5.000  9.395  167.183
13.860  5.000  9.178  160.539
13.870  5.000  8.935  153.608
13.880  5.000  8.575  146.782
13.890  5.000  8.422  140.702
13.900  5.000  8.328  134.815
13.910  5.000  7.964  128.563
13.920  5.000  7.781  122.433
13.930  5.000  7.716  116.024
13.940  5.000  7.386  110.110
13.950  5.000  7.279  104.724
13.960  5.000  7.107  98.915
13.970  5.000  6.839  93.140
13.980  5.000  6.679  87.512
13.990  5.000  6.501  81.762
14.000  5.000  6.395  76.286
14.010  5.000  6.301  70.744
14.020  5.000  6.010  65.180
14.030  5.000  5.881  59.704
14.040  5.000  5.603  54.171
14.050  5.000  5.506  48.703
14.060  5.000  5.514  43.408
14.070  5.000  5.196  38.661
14.080  5.000  5.101  34.182
14.090  5.000  4.808  29.728
14.100  5.000  4.749  25.354
14.110  5.000  4.577  21.058
14.120  5.000  4.483  16.924
14.130  5.000  4.393  12.914
14.140  5.000  4.237  8.633
14.150  5.000  4.207  4.448
14.160  5.000  3.969  0.670
14.170  5.000  3.935  -3.008
14.180  5.000  3.992  -6.387
14.190  5.000  3.943  -9.629
14.200  5.000  3.679  -12.643
14.210  5.000  3.617  -15.696
14.220  5.000  3.610  -18.718
14.230  5.000  3.758  -21.300
14.240  5.000  3.667  -23.633
14.250  5.000  3.549  -25.800
14.260  5.000  3.425  -27.746
14.270  5.000  3.651  -29.240
14.280  5.000  3.975  -30.545
14.290  5.000  3.873  -31.610
14.300  5.000  3.535  -32.368
14.310  5.000  3.462  -32.761
14.320  5.000  4.229  -32.256
14.330  5.000  4.894  -31.045
14.340  5.000  4.515  -29.809
14.350  5.000  3.979  -28.911
14.360  5.000  3.705  -27.986
14.370  5.000  4.016  -26.676
14.380  5.000  4.688  -24.844
14.390  5.000  5.453  -22.912
14.400  5.000  5.187  -21.216
14.410  5.000  4.424  -19.357
14.420  5.000  4.537  -17.133
14.430  5.000  5.388  -14.618
14.440  5.000  5.603  -12.092
14.450  5.000  5.328  -10.016
14.460  5.000  4.988  -8.402
14.470  5.000  5.005  -6.852
14.480  5.000  5.509  -5.282
14.490  5.000  5.747  -3.886
14.500  5.000  5.261  -2.636
14.510  5.000  5.237  -1.556
14.520  5.000  5.538  -0.907
14.530  5.000  5.861  -0.557
14.540  5.000  5.814  -0.180
14.550  5.000  5.597  0.257
14.560  5.000  5.460  0.472
14.570  5.000  5.051  0.556
14.580  5.000  5.243  0.603
14.590  5.000  5.424  0.357
14.600  5.000  5.388  -0.246
14.610  5.000  5.070  -1.164
14.620  5.000  4.946  -2.236
14.630  5.000  5.247  -3.486
14.640  5.000  5.198  -4.699
14.650  5.000  5.013  -5.820
14.660  5.000  4.856  -7.040
14.670  5.000  4.927  -8.251
14.680  5.000  4.967  -9.733
14.690  5.000  4.913  -11.082
14.700  5.000  4.759  -12.067
14.710  5.000  4.697  -13.055
14.720  5.000  4.961  -13.888
14.730  5.000  4.909  -14.700
14.740  5.000  4.752  -15.355
14.750  5.000  4.445  -15.865
14.760  5.000  4.840  -16.360
14.770  5.000  5.129  -16.587
14.780  5.000  5.004  -16.725
14.790  5.000  4.600  -16.830
14.800  5.000  4.472  -16.740
14.810  5.000  4.957  -16.555
14.820  5.000  5.042  -16.055
14.830  5.000  4.961  -15.348
14.840  5.000  4.842  -14.715
14.850  5.000  4.849  -13.989
14.860  5.000  5.077  -13.160
14.870  5.000  5.022  -12.320
14.880  5.000  5.086  -11.788
14.890  5.000  4.932  -11.389
14.900  5.000  4.992  -10.905
14.910  5.000  4.943  -10.251
14.920  5.000  5.141  -9.535
14.930  5.000  5.234  -9.033
14.940  5.000  5.093  -8.582
14.950  5.000  5.105  -8.163
14.960  5.000  5.052  -7.878
14.970  5.000  5.258  -7.612
14.980  5.000  4.959  -7.481
14.990  5.000  5.256  -7.635
15.000  5.000  5.080  -7.856
15.010  5.000  5.233  -8.042
15.020  5.000  4.800  -8.077
15.030  5.000  4.946  -7.978
15.040  5.000  5.152  -7.866
15.050  5.000  5.154  -7.989
15.060  5.000  4.966  -8.235
15.070  5.000  4.922  -8.423
15.080  5.000  5.056  -8.749
15.090  5.000  5.179  -9.064
15.100  5.000  5.046  -9.476
15.110  5.000  4.900  -9.972
15.120  5.000  4.876  -10.368
15.130  5.000  5.076  -10.727
15.140  5.000  5.108  -11.078
15.150  5.000  4.860  -11.675
15.160  5.000  4.730  -12.037
15.170  5.000  4.998  -12.150
15.180  5.000  5.094  -12.473
15.190  5.000  4.956  -12.853
15.200  5.000  4.852  -13.032
15.210  5.000  4.796  -12.978
15.220  5.000  5.044  -12.754
15.230  5.000  5.172  -12.456
15.240  5.000  4.952  -12.175
15.250  5.000  4.667  -11.878
15.260  5.000  4.886  -11.687
15.270  5.000  5.071  -11.555
15.280  5.000  4.978  -11.381
15.290  5.000  5.037  -11.029
15.300  5.000  4.909  -10.721
15.310  5.000  4.979  -10.607
15.320  5.000  5.036  -10.466
15.330  5.000  5.005  -10.032
15.340  5.000  4.924  -9.513
15.350  5.000  5.114  -9.273
15.360  5.000  5.014  -9.213
15.370  5.000  5.158  -9.169
15.380  5.000  4.899  -9.045
15.390  5.000  5.028  -8.812
15.400  5.000  5.209  -8.731
15.410  5.000  5.096  -8.748
15.420  5.000  5.045  -8.711
15.430  5.000  5.011  -8.836
15.440  5.000  5.002  -8.949
15.450  5.000  5.184  -9.149
15.460  7.500  5.119  -9.510
15.470  10.000  4.979  -9.335
15.480  12.500  5.622  -8.492
15.490  15.000  8.762  -6.961
15.500  17.500  11.436  -3.789
15.510  20.000  12.419  1.777
15.520  22.500  13.026  10.265
15.530  25.000  16.513  20.276
15.540  27.500  16.121  31.211
15.550  30.000  15.955  43.399
15.560  30.000  16.550  55.419
15.570  30.000  17.457  67.140
15.580  30.000  18.040  78.374
15.590  30.000  18.184  89.274
15.600  30.000  18.280  100.835
15.610  30.000  19.040  112.235
15.620  30.000  19.377  124.585
15.630  30.000  20.315  136.841
15.640  30.000  19.766  149.004
15.650  30.000  21.094  160.591
15.660  30.000  21.096  170.284
15.670  30.000  21.359  180.305
15.680  30.000  21.661  190.522
15.690  30.000  22.724  201.034
15.700  30.000  22.311  211.462
15.710  30.000  23.278  221.231
15.720  30.000  23.929  230.042
15.730  30.000  24.140  238.688
15.740  30.000  24.116  247.803
15.750  30.000  25.135  257.229
15.760  30.000  23.954  268.480
15.770  30.000  25.917  279.021
15.780  30.000  25.138  287.551
15.790  30.000  26.434  296.380
15.800  30.000  26.679  305.261
15.810  30.000  26.937  313.736
15.820  30.000  26.768  321.619
15.830  30.000  27.396  329.759
15.840  30.000  27.660  338.482
15.850  30.000  28.347  346.956
15.860  30.000  28.213  355.518
15.870  30.000  28.922  363.784
15.880  30.000  29.435  371.154
15.890  30.000  29.798  378.440
15.900  30.000  29.433  386.192
15.910  30.000  29.731  394.183
15.920  30.000  30.492  402.029
15.930  30.000  30.707  409.919
15.940  30.000  30.343  417.972
15.950  30.000  30.538  425.892
15.960  30.000  31.428  433.124
15.970  30.000  32.376  439.614
15.980  30.000  31.023  445.880
15.990  30.000  30.573  451.817
16.000  30.000  30.599  457.535
16.010  30.000  30.880  463.384
16.020  30.000  32.111  468.914
16.030  30.000  31.468  474.016
16.040  30.000  31.258  478.720
16.050  30.000  30.419  483.088
16.060  30.000  30.884  487.174
16.070  30.000  30.241  490.845
16.080  30.000  30.951  493.908
16.090  30.000  30.622  496.390
16.100  30.000  30.740  498.187
16.110  30.000  30.212  499.113
16.120  30.000  29.124  499.147
16.130  30.000  30.626  498.439
16.140  30.000  31.315  497.370
16.150  30.000  30.946  496.177
16.160  30.000  29.473  494.564
16.170  30.000  29.541  492.611
16.180  30.000  30.089  490.783
16.190  30.000  30.231  489.190
16.200  30.000  29.811  487.501
16.210  30.000  29.629  485.885
16.220  30.000  29.229  484.561
16.230  30.000  29.936  483.413
16.240  30.000  30.145  482.511
16.250  30.000  29.948  481.623
16.260  30.000  29.679  480.612
16.270  30.000  29.215  479.703
16.280  30.000  29.553  479.146
16.290  30.000  29.991  478.819
16.300  30.000  29.548  478.691
16.310  30.000  29.099  478.626
16.320  30.000  29.792  478.291
16.330  30.000  29.489  478.096
16.340  30.000  30.249  478.259
16.350  30.000  29.864  478.555
16.360  30.000  29.444  478.821
16.370  30.000  29.661  479.202
16.380  30.000  30.419  479.801
16.390  30.000  30.696  480.372
16.400  30.000  29.115  480.874
16.410  30.000  29.467  481.293
16.420  30.000  30.122  482.219
16.430  30.000  31.120  483.520
16.440  30.000  29.983  484.497
16.450  30.000  28.407  485.243
16.460  5.000  29.683  486.095
16.470  5.000  30.482  486.980
16.480  5.000  27.527  486.674
16.490  5.000  21.037  482.689
16.500  5.000  18.112  474.283
16.510  5.000  17.833  465.249
16.520  5.000  19.142  456.043
16.530  5.000  18.922  446.241
16.540  5.000  19.104  436.743
16.550  5.000  18.736  427.288
16.560  5.000  18.351  417.756
16.570  5.000  17.714  408.296
16.580  5.000  17.250  399.218
16.590  5.000  16.900  389.689
16.600  5.000  16.517  380.630
16.610  5.000  16.090  371.840
16.620  5.000  15.884  362.542
16.630  5.000  15.673  353.763
16.640  5.000  15.390  345.158
16.650  5.000  14.925  336.677
16.660  5.000  14.789  328.917
16.670  5.000  14.034  321.285
16.680  5.000  13.847  313.297
16.690  5.000  13.545  304.757
16.700  5.000  13.532  296.119
16.710  5.000  13.293  288.098
16.720  5.000  13.042  280.715
16.730  5.000  12.528  273.510
16.740  5.000  12.021  266.369
16.750  5.000  11.993  258.954
16.760  5.000  11.792  251.094
16.770  5.000  11.376  243.276
16.780  5.000  11.078  236.218
16.790  5.000  10.861  229.688
16.800  5.000  10.561  222.668
16.810  5.000  10.372  215.603
16.820  5.000  10.166  208.614
16.830  5.000  9.981  201.811
16.840  5.000  9.683  195.543
16.850  5.000  9.429  189.282
16.860  5.000  9.205  183.099
16.870  5.000  8.979  176.432
16.880  5.000  8.777  169.771
16.890  5.000  8.687  163.416
16.900  5.000  8.477  156.628
16.910  5.000  8.212  150.447
16.920  5.000  8.005  144.546
16.930  5.000  7.785  138.166
16.940  5.000  7.570  132.452
16.950  5.000  7.425  127.261
16.960  5.000  7.328  121.897
16.970  5.000  7.112  115.942
16.980  5.000  6.804  110.144
16.990  5.000  6.701  104.661
17.000  5.000  6.478  98.827
17.010  5.000  6.294  93.060
17.020  5.000  6.068  87.711
17.030  5.000  5.940  82.411
17.040  5.000  5.728  76.870
17.050  5.000  5.581  71.777
17.060  5.000  5.405  67.188
17.070  5.000  5.320  62.282
17.080  5.000  5.109  57.393
17.090  5.000  5.085  52.692
17.100  5.000  4.831  47.984
17.110  5.000  4.726  43.377
17.120  5.000  4.529  38.794
17.130  5.000  4.448  34.344
17.140  5.000  4.348  30.098
17.150  5.000  4.203  26.237
17.160  5.000  4.041  22.478
17.170  5.000  4.070  18.868
17.180  5.000  3.927  15.262
17.190  5.000  3.892  11.858
17.200  5.000  3.820  8.652
17.210  5.000  3.712  5.408
17.220  5.000  3.639  2.335
17.230  5.000  3.707  -0.451
17.240  5.000  3.718  -2.918
17.250  5.000  3.613  -5.293
17.260  5.000  3.635  -7.511
17.270  5.000  3.547  -9.336
17.280  5.000  3.780  -10.776
17.290  5.000  3.879  -11.959
17.300  5.000  3.833  -12.879
17.310  5.000  3.614  -13.669
17.320  5.000  3.657  -14.137
17.330  5.000  4.203  -13.810
17.340  5.000  5.013  -13.190
17.350  5.000  4.551  -12.320
17.360  5.000  3.808  -10.941
17.370  5.000  3.799  -9.603
17.380  5.000  3.759  -8.141
17.390  5.000  4.866  -6.312
17.400  5.000  5.410  -4.310
17.410  5.000  5.146  -2.377
17.420  5.000  4.763  -0.694
17.430  5.000  4.545  1.172
17.440  5.000  5.245  3.377
17.450  5.000  5.310  5.622
17.460  5.000  5.316  7.771
17.470  5.000  5.053  9.626
17.480  5.000  5.122  11.276
17.490  5.000  5.518  12.805
17.500  5.000  5.486  14.109
17.510  5.000  5.160  15.275
17.520  5.000  5.287  16.297
17.530  5.000  5.604  17.092
17.540  5.000  5.715  17.911
17.550  5.000  5.590  18.794
17.560  5.000  5.650  19.591
17.570  5.000  5.527  20.330
17.580  5.000  5.343  20.847
17.590  5.000  5.102  21.018
17.600  5.000  5.264  20.748
17.610  5.000  5.464  20.187
17.620  5.000  5.447  19.327
17.630  5.000  5.140  18.244
17.640  5.000  5.082  17.048
17.650  5.000  5.030  15.820
17.660  5.000  5.192  14.568
17.670  5.000  5.161  13.221
17.680  5.000  5.003  11.914
17.690  5.000  4.904  10.699
17.700  5.000  4.797  9.456
17.710  5.000  4.866  8.119
17.720  5.000  4.840  6.801
17.730  5.000  4.842  5.575
17.740  5.000  4.720  4.525
17.750  5.000  4.831  3.722
17.760  5.000  4.679  3.142
17.770  5.000  4.791  2.696
17.780  5.000  4.777  2.395
17.790  5.000  4.868  2.094
17.800  5.000  4.789  1.977
17.810  5.000  4.680  2.082
17.820  5.000  4.703  2.207
17.830  5.000  4.761  2.645
17.840  5.000  5.093  3.230
17.850  5.000  5.021  3.853
17.860  5.000  4.830  4.476
17.870  5.000  4.886  4.861
17.880  5.000  4.931  5.314
17.890  5.000  4.888  6.065
17.900  5.000  4.995  6.777
17.910  5.000  4.888  7.429
17.920  5.000  5.154  8.169
17.930  5.000  5.159  8.858
17.940  5.000  4.977  9.373
17.950  5.000  5.220  9.745
17.960  5.000  5.106  10.142
17.970  5.000  5.121  10.635
17.980  5.000  5.199  11.156
17.990  5.000  5.109  11.611
18.000  5.000  5.127  12.111
18.010  5.000  4.983  12.431
18.020  5.000  5.416  12.529
18.030  5.000  5.211  12.516
18.040  5.000  5.076  12.412
18.050  5.000  4.732  12.324
18.060  5.000  5.109  12.099
18.070  5.000  5.146  11.750
18.080  5.000  5.291  11.249
18.090  5.000  4.928  10.679
18.100  5.000  4.855  10.194
18.110  5.000  4.961  9.739
18.120  5.000  5.230  9.320
18.130  5.000  5.144  8.894
18.140  5.000  4.721  8.519
18.150  5.000  4.779  8.251
18.160  5.000  5.110  7.897
18.170  5.000  5.074  7.558
18.180  5.000  4.887  7.413
18.190  5.000  4.810  7.349
18.200  5.000  4.964  7.342
18.210  5.000  5.001  7.379
18.220  5.000  4.870  7.290
18.230  5.000  4.874  7.193
18.240  5.000  4.801  7.110
18.250  5.000  5.042  7.024
18.260  5.000  4.952  7.066
18.270  5.000  4.887  7.284
18.280  5.000  4.852  7.584
18.290  5.000  5.055  7.690
18.300  5.000  4.913  7.798
18.310  5.000  4.896  8.149
18.320  5.000  4.832  8.598
18.330  5.000  5.064  8.858
18.340  5.000  5.126  8.909
18.350  5.000  5.006  9.024
18.360  5.000  4.926  9.351
18.370  5.000  4.989  9.835
18.380  5.000  5.063  10.117
18.390  5.000  5.156  10.176
18.400  5.000  5.177  10.395
18.410  5.000  4.810  10.763
18.420  5.000  5.063  11.012
18.430  5.000  5.127  11.207
18.440  5.000  5.203  11.453
18.450  5.000  4.903  11.822
18.460  5.000  4.875  12.185
18.470  7.500  5.107  12.395
18.480  10.001  5.355  12.608
18.490  12.500  5.727  13.467
18.500  15.000  8.668  15.461
18.510  17.500  11.937  18.744
18.520  20.000  12.517  24.385
18.530  22.500  13.300  31.883
18.540  25.000  13.498  41.089
18.550  27.500  15.059  52.626
18.560  30.000  16.504  64.336
18.570  30.000  17.570  75.209
18.580  30.000  18.096  85.557
18.590  30.000  17.113  96.311
18.600  30.000  19.553  107.031
18.610  30.000  18.850  117.764
18.620  30.000  18.334  129.828
18.630  30.000  19.773  140.671
18.640  30.000  19.083  151.187
18.650  30.000  19.872  162.302
18.660  30.000  21.205  172.424
18.670  30.000  21.707  182.732
18.680  30.000  21.320  193.031
18.690  30.000  21.905  203.435
18.700  30.000  22.796  213.240
18.710  30.000  22.676  222.388
18.720  30.000  22.558  232.520
18.730  30.000  23.780  242.078
18.740  30.000  23.889  250.832
18.750  30.000  23.660  260.034
18.760  30.000  24.308  269.368
18.770  30.000  24.854  278.282
18.780  30.000  25.353  286.903
18.790  30.000  25.965  295.277
18.800  30.000  25.579  303.940
18.810  30.000  26.570  312.563
18.820  30.000  26.747  320.825
18.830  30.000  27.529  329.299
18.840  30.000  27.596  337.705
18.850  30.000  27.804  345.914
18.860  30.000  28.575  353.554
18.870  30.000  28.253  361.370
18.880  30.000  28.811  369.280
18.890  30.000  29.035  376.948
18.900  30.000  28.902  384.917
18.910  30.000  29.138  393.281
18.920  30.000  29.890  401.345
18.930  30.000  30.456  408.829
18.940  30.000  30.900  416.264
18.950  30.000  30.256  423.930
18.960  30.000  31.427  431.441
18.970  30.000  31.390  438.067
18.980  30.000  31.430  444.410
18.990  30.000  30.462  450.648
19.000  30.000  30.323  456.745
19.010  30.000  31.445  462.529
19.020  30.000  31.364  467.755
19.030  30.000  31.582  472.979
19.040  30.000  31.480  478.009
19.050  30.000  31.002  482.519
19.060  30.000  31.147  486.495
19.070  30.000  30.841  489.984
19.080  30.000  30.901  493.030
19.090  30.000  30.972  495.668
19.100  30.000  31.166  498.024
19.110  30.000  29.954  499.858
19.120  30.000  29.926  500.941
19.130  30.000  28.873  501.181
19.140  30.000  29.815  500.602
19.150  30.000  30.387  499.672
19.160  30.000  31.660  498.593
19.170  30.000  30.289  497.139
19.180  30.000  29.541  495.269
19.190  30.000  29.212  493.399
19.200  30.000  30.669  491.801
19.210  30.000  30.478  490.176
19.220  30.000  29.701  488.345
19.230  30.000  29.032  486.457
19.240  30.000  29.782  484.934
19.250  30.000  29.867  483.880
19.260  30.000  30.207  482.987
19.270  30.000  29.494  482.159
19.280  30.000  29.691  481.240
19.290  30.000  29.415  480.342
19.300  30.000  29.954  479.790
19.310  30.000  29.860  479.537
19.320  30.000  29.196  479.348
19.330  30.000  29.464  478.931
19.340  30.000  29.278  478.604
19.350  30.000  29.924  478.582
19.360  30.000  30.444  478.704
19.370  30.000  29.338  479.025
19.380  30.000  29.324  479.496
19.390  30.000  29.558  480.344
19.400  30.000  31.367  481.497
19.410  30.000  29.458  482.598
19.420  30.000  29.065  483.551
19.430  30.000  30.106  484.487
19.440  30.000  30.453  485.787
19.450  30.000  30.640  487.066
19.460  30.000  29.527  487.997
19.470  5.000  29.800  488.951
19.480  5.000  29.338  489.816
19.490  5.000  26.676  489.318
19.500  5.000  21.651  485.313
19.510  5.000  18.807  477.289
19.520  5.000  18.200  467.526
19.530  5.000  19.136  457.634
19.540  5.000  18.929  447.620
19.550  5.000  18.815  437.384
19.560  5.000  18.222  427.812
19.570  5.000  17.919  419.208
19.580  5.000  17.355  410.116
19.590  5.000  16.881  401.178
19.600  5.000  16.672  392.070
19.610  5.000  16.395  382.501
19.620  5.000  15.832  373.847
19.630  5.000  15.833  365.499
19.640  5.000  15.566  357.415
19.650  5.000  14.974  348.937
19.660  5.000  14.996  339.679
19.670  5.000  14.394  331.260
19.680  5.000  14.111  323.400
19.690  5.000  13.731  314.839
19.700  5.000  13.525  306.266
19.710  5.000  13.299  297.758
19.720  5.000  12.935  289.634
19.730  5.000  12.580  282.303
19.740  5.000  12.193  275.095
19.750  5.000  12.080  267.282
19.760  5.000  11.905  259.103
19.770  5.000  11.614  251.661
19.780  5.000  11.288  244.142
19.790  5.000  10.929  236.928
19.800  5.000  10.882  229.863
19.810  5.000  10.601  222.326
19.820  5.000  10.458  214.980
19.830  5.000  10.107  207.443
19.840  5.000  10.016  200.511
19.850  5.000  9.739  193.700
19.860  5.000  9.556  186.723
19.870  5.000  9.371  180.251
19.880  5.000  8.982  173.943
19.890  5.000  8.889  167.287
19.900  5.000  8.716  160.117
19.910  5.000  8.538  153.448
19.920  5.000  8.283  146.930
19.930  5.000  8.076  140.884
19.940  5.000  7.837  134.838
19.950  5.000  7.753  128.277
19.960  5.000  7.521  122.335
19.970  5.000  7.180  116.711
19.980  5.000  7.039  111.191
19.990  5.000  6.881  105.982
20.000  5.000  6.639  100.726
20.010  5.000  6.607  94.842
20.020  5.000  6.512  89.155
20.030  5.000  6.276  83.563
20.040  5.000  6.029  77.794
20.050  5.000  5.963  72.108
20.060  5.000  5.797  66.334
20.070  5.000  5.566  60.869
20.080  5.000  5.438  55.454
20.090  5.000  5.170  50.415
20.100  5.000  4.964  45.975
20.110  5.000  4.826  41.345
20.120  5.000  4.754  36.463
20.130  5.000  4.640  31.528
20.140  5.000  4.508  26.992
20.150  5.000  4.313  22.940
20.160  5.000  4.252  18.874
20.170  5.000  4.202  14.891
20.180  5.000  4.054  11.069
20.190  5.000  4.002  6.980
20.200  5.000  3.906  3.105
20.210  5.000  3.963  -0.263
20.220  5.000  3.812  -3.485
20.230  5.000  3.677  -6.796
20.240  5.000  3.684  -9.821
20.250  5.000  3.761  -12.359
20.260  5.000  3.664  -14.850
20.270  5.000  3.595  -17.144
20.280  5.000  3.448  -19.257
20.290  5.000  3.555  -21.091
20.300  5.000  3.831  -22.535
20.310  5.000  3.932  -23.632
20.320  5.000  3.564  -24.581
20.330  5.000  3.507  -25.350
20.340  5.000  3.918  -25.343
20.350  5.000  4.950  -24.517
20.360  5.000  4.597  -23.455
20.370  5.000  3.869  -22.280
20.380  5.000  3.529  -21.004
20.390  5.000  3.958  -19.531
20.400  5.000  4.816  -17.623
20.410  5.000  5.652  -15.678
20.420  5.000  5.140  -13.786
20.430  5.000  4.435  -11.928
20.440  5.000  4.586  -9.990
20.450  5.000  5.199  -7.653
20.460  5.000  5.738  -5.443
20.470  5.000  5.164  -3.438
20.480  5.000  4.973  -1.818
20.490  5.000  4.972  -0.427
20.500  5.000  5.582  0.935
20.510  5.000  5.627  2.055
20.520  5.000  5.369  3.048
20.530  5.000  5.234  3.740
20.540  5.000  5.381  4.253
20.550  5.000  5.652  4.744
20.560  5.000  5.663  5.202
20.570  5.000  5.512  5.792
20.580  5.000  5.514  6.322
20.590  5.000  5.372  6.504
20.600  5.000  5.192  6.446
20.610  5.000  5.371  6.110
20.620  5.000  5.305  5.590
20.630  5.000  5.452  4.830
20.640  5.000  5.268  3.785
20.650  5.000  5.138  2.533
20.660  5.000  4.920  1.233
20.670  5.000  5.067  -0.176
20.680  5.000  5.231  -1.640
20.690  5.000  4.934  -2.878
20.700  5.000  4.863  -4.138
20.710  5.000  4.753  -5.682
20.720  5.000  4.919  -7.351
20.730  5.000  4.933  -8.894
20.740  5.000  4.802  -10.199
20.750  5.000  4.675  -11.171
20.760  5.000  4.781  -12.014
20.770  5.000  4.823  -12.718
20.780  5.000  4.760  -13.230
20.790  5.000  4.813  -13.737
20.800  5.000  4.843  -14.111
20.810  5.000  4.716  -14.160
20.820  5.000  4.756  -13.948
20.830  5.000  4.787  -13.691
20.840  5.000  4.956  -13.640
20.850  5.000  4.920  -13.619
20.860  5.000  4.924  -13.374
20.870  5.000  4.717  -12.984
20.880  5.000  4.842  -12.372
20.890  5.000  5.031  -11.703
20.900  5.000  5.063  -11.155
20.910  5.000  4.908  -10.586
20.920  5.000  5.095  -10.068
20.930  5.000  5.178  -9.715
20.940  5.000  5.139  -9.416
20.950  5.000  5.066  -9.011
20.960  5.000  5.043  -8.622
20.970  5.000  5.163  -8.365
20.980  5.000  5.235  -8.216
20.990  5.000  5.253  -8.169
21.000  5.000  4.841  -8.049
21.010  5.000  5.098  -7.905
21.020  5.000  5.211  -7.788
21.030  5.000  5.259  -7.810
21.040  5.000  5.160  -7.984
21.050  5.000  4.826  -8.139
21.060  5.000  5.090  -8.229
21.070  5.000  5.260  -8.643
21.080  5.000  5.234  -9.379
21.090  5.000  4.830  -10.011
21.100  5.000  4.679  -10.558
21.110  5.000  5.090  -10.880
21.120  5.000  5.248  -11.112
21.130  5.000  4.918  -11.522
21.140  5.000  4.754  -11.892
21.150  5.000  4.936  -11.974
21.160  5.000  5.021  -12.114
21.170  5.000  5.147  -12.496
21.180  5.000  4.747  -12.740
21.190  5.000  4.857  -12.855
21.200  5.000  4.997  -13.136
21.210  5.000  5.064  -13.406
21.220  5.000  4.814  -13.577
21.230  5.000  4.915  -13.656
21.240  5.000  4.962  -13.758
21.250  5.000  5.069  -14.037
21.260  5.000  4.863  -14.140
21.270  5.000  4.822  -13.885
21.280  5.000  4.779  -13.530
21.290  5.000  5.113  -13.235
21.300  5.000  5.239  -13.130
21.310  5.000  4.899  -13.178
