# covent_pc_1
# Captured 2020-06-19 19:01:26.562216 by unknown user
# Built at revision a487b77 (dirty)
time(sec)  pc_setpoint  pressure  volume
0.000  15.000  15.052  243.079
0.010  15.000  15.322  252.393
0.020  15.000  15.543  261.440
0.030  15.000  15.346  269.783
0.040  15.000  15.698  278.289
0.050  15.000  16.117  286.631
0.060  15.000  15.755  294.548
0.070  15.000  14.511  302.649
0.080  15.000  14.703  310.949
0.090  15.000  15.768  318.830
0.100  15.000  15.947  326.139
0.110  15.000  15.528  333.476
0.120  15.000  15.844  340.597
0.130  15.000  16.141  347.363
0.140  15.000  16.363  353.749
0.150  15.000  15.537  360.106
0.160  15.000  15.359  366.515
0.170  15.000  15.824  372.540
0.180  15.000  15.607  378.379
0.190  15.000  15.097  383.977
0.200  15.000  15.312  389.394
0.210  15.000  15.442  394.791
0.220  15.000  15.252  400.085
0.230  15.000  15.596  404.935
0.240  15.000  15.750  409.442
0.250  15.000  15.323  414.327
0.260  15.000  15.258  419.434
0.270  15.000  15.507  424.286
0.280  15.000  15.541  429.116
0.290  15.000  15.499  433.842
0.300  15.000  15.538  438.443
0.310  15.000  15.650  442.820
0.320  15.000  15.443  446.686
0.330  15.000  15.117  450.491
0.340  15.000  15.557  454.248
0.350  15.000  15.776  457.655
0.360  15.000  15.098  460.816
0.370  15.000  15.243  463.663
0.380  15.000  15.153  466.504
0.390  15.000  15.573  469.200
0.400  15.000  15.588  471.726
0.410  15.000  15.404  474.474
0.420  15.000  15.765  477.236
0.430  15.000  15.588  480.001
0.440  15.000  15.532  482.702
0.450  15.000  15.640  485.284
0.460  15.000  15.502  487.923
0.470  15.000  15.481  490.466
0.480  15.000  15.521  492.500
0.490  15.000  15.737  494.221
0.500  15.000  15.760  495.754
0.510  15.000  15.230  497.049
0.520  15.000  15.298  498.184
0.530  15.000  15.362  499.343
0.540  15.000  15.289  500.508
0.550  15.000  15.733  501.400
0.560  15.000  15.283  502.168
0.570  15.000  15.520  502.928
0.580  15.000  15.269  503.647
0.590  15.000  15.726  504.223
0.600  15.000  15.511  504.647
0.610  15.000  15.315  505.108
0.620  15.000  15.237  505.630
0.630  15.000  15.162  506.151
0.640  15.000  15.282  506.599
0.650  15.000  15.007  506.912
0.660  15.000  15.394  507.225
0.670  15.000  15.334  507.457
0.680  15.000  15.079  507.562
0.690  5.000  15.033  507.470
0.700  5.000  14.818  507.017
0.710  5.000  12.217  505.689
0.720  5.000  10.245  501.671
0.730  5.000  10.749  495.346
0.740  5.000  11.201  489.477
0.750  5.000  10.972  483.448
0.760  5.000  10.656  477.141
0.770  5.000  10.106  471.247
0.780  5.000  9.671  464.524
0.790  5.000  9.726  457.784
0.800  5.000  9.570  451.553
0.810  5.000  9.505  445.238
0.820  5.000  9.272  438.600
0.830  5.000  9.119  431.693
0.840  5.000  9.210  425.148
0.850  5.000  9.055  418.527
0.860  5.000  8.898  412.234
0.870  5.000  8.753  406.025
0.880  5.000  8.638  399.040
0.890  5.000  8.662  392.621
0.900  5.000  8.481  386.885
0.910  5.000  8.539  380.566
0.920  5.000  8.342  373.793
0.930  5.000  8.237  367.674
0.940  5.000  8.134  361.893
0.950  5.000  8.231  355.873
0.960  5.000  8.067  349.443
0.970  5.000  8.030  343.379
0.980  5.000  7.983  337.708
0.990  5.000  7.840  331.412
1.000  5.000  7.875  324.722
1.010  5.000  7.663  318.252
1.020  5.000  7.566  312.569
1.030  5.000  7.450  306.596
1.040  5.000  7.471  300.262
1.050  5.000  7.408  294.564
1.060  5.000  7.352  288.810
1.070  5.000  7.287  282.628
1.080  5.000  7.157  276.382
1.090  5.000  7.037  270.809
1.100  5.000  7.035  265.699
1.110  5.000  6.908  260.065
1.120  5.000  6.925  254.395
1.130  5.000  6.759  248.619
1.140  5.000  6.767  243.066
1.150  5.000  6.575  237.628
1.160  5.000  6.545  231.963
1.170  5.000  6.557  226.690
1.180  5.000  6.347  221.154
1.190  5.000  6.340  215.345
1.200  5.000  6.285  210.079
1.210  5.000  6.222  205.344
1.220  5.000  6.215  199.961
1.230  5.000  6.067  194.497
1.240  5.000  6.058  189.184
1.250  5.000  5.959  183.819
1.260  5.000  5.842  179.064
1.270  5.000  5.777  174.148
1.280  5.000  5.767  168.781
1.290  5.000  5.635  163.703
1.300  5.000  5.617  158.597
1.310  5.000  5.540  153.425
1.320  5.000  5.398  148.627
1.330  5.000  5.353  144.025
1.340  5.000  5.333  139.411
1.350  5.000  5.212  134.385
1.360  5.000  5.220  129.488
1.370  5.000  5.176  124.589
1.380  5.000  5.124  119.740
1.390  5.000  5.031  114.975
1.400  5.000  4.979  110.305
1.410  5.000  4.937  105.894
1.420  5.000  5.015  101.405
1.430  5.000  4.800  97.114
1.440  5.000  4.781  92.505
1.450  5.000  4.814  87.482
1.460  5.000  4.766  82.538
1.470  5.000  4.681  78.162
1.480  5.000  4.580  74.082
1.490  5.000  4.550  69.543
1.500  5.000  4.447  65.083
1.510  5.000  4.432  60.927
1.520  5.000  4.386  56.751
1.530  5.000  4.383  52.279
1.540  5.000  4.327  48.006
1.550  5.000  4.265  44.109
1.560  5.000  4.173  40.127
1.570  5.000  4.188  36.293
1.580  5.000  4.165  32.641
1.590  5.000  4.159  28.572
1.600  5.000  4.112  24.561
1.610  5.000  4.155  20.641
1.620  5.000  4.148  16.655
1.630  5.000  4.152  13.347
1.640  5.000  4.066  9.790
1.650  5.000  4.120  6.135
1.660  5.000  4.031  2.412
1.670  5.000  4.003  -1.389
1.680  5.000  3.947  -4.722
1.690  5.000  3.904  -7.931
1.700  5.000  3.939  -11.054
1.710  5.000  3.925  -14.006
1.720  5.000  3.913  -16.885
1.730  5.000  3.985  -19.681
1.740  5.000  3.930  -22.480
1.750  5.000  3.953  -25.233
1.760  5.000  3.935  -27.650
1.770  5.000  3.791  -30.042
1.780  5.000  3.809  -32.393
1.790  5.000  3.773  -34.716
1.800  5.000  3.851  -37.120
1.810  5.000  3.963  -39.370
1.820  5.000  3.973  -41.383
1.830  5.000  4.025  -43.461
1.840  5.000  4.117  -45.401
1.850  5.000  4.118  -47.111
1.860  5.000  4.122  -48.728
1.870  5.000  4.064  -50.128
1.880  5.000  4.002  -51.436
1.890  5.000  3.879  -52.680
1.900  5.000  3.938  -53.778
1.910  5.000  3.905  -54.701
1.920  5.000  3.918  -55.643
1.930  5.000  4.046  -56.639
1.940  5.000  4.328  -57.563
1.950  5.000  4.312  -58.145
1.960  5.000  4.210  -58.249
1.970  5.000  4.136  -58.251
1.980  5.000  4.546  -58.256
1.990  5.000  4.349  -57.904
2.000  5.000  4.467  -57.245
2.010  5.000  4.269  -56.422
2.020  5.000  4.542  -55.492
2.030  5.000  4.468  -54.546
2.040  5.000  4.408  -53.487
2.050  5.000  4.363  -52.291
2.060  5.000  4.187  -51.121
2.070  5.000  4.366  -50.168
2.080  5.000  4.338  -49.218
2.090  5.000  4.659  -48.082
2.100  5.000  4.643  -46.895
2.110  5.000  4.605  -45.753
2.120  5.000  4.581  -44.654
2.130  5.000  4.808  -43.544
2.140  5.000  4.848  -42.340
2.150  5.000  4.867  -41.116
2.160  5.000  4.705  -39.771
2.170  5.000  4.674  -38.098
2.180  5.000  5.180  -36.554
2.190  5.000  5.296  -35.325
2.200  5.000  4.782  -33.845
2.210  5.000  4.849  -32.215
2.220  5.000  5.098  -30.734
2.230  5.000  5.099  -29.413
2.240  5.000  5.273  -28.250
2.250  5.000  5.092  -26.925
2.260  5.000  4.786  -25.430
2.270  5.000  5.297  -24.135
2.280  5.000  4.967  -22.692
2.290  5.000  5.195  -21.030
2.300  5.000  4.968  -19.717
2.310  5.000  5.318  -18.506
2.320  5.000  5.284  -17.184
2.330  5.000  5.026  -15.606
2.340  5.000  5.050  -14.028
2.350  5.000  5.257  -12.911
2.360  5.000  5.273  -11.859
2.370  5.000  5.295  -10.837
2.380  5.000  5.346  -9.920
2.390  5.000  5.215  -8.897
2.400  5.000  5.264  -7.983
2.410  5.000  5.252  -7.335
2.420  5.000  5.591  -6.932
2.430  5.000  5.459  -6.374
2.440  5.000  5.307  -5.414
2.450  5.000  5.424  -4.555
2.460  5.000  5.522  -3.857
2.470  5.000  5.517  -3.176
2.480  5.000  5.456  -2.676
2.490  5.000  5.430  -2.269
2.500  5.000  5.415  -1.724
2.510  5.000  5.382  -1.063
2.520  5.000  5.168  -0.365
2.530  5.000  5.282  0.316
2.540  5.000  5.329  0.721
2.550  5.000  5.386  0.988
2.560  5.000  5.305  0.994
2.570  5.000  5.306  0.778
2.580  5.000  5.162  0.824
2.590  5.000  5.349  0.637
2.600  5.000  5.279  0.337
2.610  5.000  5.303  0.140
2.620  5.000  5.069  -0.208
2.630  5.000  5.158  -0.657
2.640  5.000  5.300  -1.207
2.650  5.000  5.312  -1.843
2.660  5.000  5.218  -2.543
2.670  5.000  5.026  -3.128
2.680  5.000  5.022  -3.657
2.690  5.000  5.149  -4.355
2.700  6.000  5.089  -5.151
2.710  7.000  5.129  -5.778
2.720  8.000  5.532  -6.051
2.730  9.000  6.079  -5.867
2.740  10.000  6.220  -5.428
2.750  11.000  6.008  -4.610
2.760  12.000  6.606  -2.751
2.770  13.000  7.522  0.250
2.780  14.000  8.690  4.111
2.790  15.000  9.533  9.253
2.800  15.000  9.883  15.976
2.810  15.000  12.110  23.314
2.820  15.000  12.658  31.600
2.830  15.000  13.551  41.492
2.840  15.000  14.304  52.621
2.850  15.000  14.485  64.713
2.860  15.000  15.612  76.331
2.870  15.000  15.427  86.978
2.880  15.000  16.090  97.323
2.890  15.000  15.194  107.831
2.900  15.000  15.243  118.215
2.910  15.000  15.291  128.364
2.920  15.000  15.843  138.388
2.930  15.000  15.413  148.181
2.940  15.000  14.344  157.810
2.950  15.000  14.072  167.486
2.960  15.000  14.986  177.993
2.970  15.000  16.021  188.586
2.980  15.000  15.794  198.571
2.990  15.000  15.349  208.206
3.000  15.000  14.977  217.926
3.010  15.000  14.476  228.924
3.020  15.000  15.734  239.373
3.030  15.000  16.299  247.814
3.040  15.000  15.799  255.647
3.050  15.000  15.641  263.691
3.060  15.000  15.304  271.982
3.070  15.000  15.069  280.048
3.080  15.000  14.953  288.408
3.090  15.000  15.165  296.987
3.100  15.000  16.036  305.072
3.110  15.000  15.915  312.697
3.120  15.000  15.304  320.289
3.130  15.000  15.854  327.975
3.140  15.000  16.128  335.517
3.150  15.000  15.921  342.300
3.160  15.000  15.644  348.503
3.170  15.000  15.117  355.047
3.180  15.000  15.934  361.452
3.190  15.000  15.108  367.715
3.200  15.000  15.547  373.993
3.210  15.000  15.305  380.134
3.220  15.000  16.034  385.907
3.230  15.000  15.264  391.359
3.240  15.000  14.901  396.717
3.250  15.000  15.451  401.621
3.260  15.000  15.883  406.248
3.270  15.000  15.546  410.967
3.280  15.000  15.733  415.695
3.290  15.000  15.419  420.304
3.300  15.000  15.584  424.679
3.310  15.000  15.802  428.992
3.320  15.000  15.501  433.185
3.330  15.000  15.467  436.863
3.340  15.000  14.959  440.338
3.350  15.000  15.030  443.851
3.360  15.000  15.599  447.190
3.370  15.000  15.521  450.339
3.380  15.000  15.484  453.313
3.390  15.000  15.101  456.088
3.400  15.000  15.652  458.682
3.410  15.000  15.812  461.258
3.420  15.000  15.740  463.941
3.430  15.000  15.779  466.678
3.440  15.000  15.416  469.403
3.450  15.000  15.421  471.929
3.460  15.000  15.730  474.339
3.470  15.000  15.232  476.841
3.480  15.000  15.451  478.934
3.490  15.000  15.990  480.485
3.500  15.000  15.524  482.068
3.510  15.000  15.306  483.495
3.520  15.000  15.228  484.758
3.530  15.000  15.344  486.044
3.540  15.000  15.292  487.294
3.550  15.000  15.180  488.368
3.560  15.000  15.659  489.333
3.570  15.000  15.237  490.332
3.580  15.000  15.387  491.117
3.590  15.000  15.276  491.718
3.600  15.000  15.611  492.280
3.610  15.000  15.597  492.885
3.620  15.000  15.163  493.491
3.630  15.000  15.446  494.004
3.640  15.000  15.279  494.442
3.650  15.000  15.364  494.798
3.660  15.000  15.273  495.096
3.670  15.000  15.047  495.448
3.680  15.000  15.152  495.709
3.690  15.000  15.599  495.743
3.700  5.000  14.900  495.695
3.710  5.000  14.895  495.196
3.720  5.000  12.217  493.785
3.730  5.000  10.401  491.031
3.740  5.000  10.632  485.991
3.750  5.000  11.114  480.247
3.760  5.000  10.902  474.467
3.770  5.000  10.722  467.720
3.780  5.000  10.372  461.373
3.790  5.000  9.796  454.843
3.800  5.000  9.698  448.025
3.810  5.000  9.574  441.686
3.820  5.000  9.363  434.985
3.830  5.000  9.231  428.563
3.840  5.000  9.092  422.523
3.850  5.000  9.065  416.426
3.860  5.000  9.082  410.499
3.870  5.000  9.054  404.039
3.880  5.000  8.891  397.709
3.890  5.000  8.955  391.433
3.900  5.000  9.031  384.573
3.910  5.000  8.870  378.321
3.920  5.000  8.545  372.202
3.930  5.000  8.541  366.029
3.940  5.000  8.373  359.641
3.950  5.000  8.196  353.503
3.960  5.000  8.144  347.441
3.970  5.000  8.012  341.373
3.980  5.000  7.904  335.864
3.990  5.000  7.809  329.950
4.000  5.000  7.651  323.773
4.010  5.000  7.843  317.777
4.020  5.000  7.787  311.569
4.030  5.000  7.689  305.704
4.040  5.000  7.603  300.459
4.050  5.000  7.351  295.130
4.060  5.000  7.286  289.288
4.070  5.000  7.215  283.550
4.080  5.000  7.109  278.336
4.090  5.000  7.119  272.940
4.100  5.000  6.973  267.608
4.110  5.000  6.877  261.944
4.120  5.000  6.899  256.469
4.130  5.000  6.820  251.376
4.140  5.000  6.728  245.753
4.150  5.000  6.662  240.298
4.160  5.000  6.521  235.375
4.170  5.000  6.491  229.986
4.180  5.000  6.483  224.205
4.190  5.000  6.468  218.592
4.200  5.000  6.345  212.967
4.210  5.000  6.409  207.715
4.220  5.000  6.264  202.427
4.230  5.000  6.099  197.278
4.240  5.000  6.089  192.268
4.250  5.000  6.022  186.548
4.260  5.000  5.909  181.272
4.270  5.000  5.842  176.262
4.280  5.000  5.750  171.199
4.290  5.000  5.743  166.518
4.300  5.000  5.691  161.750
4.310  5.000  5.449  156.906
4.320  5.000  5.485  152.375
4.330  5.000  5.418  147.502
4.340  5.000  5.451  142.194
4.350  5.000  5.380  137.408
4.360  5.000  5.255  133.151
4.370  5.000  5.182  128.543
4.380  5.000  5.125  123.888
4.390  5.000  5.098  119.288
4.400  5.000  5.072  114.165
4.410  5.000  5.018  109.416
4.420  5.000  4.883  104.867
4.430  5.000  4.842  99.883
4.440  5.000  4.899  95.188
4.450  5.000  4.744  90.933
4.460  5.000  4.753  86.269
4.470  5.000  4.816  81.527
4.480  5.000  4.722  76.820
4.490  5.000  4.637  72.172
4.500  5.000  4.582  68.058
4.510  5.000  4.538  63.810
4.520  5.000  4.524  59.477
4.530  5.000  4.484  55.049
4.540  5.000  4.523  50.335
4.550  5.000  4.393  46.084
4.560  5.000  4.327  41.836
4.570  5.000  4.251  37.676
4.580  5.000  4.170  33.622
4.590  5.000  4.145  29.632
4.600  5.000  4.098  26.054
4.610  5.000  4.078  22.531
4.620  5.000  4.146  19.054
4.630  5.000  4.083  15.798
4.640  5.000  4.055  12.230
4.650  5.000  4.054  8.506
4.660  5.000  3.997  4.730
4.670  5.000  3.949  1.195
4.680  5.000  3.837  -2.184
4.690  5.000  3.819  -5.667
4.700  5.000  3.865  -8.803
4.710  5.000  3.859  -11.978
4.720  5.000  3.889  -15.101
4.730  5.000  3.971  -17.938
4.740  5.000  3.990  -20.624
4.750  5.000  3.865  -23.265
4.760  5.000  3.931  -25.637
4.770  5.000  3.832  -28.001
4.780  5.000  3.790  -30.333
4.790  5.000  3.777  -32.628
4.800  5.000  3.833  -34.929
4.810  5.000  3.814  -36.998
4.820  5.000  3.863  -39.011
4.830  5.000  3.923  -40.910
4.840  5.000  3.964  -42.533
4.850  5.000  4.055  -44.195
4.860  5.000  4.042  -45.612
4.870  5.000  4.084  -46.835
4.880  5.000  4.082  -48.079
4.890  5.000  3.972  -49.246
4.900  5.000  3.869  -50.252
4.910  5.000  3.804  -51.179
4.920  5.000  3.846  -52.207
4.930  5.000  3.983  -53.201
4.940  5.000  4.263  -53.890
4.950  5.000  4.386  -54.331
4.960  5.000  4.445  -54.581
4.970  5.000  4.151  -54.588
4.980  5.000  4.385  -54.537
4.990  5.000  4.454  -54.344
5.000  5.000  4.613  -53.993
5.010  5.000  4.419  -53.462
5.020  5.000  4.496  -52.609
5.030  5.000  4.357  -51.421
5.040  5.000  4.444  -50.178
5.050  5.000  4.368  -49.022
5.060  5.000  4.274  -47.916
5.070  5.000  4.303  -46.747
5.080  5.000  4.405  -45.588
5.090  5.000  4.437  -44.538
5.100  5.000  4.665  -43.621
5.110  5.000  4.739  -42.766
5.120  5.000  4.631  -41.668
5.130  5.000  4.752  -40.258
5.140  5.000  4.754  -38.974
5.150  5.000  4.775  -37.794
5.160  5.000  4.754  -36.255
5.170  5.000  4.873  -34.576
5.180  5.000  4.936  -32.978
5.190  5.000  4.917  -31.489
5.200  5.000  4.835  -29.870
5.210  5.000  5.083  -28.109
5.220  5.000  5.164  -26.602
5.230  5.000  5.085  -25.260
5.240  5.000  5.131  -23.726
5.250  5.000  4.969  -22.126
5.260  5.000  5.015  -20.562
5.270  5.000  5.335  -18.993
5.280  5.000  5.199  -17.456
5.290  5.000  4.887  -15.937
5.300  5.000  5.153  -14.611
5.310  5.000  5.238  -13.425
5.320  5.000  5.192  -12.094
5.330  5.000  5.092  -10.829
5.340  5.000  5.105  -9.759
5.350  5.000  5.282  -8.789
5.360  5.000  5.179  -7.810
5.370  5.000  5.350  -6.639
5.380  5.000  5.236  -5.591
5.390  5.000  5.188  -4.751
5.400  5.000  5.386  -4.048
5.410  5.000  5.316  -3.423
5.420  5.000  5.426  -2.562
5.430  5.000  5.381  -1.563
5.440  5.000  5.347  -0.683
5.450  5.000  5.302  0.149
5.460  5.000  5.666  0.928
5.470  5.000  5.567  1.507
5.480  5.000  5.568  1.933
5.490  5.000  5.416  2.392
5.500  5.000  5.334  2.971
5.510  5.000  5.314  3.753
5.520  5.000  5.241  4.471
5.530  5.000  5.377  4.769
5.540  5.000  5.375  4.868
5.550  5.000  5.217  5.040
5.560  5.000  5.303  5.266
5.570  5.000  5.452  5.234
5.580  5.000  5.281  5.051
5.590  5.000  5.268  4.962
5.600  5.000  5.186  4.912
5.610  5.000  5.157  4.712
5.620  5.000  5.239  4.399
5.630  5.000  5.099  3.975
5.640  5.000  5.159  3.367
5.650  5.000  5.207  2.654
5.660  5.000  5.143  1.953
5.670  5.000  5.073  1.222
5.680  5.000  5.097  0.339
5.690  5.000  5.271  -0.503
5.700  5.000  5.132  -1.324
5.710  6.000  4.994  -2.183
5.720  7.000  5.010  -2.993
5.730  8.000  5.519  -3.369
5.740  9.000  6.091  -3.229
5.750  10.000  6.207  -2.826
5.760  11.000  5.644  -1.740
5.770  12.000  6.580  0.417
5.780  13.000  7.700  3.541
5.790  14.000  8.497  7.499
5.800  15.000  9.920  12.396
5.810  15.000  10.023  18.813
5.820  15.000  11.295  26.756
5.830  15.000  12.903  35.336
5.840  15.000  13.800  44.897
5.850  15.000  14.113  56.889
5.860  15.000  15.293  69.244
5.870  15.000  14.940  80.260
5.880  15.000  14.721  92.661
5.890  15.000  15.035  106.538
5.900  15.000  15.421  118.863
5.910  15.000  15.793  130.302
5.920  15.000  15.473  142.073
5.930  15.000  15.541  153.235
5.940  15.000  15.976  163.193
5.950  15.000  15.395  172.706
5.960  15.000  15.143  182.923
5.970  15.000  15.090  193.007
5.980  15.000  14.456  203.328
5.990  15.000  15.509  213.306
6.000  15.000  16.255  222.242
6.010  15.000  15.146  231.697
6.020  15.000  14.676  241.283
6.030  15.000  14.957  250.039
6.040  15.000  15.806  258.632
6.050  15.000  15.512  267.435
6.060  15.000  15.967  275.755
6.070  15.000  15.683  283.606
6.080  15.000  15.286  291.298
6.090  15.000  15.858  298.854
6.100  15.000  15.041  306.522
6.110  15.000  15.082  314.136
6.120  15.000  15.717  321.467
6.130  15.000  15.397  329.161
6.140  15.000  15.465  336.939
6.150  15.000  15.773  344.143
6.160  15.000  16.175  350.750
6.170  15.000  15.921  357.119
6.180  15.000  15.583  363.638
6.190  15.000  15.237  370.370
6.200  15.000  15.780  376.834
6.210  15.000  16.029  382.492
6.220  15.000  15.506  387.846
6.230  15.000  14.908  393.043
6.240  15.000  15.092  398.073
6.250  15.000  15.658  403.115
6.260  15.000  15.315  408.270
6.270  15.000  15.463  413.262
6.280  15.000  15.343  418.053
6.290  15.000  15.721  422.703
6.300  15.000  15.296  427.523
6.310  15.000  15.485  432.453
6.320  15.000  15.777  437.014
6.330  15.000  15.083  441.414
6.340  15.000  15.802  445.492
6.350  15.000  15.499  449.324
6.360  15.000  15.493  452.935
6.370  15.000  15.245  456.214
6.380  15.000  15.093  459.603
6.390  15.000  15.624  462.744
6.400  15.000  15.733  465.431
6.410  15.000  15.529  468.115
6.420  15.000  15.390  470.839
6.430  15.000  15.789  473.531
6.440  15.000  15.551  476.260
6.450  15.000  15.792  478.959
6.460  15.000  15.841  481.364
6.470  15.000  15.763  483.426
6.480  15.000  15.240  485.380
6.490  15.000  15.465  487.449
6.500  15.000  15.264  489.384
6.510  15.000  15.590  491.171
6.520  15.000  15.564  492.771
6.530  15.000  15.515  494.100
6.540  15.000  15.325  495.254
6.550  15.000  15.659  496.143
6.560  15.000  15.257  496.957
6.570  15.000  15.611  497.809
6.580  15.000  15.300  498.605
6.590  15.000  15.443  499.268
6.600  15.000  14.804  499.932
6.610  15.000  15.479  500.641
6.620  15.000  15.415  501.084
6.630  15.000  15.485  501.350
6.640  15.000  15.428  501.727
6.650  15.000  15.325  502.242
6.660  15.000  15.112  502.748
6.670  15.000  15.375  503.155
6.680  15.000  15.264  503.420
6.690  15.000  15.295  503.656
6.700  15.000  14.954  503.866
6.710  5.000  15.285  503.972
6.720  5.000  14.851  503.563
6.730  5.000  12.144  502.061
6.740  5.000  10.456  498.016
6.750  5.000  10.662  491.684
6.760  5.000  11.004  485.830
6.770  5.000  10.983  479.688
6.780  5.000  10.633  473.273
6.790  5.000  10.264  467.476
6.800  5.000  9.730  460.918
6.810  5.000  9.707  454.342
6.820  5.000  9.548  448.357
6.830  5.000  9.469  441.743
6.840  5.000  9.416  434.928
6.850  5.000  9.238  428.108
6.860  5.000  9.051  421.638
6.870  5.000  8.973  415.251
6.880  5.000  8.881  408.806
6.890  5.000  8.682  402.293
6.900  5.000  8.820  395.598
6.910  5.000  8.600  389.164
6.920  5.000  8.546  382.882
6.930  5.000  8.389  376.711
6.940  5.000  8.360  370.068
6.950  5.000  8.345  363.731
6.960  5.000  8.145  358.040
6.970  5.000  8.202  352.465
6.980  5.000  8.184  346.429
6.990  5.000  7.861  340.478
7.000  5.000  7.906  335.073
7.010  5.000  7.631  329.714
7.020  5.000  7.742  323.721
7.030  5.000  7.596  317.671
7.040  5.000  7.705  312.043
7.050  5.000  7.448  305.942
7.060  5.000  7.442  300.011
7.070  5.000  7.341  294.686
7.080  5.000  7.314  289.507
7.090  5.000  7.120  283.944
7.100  5.000  7.020  278.075
7.110  5.000  7.077  272.143
7.120  5.000  6.951  266.390
7.130  5.000  6.849  260.489
7.140  5.000  6.865  254.622
7.150  5.000  6.694  248.914
7.160  5.000  6.679  243.224
7.170  5.000  6.547  238.109
7.180  5.000  6.601  232.671
7.190  5.000  6.517  227.060
7.200  5.000  6.309  221.871
7.210  5.000  6.315  216.821
7.220  5.000  6.166  211.869
7.230  5.000  6.141  206.544
7.240  5.000  6.118  201.233
7.250  5.000  6.039  196.115
7.260  5.000  6.016  190.706
7.270  5.000  5.936  185.518
7.280  5.000  5.888  180.302
7.290  5.000  5.811  175.060
7.300  5.000  5.753  170.251
7.310  5.000  5.631  165.596
7.320  5.000  5.566  160.645
7.330  5.000  5.536  155.444
7.340  5.000  5.454  150.568
7.350  5.000  5.389  146.166
7.360  5.000  5.318  141.687
7.370  5.000  5.286  136.623
7.380  5.000  5.247  131.207
7.390  5.000  5.141  125.926
7.400  5.000  5.172  120.871
7.410  5.000  5.108  115.923
7.420  5.000  4.964  111.253
7.430  5.000  4.997  106.958
7.440  5.000  4.765  102.328
7.450  5.000  4.831  97.589
7.460  5.000  4.756  92.939
7.470  5.000  4.680  88.433
7.480  5.000  4.689  83.965
7.490  5.000  4.609  79.445
7.500  5.000  4.575  75.312
7.510  5.000  4.592  71.329
7.520  5.000  4.517  67.344
7.530  5.000  4.496  62.913
7.540  5.000  4.459  58.435
7.550  5.000  4.381  54.530
7.560  5.000  4.358  50.788
7.570  5.000  4.339  46.617
7.580  5.000  4.269  42.559
7.590  5.000  4.270  38.800
7.600  5.000  4.232  34.596
7.610  5.000  4.182  30.561
7.620  5.000  4.124  26.543
7.630  5.000  4.179  22.709
7.640  5.000  4.118  19.214
7.650  5.000  4.122  15.566
7.660  5.000  4.077  12.172
7.670  5.000  3.960  8.796
7.680  5.000  3.876  5.404
7.690  5.000  3.937  2.089
7.700  5.000  3.859  -1.100
7.710  5.000  3.853  -4.152
7.720  5.000  3.926  -7.034
7.730  5.000  3.909  -9.860
7.740  5.000  3.855  -12.686
7.750  5.000  3.984  -15.326
7.760  5.000  3.972  -18.041
7.770  5.000  3.989  -20.590
7.780  5.000  3.924  -22.811
7.790  5.000  3.829  -25.112
7.800  5.000  3.728  -27.344
7.810  5.000  3.772  -29.478
7.820  5.000  3.811  -31.656
7.830  5.000  3.952  -33.776
7.840  5.000  3.979  -35.847
7.850  5.000  4.014  -37.752
7.860  5.000  4.029  -39.372
7.870  5.000  4.102  -40.700
7.880  5.000  4.096  -42.053
7.890  5.000  4.123  -43.304
7.900  5.000  3.828  -44.355
7.910  5.000  3.939  -45.285
7.920  5.000  3.830  -46.214
7.930  5.000  3.806  -47.095
7.940  5.000  3.959  -47.816
7.950  5.000  4.237  -48.507
7.960  5.000  4.440  -49.179
7.970  5.000  4.266  -49.730
7.980  5.000  4.322  -49.925
7.990  5.000  4.347  -49.869
8.000  5.000  4.537  -49.588
8.010  5.000  4.349  -48.918
8.020  5.000  4.380  -48.009
8.030  5.000  4.400  -47.125
8.040  5.000  4.404  -46.263
8.050  5.000  4.472  -45.405
8.060  5.000  4.392  -44.384
8.070  5.000  4.360  -43.127
8.080  5.000  4.371  -41.899
8.090  5.000  4.412  -40.807
8.100  5.000  4.276  -39.612
8.110  5.000  4.521  -38.426
8.120  5.000  4.758  -37.244
8.130  5.000  4.924  -35.973
8.140  5.000  4.592  -34.739
8.150  5.000  4.531  -33.446
8.160  5.000  4.752  -32.100
8.170  5.000  4.942  -30.741
8.180  5.000  5.019  -29.402
8.190  5.000  4.758  -27.730
8.200  5.000  4.849  -25.833
8.210  5.000  4.927  -23.910
8.220  5.000  5.180  -22.088
8.230  5.000  4.941  -20.578
8.240  5.000  5.130  -19.018
8.250  5.000  5.076  -17.336
8.260  5.000  5.105  -15.707
8.270  5.000  5.064  -14.117
8.280  5.000  5.088  -12.430
8.290  5.000  5.218  -10.901
8.300  5.000  5.187  -9.520
8.310  5.000  5.230  -8.184
8.320  5.000  5.280  -6.877
8.330  5.000  5.142  -5.488
8.340  5.000  5.245  -4.186
8.350  5.000  5.214  -3.050
8.360  5.000  5.459  -2.123
8.370  5.000  5.224  -1.192
8.380  5.000  5.091  -0.403
8.390  5.000  5.403  0.024
8.400  5.000  5.342  0.603
8.410  5.000  5.473  1.325
8.420  5.000  5.154  2.147
8.430  5.000  5.270  3.138
8.440  5.000  5.227  4.154
8.450  5.000  5.253  5.117
8.460  5.000  5.446  5.984
8.470  5.000  5.338  6.917
8.480  5.000  5.637  7.788
8.490  5.000  5.658  8.472
8.500  5.000  5.312  9.227
8.510  5.000  5.322  9.949
8.520  5.000  5.283  10.462
8.530  5.000  5.390  10.928
8.540  5.000  5.380  11.229
8.550  5.000  5.186  11.508
8.560  5.000  5.393  11.809
8.570  5.000  5.280  11.870
8.580  5.000  5.358  11.851
8.590  5.000  5.298  11.812
8.600  5.000  5.233  11.674
8.610  5.000  5.181  11.486
8.620  5.000  5.110  11.326
8.630  5.000  5.182  11.065
8.640  5.000  5.207  10.614
8.650  5.000  5.148  10.008
8.660  5.000  5.264  9.220
8.670  5.000  5.010  8.448
8.680  5.000  5.048  7.728
8.690  5.000  5.224  6.966
8.700  5.000  5.209  6.164
8.710  5.000  5.120  5.289
8.720  6.000  4.934  4.382
8.730  7.000  5.088  3.738
8.740  8.000  5.538  3.521
8.750  9.000  6.164  3.744
8.760  10.000  6.150  4.149
8.770  11.000  5.592  4.982
8.780  12.000  6.621  6.861
8.790  13.000  7.357  9.956
8.800  14.000  8.751  13.976
8.810  15.000  10.451  18.930
8.820  15.000  9.830  25.890
8.830  15.000  11.304  34.063
8.840  15.000  12.271  42.623
8.850  15.000  13.780  51.708
8.860  15.000  15.270  61.394
8.870  15.000  15.066  71.994
8.880  15.000  14.338  82.672
8.890  15.000  15.030  93.689
8.900  15.000  15.595  105.393
8.910  15.000  15.479  116.908
8.920  15.000  15.548  128.217
8.930  15.000  15.310  139.169
8.940  15.000  15.612  149.473
8.950  15.000  15.415  159.830
8.960  15.000  14.864  170.595
8.970  15.000  14.810  181.259
8.980  15.000  16.024  191.151
8.990  15.000  15.525  200.261
9.000  15.000  14.959  209.563
9.010  15.000  15.295  219.185
9.020  15.000  15.028  228.333
9.030  15.000  15.596  237.002
9.040  15.000  14.969  245.812
9.050  15.000  14.996  254.881
9.060  15.000  15.469  263.908
9.070  15.000  15.346  272.486
9.080  15.000  16.257  280.215
9.090  15.000  15.987  287.974
9.100  15.000  15.301  296.062
9.110  15.000  14.859  303.891
9.120  15.000  15.735  311.312
9.130  15.000  15.617  318.768
9.140  15.000  16.374  326.153
9.150  15.000  16.043  333.446
9.160  15.000  15.137  340.648
9.170  15.000  15.065  347.226
9.180  15.000  15.477  353.485
9.190  15.000  15.957  359.705
9.200  15.000  15.915  366.135
9.210  15.000  15.764  372.632
9.220  15.000  15.360  379.093
9.230  15.000  15.275  385.022
9.240  15.000  15.683  390.256
9.250  15.000  15.472  395.190
9.260  15.000  15.569  399.925
9.270  15.000  15.071  404.850
9.280  15.000  15.673  409.759
9.290  15.000  15.856  414.323
9.300  15.000  15.046  419.049
9.310  15.000  15.533  423.959
9.320  15.000  15.175  428.651
9.330  15.000  15.720  433.043
9.340  15.000  15.574  437.223
9.350  15.000  15.216  441.296
9.360  15.000  14.970  445.248
9.370  15.000  15.379  448.997
9.380  15.000  16.018  452.385
9.390  15.000  15.742  455.500
9.400  15.000  15.109  458.363
9.410  15.000  14.882  461.138
9.420  15.000  15.197  463.933
9.430  15.000  15.805  466.594
9.440  15.000  15.437  469.164
9.450  15.000  15.784  471.576
9.460  15.000  16.028  473.996
9.470  15.000  15.672  476.501
9.480  15.000  15.442  479.044
9.490  15.000  15.460  481.471
9.500  15.000  15.802  483.543
9.510  15.000  15.407  485.435
9.520  15.000  15.578  487.114
9.530  15.000  14.928  488.697
9.540  15.000  15.506  490.288
9.550  15.000  15.606  491.700
9.560  15.000  15.477  492.817
9.570  15.000  15.519  493.674
9.580  15.000  15.109  494.472
9.590  15.000  15.335  495.236
9.600  15.000  15.433  496.068
9.610  15.000  15.339  496.950
9.620  15.000  15.183  497.796
9.630  15.000  15.555  498.395
9.640  15.000  15.254  498.944
9.650  15.000  15.627  499.463
9.660  15.000  15.319  499.908
9.670  15.000  15.373  500.426
9.680  15.000  15.318  500.689
9.690  15.000  15.377  500.670
9.700  15.000  15.213  500.527
9.710  15.000  15.412  500.433
9.720  5.000  15.227  500.299
9.730  5.000  14.948  499.803
9.740  5.000  12.132  498.457
9.750  5.000  10.632  495.258
9.760  5.000  10.830  489.843
9.770  5.000  11.088  483.737
9.780  5.000  11.004  477.833
9.790  5.000  10.558  471.779
9.800  5.000  10.139  465.585
9.810  5.000  9.645  459.268
9.820  5.000  9.751  452.444
9.830  5.000  9.604  445.664
9.840  5.000  9.295  438.845
9.850  5.000  9.260  432.144
9.860  5.000  9.120  425.711
9.870  5.000  9.110  419.292
9.880  5.000  9.029  412.829
9.890  5.000  9.004  405.984
9.900  5.000  9.073  399.067
9.910  5.000  8.939  392.520
9.920  5.000  8.803  386.160
9.930  5.000  8.547  379.489
9.940  5.000  8.513  373.272
9.950  5.000  8.436  366.973
9.960  5.000  8.274  360.226
9.970  5.000  8.187  353.973
9.980  5.000  8.242  348.069
9.990  5.000  8.163  342.477
10.000  5.000  7.948  336.588
10.010  5.000  7.917  330.041
10.020  5.000  7.851  323.926
10.030  5.000  7.759  318.259
10.040  5.000  7.741  312.061
10.050  5.000  7.684  305.694
10.060  5.000  7.609  299.924
10.070  5.000  7.444  294.006
10.080  5.000  7.241  288.137
10.090  5.000  7.314  282.461
10.100  5.000  7.215  276.882
10.110  5.000  7.171  271.570
10.120  5.000  7.138  265.961
10.130  5.000  7.101  259.963
10.140  5.000  6.953  254.274
10.150  5.000  6.833  248.764
10.160  5.000  6.770  243.242
10.170  5.000  6.789  237.563
10.180  5.000  6.617  231.911
10.190  5.000  6.524  226.451
10.200  5.000  6.500  220.617
10.210  5.000  6.318  214.830
10.220  5.000  6.224  209.687
10.230  5.000  6.127  204.505
10.240  5.000  6.117  199.237
10.250  5.000  6.051  194.300
10.260  5.000  6.015  189.408
10.270  5.000  6.007  184.490
10.280  5.000  5.903  179.257
10.290  5.000  5.914  173.799
10.300  5.000  5.737  168.503
10.310  5.000  5.692  163.683
10.320  5.000  5.607  158.580
10.330  5.000  5.573  153.561
10.340  5.000  5.503  148.653
10.350  5.000  5.455  143.108
10.360  5.000  5.475  137.959
10.370  5.000  5.389  133.257
10.380  5.000  5.229  128.457
10.390  5.000  5.202  123.970
10.400  5.000  5.147  119.203
10.410  5.000  5.066  113.903
10.420  5.000  5.079  108.993
10.430  5.000  5.063  104.227
10.440  5.000  4.996  99.546
10.450  5.000  4.886  95.163
10.460  5.000  4.927  90.731
10.470  5.000  4.806  86.058
10.480  5.000  4.743  81.442
10.490  5.000  4.709  77.236
10.500  5.000  4.648  73.198
10.510  5.000  4.574  69.115
10.520  5.000  4.522  64.733
10.530  5.000  4.505  60.480
10.540  5.000  4.425  56.551
10.550  5.000  4.416  52.692
10.560  5.000  4.389  48.853
10.570  5.000  4.403  44.626
10.580  5.000  4.225  40.587
10.590  5.000  4.239  36.637
10.600  5.000  4.232  32.071
10.610  5.000  4.173  27.556
10.620  5.000  4.152  23.595
10.630  5.000  4.112  20.077
10.640  5.000  4.124  16.629
10.650  5.000  4.116  13.275
10.660  5.000  4.204  9.603
10.670  5.000  4.061  5.935
10.680  5.000  4.112  2.541
10.690  5.000  3.967  -0.774
10.700  5.000  3.868  -3.896
10.710  5.000  3.929  -7.251
10.720  5.000  3.838  -10.533
10.730  5.000  3.912  -13.559
10.740  5.000  3.942  -16.633
10.750  5.000  4.003  -19.562
10.760  5.000  3.994  -22.277
10.770  5.000  3.972  -24.980
10.780  5.000  3.952  -27.584
10.790  5.000  3.906  -30.102
10.800  5.000  3.806  -32.692
10.810  5.000  3.678  -35.233
10.820  5.000  3.818  -37.502
10.830  5.000  3.800  -39.696
10.840  5.000  3.876  -41.790
10.850  5.000  3.949  -43.745
10.860  5.000  4.019  -45.512
10.870  5.000  4.101  -47.137
10.880  5.000  4.144  -48.808
10.890  5.000  3.991  -50.340
10.900  5.000  3.981  -51.623
10.910  5.000  4.016  -52.733
10.920  5.000  3.985  -53.897
10.930  5.000  3.842  -55.263
10.940  5.000  3.876  -56.555
10.950  5.000  3.891  -57.596
10.960  5.000  4.126  -58.443
10.970  5.000  4.356  -59.219
10.980  5.000  4.395  -59.796
10.990  5.000  4.258  -60.161
11.000  5.000  4.251  -60.321
11.010  5.000  4.163  -59.913
11.020  5.000  4.469  -59.258
11.030  5.000  4.611  -58.706
11.040  5.000  4.393  -58.005
11.050  5.000  4.185  -57.001
11.060  5.000  4.293  -55.967
11.070  5.000  4.196  -54.906
11.080  5.000  4.296  -53.772
11.090  5.000  4.265  -52.651
11.100  5.000  4.326  -51.527
11.110  5.000  4.564  -50.490
11.120  5.000  4.585  -49.276
11.130  5.000  4.714  -47.979
11.140  5.000  4.737  -46.744
11.150  5.000  4.704  -45.530
11.160  5.000  4.649  -44.278
11.170  5.000  4.911  -42.772
11.180  5.000  4.709  -40.969
11.190  5.000  5.044  -39.340
11.200  5.000  4.968  -37.939
11.210  5.000  4.921  -36.314
11.220  5.000  4.766  -34.427
11.230  5.000  4.967  -32.466
11.240  5.000  5.152  -30.597
11.250  5.000  5.112  -28.824
11.260  5.000  4.903  -27.040
11.270  5.000  5.136  -25.367
11.280  5.000  5.289  -23.907
11.290  5.000  5.230  -22.583
11.300  5.000  5.164  -21.263
11.310  5.000  5.054  -19.762
11.320  5.000  5.216  -18.208
11.330  5.000  5.266  -16.826
11.340  5.000  5.149  -15.605
11.350  5.000  5.264  -14.363
11.360  5.000  5.316  -13.367
11.370  5.000  5.217  -12.594
11.380  5.000  5.233  -11.771
11.390  5.000  5.141  -10.886
11.400  5.000  5.490  -10.042
11.410  5.000  5.335  -9.501
11.420  5.000  5.273  -8.962
11.430  5.000  5.382  -8.278
11.440  5.000  5.307  -7.586
11.450  5.000  5.250  -6.828
11.460  5.000  5.388  -6.141
11.470  5.000  5.535  -5.624
11.480  5.000  5.435  -5.086
11.490  5.000  5.451  -4.309
11.500  5.000  5.488  -3.549
11.510  5.000  5.517  -3.000
11.520  5.000  5.385  -2.401
11.530  5.000  5.338  -1.671
11.540  5.000  5.112  -0.777
11.550  5.000  5.371  -0.037
11.560  5.000  5.457  0.220
11.570  5.000  5.517  0.038
11.580  5.000  5.052  -0.171
11.590  5.000  5.355  -0.194
11.600  5.000  5.238  -0.172
11.610  5.000  5.345  -0.337
11.620  5.000  5.246  -0.788
11.630  5.000  5.194  -1.440
11.640  5.000  5.265  -2.326
11.650  5.000  5.335  -3.343
11.660  5.000  5.142  -4.275
11.670  5.000  5.017  -4.898
11.680  5.000  5.067  -5.572
11.690  5.000  5.232  -6.470
11.700  5.000  5.108  -7.471
11.710  5.000  5.062  -8.377
11.720  5.000  4.908  -9.214
11.730  6.000  5.162  -10.131
11.740  7.000  5.174  -10.952
11.750  8.000  5.450  -11.518
11.760  9.000  6.070  -11.563
11.770  10.000  5.992  -11.004
11.780  11.000  5.642  -9.858
11.790  12.000  6.694  -7.978
11.800  13.000  7.687  -5.019
11.810  14.000  8.886  -1.011
11.820  15.000  9.859  4.161
11.830  15.000  10.101  10.676
11.840  15.000  11.430  18.237
11.850  15.000  12.575  26.638
11.860  15.000  13.362  36.514
11.870  15.000  14.776  47.836
11.880  15.000  15.163  59.976
11.890  15.000  15.367  71.700
11.900  15.000  15.113  82.991
11.910  15.000  15.791  94.187
11.920  15.000  15.717  104.755
11.930  15.000  15.613  115.761
11.940  15.000  15.026  126.546
11.950  15.000  14.104  137.101
11.960  15.000  15.637  147.174
11.970  15.000  15.519  156.721
11.980  15.000  14.691  166.703
11.990  15.000  14.549  176.710
12.000  15.000  15.453  187.097
12.010  15.000  15.378  198.897
12.020  15.000  16.908  209.583
12.030  15.000  14.833  218.602
12.040  15.000  14.438  228.591
12.050  15.000  14.558  238.467
12.060  15.000  15.735  247.219
12.070  15.000  15.417  255.910
12.080  15.000  15.325  265.064
12.090  15.000  15.289  274.758
12.100  15.000  15.836  284.006
12.110  15.000  15.632  292.424
12.120  15.000  16.091  300.569
12.130  15.000  15.577  308.485
12.140  15.000  15.049  316.342
12.150  15.000  15.873  323.593
12.160  15.000  16.075  330.278
12.170  15.000  16.349  336.648
12.180  15.000  15.856  343.114
12.190  15.000  15.151  349.855
12.200  15.000  15.042  356.758
12.210  15.000  15.719  363.233
12.220  15.000  16.259  369.263
12.230  15.000  15.841  375.250
12.240  15.000  14.406  381.432
12.250  15.000  14.806  387.568
12.260  15.000  15.836  393.325
12.270  15.000  15.570  398.970
12.280  15.000  15.362  404.274
12.290  15.000  15.496  409.302
12.300  15.000  15.402  414.206
12.310  15.000  15.909  418.959
12.320  15.000  15.269  423.910
12.330  15.000  15.563  428.852
12.340  15.000  15.518  433.544
12.350  15.000  15.768  438.127
12.360  15.000  15.591  442.379
12.370  15.000  15.407  446.208
12.380  15.000  15.215  449.786
12.390  15.000  15.502  453.120
12.400  15.000  15.525  456.252
12.410  15.000  15.528  459.202
12.420  15.000  15.577  461.898
12.430  15.000  15.602  464.669
12.440  15.000  15.695  467.431
12.450  15.000  15.679  470.234
12.460  15.000  15.782  473.056
12.470  15.000  15.942  475.576
12.480  15.000  15.622  477.985
12.490  15.000  15.578  480.211
12.500  15.000  15.340  482.184
12.510  15.000  15.433  483.922
12.520  15.000  15.515  485.535
12.530  15.000  15.269  487.148
12.540  15.000  15.459  488.446
12.550  15.000  15.501  489.409
12.560  15.000  15.351  490.345
12.570  15.000  15.373  491.213
12.580  15.000  15.258  492.054
12.590  15.000  15.466  492.860
12.600  15.000  15.259  493.513
12.610  15.000  15.276  494.105
12.620  15.000  15.638  494.656
12.630  15.000  15.388  495.229
12.640  15.000  15.436  495.935
12.650  15.000  15.045  496.698
12.660  15.000  15.406  497.365
12.670  15.000  15.371  497.834
12.680  15.000  15.148  498.200
12.690  15.000  15.110  498.473
12.700  15.000  15.375  498.564
12.710  15.000  15.296  498.654
12.720  15.000  14.968  498.770
12.730  5.000  14.999  498.877
12.740  5.000  15.018  498.615
12.750  5.000  12.125  497.375
12.760  5.000  10.166  493.641
12.770  5.000  10.624  487.708
12.780  5.000  11.132  481.917
12.790  5.000  10.937  475.843
12.800  5.000  10.633  469.598
12.810  5.000  10.057  463.932
12.820  5.000  9.767  457.426
12.830  5.000  9.721  450.722
12.840  5.000  9.466  444.641
12.850  5.000  9.594  437.848
12.860  5.000  9.558  431.185
12.870  5.000  9.326  424.761
12.880  5.000  9.162  418.273
12.890  5.000  9.000  411.793
12.900  5.000  8.788  404.847
12.910  5.000  8.788  397.822
12.920  5.000  8.768  391.395
12.930  5.000  8.701  385.613
12.940  5.000  8.568  379.434
12.950  5.000  8.473  373.332
12.960  5.000  8.369  367.720
12.970  5.000  8.235  361.733
12.980  5.000  8.319  355.638
12.990  5.000  8.482  349.381
13.000  5.000  8.159  343.191
13.010  5.000  8.035  337.683
13.020  5.000  7.938  331.880
13.030  5.000  7.809  326.008
13.040  5.000  7.601  320.637
13.050  5.000  7.500  315.190
13.060  5.000  7.514  309.101
13.070  5.000  7.382  303.042
13.080  5.000  7.312  297.652
13.090  5.000  7.347  291.904
13.100  5.000  7.215  286.404
13.110  5.000  7.101  281.447
13.120  5.000  7.063  276.220
13.130  5.000  7.035  270.589
13.140  5.000  7.004  264.381
13.150  5.000  6.905  258.820
13.160  5.000  6.834  253.755
13.170  5.000  6.705  248.661
13.180  5.000  6.639  243.604
13.190  5.000  6.702  237.898
13.200  5.000  6.509  232.464
13.210  5.000  6.459  227.528
13.220  5.000  6.282  222.113
13.230  5.000  6.274  216.810
13.240  5.000  6.271  212.044
13.250  5.000  6.081  207.298
13.260  5.000  6.143  202.634
13.270  5.000  5.951  198.097
13.280  5.000  5.925  193.418
13.290  5.000  5.855  188.748
13.300  5.000  5.856  183.829
13.310  5.000  5.804  178.743
13.320  5.000  5.733  173.907
13.330  5.000  5.639  169.237
13.340  5.000  5.513  164.687
13.350  5.000  5.513  159.839
13.360  5.000  5.437  154.688
13.370  5.000  5.344  150.007
13.380  5.000  5.288  145.230
13.390  5.000  5.175  140.424
13.400  5.000  5.152  135.687
13.410  5.000  5.090  130.951
13.420  5.000  5.048  126.309
13.430  5.000  5.004  121.590
13.440  5.000  4.940  117.297
13.450  5.000  4.870  112.860
13.460  5.000  4.788  108.101
13.470  5.000  4.778  103.542
13.480  5.000  4.713  99.331
13.490  5.000  4.706  95.112
13.500  5.000  4.629  90.914
13.510  5.000  4.589  86.856
13.520  5.000  4.570  82.783
13.530  5.000  4.493  78.448
13.540  5.000  4.451  74.198
13.550  5.000  4.411  70.265
13.560  5.000  4.444  66.475
13.570  5.000  4.337  62.370
13.580  5.000  4.275  58.230
13.590  5.000  4.224  54.491
13.600  5.000  4.168  50.819
13.610  5.000  4.119  47.107
13.620  5.000  4.171  43.445
13.630  5.000  4.192  39.976
13.640  5.000  4.110  36.514
13.650  5.000  4.073  32.946
13.660  5.000  4.169  29.444
13.670  5.000  4.132  26.300
13.680  5.000  3.998  23.192
13.690  5.000  3.937  19.988
13.700  5.000  3.940  16.809
13.710  5.000  3.862  13.606
13.720  5.000  3.925  10.572
13.730  5.000  3.969  7.558
13.740  5.000  4.000  4.684
13.750  5.000  3.982  2.037
13.760  5.000  4.055  -0.612
13.770  5.000  4.006  -3.099
13.780  5.000  3.965  -5.543
13.790  5.000  3.923  -8.060
13.800  5.000  3.840  -10.446
13.810  5.000  3.839  -12.693
13.820  5.000  3.742  -14.984
13.830  5.000  3.821  -17.306
13.840  5.000  3.933  -19.506
13.850  5.000  3.961  -21.604
13.860  5.000  4.003  -23.444
13.870  5.000  4.015  -24.987
13.880  5.000  4.086  -26.481
13.890  5.000  4.127  -27.890
13.900  5.000  4.049  -29.059
13.910  5.000  4.069  -30.227
13.920  5.000  3.928  -31.445
13.930  5.000  3.914  -32.549
13.940  5.000  3.934  -33.561
13.950  5.000  3.839  -34.528
13.960  5.000  4.010  -35.434
13.970  5.000  4.225  -36.106
13.980  5.000  4.471  -36.531
13.990  5.000  4.360  -36.820
14.000  5.000  4.365  -36.961
14.010  5.000  4.396  -36.917
14.020  5.000  4.409  -36.494
14.030  5.000  4.439  -35.699
14.040  5.000  4.489  -34.881
14.050  5.000  4.525  -33.973
14.060  5.000  4.290  -32.683
14.070  5.000  4.307  -31.322
14.080  5.000  4.282  -30.261
14.090  5.000  4.505  -29.318
14.100  5.000  4.328  -28.183
14.110  5.000  4.336  -26.909
14.120  5.000  4.271  -25.753
14.130  5.000  4.435  -24.504
14.140  5.000  4.609  -23.184
14.150  5.000  4.827  -21.836
14.160  5.000  4.776  -20.435
14.170  5.000  4.979  -19.008
14.180  5.000  4.544  -17.460
14.190  5.000  4.676  -15.902
14.200  5.000  5.037  -14.471
14.210  5.000  5.241  -13.030
14.220  5.000  4.923  -11.405
14.230  5.000  4.821  -9.886
14.240  5.000  4.938  -8.215
14.250  5.000  4.953  -6.429
14.260  5.000  5.242  -4.867
14.270  5.000  5.235  -3.306
14.280  5.000  5.081  -1.755
14.290  5.000  5.089  -0.113
14.300  5.000  5.083  1.532
14.310  5.000  5.187  3.083
14.320  5.000  5.381  4.516
14.330  5.000  5.094  6.031
14.340  5.000  5.003  7.687
14.350  5.000  5.213  9.145
14.360  5.000  5.246  10.501
14.370  5.000  5.266  11.847
14.380  5.000  5.148  13.035
14.390  5.000  5.352  13.994
14.400  5.000  5.308  14.997
14.410  5.000  5.191  15.968
14.420  5.000  5.220  16.723
14.430  5.000  5.268  17.531
14.440  5.000  5.282  18.318
14.450  5.000  5.383  19.079
14.460  5.000  5.462  19.750
14.470  5.000  5.451  20.252
14.480  5.000  5.432  20.850
14.490  5.000  5.392  21.655
14.500  5.000  5.479  22.595
14.510  5.000  5.380  23.615
14.520  5.000  5.416  24.554
14.530  5.000  5.216  25.354
14.540  5.000  5.335  26.139
14.550  5.000  5.391  26.788
14.560  5.000  5.367  27.157
14.570  5.000  5.281  27.353
14.580  5.000  5.237  27.628
14.590  5.000  5.379  28.042
14.600  5.000  5.275  28.320
14.610  5.000  5.309  28.325
14.620  5.000  5.230  28.278
14.630  5.000  5.195  28.188
14.640  5.000  5.203  27.965
14.650  5.000  5.196  27.613
14.660  5.000  5.229  27.255
14.670  5.000  5.219  26.949
14.680  5.000  5.176  26.480
14.690  5.000  5.179  25.807
14.700  5.000  5.024  25.153
14.710  5.000  5.163  24.399
14.720  5.000  5.086  23.600
14.730  5.000  5.031  23.021
14.740  6.000  5.121  22.375
14.750  7.000  5.200  21.464
14.760  8.000  5.552  20.951
14.770  9.000  6.153  20.982
14.780  10.000  6.059  21.443
14.790  11.000  5.523  22.684
14.800  12.000  6.747  24.577
14.810  13.000  7.596  27.367
14.820  14.000  8.616  31.156
14.830  15.000  10.119  35.942
14.840  15.000  10.313  42.272
14.850  15.000  11.495  49.842
14.860  15.000  12.340  58.320
14.870  15.000  14.233  67.739
14.880  15.000  14.971  78.129
14.890  15.000  14.968  88.923
14.900  15.000  14.482  99.591
14.910  15.000  15.840  110.003
14.920  15.000  14.964  122.168
14.930  15.000  15.712  134.490
14.940  15.000  14.755  146.313
14.950  15.000  14.482  159.229
14.960  15.000  15.834  170.187
14.970  15.000  16.163  179.764
14.980  15.000  15.619  189.901
14.990  15.000  15.083  199.901
15.000  15.000  15.223  208.875
15.010  15.000  14.841  217.176
15.020  15.000  14.824  226.043
15.030  15.000  14.373  236.115
15.040  15.000  15.685  245.945
15.050  15.000  16.236  255.321
15.060  15.000  16.216  264.288
15.070  15.000  15.335  272.513
15.080  15.000  14.805  280.777
15.090  15.000  15.578  289.227
15.100  15.000  15.107  297.906
15.110  15.000  15.737  306.324
15.120  15.000  15.748  313.781
15.130  15.000  15.409  320.760
15.140  15.000  15.612  327.759
15.150  15.000  15.126  335.039
15.160  15.000  16.389  342.114
15.170  15.000  16.343  348.602
15.180  15.000  15.101  355.026
15.190  15.000  15.492  361.430
15.200  15.000  15.488  367.712
15.210  15.000  15.301  374.148
15.220  15.000  15.441  381.029
15.230  15.000  15.544  387.393
15.240  15.000  15.534  392.978
15.250  15.000  15.328  398.472
15.260  15.000  15.233  403.839
15.270  15.000  15.471  409.028
15.280  15.000  15.389  414.223
15.290  15.000  15.328  419.280
15.300  15.000  15.434  424.214
15.310  15.000  15.648  429.180
15.320  15.000  15.582  434.046
15.330  15.000  15.446  438.833
15.340  15.000  15.609  443.604
15.350  15.000  15.742  447.992
15.360  15.000  15.279  452.082
15.370  15.000  15.271  456.038
15.380  15.000  15.195  459.816
15.390  15.000  15.490  463.468
15.400  15.000  15.432  467.044
15.410  15.000  15.401  470.486
15.420  15.000  15.259  473.463
15.430  15.000  15.079  476.368
15.440  15.000  15.357  479.474
15.450  15.000  15.883  481.983
15.460  15.000  15.744  484.092
15.470  15.000  15.357  486.562
15.480  15.000  15.799  489.117
15.490  15.000  15.750  491.645
15.500  15.000  15.554  494.109
15.510  15.000  15.617  496.346
15.520  15.000  15.979  498.358
15.530  15.000  15.494  500.274
15.540  15.000  15.170  502.078
15.550  15.000  15.312  503.753
15.560  15.000  15.864  505.309
15.570  15.000  15.778  506.552
15.580  15.000  15.099  507.538
15.590  15.000  15.369  508.158
15.600  15.000  15.500  508.605
15.610  15.000  15.336  509.312
15.620  15.000  15.464  510.089
15.630  15.000  15.231  510.754
15.640  15.000  15.647  511.310
15.650  15.000  15.192  511.797
15.660  15.000  15.623  512.216
15.670  15.000  15.428  512.478
15.680  15.000  15.462  512.650
15.690  15.000  15.383  512.748
15.700  15.000  15.341  512.772
15.710  15.000  15.015  512.694
15.720  15.000  15.190  512.417
15.730  15.000  15.547  512.102
15.740  5.000  15.211  511.658
15.750  5.000  14.589  510.873
15.760  5.000  12.453  508.958
15.770  5.000  10.550  505.756
15.780  5.000  10.882  500.610
15.790  5.000  11.034  494.573
15.800  5.000  10.956  488.983
15.810  5.000  10.494  482.638
15.820  5.000  10.272  475.792
15.830  5.000  9.695  468.988
15.840  5.000  9.770  461.978
15.850  5.000  9.639  454.809
15.860  5.000  9.403  448.097
15.870  5.000  9.331  441.406
15.880  5.000  9.069  434.348
15.890  5.000  8.890  427.718
15.900  5.000  8.821  421.084
15.910  5.000  8.876  414.608
15.920  5.000  8.774  408.126
15.930  5.000  8.657  401.814
15.940  5.000  8.644  395.567
15.950  5.000  8.496  388.628
15.960  5.000  8.490  381.863
15.970  5.000  8.537  375.086
15.980  5.000  8.356  368.344
15.990  5.000  8.322  362.117
16.000  5.000  8.156  355.807
16.010  5.000  7.973  349.221
16.020  5.000  7.858  343.210
16.030  5.000  7.746  337.487
16.040  5.000  7.838  331.620
16.050  5.000  7.724  325.814
16.060  5.000  7.650  320.114
16.070  5.000  7.445  314.572
16.080  5.000  7.374  308.633
16.090  5.000  7.274  302.710
16.100  5.000  7.287  297.276
16.110  5.000  7.235  291.280
16.120  5.000  7.164  284.750
16.130  5.000  7.135  278.458
16.140  5.000  7.082  272.871
16.150  5.000  6.943  267.542
16.160  5.000  6.873  261.782
16.170  5.000  6.819  256.127
16.180  5.000  6.624  250.643
16.190  5.000  6.671  245.141
16.200  5.000  6.550  239.941
16.210  5.000  6.539  234.886
16.220  5.000  6.449  229.857
16.230  5.000  6.324  224.375
16.240  5.000  6.276  218.473
16.250  5.000  6.172  212.956
16.260  5.000  6.206  207.401
16.270  5.000  6.141  201.522
16.280  5.000  6.125  196.259
16.290  5.000  6.157  191.375
16.300  5.000  6.077  186.064
16.310  5.000  5.968  180.588
16.320  5.000  5.931  175.386
16.330  5.000  5.777  170.464
16.340  5.000  5.697  165.413
16.350  5.000  5.634  160.375
16.360  5.000  5.598  155.660
16.370  5.000  5.490  150.555
16.380  5.000  5.477  145.086
16.390  5.000  5.413  139.783
16.400  5.000  5.355  134.807
16.410  5.000  5.336  129.665
16.420  5.000  5.271  124.592
16.430  5.000  5.146  119.656
16.440  5.000  5.113  114.608
16.450  5.000  5.054  109.525
16.460  5.000  4.971  104.587
16.470  5.000  4.972  99.951
16.480  5.000  4.821  95.009
16.490  5.000  4.792  90.222
16.500  5.000  4.756  85.423
16.510  5.000  4.712  80.305
16.520  5.000  4.641  75.638
16.530  5.000  4.569  71.376
16.540  5.000  4.457  67.185
16.550  5.000  4.476  63.075
16.560  5.000  4.365  58.554
16.570  5.000  4.336  54.185
16.580  5.000  4.385  49.856
16.590  5.000  4.324  45.460
16.600  5.000  4.270  41.403
16.610  5.000  4.256  37.262
16.620  5.000  4.130  33.456
16.630  5.000  4.123  29.795
16.640  5.000  4.139  26.180
16.650  5.000  4.138  22.719
16.660  5.000  4.104  19.152
16.670  5.000  4.159  15.691
16.680  5.000  4.110  12.330
16.690  5.000  4.001  8.995
16.700  5.000  3.977  5.659
16.710  5.000  3.922  2.145
16.720  5.000  3.886  -1.196
16.730  5.000  3.895  -4.519
16.740  5.000  3.954  -7.824
16.750  5.000  3.976  -10.944
16.760  5.000  4.057  -14.151
16.770  5.000  4.080  -17.153
16.780  5.000  4.041  -19.873
16.790  5.000  4.012  -22.598
16.800  5.000  3.945  -25.310
16.810  5.000  3.884  -27.841
16.820  5.000  3.856  -30.486
16.830  5.000  3.820  -33.043
16.840  5.000  3.810  -35.510
16.850  5.000  3.858  -38.002
16.860  5.000  3.898  -40.139
16.870  5.000  4.010  -42.323
16.880  5.000  4.052  -44.411
16.890  5.000  4.115  -46.197
16.900  5.000  4.072  -47.913
16.910  5.000  4.078  -49.491
16.920  5.000  4.023  -50.802
16.930  5.000  4.007  -52.053
16.940  5.000  3.930  -53.262
16.950  5.000  3.816  -54.455
16.960  5.000  3.836  -55.733
16.970  5.000  4.001  -56.896
16.980  5.000  4.191  -57.934
16.990  5.000  4.300  -58.691
17.000  5.000  4.228  -59.192
17.010  5.000  4.299  -59.480
17.020  5.000  4.261  -59.557
17.030  5.000  4.283  -59.269
17.040  5.000  4.376  -58.716
17.050  5.000  4.408  -58.194
17.060  5.000  4.512  -57.705
17.070  5.000  4.448  -57.162
17.080  5.000  4.323  -56.271
17.090  5.000  4.156  -55.209
17.100  5.000  4.450  -54.395
17.110  5.000  4.211  -53.734
17.120  5.000  4.401  -53.104
17.130  5.000  4.292  -52.291
17.140  5.000  4.388  -51.196
17.150  5.000  4.642  -50.054
17.160  5.000  4.626  -48.505
17.170  5.000  4.959  -46.932
17.180  5.000  4.736  -45.555
17.190  5.000  4.564  -43.891
17.200  5.000  4.896  -42.194
17.210  5.000  5.055  -40.458
17.220  5.000  4.978  -38.628
17.230  5.000  4.911  -36.896
17.240  5.000  5.085  -35.319
17.250  5.000  5.142  -33.896
17.260  5.000  5.001  -32.457
17.270  5.000  5.095  -30.783
17.280  5.000  5.171  -29.039
17.290  5.000  5.053  -27.250
17.300  5.000  5.053  -25.467
17.310  5.000  5.164  -23.893
17.320  5.000  5.230  -22.428
17.330  5.000  5.211  -21.072
17.340  5.000  5.115  -19.860
17.350  5.000  5.423  -18.768
17.360  5.000  5.184  -17.697
17.370  5.000  5.150  -16.560
17.380  5.000  5.023  -15.525
17.390  5.000  5.338  -14.551
17.400  5.000  5.267  -13.585
17.410  5.000  5.131  -12.790
17.420  5.000  5.333  -12.129
17.430  5.000  5.261  -11.487
17.440  5.000  5.286  -10.922
17.450  5.000  5.519  -10.521
17.460  5.000  5.469  -10.116
17.470  5.000  5.498  -9.561
17.480  5.000  5.451  -9.080
17.490  5.000  5.409  -8.659
17.500  5.000  5.422  -8.022
17.510  5.000  5.360  -7.338
17.520  5.000  5.510  -6.889
17.530  5.000  5.278  -6.391
17.540  5.000  5.337  -5.879
17.550  5.000  5.327  -5.432
17.560  5.000  5.263  -4.881
17.570  5.000  5.428  -4.456
17.580  5.000  5.242  -4.194
17.590  5.000  5.202  -4.086
17.600  5.000  5.152  -4.020
17.610  5.000  5.280  -4.037
17.620  5.000  5.282  -4.267
17.630  5.000  5.369  -4.754
17.640  5.000  5.313  -5.296
17.650  5.000  5.196  -5.825
17.660  5.000  5.159  -6.381
17.670  5.000  5.304  -6.884
17.680  5.000  5.289  -7.467
17.690  5.000  5.119  -8.307
17.700  5.000  5.147  -9.332
17.710  5.000  5.070  -10.278
17.720  5.000  5.069  -11.150
17.730  5.000  5.186  -12.075
17.740  5.000  5.053  -13.024
17.750  6.000  4.962  -13.703
17.760  7.000  5.063  -14.320
17.770  8.000  5.616  -14.790
17.780  9.000  6.136  -14.593
17.790  10.000  6.088  -13.977
17.800  11.000  5.568  -12.904
17.810  12.000  6.672  -10.754
17.820  13.000  7.573  -7.479
17.830  14.000  8.707  -3.211
17.840  15.000  10.120  1.994
17.850  15.000  10.064  8.245
17.860  15.000  11.254  15.900
17.870  15.000  12.575  24.806
17.880  15.000  13.051  35.012
17.890  15.000  15.135  45.579
17.900  15.000  15.446  55.410
17.910  15.000  15.139  65.184
17.920  15.000  15.778  75.603
17.930  15.000  14.495  88.519
17.940  15.000  15.369  102.579
17.950  15.000  15.723  114.780
17.960  15.000  15.534  125.385
17.970  15.000  15.498  135.792
17.980  15.000  14.591  146.365
17.990  15.000  15.007  156.241
18.000  15.000  15.376  166.252
18.010  15.000  15.632  175.997
18.020  15.000  15.376  185.470
18.030  15.000  15.516  194.776
18.040  15.000  14.947  203.625
18.050  15.000  14.838  212.838
18.060  15.000  15.388  221.874
18.070  15.000  15.102  230.777
18.080  15.000  15.623  239.564
18.090  15.000  15.475  248.074
18.100  15.000  15.726  256.579
18.110  15.000  15.109  265.128
18.120  15.000  15.506  273.921
18.130  15.000  15.469  282.734
18.140  15.000  15.268  291.199
18.150  15.000  15.667  298.912
18.160  15.000  15.792  306.107
18.170  15.000  15.852  313.217
18.180  15.000  15.793  320.253
18.190  15.000  15.867  327.010
18.200  15.000  15.437  333.372
18.210  15.000  15.411  339.674
18.220  15.000  15.615  346.040
18.230  15.000  15.618  352.489
18.240  15.000  15.238  358.931
18.250  15.000  15.517  365.257
18.260  15.000  15.978  371.283
18.270  15.000  15.399  377.053
18.280  15.000  15.281  382.387
18.290  15.000  15.528  387.365
18.300  15.000  15.507  392.371
18.310  15.000  15.657  397.440
18.320  15.000  15.382  402.523
18.330  15.000  15.601  407.454
18.340  15.000  15.494  412.205
18.350  15.000  15.486  416.855
18.360  15.000  15.614  421.380
18.370  15.000  15.803  425.480
18.380  15.000  15.580  429.175
18.390  15.000  15.034  432.601
18.400  15.000  15.221  435.960
18.410  15.000  15.852  439.268
18.420  15.000  15.544  442.321
18.430  15.000  15.077  445.231
18.440  15.000  15.174  448.120
18.450  15.000  15.595  450.944
18.460  15.000  15.414  453.724
18.470  15.000  15.797  456.559
18.480  15.000  15.695  459.284
18.490  15.000  15.735  461.782
18.500  15.000  15.647  464.145
18.510  15.000  15.457  466.421
18.520  15.000  15.387  468.684
18.530  15.000  15.930  470.723
18.540  15.000  15.561  472.447
18.550  15.000  15.645  474.016
18.560  15.000  14.965  475.504
18.570  15.000  15.215  476.928
18.580  15.000  15.552  478.185
18.590  15.000  15.536  479.324
18.600  15.000  15.361  480.375
18.610  15.000  15.097  481.393
18.620  15.000  15.309  482.392
18.630  15.000  15.763  483.228
18.640  15.000  15.480  483.969
18.650  15.000  15.416  484.538
18.660  15.000  15.425  484.865
18.670  15.000  15.491  485.236
18.680  15.000  15.108  485.742
18.690  15.000  15.465  486.252
18.700  15.000  15.166  486.658
18.710  15.000  15.116  486.947
18.720  15.000  15.308  487.164
18.730  15.000  15.120  487.316
18.740  15.000  15.378  487.351
18.750  5.000  15.250  487.283
18.760  5.000  14.898  486.788
18.770  5.000  12.020  485.128
18.780  5.000  10.511  481.236
18.790  5.000  10.723  475.265
18.800  5.000  11.085  469.472
18.810  5.000  10.974  463.631
18.820  5.000  10.605  457.214
18.830  5.000  10.147  451.365
18.840  5.000  9.635  444.949
18.850  5.000  9.765  438.120
18.860  5.000  9.599  431.755
18.870  5.000  9.446  425.156
18.880  5.000  9.282  418.793
18.890  5.000  9.239  412.552
18.900  5.000  9.114  405.856
18.910  5.000  9.006  399.522
18.920  5.000  8.914  393.593
18.930  5.000  8.874  387.328
18.940  5.000  8.811  381.090
18.950  5.000  8.650  375.214
18.960  5.000  8.586  368.997
18.970  5.000  8.441  362.703
18.980  5.000  8.359  356.775
18.990  5.000  8.610  350.965
19.000  5.000  8.439  345.351
19.010  5.000  8.219  339.721
19.020  5.000  8.086  333.863
19.030  5.000  8.031  328.118
19.040  5.000  7.959  322.116
19.050  5.000  7.861  316.088
19.060  5.000  7.647  310.490
19.070  5.000  7.689  304.966
19.080  5.000  7.544  299.094
19.090  5.000  7.370  293.267
19.100  5.000  7.281  287.984
19.110  5.000  7.347  282.764
19.120  5.000  7.299  277.224
19.130  5.000  7.170  271.273
19.140  5.000  7.111  265.450
19.150  5.000  7.030  260.054
19.160  5.000  6.842  254.844
19.170  5.000  6.748  249.337
19.180  5.000  6.711  243.591
19.190  5.000  6.749  237.745
19.200  5.000  6.675  231.771
19.210  5.000  6.527  226.369
19.220  5.000  6.501  221.455
19.230  5.000  6.353  216.534
19.240  5.000  6.345  211.588
19.250  5.000  6.344  206.181
19.260  5.000  6.253  200.891
19.270  5.000  6.137  195.722
19.280  5.000  6.040  190.695
19.290  5.000  6.031  185.645
19.300  5.000  5.996  179.845
19.310  5.000  5.925  174.597
19.320  5.000  5.801  169.526
19.330  5.000  5.856  164.465
19.340  5.000  5.816  159.565
19.350  5.000  5.704  154.583
19.360  5.000  5.576  149.941
19.370  5.000  5.492  144.946
19.380  5.000  5.433  140.122
19.390  5.000  5.410  135.215
19.400  5.000  5.341  129.971
19.410  5.000  5.277  125.223
19.420  5.000  5.228  120.627
19.430  5.000  5.150  116.054
19.440  5.000  5.111  111.200
19.450  5.000  5.088  106.347
19.460  5.000  5.009  101.969
19.470  5.000  4.975  97.172
19.480  5.000  4.853  92.417
19.490  5.000  4.768  88.173
19.500  5.000  4.742  83.985
19.510  5.000  4.732  79.928
19.520  5.000  4.669  75.858
19.530  5.000  4.708  71.830
19.540  5.000  4.583  67.448
19.550  5.000  4.533  63.195
19.560  5.000  4.477  59.253
19.570  5.000  4.495  55.201
19.580  5.000  4.400  51.401
19.590  5.000  4.310  47.833
19.600  5.000  4.280  43.920
19.610  5.000  4.182  39.836
19.620  5.000  4.176  36.078
19.630  5.000  4.199  32.361
19.640  5.000  4.126  28.707
19.650  5.000  4.166  25.345
19.660  5.000  4.134  21.865
19.670  5.000  4.158  18.386
19.680  5.000  4.110  15.064
19.690  5.000  4.146  11.689
19.700  5.000  4.035  8.581
19.710  5.000  3.925  5.021
19.720  5.000  3.898  1.492
19.730  5.000  3.867  -1.496
19.740  5.000  3.905  -4.584
19.750  5.000  3.943  -7.643
19.760  5.000  3.968  -10.541
19.770  5.000  3.900  -13.336
19.780  5.000  3.956  -16.036
19.790  5.000  4.002  -18.740
19.800  5.000  3.990  -21.335
19.810  5.000  3.867  -23.694
19.820  5.000  3.847  -26.107
19.830  5.000  3.771  -28.525
19.840  5.000  3.826  -30.947
19.850  5.000  3.801  -33.234
19.860  5.000  3.840  -35.187
19.870  5.000  3.968  -37.289
19.880  5.000  4.004  -39.273
19.890  5.000  4.020  -40.837
19.900  5.000  4.119  -42.329
19.910  5.000  4.107  -43.895
19.920  5.000  4.077  -45.401
19.930  5.000  4.097  -46.640
19.940  5.000  3.938  -47.848
19.950  5.000  3.772  -48.919
19.960  5.000  3.763  -49.902
19.970  5.000  3.944  -51.076
19.980  5.000  4.025  -52.020
19.990  5.000  4.342  -52.713
20.000  5.000  4.301  -53.338
20.010  5.000  4.242  -53.676
20.020  5.000  4.246  -53.707
20.030  5.000  4.435  -53.453
20.040  5.000  4.541  -53.079
20.050  5.000  4.500  -52.498
20.060  5.000  4.366  -51.659
20.070  5.000  4.441  -50.708
20.080  5.000  4.510  -49.847
20.090  5.000  4.453  -48.931
20.100  5.000  4.492  -47.830
20.110  5.000  4.326  -46.814
20.120  5.000  4.499  -45.937
20.130  5.000  4.509  -44.973
20.140  5.000  4.558  -43.786
20.150  5.000  4.440  -42.561
20.160  5.000  4.560  -41.391
20.170  5.000  4.736  -40.430
20.180  5.000  4.815  -39.542
20.190  5.000  4.802  -38.520
20.200  5.000  4.767  -37.293
20.210  5.000  4.844  -35.807
20.220  5.000  4.699  -34.216
20.230  5.000  4.847  -32.573
20.240  5.000  4.926  -31.070
20.250  5.000  5.203  -29.707
20.260  5.000  4.803  -28.076
20.270  5.000  4.729  -26.196
20.280  5.000  4.940  -24.377
20.290  5.000  5.004  -22.732
20.300  5.000  5.077  -21.337
20.310  5.000  5.162  -19.933
20.320  5.000  5.016  -18.401
20.330  5.000  5.061  -16.801
20.340  5.000  5.104  -15.039
20.350  5.000  5.462  -13.523
20.360  5.000  5.346  -12.315
20.370  5.000  5.063  -11.130
20.380  5.000  5.109  -9.922
20.390  5.000  5.045  -8.531
20.400  5.000  5.252  -7.249
20.410  5.000  5.292  -6.178
20.420  5.000  5.111  -5.161
20.430  5.000  5.125  -4.188
20.440  5.000  5.276  -3.147
20.450  5.000  5.457  -2.228
20.460  5.000  5.298  -1.486
20.470  5.000  5.159  -0.600
20.480  5.000  5.290  0.298
20.490  5.000  5.329  1.034
20.500  5.000  5.572  1.728
20.510  5.000  5.504  2.302
20.520  5.000  5.632  2.876
20.530  5.000  5.362  3.688
20.540  5.000  5.270  4.523
20.550  5.000  5.437  5.219
20.560  5.000  5.329  5.755
20.570  5.000  5.396  6.218
20.580  5.000  5.311  6.749
20.590  5.000  5.226  7.332
20.600  5.000  5.415  7.692
20.610  5.000  5.237  7.844
20.620  5.000  5.213  8.161
20.630  5.000  5.266  8.268
20.640  5.000  5.334  8.123
20.650  5.000  5.314  7.982
20.660  5.000  5.252  7.834
20.670  5.000  5.279  7.665
20.680  5.000  5.264  7.331
20.690  5.000  5.055  6.901
20.700  5.000  5.277  6.417
20.710  5.000  5.279  5.781
20.720  5.000  5.192  5.114
20.730  5.000  5.025  4.403
20.740  5.000  4.927  3.630
20.750  5.000  5.257  2.836
20.760  6.000  5.119  1.988
20.770  7.000  5.134  1.296
20.780  8.000  5.514  1.014
20.790  9.000  6.042  1.096
20.800  10.000  6.143  1.472
20.810  11.000  5.603  2.531
20.820  12.000  6.991  4.608
20.830  13.000  7.636  7.822
20.840  14.000  8.463  12.096
20.850  15.000  10.359  17.178
20.860  15.000  10.506  23.491
20.870  15.000  11.404  31.064
20.880  15.000  12.391  39.754
20.890  15.000  13.670  49.409
20.900  15.000  14.170  59.528
20.910  15.000  14.432  70.485
20.920  15.000  15.055  81.219
20.930  15.000  15.504  91.981
20.940  15.000  15.771  103.299
20.950  15.000  16.070  114.838
20.960  15.000  15.430  126.072
20.970  15.000  15.134  137.425
20.980  15.000  15.128  149.358
20.990  15.000  15.359  160.284
21.000  15.000  15.222  171.012
21.010  15.000  15.437  181.159
21.020  15.000  14.557  190.616
21.030  15.000  15.365  199.794
21.040  15.000  15.218  209.083
21.050  15.000  15.569  218.818
21.060  15.000  14.849  227.969
21.070  15.000  15.863  236.436
21.080  15.000  15.086  244.939
21.090  15.000  15.181  253.777
21.100  15.000  15.094  262.743
21.110  15.000  16.050  271.273
21.120  15.000  15.103  279.524
21.130  15.000  15.339  288.021
21.140  15.000  15.455  296.572
21.150  15.000  15.904  304.946
21.160  15.000  16.534  312.530
21.170  15.000  15.753  319.546
21.180  15.000  15.721  326.381
21.190  15.000  15.705  333.033
21.200  15.000  15.173  339.466
21.210  15.000  15.046  345.939
21.220  15.000  15.356  352.631
21.230  15.000  16.016  359.187
21.240  15.000  15.823  365.442
21.250  15.000  15.843  371.075
21.260  15.000  15.373  376.656
21.270  15.000  15.524  382.374
21.280  15.000  14.897  387.649
21.290  15.000  15.678  392.866
21.300  15.000  15.181  398.209
21.310  15.000  15.267  403.567
