# covent_pc_8
# Captured 2020-06-19 19:08:48.242705 by unknown user
# Built at revision a487b77 (dirty)
time(sec)  pc_setpoint  pressure  volume
0.000  10.000  9.442  1.123
0.010  10.000  9.926  1.298
0.020  10.000  9.996  1.578
0.030  10.000  10.211  1.627
0.040  10.000  9.700  1.640
0.050  10.000  9.773  1.818
0.060  10.000  10.062  2.030
0.070  10.000  10.443  2.217
0.080  10.000  9.829  2.333
0.090  10.000  9.819  2.397
0.100  10.000  9.813  2.475
0.110  10.000  10.548  2.535
0.120  10.000  10.173  2.567
0.130  10.000  9.675  2.583
0.140  10.000  9.591  2.519
0.150  10.000  10.471  2.564
0.160  10.000  10.634  2.667
0.170  10.000  9.952  2.608
0.180  10.000  9.447  2.417
0.190  10.000  9.887  2.164
0.200  10.000  10.550  1.903
0.210  10.000  10.339  1.736
0.220  10.000  9.669  1.494
0.230  10.000  9.180  1.439
0.240  10.000  9.911  1.630
0.250  10.000  10.562  1.614
0.260  10.000  10.167  1.499
0.270  10.000  9.406  1.409
0.280  10.000  9.809  1.454
0.290  10.000  10.278  1.582
0.300  10.000  10.537  1.629
0.310  10.000  10.141  1.632
0.320  10.000  9.392  1.619
0.330  10.000  9.639  1.692
0.340  10.000  10.498  1.874
0.350  10.000  10.654  1.782
0.360  10.000  9.740  1.527
0.370  10.000  9.410  1.430
0.380  10.000  9.884  1.447
0.390  10.000  10.803  1.658
0.400  10.000  10.305  1.622
0.410  10.000  9.563  1.115
0.420  10.000  9.294  0.756
0.430  10.000  10.034  0.885
0.440  10.000  10.521  1.091
0.450  10.000  9.979  1.258
0.460  10.000  9.573  1.317
0.470  10.000  9.540  1.469
0.480  10.000  10.312  1.847
0.490  10.000  10.509  2.154
0.500  10.000  9.952  2.422
0.510  10.000  9.673  2.444
0.520  10.000  9.743  2.448
0.530  10.000  10.654  2.463
0.540  10.000  10.488  2.289
0.550  10.000  9.671  1.943
0.560  10.000  9.359  1.569
0.570  10.000  10.083  1.380
0.580  10.000  10.731  1.203
0.590  10.000  10.111  0.937
0.600  10.000  9.301  0.652
0.610  10.000  9.438  0.523
0.620  10.000  10.757  0.614
0.630  10.000  10.455  0.742
0.640  10.000  9.853  0.593
0.650  10.000  9.115  0.359
0.660  12.500  10.122  0.297
0.670  15.000  11.169  0.777
0.680  17.500  12.330  1.926
0.690  20.000  14.297  3.980
0.700  22.500  17.133  7.842
0.710  25.000  19.611  14.228
0.720  27.500  21.408  22.615
0.730  30.000  24.695  31.781
0.740  32.500  26.331  41.297
0.750  35.000  27.958  50.405
0.760  35.000  28.643  58.699
0.770  35.000  29.150  67.246
0.780  35.000  30.281  75.503
0.790  35.000  30.250  83.298
0.800  35.000  30.787  91.119
0.810  35.000  31.384  98.690
0.820  35.000  31.996  105.815
0.830  35.000  31.931  112.766
0.840  35.000  32.772  119.719
0.850  35.000  33.650  126.442
0.860  35.000  32.703  133.693
0.870  35.000  33.639  141.572
0.880  35.000  34.852  148.548
0.890  35.000  34.350  154.837
0.900  35.000  35.008  161.335
0.910  35.000  35.525  167.696
0.920  35.000  35.436  174.078
0.930  35.000  35.987  180.220
0.940  35.000  35.959  185.928
0.950  35.000  36.632  191.245
0.960  35.000  35.249  197.067
0.970  35.000  35.620  203.413
0.980  35.000  35.837  208.935
0.990  35.000  36.498  213.311
1.000  35.000  36.121  217.532
1.010  35.000  35.836  221.799
1.020  35.000  36.987  225.389
1.030  35.000  36.538  228.479
1.040  35.000  35.499  231.359
1.050  35.000  35.592  233.770
1.060  35.000  35.247  235.695
1.070  35.000  35.830  237.286
1.080  35.000  34.690  238.578
1.090  35.000  34.643  239.415
1.100  35.000  34.183  239.528
1.110  35.000  34.376  239.232
1.120  35.000  35.256  238.917
1.130  35.000  35.265  238.526
1.140  35.000  35.601  237.998
1.150  35.000  34.147  237.431
1.160  35.000  34.545  236.970
1.170  35.000  35.311  236.741
1.180  35.000  35.613  236.596
1.190  35.000  34.425  236.438
1.200  35.000  34.385  236.282
1.210  35.000  34.433  236.256
1.220  35.000  35.757  236.428
1.230  35.000  34.515  236.670
1.240  35.000  35.209  236.901
1.250  35.000  34.255  237.298
1.260  35.000  35.310  237.777
1.270  35.000  35.217  238.200
1.280  35.000  34.613  238.732
1.290  35.000  35.125  239.250
1.300  35.000  34.851  239.604
1.310  35.000  35.673  239.818
1.320  35.000  34.619  240.091
1.330  35.000  35.747  240.329
1.340  35.000  34.773  240.597
1.350  35.000  35.081  240.897
1.360  35.000  34.704  241.263
1.370  35.000  35.159  241.808
1.380  35.000  35.395  242.045
1.390  35.000  34.692  242.235
1.400  35.000  35.343  242.472
1.410  35.000  35.000  242.543
1.420  35.000  35.552  242.655
1.430  35.000  34.831  242.815
1.440  35.000  34.145  243.036
1.450  35.000  35.413  243.100
1.460  35.000  35.124  243.066
1.470  35.000  35.571  242.991
1.480  35.000  34.296  243.003
1.490  35.000  34.386  243.270
1.500  35.000  34.586  243.705
1.510  35.000  36.372  244.023
1.520  35.000  33.967  244.426
1.530  35.000  34.589  244.845
1.540  35.000  34.990  245.325
1.550  35.000  35.735  246.012
1.560  35.000  34.421  246.640
1.570  35.000  35.607  247.213
1.580  35.000  34.192  247.757
1.590  35.000  36.050  248.321
1.600  35.000  35.010  248.751
1.610  35.000  35.047  249.074
1.620  35.000  34.579  249.499
1.630  35.000  35.331  249.958
1.640  35.000  35.004  250.234
1.650  35.000  35.524  250.408
1.660  10.000  34.633  250.518
1.670  10.000  33.949  250.213
1.680  10.000  30.447  248.331
1.690  10.000  25.542  243.159
1.700  10.000  21.765  235.400
1.710  10.000  18.419  225.938
1.720  10.000  17.576  216.463
1.730  10.000  16.061  207.633
1.740  10.000  15.825  198.895
1.750  10.000  14.990  190.753
1.760  10.000  14.481  182.590
1.770  10.000  14.067  174.099
1.780  10.000  13.548  165.849
1.790  10.000  12.968  157.858
1.800  10.000  12.529  149.677
1.810  10.000  12.061  141.597
1.820  10.000  11.644  134.114
1.830  10.000  11.134  127.143
1.840  10.000  10.892  119.807
1.850  10.000  10.455  112.583
1.860  10.000  10.186  105.321
1.870  10.000  9.791  97.853
1.880  10.000  9.465  90.979
1.890  10.000  9.032  84.678
1.900  10.000  8.863  78.203
1.910  10.000  8.658  71.583
1.920  10.000  8.411  65.071
1.930  10.000  8.419  58.999
1.940  10.000  8.293  53.492
1.950  10.000  8.185  48.238
1.960  10.000  8.166  43.259
1.970  10.000  8.266  38.692
1.980  10.000  8.309  34.504
1.990  10.000  8.337  30.559
2.000  10.000  8.518  26.983
2.010  10.000  8.821  23.826
2.020  10.000  8.744  20.919
2.030  10.000  8.621  18.174
2.040  10.000  8.912  16.124
2.050  10.000  9.593  14.897
2.060  10.000  10.187  13.950
2.070  10.000  10.025  12.902
2.080  10.000  9.375  12.059
2.090  10.000  9.374  11.527
2.100  10.000  9.392  10.987
2.110  10.000  9.408  10.486
2.120  10.000  9.428  9.853
2.130  10.000  9.461  9.159
2.140  10.000  9.951  8.842
2.150  10.000  10.017  8.911
2.160  10.000  9.535  9.088
2.170  10.000  9.625  9.331
2.180  10.000  9.860  9.796
2.190  10.000  10.294  10.361
2.200  10.000  9.980  11.025
2.210  10.000  9.636  11.781
2.220  10.000  10.141  12.490
2.230  10.000  10.438  13.241
2.240  10.000  10.474  13.943
2.250  10.000  9.807  14.435
2.260  10.000  9.750  14.761
2.270  10.000  10.586  14.970
2.280  10.000  10.531  14.974
2.290  10.000  10.131  14.645
2.300  10.000  9.562  14.207
2.310  10.000  10.007  13.907
2.320  10.000  10.631  13.537
2.330  10.000  10.450  13.040
2.340  10.000  9.610  12.459
2.350  10.000  9.667  11.828
2.360  10.000  10.011  11.423
2.370  10.000  10.325  11.026
2.380  10.000  9.886  10.464
2.390  10.000  9.774  9.865
2.400  10.000  9.648  9.387
2.410  10.000  9.906  9.109
2.420  10.000  10.110  8.908
2.430  10.000  10.116  8.626
2.440  10.000  9.653  8.385
2.450  10.000  9.358  8.443
2.460  10.000  10.185  8.727
2.470  10.000  10.420  9.076
2.480  10.000  10.006  9.183
2.490  10.000  9.558  9.109
2.500  10.000  9.612  9.267
2.510  10.000  10.593  9.564
2.520  10.000  10.505  9.669
2.530  10.000  9.725  9.656
2.540  10.000  9.286  9.802
2.550  10.000  10.092  9.964
2.560  10.000  10.687  9.978
2.570  10.000  10.281  9.808
2.580  10.000  9.620  9.421
2.590  10.000  9.359  9.058
2.600  10.000  10.377  8.965
2.610  10.000  10.453  9.138
2.620  10.000  10.120  9.300
2.630  10.000  9.147  9.292
2.640  10.000  9.804  9.278
2.650  10.000  10.849  9.328
2.660  10.000  10.852  9.204
2.670  10.000  9.745  8.772
2.680  10.000  9.203  8.254
2.690  10.000  9.880  7.994
2.700  10.000  10.908  7.822
2.710  10.000  10.515  7.525
2.720  10.000  9.667  6.980
2.730  10.000  9.191  6.343
2.740  10.000  9.890  5.881
2.750  10.000  10.364  5.712
2.760  10.000  10.177  5.720
2.770  10.000  9.347  5.703
2.780  10.000  9.510  5.888
2.790  10.000  10.071  6.272
2.800  10.000  10.738  6.464
2.810  10.000  9.952  6.384
2.820  10.000  9.466  6.208
2.830  10.000  9.569  6.293
2.840  10.000  10.538  6.750
2.850  10.000  10.692  7.010
2.860  10.000  9.993  6.903
2.870  10.000  9.179  6.749
2.880  10.000  10.101  6.648
2.890  10.000  10.818  6.507
2.900  10.000  10.537  6.266
2.910  10.000  9.508  5.846
2.920  10.000  9.229  5.492
2.930  10.000  10.066  5.325
2.940  10.000  10.731  5.170
2.950  10.000  10.127  4.908
2.960  10.000  9.109  4.684
2.970  10.000  9.488  4.676
2.980  10.000  10.377  4.913
2.990  10.000  10.662  5.180
3.000  10.000  9.897  5.137
3.010  10.000  9.168  4.955
3.020  10.000  9.763  4.999
3.030  10.000  10.648  5.372
3.040  10.000  10.629  5.599
3.050  10.000  9.574  5.471
3.060  10.000  9.110  5.397
3.070  10.000  10.224  5.622
3.080  10.000  10.968  5.900
3.090  10.000  10.285  5.998
3.100  10.000  9.212  5.855
3.110  10.000  9.455  5.702
3.120  10.000  10.615  5.884
3.130  10.000  10.844  5.941
3.140  10.000  9.954  5.740
3.150  10.000  9.179  5.509
3.160  10.000  9.681  5.359
3.170  10.000  10.832  5.449
3.180  10.000  10.421  5.343
3.190  10.000  9.787  4.789
3.200  10.000  9.043  4.405
3.210  10.000  10.050  4.444
3.220  10.000  10.645  4.526
3.230  10.000  10.375  4.408
3.240  10.000  9.272  4.166
3.250  10.000  9.407  4.060
3.260  10.000  10.273  4.239
3.270  10.000  10.596  4.485
3.280  10.000  9.977  4.478
3.290  10.000  9.122  4.317
3.300  10.000  9.860  4.263
3.310  10.000  10.773  4.519
3.320  10.000  10.475  4.849
3.330  10.000  9.300  4.971
3.340  10.000  9.230  4.985
3.350  10.000  10.377  5.197
3.360  10.000  11.160  5.661
3.370  10.000  10.134  5.872
3.380  10.000  9.068  5.813
3.390  10.000  9.362  5.898
3.400  10.000  10.779  6.204
3.410  10.000  10.938  6.435
3.420  10.000  9.834  6.514
3.430  10.000  8.813  6.502
3.440  10.000  9.961  6.420
3.450  10.000  10.975  6.429
3.460  10.000  10.814  6.354
3.470  10.000  9.384  5.972
3.480  10.000  9.063  5.368
3.490  10.000  10.047  5.022
3.500  10.000  10.923  4.965
3.510  10.000  10.507  4.696
3.520  10.000  9.171  4.110
3.530  10.000  9.196  3.692
3.540  10.000  10.292  3.858
3.550  10.000  10.625  4.227
3.560  10.000  10.244  4.273
3.570  10.000  9.122  4.115
3.580  10.000  9.457  4.202
3.590  10.000  10.427  4.642
3.600  10.000  10.646  5.022
3.610  10.000  9.815  4.927
3.620  10.000  9.300  4.835
3.630  10.000  9.783  5.135
3.640  10.000  10.819  5.593
3.650  10.000  10.608  5.740
3.660  10.000  9.587  5.466
3.670  12.500  9.123  5.165
3.680  15.000  10.541  5.379
3.690  17.500  12.602  6.638
3.700  20.000  15.171  9.465
3.710  22.500  17.080  14.073
3.720  25.000  20.165  20.175
3.730  27.500  21.524  27.828
3.740  30.000  24.731  37.046
3.750  32.500  26.545  46.333
3.760  35.000  28.566  54.784
3.770  35.000  29.334  62.754
3.780  35.000  28.814  70.629
3.790  35.000  29.857  78.690
3.800  35.000  30.190  87.180
3.810  35.000  30.577  95.909
3.820  35.000  31.495  103.867
3.830  35.000  32.005  111.302
3.840  35.000  32.370  118.767
3.850  35.000  32.589  126.116
3.860  35.000  32.876  133.519
3.870  35.000  33.256  140.723
3.880  35.000  34.208  147.456
3.890  35.000  34.363  153.825
3.900  35.000  34.823  160.082
3.910  35.000  34.976  166.390
3.920  35.000  35.565  172.493
3.930  35.000  35.538  178.516
3.940  35.000  35.728  184.374
3.950  35.000  36.220  190.288
3.960  35.000  36.522  195.955
3.970  35.000  36.754  200.883
3.980  35.000  34.943  205.579
3.990  35.000  36.679  210.055
4.000  35.000  35.678  214.200
4.010  35.000  35.706  218.406
4.020  35.000  36.404  222.257
4.030  35.000  36.571  225.729
4.040  35.000  35.918  229.060
4.050  35.000  35.243  231.887
4.060  35.000  36.126  234.301
4.070  35.000  34.955  236.455
4.080  35.000  35.488  238.189
4.090  35.000  34.604  239.294
4.100  35.000  34.882  239.872
4.110  35.000  34.147  239.952
4.120  35.000  34.690  239.619
4.130  35.000  35.350  239.172
4.140  35.000  35.588  238.614
4.150  35.000  35.012  237.945
4.160  35.000  34.793  237.196
4.170  35.000  34.389  236.527
4.180  35.000  35.129  236.154
4.190  35.000  35.068  235.808
4.200  35.000  34.893  235.455
4.210  35.000  34.382  235.225
4.220  35.000  34.887  235.154
4.230  35.000  35.389  235.260
4.240  35.000  34.353  235.490
4.250  35.000  34.694  235.746
4.260  35.000  34.964  236.183
4.270  35.000  34.888  236.812
4.280  35.000  34.310  237.611
4.290  35.000  35.327  238.332
4.300  35.000  35.296  238.885
4.310  35.000  34.878  239.507
4.320  35.000  34.822  240.092
4.330  35.000  35.073  240.801
4.340  35.000  35.178  241.464
4.350  35.000  35.711  241.837
4.360  35.000  34.665  242.291
4.370  35.000  35.378  242.802
4.380  35.000  35.067  243.161
4.390  35.000  35.489  243.459
4.400  35.000  34.486  244.033
4.410  35.000  35.334  244.569
4.420  35.000  35.249  244.657
4.430  35.000  35.530  244.523
4.440  35.000  34.529  244.420
4.450  35.000  34.937  244.334
4.460  35.000  34.894  244.105
4.470  35.000  34.862  243.947
4.480  35.000  35.920  243.795
4.490  35.000  34.221  243.665
4.500  35.000  34.958  243.475
4.510  35.000  34.491  243.429
4.520  35.000  36.036  243.494
4.530  35.000  34.595  243.384
4.540  35.000  34.777  243.264
4.550  35.000  34.355  243.337
4.560  35.000  35.821  243.661
4.570  35.000  35.218  243.866
4.580  35.000  34.565  243.893
4.590  35.000  34.141  244.106
4.600  35.000  35.775  244.508
4.610  35.000  35.522  244.683
4.620  35.000  34.697  244.782
4.630  35.000  34.228  245.173
4.640  35.000  35.242  245.776
4.650  35.000  35.260  246.394
4.660  35.000  34.857  246.914
4.670  10.000  34.572  247.286
4.680  10.000  34.107  247.442
4.690  10.000  30.764  246.045
4.700  10.000  25.278  240.895
4.710  10.000  21.625  231.622
4.720  10.000  18.722  221.294
4.730  10.000  17.752  211.746
4.740  10.000  16.378  202.190
4.750  10.000  15.689  192.811
4.760  10.000  15.083  183.942
4.770  10.000  14.443  175.198
4.780  10.000  14.001  166.816
4.790  10.000  13.535  158.487
4.800  10.000  13.077  150.021
4.810  10.000  12.586  142.285
4.820  10.000  12.190  134.470
4.830  10.000  11.759  126.218
4.840  10.000  11.362  118.584
4.850  10.000  10.924  111.040
4.860  10.000  10.486  103.673
4.870  10.000  10.138  96.712
4.880  10.000  9.683  89.964
4.890  10.000  9.379  83.364
4.900  10.000  9.175  76.694
4.910  10.000  8.939  70.071
4.920  10.000  8.668  63.911
4.930  10.000  8.456  57.841
4.940  10.000  8.341  51.920
4.950  10.000  8.368  46.786
4.960  10.000  8.169  41.514
4.970  10.000  8.251  36.459
4.980  10.000  8.238  32.106
4.990  10.000  8.312  27.963
5.000  10.000  8.318  24.008
5.010  10.000  8.633  20.642
5.020  10.000  8.726  17.682
5.030  10.000  8.762  14.800
5.040  10.000  8.591  12.156
5.050  10.000  8.847  10.017
5.060  10.000  9.570  8.509
5.070  10.000  10.042  7.543
5.080  10.000  9.790  6.874
5.090  10.000  9.484  6.269
5.100  10.000  9.294  5.566
5.110  10.000  9.411  4.929
5.120  10.000  9.299  4.450
5.130  10.000  9.440  3.911
5.140  10.000  9.708  3.512
5.150  10.000  9.933  3.620
5.160  10.000  9.868  3.822
5.170  10.000  9.600  3.960
5.180  10.000  9.709  4.302
5.190  10.000  10.126  4.836
5.200  10.000  10.093  5.559
5.210  10.000  9.801  6.353
5.220  10.000  9.889  7.056
5.230  10.000  10.269  7.762
5.240  10.000  10.468  8.420
5.250  10.000  10.388  8.913
5.260  10.000  10.082  9.043
5.270  10.000  10.010  8.882
5.280  10.000  10.075  8.739
5.290  10.000  10.620  8.518
5.300  10.000  10.468  8.096
5.310  10.000  9.978  7.531
5.320  10.000  9.655  6.992
5.330  10.000  10.313  6.400
5.340  10.000  10.419  5.680
5.350  10.000  9.888  4.950
5.360  10.000  9.808  4.313
5.370  10.000  9.856  3.707
5.380  10.000  9.826  3.038
5.390  10.000  9.777  2.342
5.400  10.000  9.712  1.826
5.410  10.000  9.598  1.596
5.420  10.000  9.915  1.395
5.430  10.000  9.957  1.220
5.440  10.000  9.916  1.102
5.450  10.000  9.638  1.143
5.460  10.000  9.952  1.294
5.470  10.000  10.126  1.552
5.480  10.000  10.029  2.090
5.490  10.000  9.700  2.542
5.500  10.000  9.836  2.870
5.510  10.000  10.170  3.232
5.520  10.000  10.428  3.482
5.530  10.000  10.102  3.611
5.540  10.000  9.852  3.787
5.550  10.000  10.080  4.019
5.560  10.000  10.095  4.220
5.570  10.000  10.462  4.126
5.580  10.000  9.936  3.852
5.590  10.000  10.024  3.502
5.600  10.000  10.191  3.190
5.610  10.000  10.241  3.072
5.620  10.000  9.945  2.881
5.630  10.000  9.967  2.535
5.640  10.000  9.910  2.007
5.650  10.000  10.102  1.307
5.660  10.000  9.965  0.719
5.670  10.000  9.796  0.288
5.680  10.000  9.813  0.060
5.690  10.000  9.869  -0.068
5.700  10.000  10.080  -0.270
5.710  10.000  9.815  -0.425
5.720  10.000  9.660  -0.625
5.730  10.000  9.962  -0.674
5.740  10.000  10.143  -0.527
5.750  10.000  10.043  -0.402
5.760  10.000  9.938  -0.266
5.770  10.000  9.803  -0.169
5.780  10.000  10.004  -0.172
5.790  10.000  10.231  -0.221
5.800  10.000  10.155  -0.228
5.810  10.000  9.972  -0.269
5.820  10.000  9.845  -0.196
5.830  10.000  10.074  0.093
5.840  10.000  10.185  0.289
5.850  10.000  10.074  0.262
5.860  10.000  9.928  0.210
5.870  10.000  10.157  0.250
5.880  10.000  10.201  0.170
5.890  10.000  10.111  -0.115
5.900  10.000  9.694  -0.425
5.910  10.000  9.879  -0.710
5.920  10.000  10.194  -1.119
5.930  10.000  10.107  -1.476
5.940  10.000  9.874  -1.658
5.950  10.000  9.793  -1.812
5.960  10.000  9.958  -2.004
5.970  10.000  10.180  -2.147
5.980  10.000  9.988  -2.219
5.990  10.000  9.648  -2.329
6.000  10.000  9.853  -2.485
6.010  10.000  10.211  -2.561
6.020  10.000  10.262  -2.611
6.030  10.000  9.972  -2.780
6.040  10.000  9.675  -2.958
6.050  10.000  9.885  -2.982
6.060  10.000  10.305  -2.875
6.070  10.000  10.377  -2.960
6.080  10.000  9.778  -3.180
6.090  10.000  9.622  -3.360
6.100  10.000  9.939  -3.465
6.110  10.000  10.394  -3.432
6.120  10.000  10.199  -3.424
6.130  10.000  9.837  -3.434
6.140  10.000  9.512  -3.383
6.150  10.000  10.255  -3.331
6.160  10.000  10.416  -3.423
6.170  10.000  10.079  -3.617
6.180  10.000  9.430  -3.756
6.190  10.000  9.872  -3.798
6.200  10.000  10.241  -3.674
6.210  10.000  10.261  -3.606
6.220  10.000  9.912  -3.672
6.230  10.000  9.530  -3.579
6.240  10.000  10.177  -3.441
6.250  10.000  10.560  -3.424
6.260  10.000  10.021  -3.692
6.270  10.000  9.580  -4.116
6.280  10.000  9.859  -4.287
6.290  10.000  10.178  -4.226
6.300  10.000  10.431  -4.433
6.310  10.000  9.885  -4.878
6.320  10.000  9.478  -5.027
6.330  10.000  10.045  -4.992
6.340  10.000  10.203  -4.969
6.350  10.000  10.252  -5.026
6.360  10.000  9.685  -5.107
6.370  10.000  9.481  -4.899
6.380  10.000  10.256  -4.649
6.390  10.000  10.564  -4.494
6.400  10.000  9.911  -4.448
6.410  10.000  9.733  -4.563
6.420  10.000  9.688  -4.589
6.430  10.000  10.502  -4.641
6.440  10.000  10.307  -4.798
6.450  10.000  9.891  -4.989
6.460  10.000  9.574  -5.224
6.470  10.000  9.948  -5.374
6.480  10.000  10.520  -5.497
6.490  10.000  10.203  -5.793
6.500  10.000  9.566  -6.103
6.510  10.000  9.348  -6.181
6.520  10.000  10.197  -6.103
6.530  10.000  10.442  -6.068
6.540  10.000  10.323  -6.086
6.550  10.000  9.158  -6.068
6.560  10.000  9.512  -6.028
6.570  10.000  10.497  -5.829
6.580  10.000  10.570  -5.490
6.590  10.000  9.884  -5.495
6.600  10.000  9.282  -5.679
6.610  10.000  10.124  -5.668
6.620  10.000  10.773  -5.502
6.630  10.000  10.344  -5.331
6.640  10.000  9.342  -5.333
6.650  10.000  9.459  -5.328
6.660  10.000  10.339  -4.920
6.670  10.000  10.682  -4.479
6.680  12.500  10.031  -4.389
6.690  15.001  9.429  -4.068
6.700  17.500  11.542  -2.782
6.710  20.000  15.511  -0.300
6.720  22.501  17.436  3.821
6.730  25.000  19.858  10.010
6.740  27.500  22.182  17.813
6.750  30.000  24.544  27.223
6.760  32.500  26.486  36.823
6.770  35.000  28.409  45.443
6.780  35.000  28.169  54.075
6.790  35.000  28.718  63.579
6.800  35.000  30.042  72.899
6.810  35.000  29.940  81.210
6.820  35.000  30.400  89.293
6.830  35.000  31.292  96.932
6.840  35.000  31.744  104.219
6.850  35.000  31.520  112.313
6.860  35.000  32.040  120.601
6.870  35.000  32.601  127.781
6.880  35.000  34.055  134.592
6.890  35.000  33.077  142.115
6.900  35.000  34.463  149.450
6.910  35.000  33.872  156.135
6.920  35.000  35.306  162.413
6.930  35.000  35.432  168.256
6.940  35.000  35.389  174.183
6.950  35.000  35.637  180.274
6.960  35.000  34.846  186.863
6.970  35.000  36.443  192.855
6.980  35.000  37.049  198.097
6.990  35.000  35.901  203.518
7.000  35.000  36.468  208.461
7.010  35.000  35.351  212.948
7.020  35.000  36.440  217.014
7.030  35.000  36.136  220.788
7.040  35.000  36.673  224.532
7.050  35.000  35.967  227.793
7.060  35.000  35.840  230.637
7.070  35.000  35.132  233.333
7.080  35.000  34.979  235.723
7.090  35.000  35.311  237.657
7.100  35.000  34.648  239.117
7.110  35.000  34.487  240.013
7.120  35.000  34.488  240.480
7.130  35.000  35.626  240.773
7.140  35.000  35.280  240.919
7.150  35.000  34.857  240.874
7.160  35.000  34.959  240.761
7.170  35.000  35.036  240.565
7.180  35.000  35.704  240.317
7.190  35.000  34.337  239.903
7.200  35.000  34.670  239.227
7.210  35.000  35.387  238.462
7.220  35.000  35.839  237.741
7.230  35.000  34.415  237.075
7.240  35.000  34.093  236.481
7.250  35.000  34.454  236.354
7.260  35.000  36.120  236.640
7.270  35.000  34.631  236.887
7.280  35.000  34.066  237.110
7.290  35.000  34.794  237.518
7.300  35.000  34.800  238.235
7.310  35.000  35.441  238.891
7.320  35.000  34.902  239.333
7.330  35.000  35.006  239.714
7.340  35.000  34.739  240.217
7.350  35.000  34.992  240.944
7.360  35.000  34.851  241.570
7.370  35.000  35.198  241.851
7.380  35.000  35.467  242.149
7.390  35.000  34.731  242.696
7.400  35.000  35.080  243.312
7.410  35.000  34.927  243.860
7.420  35.000  34.923  244.401
7.430  35.000  35.216  244.996
7.440  35.000  35.070  245.629
7.450  35.000  35.378  246.269
7.460  35.000  34.884  246.678
7.470  35.000  35.812  246.824
7.480  35.000  34.896  246.899
7.490  35.000  34.704  246.866
7.500  35.000  35.163  246.756
7.510  35.000  35.232  246.778
7.520  35.000  34.942  246.887
7.530  35.000  34.775  247.081
7.540  35.000  34.658  247.299
7.550  35.000  35.612  247.420
7.560  35.000  34.676  247.474
7.570  35.000  35.076  247.552
7.580  35.000  34.570  247.693
7.590  35.000  35.669  247.862
7.600  35.000  34.764  248.073
7.610  35.000  35.151  248.131
7.620  35.000  34.826  248.003
7.630  35.000  35.124  248.046
7.640  35.000  34.981  248.268
7.650  35.000  34.883  248.448
7.660  35.000  34.992  248.439
7.670  35.000  35.103  248.344
7.680  10.000  35.093  248.369
7.690  10.000  33.788  248.173
7.700  10.000  30.572  246.680
7.710  10.000  25.297  241.957
7.720  10.000  21.657  233.362
7.730  10.000  18.512  223.277
7.740  10.000  17.604  214.169
7.750  10.000  16.435  205.130
7.760  10.000  15.665  195.695
7.770  10.000  15.139  186.584
7.780  10.000  14.501  178.029
7.790  10.000  13.988  169.534
7.800  10.000  13.405  161.283
7.810  10.000  13.039  153.814
7.820  10.000  12.488  145.938
7.830  10.000  12.179  137.917
7.840  10.000  11.592  130.606
7.850  10.000  11.155  123.190
7.860  10.000  10.983  115.366
7.870  10.000  10.510  107.741
7.880  10.000  10.102  100.757
7.890  10.000  9.737  93.882
7.900  10.000  9.282  86.788
7.910  10.000  9.083  80.131
7.920  10.000  8.862  73.651
7.930  10.000  8.630  67.189
7.940  10.000  8.349  60.747
7.950  10.000  8.347  54.930
7.960  10.000  8.308  49.700
7.970  10.000  8.195  44.624
7.980  10.000  8.311  39.944
7.990  10.000  8.302  35.632
8.000  10.000  8.218  31.552
8.010  10.000  8.266  27.691
8.020  10.000  8.634  24.321
8.030  10.000  8.777  21.431
8.040  10.000  8.670  18.468
8.050  10.000  8.628  15.719
8.060  10.000  9.128  13.708
8.070  10.000  9.935  12.239
8.080  10.000  10.041  11.146
8.090  10.000  9.497  10.374
8.100  10.000  9.360  9.754
8.110  10.000  9.276  9.277
8.120  10.000  9.288  8.841
8.130  10.000  9.470  8.266
8.140  10.000  9.381  7.856
8.150  10.000  9.609  7.716
8.160  10.000  9.831  7.849
8.170  10.000  10.127  8.051
8.180  10.000  9.820  8.307
8.190  10.000  9.781  8.817
8.200  10.000  9.880  9.305
8.210  10.000  10.425  9.633
8.220  10.000  10.206  10.081
8.230  10.000  9.911  10.557
8.240  10.000  9.911  10.980
8.250  10.000  10.325  11.342
8.260  10.000  10.350  11.516
8.270  10.000  10.046  11.554
8.280  10.000  9.768  11.369
8.290  10.000  10.097  11.080
8.300  10.000  10.407  10.819
8.310  10.000  10.325  10.496
8.320  10.000  9.757  10.136
8.330  10.000  9.792  9.878
8.340  10.000  10.219  9.557
8.350  10.000  10.302  9.130
8.360  10.000  9.972  8.823
8.370  10.000  9.774  8.517
8.380  10.000  9.853  7.972
8.390  10.000  9.999  7.339
8.400  10.000  9.974  6.823
8.410  10.000  9.795  6.425
8.420  10.000  9.790  6.204
8.430  10.000  10.027  6.074
8.440  10.000  9.873  6.082
8.450  10.000  9.666  6.304
8.460  10.000  9.892  6.502
8.470  10.000  10.126  6.662
8.480  10.000  10.349  6.600
8.490  10.000  10.025  6.433
8.500  10.000  9.680  6.461
8.510  10.000  9.760  6.637
8.520  10.000  10.418  6.970
8.530  10.000  10.327  7.199
8.540  10.000  9.954  7.229
8.550  10.000  9.593  7.234
8.560  10.000  9.925  7.311
8.570  10.000  10.436  7.384
8.580  10.000  10.299  7.236
8.590  10.000  9.874  7.097
8.600  10.000  9.888  7.072
8.610  10.000  10.010  6.955
8.620  10.000  10.124  6.807
8.630  10.000  9.892  6.636
8.640  10.000  9.898  6.589
8.650  10.000  9.961  6.579
8.660  10.000  10.291  6.504
8.670  10.000  9.931  6.464
8.680  10.000  9.834  6.374
8.690  10.000  9.834  6.383
8.700  10.000  10.320  6.366
8.710  10.000  9.904  6.200
8.720  10.000  9.951  6.116
8.730  10.000  9.727  5.988
8.740  10.000  10.198  5.818
8.750  10.000  10.000  5.779
8.760  10.000  10.052  5.741
8.770  10.000  9.494  5.894
8.780  10.000  9.878  6.114
8.790  10.000  10.434  6.171
8.800  10.000  10.289  6.175
8.810  10.000  9.636  6.051
8.820  10.000  9.653  6.055
8.830  10.000  10.357  6.065
8.840  10.000  10.703  5.848
8.850  10.000  10.116  5.544
8.860  10.000  9.347  5.230
8.870  10.000  9.618  5.010
8.880  10.000  10.587  4.880
8.890  10.000  10.628  4.699
8.900  10.000  9.935  4.182
8.910  10.000  9.243  3.749
8.920  10.000  9.740  3.734
8.930  10.000  10.563  3.747
8.940  10.000  10.332  3.687
8.950  10.000  9.684  3.393
8.960  10.000  9.200  3.162
8.970  10.000  10.038  3.165
8.980  10.000  10.730  3.289
8.990  10.000  10.227  3.431
9.000  10.000  9.527  3.411
9.010  10.000  9.396  3.400
9.020  10.000  10.365  3.474
9.030  10.000  10.539  3.721
9.040  10.000  10.102  3.642
9.050  10.000  9.392  3.234
9.060  10.000  9.788  2.918
9.070  10.000  10.404  2.807
9.080  10.000  10.387  2.917
9.090  10.000  9.586  2.887
9.100  10.000  9.420  2.793
9.110  10.000  10.159  2.890
9.120  10.000  10.741  3.012
9.130  10.000  10.301  2.821
9.140  10.000  9.386  2.469
9.150  10.000  9.348  2.493
9.160  10.000  10.360  2.807
9.170  10.000  10.734  2.804
9.180  10.000  10.107  2.542
9.190  10.000  9.300  2.254
9.200  10.000  9.686  1.977
9.210  10.000  10.483  1.934
9.220  10.000  10.563  1.823
9.230  10.000  9.772  1.479
9.240  10.000  9.239  1.212
9.250  10.000  9.791  1.213
9.260  10.000  10.778  1.365
9.270  10.000  10.687  1.345
9.280  10.000  9.495  1.051
9.290  10.000  8.929  0.741
9.300  10.000  10.067  0.820
9.310  10.000  10.815  1.352
9.320  10.000  10.650  1.743
9.330  10.000  9.293  1.640
9.340  10.000  9.072  1.437
9.350  10.000  10.353  1.474
9.360  10.000  10.899  1.714
9.370  10.000  10.282  1.736
9.380  10.000  9.101  1.578
9.390  10.000  9.233  1.686
9.400  10.000  10.562  2.087
9.410  10.000  11.147  2.297
9.420  10.000  10.094  1.987
9.430  10.000  9.006  1.449
9.440  10.000  9.488  1.064
9.450  10.000  10.848  1.087
9.460  10.000  10.763  1.264
9.470  10.000  9.462  1.267
9.480  10.000  8.904  1.157
9.490  10.000  9.770  1.362
9.500  10.000  11.015  1.766
9.510  10.000  10.681  1.879
9.520  10.000  9.346  1.732
9.530  10.000  8.996  1.585
9.540  10.000  10.085  1.829
9.550  10.000  11.027  2.234
9.560  10.000  10.466  2.297
9.570  10.000  9.413  1.965
9.580  10.000  9.027  1.739
9.590  10.000  10.359  1.844
9.600  10.000  11.127  1.928
9.610  10.000  10.289  1.727
9.620  10.000  9.263  1.277
9.630  10.000  9.231  1.070
9.640  10.000  10.390  1.189
9.650  10.000  10.722  1.176
9.660  10.000  10.065  0.854
9.670  10.000  9.362  0.389
9.680  10.000  9.532  0.184
9.690  12.500  10.596  0.238
9.700  15.000  11.144  0.570
9.710  17.499  11.591  1.591
9.720  19.999  14.091  3.655
9.730  22.499  16.752  7.352
9.740  24.999  19.825  12.997
9.750  27.499  21.718  20.273
9.760  29.999  24.391  28.950
9.770  32.499  26.251  38.074
9.780  34.999  27.892  46.979
9.790  35.000  28.863  55.571
9.800  35.000  29.326  63.665
9.810  35.000  29.087  71.975
9.820  35.000  30.085  79.923
9.830  35.000  30.476  87.598
9.840  35.000  30.476  96.174
9.850  35.000  31.574  104.431
9.860  35.000  32.170  111.907
9.870  35.000  32.593  119.095
9.880  35.000  32.759  125.840
9.890  35.000  33.653  132.150
9.900  35.000  33.579  138.796
9.910  35.000  33.356  146.085
9.920  35.000  34.338  153.397
9.930  35.000  34.761  160.167
9.940  35.000  35.296  166.594
9.950  35.000  35.516  173.060
9.960  35.000  35.638  179.211
9.970  35.000  36.398  184.777
9.980  35.000  36.962  190.143
9.990  35.000  36.743  195.627
10.000  35.000  35.760  200.538
10.010  35.000  35.913  204.743
10.020  35.000  35.761  208.795
10.030  35.000  36.262  212.883
10.040  35.000  37.033  216.789
10.050  35.000  36.033  220.118
10.060  35.000  36.047  222.945
10.070  35.000  35.077  225.602
10.080  35.000  35.391  227.896
10.090  35.000  35.466  229.827
10.100  35.000  34.928  231.481
10.110  35.000  34.863  232.586
10.120  35.000  34.943  233.006
10.130  35.000  34.386  232.825
10.140  35.000  33.800  232.336
10.150  35.000  35.330  231.742
10.160  35.000  35.672  231.176
10.170  35.000  35.192  230.535
10.180  35.000  33.913  229.726
10.190  35.000  34.740  229.130
10.200  35.000  34.625  229.112
10.210  35.000  35.697  229.395
10.220  35.000  34.508  229.418
10.230  35.000  34.779  229.549
10.240  35.000  34.511  230.055
10.250  35.000  35.102  230.573
10.260  35.000  34.631  231.148
10.270  35.000  35.067  231.877
10.280  35.000  34.953  232.481
10.290  35.000  35.269  232.858
10.300  35.000  34.999  233.264
10.310  35.000  35.047  233.961
10.320  35.000  34.762  234.766
10.330  35.000  35.230  235.366
10.340  35.000  35.475  235.758
10.350  35.000  35.207  235.880
10.360  35.000  34.690  235.937
10.370  35.000  35.617  236.149
10.380  35.000  34.609  236.386
10.390  35.000  35.703  236.640
10.400  35.000  34.443  237.081
10.410  35.000  35.539  237.267
10.420  35.000  34.253  237.296
10.430  35.000  35.782  237.398
10.440  35.000  34.389  237.463
10.450  35.000  35.383  237.643
10.460  35.000  34.321  237.979
10.470  35.000  35.430  238.267
10.480  35.000  34.899  238.453
10.490  35.000  34.926  238.824
10.500  35.000  34.698  239.324
10.510  35.000  35.083  239.795
10.520  35.000  34.999  240.162
10.530  35.000  35.437  240.359
10.540  35.000  34.736  240.592
10.550  35.000  34.980  240.976
10.560  35.000  35.183  241.109
10.570  35.000  35.155  241.136
10.580  35.000  35.017  241.198
10.590  35.000  34.675  241.330
10.600  35.000  35.268  241.548
10.610  35.000  35.210  241.692
10.620  35.000  34.910  241.886
10.630  35.000  34.759  242.022
10.640  35.000  35.519  242.003
10.650  35.000  35.092  242.038
10.660  35.000  35.203  241.960
10.670  35.000  34.236  241.754
10.680  35.000  35.359  241.610
10.690  10.000  34.891  241.618
10.700  10.000  34.376  241.447
10.710  10.000  30.292  240.050
10.720  10.000  25.375  235.394
10.730  10.000  21.754  227.338
10.740  10.000  18.480  217.602
10.750  10.000  17.503  208.246
10.760  10.000  16.241  199.418
10.770  10.000  15.815  190.562
10.780  10.000  15.057  182.162
10.790  10.000  14.645  173.487
10.800  10.000  13.993  164.746
10.810  10.000  13.413  156.543
10.820  10.000  13.016  149.018
10.830  10.000  12.486  141.739
10.840  10.000  12.200  134.383
10.850  10.000  11.688  127.090
10.860  10.000  11.240  119.655
10.870  10.000  10.778  112.030
10.880  10.000  10.500  104.526
10.890  10.000  10.175  97.127
10.900  10.000  9.716  89.733
10.910  10.000  9.405  82.807
10.920  10.000  9.053  76.582
10.930  10.000  8.808  70.661
10.940  10.000  8.637  64.541
10.950  10.000  8.335  58.245
10.960  10.000  8.387  52.408
10.970  10.000  8.271  47.185
10.980  10.000  8.142  42.219
10.990  10.000  8.282  37.411
11.000  10.000  8.264  32.816
11.010  10.000  8.231  28.395
11.020  10.000  8.343  24.345
11.030  10.000  8.593  20.803
11.040  10.000  8.784  17.686
11.050  10.000  8.791  14.754
11.060  10.000  8.570  11.983
11.070  10.000  9.008  10.008
11.080  10.000  9.674  8.725
11.090  10.000  10.142  7.623
11.100  10.000  9.692  6.816
11.110  10.000  9.289  6.283
11.120  10.000  9.311  5.638
11.130  10.000  9.334  4.891
11.140  10.000  9.309  4.219
11.150  10.000  9.691  3.722
11.160  10.000  9.873  3.527
11.170  10.000  9.874  3.510
11.180  10.000  9.446  3.654
11.190  10.000  9.792  3.999
11.200  10.000  10.123  4.581
11.210  10.000  10.527  5.130
11.220  10.000  9.965  5.578
11.230  10.000  9.577  6.059
11.240  10.000  9.863  6.420
11.250  10.000  10.528  6.739
11.260  10.000  10.287  7.041
11.270  10.000  10.074  7.131
11.280  10.000  9.680  7.142
11.290  10.000  10.233  7.270
11.300  10.000  10.574  7.351
11.310  10.000  10.319  7.127
11.320  10.000  9.729  6.555
11.330  10.000  9.777  5.935
11.340  10.000  10.403  5.258
11.350  10.000  10.537  4.510
11.360  10.000  10.177  3.840
11.370  10.000  9.493  3.261
11.380  10.000  9.609  2.763
11.390  10.000  10.113  2.228
11.400  10.000  10.108  1.582
11.410  10.000  9.829  0.921
11.420  10.000  9.571  0.474
11.430  10.000  9.655  0.275
11.440  10.000  10.001  0.246
11.450  10.000  10.179  0.248
11.460  10.000  9.936  0.175
11.470  10.000  9.614  0.258
11.480  10.000  10.022  0.424
11.490  10.000  10.289  0.566
11.500  10.000  10.176  0.669
11.510  10.000  9.734  0.705
11.520  10.000  9.763  0.881
11.530  10.000  10.067  1.270
11.540  10.000  10.412  1.582
11.550  10.000  9.963  1.600
11.560  10.000  9.733  1.590
11.570  10.000  9.837  1.706
11.580  10.000  10.446  1.857
11.590  10.000  10.450  1.882
11.600  10.000  9.750  1.755
11.610  10.000  9.647  1.679
11.620  10.000  10.083  1.666
11.630  10.000  10.524  1.666
11.640  10.000  10.088  1.514
11.650  10.000  9.618  1.169
11.660  10.000  9.765  0.875
11.670  10.000  10.241  0.618
11.680  10.000  10.438  0.373
11.690  10.000  9.749  0.287
11.700  10.000  9.462  0.210
11.710  10.000  9.944  0.132
11.720  10.000  10.565  0.107
11.730  10.000  10.393  -0.045
11.740  10.000  9.512  -0.181
11.750  10.000  9.544  -0.342
11.760  10.000  10.113  -0.478
11.770  10.000  10.575  -0.598
11.780  10.000  9.933  -0.774
11.790  10.000  9.331  -0.853
11.800  10.000  9.536  -0.789
11.810  10.000  10.636  -0.582
11.820  10.000  10.404  -0.310
11.830  10.000  9.625  -0.182
11.840  10.000  9.266  -0.141
11.850  10.000  10.175  0.006
11.860  10.000  10.943  0.213
11.870  10.000  10.406  0.224
11.880  10.000  9.286  0.027
11.890  10.000  9.105  0.003
11.900  10.000  10.597  0.202
11.910  10.000  11.011  0.446
11.920  10.000  9.970  0.388
11.930  10.000  9.082  0.063
11.940  10.000  9.541  0.045
11.950  10.000  10.910  0.359
11.960  10.000  10.891  0.449
11.970  10.000  9.654  0.167
11.980  10.000  8.858  -0.395
11.990  10.000  9.995  -0.733
12.000  10.000  10.835  -0.652
12.010  10.000  10.517  -0.785
12.020  10.000  9.340  -1.287
12.030  10.000  9.074  -1.782
12.040  10.000  10.273  -1.910
12.050  10.000  10.964  -1.887
12.060  10.000  10.232  -2.044
12.070  10.000  9.035  -2.268
12.080  10.000  9.148  -2.310
12.090  10.000  10.545  -2.062
12.100  10.000  10.960  -1.798
12.110  10.000  9.945  -1.824
12.120  10.000  9.031  -1.943
12.130  10.000  9.666  -1.821
12.140  10.000  10.781  -1.475
12.150  10.000  10.776  -1.274
12.160  10.000  9.461  -1.476
12.170  10.000  9.122  -1.707
12.180  10.000  9.962  -1.635
12.190  10.000  10.804  -1.429
12.200  10.000  10.635  -1.445
12.210  10.000  9.379  -1.747
12.220  10.000  9.145  -1.848
12.230  10.000  10.277  -1.729
12.240  10.000  11.009  -1.756
12.250  10.000  10.345  -2.051
12.260  10.000  9.363  -2.579
12.270  10.000  9.170  -2.878
12.280  10.000  10.461  -2.792
12.290  10.000  10.949  -2.710
12.300  10.000  10.235  -2.963
12.310  10.000  9.066  -3.377
12.320  10.000  9.261  -3.625
12.330  10.000  10.610  -3.564
12.340  10.000  10.925  -3.478
12.350  10.000  9.834  -3.744
12.360  10.000  8.972  -4.082
12.370  10.000  9.544  -4.140
12.380  10.000  10.594  -3.827
12.390  10.000  10.732  -3.555
12.400  10.000  9.610  -3.497
12.410  10.000  8.857  -3.424
12.420  10.000  9.931  -3.095
12.430  10.000  10.672  -2.574
12.440  10.000  10.887  -2.339
12.450  10.000  9.435  -2.321
12.460  10.000  9.228  -2.373
12.470  10.000  10.114  -2.210
12.480  10.000  11.068  -1.855
12.490  10.000  10.113  -1.513
12.500  10.000  9.333  -1.346
12.510  10.000  9.524  -1.470
12.520  10.000  10.855  -1.555
12.530  10.000  10.817  -1.722
12.540  10.000  9.886  -2.186
12.550  10.000  8.923  -2.500
12.560  10.000  9.578  -2.468
12.570  10.000  10.816  -2.355
12.580  10.000  10.892  -2.466
12.590  10.000  9.421  -3.025
12.600  10.000  9.016  -3.476
12.610  10.000  9.972  -3.450
12.620  10.000  10.904  -3.291
12.630  10.000  10.361  -3.266
12.640  10.000  9.146  -3.495
12.650  10.000  9.082  -3.747
12.660  10.000  10.280  -3.637
12.670  10.000  10.937  -3.283
12.680  10.000  10.228  -3.138
12.690  10.000  9.255  -3.228
12.700  12.501  9.365  -3.097
12.710  15.000  10.883  -2.511
12.720  17.500  12.498  -1.000
12.730  20.000  14.793  1.966
12.740  22.500  17.148  6.394
12.750  25.000  20.282  12.547
12.760  27.500  21.915  20.590
12.770  30.000  24.737  29.668
12.780  32.500  27.117  38.604
12.790  35.000  28.140  47.317
12.800  35.000  29.119  55.577
12.810  35.000  29.054  63.422
12.820  35.000  29.906  71.640
12.830  35.000  29.946  80.241
12.840  35.000  30.245  88.556
12.850  35.000  31.582  96.427
12.860  35.000  31.019  103.899
12.870  35.000  32.486  110.955
12.880  35.000  32.514  118.240
12.890  35.000  33.084  125.330
12.900  35.000  33.569  132.064
12.910  35.000  34.089  138.775
12.920  35.000  33.252  145.809
12.930  35.000  34.743  152.356
12.940  35.000  34.472  158.967
12.950  35.000  35.325  166.005
12.960  35.000  35.805  171.906
12.970  35.000  34.848  177.895
12.980  35.000  35.905  184.315
12.990  35.000  36.251  189.981
13.000  35.000  37.295  195.043
13.010  35.000  36.970  199.730
13.020  35.000  35.205  204.356
13.030  35.000  35.952  208.598
13.040  35.000  35.783  212.447
13.050  35.000  36.229  216.299
13.060  35.000  36.308  219.948
13.070  35.000  35.481  223.461
13.080  35.000  36.119  226.599
13.090  35.000  35.980  229.197
13.100  35.000  35.517  231.169
13.110  35.000  35.220  232.689
13.120  35.000  35.214  233.900
13.130  35.000  34.838  234.839
13.140  35.000  34.372  235.167
13.150  35.000  34.595  234.675
13.160  35.000  34.649  233.978
13.170  35.000  35.520  233.305
13.180  35.000  35.238  232.453
13.190  35.000  34.729  231.390
13.200  35.000  33.974  230.480
13.210  35.000  34.815  230.046
13.220  35.000  35.189  230.020
13.230  35.000  35.009  230.098
13.240  35.000  34.664  230.208
13.250  35.000  34.715  230.420
13.260  35.000  35.371  230.711
13.270  35.000  34.801  231.164
13.280  35.000  34.670  231.708
13.290  35.000  34.607  232.311
13.300  35.000  35.618  232.849
13.310  35.000  34.372  233.384
13.320  35.000  35.382  233.899
13.330  35.000  34.705  234.346
13.340  35.000  35.153  234.767
13.350  35.000  34.991  235.111
13.360  35.000  35.103  235.388
13.370  35.000  34.838  235.764
13.380  35.000  35.396  236.223
13.390  35.000  35.263  236.703
13.400  35.000  34.566  237.380
13.410  35.000  35.025  237.971
13.420  35.000  36.090  238.225
13.430  35.000  34.604  238.505
13.440  35.000  34.840  238.734
13.450  35.000  34.919  238.841
13.460  35.000  35.756  239.072
13.470  35.000  34.674  239.321
13.480  35.000  34.224  239.650
13.490  35.000  34.990  239.854
13.500  35.000  35.401  239.881
13.510  35.000  35.353  239.893
13.520  35.000  34.596  240.020
13.530  35.000  34.952  240.089
13.540  35.000  35.544  240.067
13.550  35.000  35.211  240.182
13.560  35.000  34.731  240.087
13.570  35.000  34.342  239.969
13.580  35.000  35.250  240.009
13.590  35.000  35.362  240.117
13.600  35.000  35.098  240.377
13.610  35.000  34.801  240.650
13.620  35.000  34.723  240.913
13.630  35.000  35.255  241.274
13.640  35.000  34.722  241.631
13.650  35.000  35.138  241.866
13.660  35.000  34.838  242.202
13.670  35.000  35.596  242.501
13.680  35.000  34.350  242.791
13.690  35.000  34.701  243.177
13.700  10.000  35.010  243.636
13.710  10.000  34.561  243.771
13.720  10.000  30.707  242.561
13.730  10.000  24.829  237.247
13.740  10.000  21.714  227.379
13.750  10.000  18.586  217.637
13.760  10.000  17.780  208.411
13.770  10.000  16.235  198.635
13.780  10.000  15.808  189.229
13.790  10.000  15.061  180.029
13.800  10.000  14.550  171.599
13.810  10.000  13.984  163.268
13.820  10.000  13.552  154.936
13.830  10.000  13.062  147.170
13.840  10.000  12.599  139.342
13.850  10.000  12.097  131.836
13.860  10.000  11.723  124.271
13.870  10.000  11.221  116.410
13.880  10.000  10.901  109.167
13.890  10.000  10.458  102.034
13.900  10.000  10.071  94.645
13.910  10.000  9.760  87.689
13.920  10.000  9.386  80.970
13.930  10.000  9.075  74.155
13.940  10.000  8.830  67.470
13.950  10.000  8.591  61.369
13.960  10.000  8.387  55.690
13.970  10.000  8.431  50.138
13.980  10.000  8.369  44.847
13.990  10.000  8.207  39.729
14.000  10.000  8.287  34.857
14.010  10.000  8.251  30.255
14.020  10.000  8.346  25.964
14.030  10.000  8.287  22.029
14.040  10.000  8.523  18.605
14.050  10.000  8.664  15.602
14.060  10.000  8.575  12.752
14.070  10.000  8.562  10.180
14.080  10.000  9.197  8.292
14.090  10.000  9.752  7.120
14.100  10.000  9.991  6.222
14.110  10.000  9.711  5.336
14.120  10.000  9.505  4.532
14.130  10.000  9.328  3.872
14.140  10.000  9.593  3.255
14.150  10.000  9.353  2.646
14.160  10.000  9.648  2.116
14.170  10.000  9.344  1.855
14.180  10.000  9.918  1.737
14.190  10.000  9.906  1.783
14.200  10.000  9.919  1.864
14.210  10.000  9.798  1.766
14.220  10.000  9.739  1.932
14.230  10.000  10.119  2.402
14.240  10.000  9.895  3.147
14.250  10.000  9.991  3.875
14.260  10.000  10.137  4.311
14.270  10.000  10.128  4.794
14.280  10.000  10.004  5.280
14.290  10.000  9.977  5.638
14.300  10.000  10.318  6.040
14.310  10.000  10.313  6.311
14.320  10.000  10.091  6.322
14.330  10.000  9.750  6.323
14.340  10.000  10.205  6.285
14.350  10.000  10.750  6.101
14.360  10.000  10.141  5.847
14.370  10.000  9.738  5.365
14.380  10.000  9.745  4.789
14.390  10.000  10.175  4.265
14.400  10.000  10.210  3.812
14.410  10.000  9.987  3.374
14.420  10.000  9.635  2.930
14.430  10.000  9.810  2.480
14.440  10.000  9.995  2.083
14.450  10.000  9.923  1.828
14.460  10.000  9.774  1.559
14.470  10.000  9.893  1.241
14.480  10.000  10.024  0.944
14.490  10.000  9.831  0.820
14.500  10.000  9.830  0.833
14.510  10.000  10.016  0.862
14.520  10.000  10.037  1.005
14.530  10.000  9.990  1.279
14.540  10.000  10.072  1.553
14.550  10.000  10.004  1.884
14.560  10.000  9.892  2.230
14.570  10.000  10.206  2.426
14.580  10.000  10.100  2.557
14.590  10.000  10.174  2.615
14.600  10.000  9.782  2.570
14.610  10.000  10.183  2.533
14.620  10.000  10.224  2.451
14.630  10.000  10.311  2.229
14.640  10.000  9.745  1.947
14.650  10.000  9.722  1.743
14.660  10.000  9.988  1.703
14.670  10.000  10.153  1.603
14.680  10.000  10.106  1.297
14.690  10.000  9.849  1.076
14.700  10.000  9.933  0.839
14.710  10.000  10.227  0.474
14.720  10.000  9.868  0.240
14.730  10.000  9.674  0.204
14.740  10.000  9.894  0.309
14.750  10.000  9.877  0.427
14.760  10.000  10.279  0.575
14.770  10.000  10.015  0.618
14.780  10.000  9.849  0.590
14.790  10.000  9.766  0.583
14.800  10.000  10.224  0.687
14.810  10.000  10.007  0.944
14.820  10.000  10.090  1.158
14.830  10.000  10.015  1.282
14.840  10.000  9.803  1.438
14.850  10.000  10.099  1.710
14.860  10.000  10.050  1.939
14.870  10.000  10.081  1.962
14.880  10.000  9.908  1.937
14.890  10.000  9.901  2.077
14.900  10.000  10.047  2.176
14.910  10.000  10.286  2.174
14.920  10.000  10.315  2.149
14.930  10.000  9.694  2.052
14.940  10.000  9.551  2.088
14.950  10.000  10.306  2.210
14.960  10.000  10.478  2.186
14.970  10.000  10.232  1.963
14.980  10.000  9.394  1.593
14.990  10.000  9.699  1.406
15.000  10.000  10.277  1.418
15.010  10.000  10.640  1.366
15.020  10.000  9.695  1.262
15.030  10.000  9.524  1.114
15.040  10.000  9.733  1.089
15.050  10.000  10.525  1.099
15.060  10.000  10.462  0.866
15.070  10.000  9.568  0.588
15.080  10.000  9.219  0.421
15.090  10.000  10.159  0.450
15.100  10.000  10.665  0.654
15.110  10.000  10.255  0.704
15.120  10.000  9.422  0.488
15.130  10.000  9.277  0.532
15.140  10.000  10.343  0.930
15.150  10.000  10.855  1.196
15.160  10.000  10.065  1.180
15.170  10.000  9.211  1.042
15.180  10.000  9.703  1.053
15.190  10.000  10.785  1.283
15.200  10.000  10.582  1.324
15.210  10.000  9.807  0.999
15.220  10.000  9.095  0.872
15.230  10.000  9.816  0.949
15.240  10.000  10.783  1.074
15.250  10.000  10.598  1.119
15.260  10.000  9.422  0.794
15.270  10.000  9.233  0.362
15.280  10.000  10.267  0.216
15.290  10.000  10.848  0.299
15.300  10.000  10.289  0.106
15.310  10.000  9.019  -0.381
15.320  10.000  9.431  -0.695
15.330  10.000  10.472  -0.573
15.340  10.000  10.913  -0.405
15.350  10.000  9.800  -0.589
15.360  10.000  8.918  -0.891
15.370  10.000  9.666  -0.903
15.380  10.000  10.747  -0.611
15.390  10.000  10.773  -0.512
15.400  10.000  9.488  -0.681
15.410  10.000  9.015  -0.881
15.420  10.000  10.159  -0.878
15.430  10.000  11.006  -0.616
15.440  10.000  10.535  -0.564
15.450  10.000  9.196  -0.740
15.460  10.000  9.002  -0.742
15.470  10.000  10.416  -0.478
15.480  10.000  11.101  -0.153
15.490  10.000  10.073  -0.152
15.500  10.000  9.127  -0.425
15.510  10.000  9.219  -0.501
15.520  10.000  10.888  -0.165
15.530  10.000  10.940  0.122
15.540  10.000  9.736  -0.062
15.550  10.000  8.760  -0.253
15.560  10.000  9.923  -0.163
15.570  10.000  11.045  0.064
15.580  10.000  10.858  0.038
15.590  10.000  9.375  -0.440
15.600  10.000  8.819  -0.853
15.610  10.000  10.048  -0.782
15.620  10.000  11.204  -0.387
15.630  10.000  10.507  -0.100
15.640  10.000  9.010  -0.086
15.650  10.000  8.982  -0.269
15.660  10.000  10.526  -0.363
15.670  10.000  11.071  -0.389
15.680  10.000  10.137  -0.719
15.690  10.000  9.033  -1.233
15.700  10.000  9.334  -1.406
15.710  12.499  10.779  -1.150
15.720  14.999  11.242  -0.589
15.730  17.499  11.819  0.510
15.740  19.999  13.971  2.683
15.750  22.499  16.745  6.653
15.760  24.999  19.857  12.591
15.770  27.499  21.931  19.943
15.780  30.000  24.384  28.368
15.790  32.499  26.073  37.294
15.800  34.999  27.827  45.887
15.810  35.000  28.270  53.994
15.820  35.000  29.386  62.337
15.830  35.000  29.996  70.630
15.840  35.000  29.869  78.607
15.850  35.000  31.215  86.071
15.860  35.000  31.445  92.990
15.870  35.000  31.930  100.262
15.880  35.000  32.066  107.750
15.890  35.000  32.938  114.873
15.900  35.000  32.446  121.945
15.910  35.000  33.023  129.479
15.920  35.000  33.917  136.405
15.930  35.000  33.810  142.936
15.940  35.000  34.122  149.845
15.950  35.000  35.154  156.121
15.960  35.000  34.891  162.501
15.970  35.000  36.066  169.113
15.980  35.000  35.650  175.381
15.990  35.000  36.302  181.246
16.000  35.000  36.227  186.808
16.010  35.000  36.601  192.398
16.020  35.000  35.668  197.559
16.030  35.000  36.273  202.143
16.040  35.000  35.647  206.038
16.050  35.000  36.736  209.800
16.060  35.000  36.072  213.799
16.070  35.000  35.946  217.624
16.080  35.000  35.821  220.878
16.090  35.000  36.091  223.802
16.100  35.000  35.534  226.419
16.110  35.000  35.798  228.574
16.120  35.000  35.395  230.403
16.130  35.000  35.389  231.901
16.140  35.000  35.248  232.970
16.150  35.000  35.056  233.520
16.160  35.000  33.868  233.561
16.170  35.000  33.631  232.843
16.180  35.000  34.393  231.640
16.190  35.000  35.663  230.679
16.200  35.000  35.310  230.088
16.210  35.000  34.302  229.638
16.220  35.000  34.516  229.105
16.230  35.000  35.277  228.728
16.240  35.000  34.911  228.584
16.250  35.000  34.873  228.387
16.260  35.000  34.114  228.492
16.270  35.000  34.936  228.891
16.280  35.000  35.578  229.138
16.290  35.000  34.760  229.347
16.300  35.000  34.211  229.869
16.310  35.000  35.349  230.522
16.320  35.000  35.081  231.086
16.330  35.000  34.915  231.635
16.340  35.000  35.035  232.049
16.350  35.000  34.836  232.434
16.360  35.000  35.231  232.674
16.370  35.000  35.656  232.657
16.380  35.000  35.077  232.770
16.390  35.000  34.513  233.256
16.400  35.000  35.188  233.788
16.410  35.000  35.195  234.252
16.420  35.000  34.902  234.649
16.430  35.000  35.381  234.848
16.440  35.000  34.741  235.023
16.450  35.000  35.026  235.224
16.460  35.000  35.069  235.404
16.470  35.000  35.522  235.473
16.480  35.000  34.998  235.411
16.490  35.000  34.801  235.325
16.500  35.000  34.443  235.525
16.510  35.000  35.360  235.921
16.520  35.000  35.167  236.167
16.530  35.000  35.187  236.358
16.540  35.000  34.245  236.492
16.550  35.000  35.288  236.616
16.560  35.000  35.034  236.874
16.570  35.000  35.041  237.186
16.580  35.000  34.882  237.485
16.590  35.000  35.214  237.810
16.600  35.000  35.121  238.066
16.610  35.000  34.584  238.213
16.620  35.000  35.368  238.322
16.630  35.000  34.510  238.541
16.640  35.000  35.733  238.716
16.650  35.000  34.411  238.836
16.660  35.000  35.247  238.896
16.670  35.000  34.601  239.059
16.680  35.000  35.589  239.392
16.690  35.000  35.057  239.652
16.700  35.000  34.531  239.975
16.710  10.000  34.851  240.264
16.720  10.000  33.975  240.366
16.730  10.000  30.683  239.118
16.740  10.000  25.200  234.451
16.750  10.000  21.722  225.391
16.760  10.000  18.669  215.355
16.770  10.000  17.739  206.669
16.780  10.000  16.168  197.519
16.790  10.000  15.774  188.101
16.800  10.000  15.039  178.911
16.810  10.000  14.532  169.997
16.820  10.000  14.042  161.852
16.830  10.000  13.505  153.741
16.840  10.000  13.014  145.147
16.850  10.000  12.585  137.203
16.860  10.000  12.085  129.631
16.870  10.000  11.523  121.632
16.880  10.000  11.256  114.188
16.890  10.000  10.847  107.114
16.900  10.000  10.423  99.712
16.910  10.000  10.116  92.614
16.920  10.000  9.700  86.040
16.930  10.000  9.427  79.734
16.940  10.000  9.059  73.248
16.950  10.000  8.935  66.950
16.960  10.000  8.557  61.138
16.970  10.000  8.350  55.060
16.980  10.000  8.312  49.125
16.990  10.000  8.233  43.312
17.000  10.000  8.140  37.977
17.010  10.000  8.236  33.485
17.020  10.000  8.274  29.192
17.030  10.000  8.298  25.065
17.040  10.000  8.310  21.117
17.050  10.000  8.669  17.708
17.060  10.000  8.661  14.730
17.070  10.000  8.625  11.822
17.080  10.000  8.519  9.178
17.090  10.000  9.252  7.199
17.100  10.000  9.913  6.020
17.110  10.000  10.427  5.151
17.120  10.000  9.548  4.229
17.130  10.000  9.306  3.322
17.140  10.000  9.327  2.609
17.150  10.000  9.514  2.060
17.160  10.000  9.327  1.467
17.170  10.000  9.307  0.935
17.180  10.000  9.584  0.571
17.190  10.000  10.034  0.502
17.200  10.000  9.954  0.683
17.210  10.000  9.496  0.931
17.220  10.000  9.523  1.346
17.230  10.000  10.133  2.038
17.240  10.000  10.359  2.868
17.250  10.000  10.368  3.513
17.260  10.000  9.645  4.005
17.270  10.000  9.897  4.585
17.280  10.000  10.268  5.245
17.290  10.000  10.401  5.668
17.300  10.000  10.048  5.826
17.310  10.000  9.938  5.982
17.320  10.000  9.969  6.254
17.330  10.000  10.312  6.428
17.340  10.000  10.407  6.224
17.350  10.000  10.258  5.794
17.360  10.000  9.909  5.431
17.370  10.000  9.972  5.024
17.380  10.000  10.218  4.530
17.390  10.000  10.236  3.979
17.400  10.000  9.923  3.359
17.410  10.000  9.776  2.727
17.420  10.000  9.922  2.070
17.430  10.000  10.166  1.481
17.440  10.000  9.917  0.962
17.450  10.000  9.649  0.549
17.460  10.000  9.622  0.217
17.470  10.000  9.852  -0.073
17.480  10.000  10.147  -0.258
17.490  10.000  9.763  -0.314
17.500  10.000  9.581  -0.225
17.510  10.000  9.831  0.026
17.520  10.000  10.260  0.278
17.530  10.000  10.163  0.434
17.540  10.000  9.873  0.663
17.550  10.000  9.721  1.188
17.560  10.000  10.103  1.753
17.570  10.000  10.325  2.175
17.580  10.000  10.286  2.529
17.590  10.000  9.543  2.936
17.600  10.000  9.958  3.324
17.610  10.000  10.508  3.537
17.620  10.000  10.247  3.695
17.630  10.000  9.971  3.644
17.640  10.000  9.562  3.508
17.650  10.000  10.301  3.352
17.660  10.000  10.516  3.161
17.670  10.000  10.015  2.938
17.680  10.000  9.479  2.633
17.690  10.000  9.787  2.364
17.700  10.000  10.367  2.151
17.710  10.000  10.406  1.783
17.720  10.000  9.787  1.353
17.730  10.000  9.659  1.162
17.740  10.000  9.765  1.165
17.750  10.000  10.350  1.245
17.760  10.000  10.191  1.204
17.770  10.000  9.681  1.045
17.780  10.000  9.482  0.782
17.790  10.000  9.845  0.709
17.800  10.000  10.498  0.856
17.810  10.000  10.089  1.002
17.820  10.000  9.749  1.030
17.830  10.000  9.508  1.146
17.840  10.000  10.187  1.528
17.850  10.000  10.515  2.065
17.860  10.000  9.983  2.512
17.870  10.000  9.557  2.587
17.880  10.000  9.884  2.602
17.890  10.000  10.525  2.731
17.900  10.000  10.463  2.704
17.910  10.000  9.724  2.568
17.920  10.000  9.427  2.574
17.930  10.000  10.062  2.630
17.940  10.000  10.741  2.708
17.950  10.000  10.368  2.574
17.960  10.000  9.448  2.320
17.970  10.000  9.442  2.222
17.980  10.000  10.432  2.136
17.990  10.000  10.566  2.098
18.000  10.000  10.085  1.891
18.010  10.000  9.351  1.541
18.020  10.000  9.651  1.418
18.030  10.000  10.480  1.384
18.040  10.000  10.651  1.235
18.050  10.000  9.535  1.031
18.060  10.000  9.366  0.760
18.070  10.000  9.775  0.675
18.080  10.000  10.621  0.834
18.090  10.000  10.172  0.845
18.100  10.000  9.478  0.692
18.110  10.000  9.315  0.762
18.120  10.000  10.200  1.216
18.130  10.000  10.864  1.677
18.140  10.000  9.934  1.944
18.150  10.000  9.166  2.159
18.160  10.000  9.536  2.490
18.170  10.000  10.797  2.941
18.180  10.000  10.932  3.181
18.190  10.000  9.982  3.024
18.200  10.000  9.163  2.761
18.210  10.000  9.653  2.807
18.220  10.000  10.706  3.161
18.230  10.000  10.615  3.322
18.240  10.000  9.692  3.156
18.250  10.000  9.248  2.848
18.260  10.000  10.188  2.664
18.270  10.000  10.862  2.665
18.280  10.000  10.545  2.310
18.290  10.000  9.451  1.652
18.300  10.000  9.198  1.213
18.310  10.000  10.269  0.968
18.320  10.000  10.478  0.835
18.330  10.000  10.049  0.564
18.340  10.000  9.211  0.264
18.350  10.000  9.473  0.144
18.360  10.000  10.390  0.280
18.370  10.000  10.571  0.474
18.380  10.000  9.831  0.369
18.390  10.000  9.271  0.126
18.400  10.000  9.838  0.153
18.410  10.000  10.297  0.618
18.420  10.000  10.488  1.071
18.430  10.000  9.363  1.406
18.440  10.000  9.718  1.623
18.450  10.000  10.279  1.813
18.460  10.000  10.770  2.092
18.470  10.000  9.927  2.225
18.480  10.000  9.657  2.167
18.490  10.000  9.796  2.225
18.500  10.000  10.503  2.499
18.510  10.000  10.702  2.490
18.520  10.000  9.880  2.154
18.530  10.000  9.387  1.721
18.540  10.000  9.713  1.422
18.550  10.000  10.726  1.356
18.560  10.000  10.574  1.255
18.570  10.000  9.668  0.854
18.580  10.000  9.145  0.448
18.590  10.000  9.807  0.370
18.600  10.000  10.581  0.353
18.610  10.000  10.442  0.262
18.620  10.000  9.679  0.037
18.630  10.000  9.217  -0.334
18.640  10.000  9.896  -0.606
18.650  10.000  10.600  -0.653
18.660  10.000  10.191  -0.707
18.670  10.000  9.459  -0.776
18.680  10.000  9.553  -0.605
18.690  10.000  10.283  -0.177
18.700  10.000  10.388  0.307
18.710  10.000  10.030  0.511
18.720  12.500  9.569  0.455
18.730  15.000  10.031  0.842
18.740  17.500  12.366  1.902
18.750  20.000  15.522  4.356
18.760  22.500  17.361  8.793
18.770  25.000  20.056  14.661
18.780  27.500  22.240  21.780
18.790  30.000  25.138  30.177
18.800  32.500  27.283  38.726
18.810  35.000  28.229  46.734
18.820  35.000  29.384  54.441
18.830  35.000  28.706  62.661
18.840  35.000  29.423  71.111
18.850  35.000  29.948  80.342
18.860  35.000  31.616  89.049
18.870  35.000  32.083  95.970
18.880  35.000  31.399  103.305
18.890  35.000  32.112  110.811
18.900  35.000  32.397  117.682
18.910  35.000  33.262  123.969
18.920  35.000  34.190  130.100
18.930  35.000  33.388  136.899
18.940  35.000  34.493  144.027
18.950  35.000  34.106  151.413
18.960  35.000  35.104  158.658
18.970  35.000  35.277  165.063
18.980  35.000  35.578  171.231
18.990  35.000  35.254  178.040
19.000  35.000  36.504  184.637
19.010  35.000  37.137  189.967
19.020  35.000  36.943  194.790
19.030  35.000  35.542  199.326
19.040  35.000  36.503  203.372
19.050  35.000  35.523  207.486
19.060  35.000  36.124  211.713
19.070  35.000  36.284  215.550
19.080  35.000  35.166  219.495
19.090  35.000  35.741  223.216
19.100  35.000  35.819  226.216
19.110  35.000  36.234  228.546
19.120  35.000  35.423  230.487
19.130  35.000  35.147  232.171
19.140  35.000  34.166  233.512
19.150  35.000  34.932  234.404
19.160  35.000  33.998  234.643
19.170  35.000  34.685  234.373
19.180  35.000  35.785  234.006
19.190  35.000  35.603  233.646
19.200  35.000  34.432  233.277
19.210  35.000  33.949  232.886
19.220  35.000  35.514  232.572
19.230  35.000  35.581  232.340
19.240  35.000  35.194  231.953
19.250  35.000  33.878  231.531
19.260  35.000  34.367  231.328
19.270  35.000  35.309  231.397
19.280  35.000  35.463  231.660
19.290  35.000  33.981  232.044
19.300  35.000  35.131  232.327
19.310  35.000  34.786  232.528
19.320  35.000  35.614  232.846
19.330  35.000  34.767  233.239
19.340  35.000  35.393  233.697
19.350  35.000  34.765  234.211
19.360  35.000  35.732  234.686
19.370  35.000  34.704  235.031
19.380  35.000  34.931  235.269
19.390  35.000  34.872  235.432
19.400  35.000  35.226  235.557
19.410  35.000  35.272  235.657
19.420  35.000  34.502  235.731
19.430  35.000  34.877  235.845
19.440  35.000  34.787  236.217
19.450  35.000  35.432  236.707
19.460  35.000  35.121  236.992
19.470  35.000  34.949  237.183
19.480  35.000  34.312  237.519
19.490  35.000  35.995  237.804
19.500  35.000  34.822  238.140
19.510  35.000  34.848  238.609
19.520  35.000  34.626  239.121
19.530  35.000  35.582  239.643
19.540  35.000  34.909  240.098
19.550  35.000  35.205  240.506
19.560  35.000  34.500  240.776
19.570  35.000  35.719  240.783
19.580  35.000  34.955  240.664
19.590  35.000  34.821  240.552
19.600  35.000  34.976  240.634
19.610  35.000  35.040  240.931
19.620  35.000  34.954  241.089
19.630  35.000  35.398  241.068
19.640  35.000  35.415  241.051
19.650  35.000  34.746  241.010
19.660  35.000  34.604  240.904
19.670  35.000  35.100  240.827
19.680  35.000  35.280  240.773
19.690  35.000  34.795  240.691
19.700  35.000  34.645  240.578
19.710  35.000  34.711  240.661
19.720  10.000  34.952  241.009
19.730  10.000  34.060  241.150
19.740  10.000  30.241  239.919
19.750  10.000  24.894  235.236
19.760  10.000  21.521  226.300
19.770  10.000  18.468  216.380
19.780  10.000  17.467  207.591
19.790  10.000  16.060  198.842
19.800  10.000  15.700  190.326
19.810  10.000  15.043  182.007
19.820  10.000  14.553  173.358
19.830  10.000  13.957  164.517
19.840  10.000  13.318  156.271
19.850  10.000  12.901  148.639
19.860  10.000  12.429  141.232
19.870  10.000  11.986  133.929
19.880  10.000  11.508  126.600
19.890  10.000  11.110  119.551
19.900  10.000  10.755  112.603
19.910  10.000  10.349  105.668
19.920  10.000  9.994  98.570
19.930  10.000  9.686  91.277
19.940  10.000  9.323  84.478
19.950  10.000  8.993  78.290
19.960  10.000  8.863  72.490
19.970  10.000  8.480  66.788
19.980  10.000  8.318  60.701
19.990  10.000  8.477  54.746
20.000  10.000  8.346  49.320
20.010  10.000  8.235  44.411
20.020  10.000  8.217  39.814
20.030  10.000  8.255  35.516
20.040  10.000  8.248  31.282
20.050  10.000  8.276  27.242
20.060  10.000  8.609  23.813
20.070  10.000  8.702  20.784
20.080  10.000  8.629  18.007
20.090  10.000  8.682  15.604
20.100  10.000  9.129  13.936
20.110  10.000  9.942  12.874
20.120  10.000  9.968  12.181
20.130  10.000  9.585  11.570
20.140  10.000  9.462  10.920
20.150  10.000  9.271  10.442
20.160  10.000  9.221  10.018
20.170  10.000  9.330  9.495
20.180  10.000  9.676  9.041
20.190  10.000  10.089  8.825
20.200  10.000  9.791  8.790
20.210  10.000  9.721  8.836
20.220  10.000  9.496  9.148
20.230  10.000  9.829  9.686
20.240  10.000  10.297  10.321
20.250  10.000  10.051  11.007
20.260  10.000  9.999  11.634
20.270  10.000  10.088  12.210
20.280  10.000  10.267  12.673
20.290  10.000  10.364  13.002
20.300  10.000  10.081  13.050
20.310  10.000  10.119  12.981
20.320  10.000  10.133  13.016
20.330  10.000  10.459  12.892
20.340  10.000  10.142  12.542
20.350  10.000  10.044  12.152
20.360  10.000  10.002  11.740
20.370  10.000  10.097  11.223
20.380  10.000  10.043  10.677
20.390  10.000  10.080  9.956
20.400  10.000  9.830  9.311
20.410  10.000  9.698  8.822
20.420  10.000  9.922  8.326
20.430  10.000  10.021  7.724
20.440  10.000  10.128  6.910
20.450  10.000  9.765  6.235
20.460  10.000  9.624  5.875
20.470  10.000  9.949  5.779
20.480  10.000  9.913  5.897
20.490  10.000  9.902  6.111
20.500  10.000  9.774  6.172
20.510  10.000  9.959  6.104
20.520  10.000  10.240  6.104
20.530  10.000  9.802  6.312
20.540  10.000  9.639  6.559
20.550  10.000  9.936  6.825
20.560  10.000  10.198  7.357
20.570  10.000  10.314  7.783
20.580  10.000  10.052  8.105
20.590  10.000  9.722  8.604
20.600  10.000  10.090  9.079
20.610  10.000  10.392  9.374
20.620  10.000  10.299  9.547
20.630  10.000  9.931  9.720
20.640  10.000  9.890  9.710
20.650  10.000  9.871  9.527
20.660  10.000  10.182  9.366
20.670  10.000  10.181  9.083
20.680  10.000  10.098  8.736
20.690  10.000  9.947  8.408
20.700  10.000  9.876  8.145
20.710  10.000  10.107  7.967
20.720  10.000  10.139  7.643
20.730  10.000  10.022  7.318
20.740  10.000  9.916  7.084
20.750  10.000  9.871  6.790
20.760  10.000  9.974  6.495
20.770  10.000  9.943  6.221
20.780  10.000  9.859  6.017
20.790  10.000  9.779  5.928
20.800  10.000  9.954  5.805
20.810  10.000  10.152  5.691
20.820  10.000  9.836  5.800
20.830  10.000  9.674  6.087
20.840  10.000  10.054  6.268
20.850  10.000  10.233  6.308
20.860  10.000  9.980  6.502
20.870  10.000  9.718  6.820
20.880  10.000  9.876  7.046
20.890  10.000  10.294  7.401
20.900  10.000  10.254  7.741
20.910  10.000  9.764  8.053
20.920  10.000  9.678  8.462
20.930  10.000  10.295  8.751
20.940  10.000  10.481  8.834
20.950  10.000  10.124  8.761
20.960  10.000  9.735  8.668
20.970  10.000  9.937  8.577
20.980  10.000  10.586  8.381
20.990  10.000  10.403  8.057
21.000  10.000  9.737  7.570
21.010  10.000  9.499  7.023
21.020  10.000  9.982  6.749
21.030  10.000  10.329  6.696
21.040  10.000  10.005  6.577
21.050  10.000  9.623  6.421
21.060  10.000  9.616  6.280
21.070  10.000  10.246  6.204
21.080  10.000  10.364  6.222
21.090  10.000  9.804  6.194
21.100  10.000  9.400  6.140
21.110  10.000  9.938  6.117
21.120  10.000  10.537  6.216
21.130  10.000  10.132  6.385
21.140  10.000  9.295  6.448
21.150  10.000  9.769  6.619
21.160  10.000  10.430  7.047
21.170  10.000  10.582  7.457
21.180  10.000  9.941  7.687
21.190  10.000  9.311  7.791
21.200  10.000  9.967  7.972
21.210  10.000  10.815  8.233
21.220  10.000  10.499  8.288
21.230  10.000  9.697  7.981
21.240  10.000  9.219  7.783
21.250  10.000  10.254  7.797
21.260  10.000  10.408  7.843
21.270  10.000  10.174  7.720
21.280  10.000  9.376  7.445
21.290  10.000  9.655  7.406
21.300  10.000  10.316  7.572
21.310  10.000  10.471  7.838
