# covent_pc_5
# Captured 2020-06-19 19:05:33.094218 by unknown user
# Built at revision a487b77 (dirty)
time(sec)  pc_setpoint  pressure  volume
0.000  5.000  4.970  -3.871
0.010  5.000  4.777  -4.021
0.020  5.000  4.977  -4.282
0.030  5.000  4.861  -4.486
0.040  5.000  4.904  -4.507
0.050  5.000  4.962  -4.572
0.060  5.000  4.945  -4.632
0.070  5.000  4.991  -4.640
0.080  5.000  4.872  -4.549
0.090  5.000  4.888  -4.406
0.100  5.000  4.994  -4.185
0.110  5.000  5.056  -4.103
0.120  5.000  4.974  -4.086
0.130  5.000  5.079  -3.849
0.140  5.000  4.993  -3.566
0.150  5.000  4.874  -3.322
0.160  5.000  4.892  -3.011
0.170  5.000  5.187  -2.864
0.180  5.000  5.152  -2.787
0.190  5.000  5.026  -2.630
0.200  5.000  4.754  -2.381
0.210  5.000  5.066  -2.070
0.220  5.000  5.037  -1.874
0.230  5.000  5.062  -1.680
0.240  5.000  4.938  -1.701
0.250  5.000  5.177  -1.884
0.260  5.000  5.204  -1.893
0.270  5.000  4.866  -1.694
0.280  5.000  4.884  -1.581
0.290  5.000  5.101  -1.696
0.300  5.000  5.116  -1.751
0.310  5.000  5.055  -1.670
0.320  5.000  4.855  -1.611
0.330  5.000  5.093  -1.576
0.340  5.000  5.015  -1.536
0.350  5.000  5.058  -1.526
0.360  5.000  4.985  -1.484
0.370  5.000  4.973  -1.506
0.380  5.000  5.106  -1.668
0.390  5.000  5.093  -1.825
0.400  5.000  4.890  -1.961
0.410  5.000  4.815  -2.133
0.420  5.000  5.098  -2.446
0.430  5.000  5.218  -2.844
0.440  5.000  4.817  -3.075
0.450  5.000  4.842  -3.262
0.460  5.000  5.181  -3.548
0.470  5.000  5.084  -3.738
0.480  5.000  4.968  -3.863
0.490  5.000  4.881  -3.920
0.500  5.000  4.842  -3.732
0.510  5.000  4.938  -3.593
0.520  5.000  5.145  -3.812
0.530  5.000  5.062  -3.983
0.540  5.000  4.872  -4.013
0.550  5.000  4.833  -4.074
0.560  5.000  5.064  -4.217
0.570  5.000  5.136  -4.374
0.580  5.000  4.920  -4.277
0.590  5.000  4.748  -4.140
0.600  5.000  5.113  -4.176
0.610  5.000  5.097  -4.244
0.620  5.000  5.150  -4.281
0.630  5.000  4.827  -4.303
0.640  5.000  4.774  -4.369
0.650  5.000  5.103  -4.380
0.660  5.000  5.117  -4.364
0.670  5.000  5.098  -4.367
0.680  5.000  4.762  -4.359
0.690  5.000  4.992  -4.315
0.700  5.000  5.020  -4.247
0.710  5.000  5.172  -4.074
0.720  5.000  4.981  -3.748
0.730  5.000  4.889  -3.643
0.740  5.000  5.054  -3.711
0.750  5.000  5.072  -3.676
0.760  5.000  5.112  -3.616
0.770  5.000  4.834  -3.663
0.780  5.000  5.002  -3.630
0.790  5.000  5.180  -3.645
0.800  5.000  5.052  -3.710
0.810  5.000  4.855  -3.554
0.820  5.000  5.067  -3.461
0.830  5.000  5.141  -3.679
0.840  5.000  5.207  -4.072
0.850  5.000  4.736  -4.215
0.860  5.000  4.926  -4.233
0.870  5.000  5.023  -4.252
0.880  5.000  5.033  -4.277
0.890  5.000  5.018  -4.251
0.900  6.500  4.978  -4.006
0.910  8.000  5.231  -3.569
0.920  9.500  5.459  -2.960
0.930  11.000  6.997  -1.766
0.940  12.500  8.151  0.828
0.950  14.000  10.840  4.738
0.960  15.500  12.844  10.043
0.970  17.000  14.979  17.082
0.980  18.500  18.394  25.380
0.990  20.000  19.384  34.065
1.000  20.000  21.129  43.009
1.010  20.000  22.553  52.232
1.020  20.000  21.950  61.799
1.030  20.000  22.846  70.815
1.040  20.000  21.499  78.955
1.050  20.000  20.171  86.426
1.060  20.000  19.906  92.925
1.070  20.000  18.793  98.993
1.080  20.000  18.291  104.460
1.090  20.000  18.035  109.686
1.100  20.000  18.875  115.300
1.110  20.000  20.306  121.444
1.120  20.000  20.974  128.194
1.130  20.000  20.977  135.066
1.140  20.000  21.015  141.379
1.150  20.000  20.798  147.047
1.160  20.000  20.039  152.205
1.170  20.000  19.281  157.287
1.180  20.000  19.760  162.511
1.190  20.000  20.041  167.842
1.200  20.000  20.674  173.041
1.210  20.000  21.197  177.856
1.220  20.000  20.136  182.918
1.230  20.000  19.486  187.801
1.240  20.000  19.553  192.281
1.250  20.000  20.186  197.094
1.260  20.000  20.817  201.967
1.270  20.000  20.698  206.412
1.280  20.000  19.712  210.490
1.290  20.000  20.082  214.525
1.300  20.000  20.105  218.519
1.310  20.000  20.111  222.345
1.320  20.000  20.265  226.176
1.330  20.000  20.492  230.154
1.340  20.000  19.783  234.163
1.350  20.000  20.488  237.891
1.360  20.000  20.152  241.337
1.370  20.000  20.537  244.490
1.380  20.000  20.260  247.421
1.390  20.000  20.136  250.253
1.400  20.000  19.535  252.880
1.410  20.000  20.197  255.421
1.420  20.000  20.135  258.051
1.430  20.000  20.688  260.636
1.440  20.000  20.148  262.913
1.450  20.000  19.633  264.954
1.460  20.000  19.961  266.846
1.470  20.000  20.228  268.818
1.480  20.000  19.996  270.982
1.490  20.000  20.445  272.662
1.500  20.000  20.308  274.017
1.510  20.000  20.725  275.602
1.520  20.000  20.219  277.241
1.530  20.000  20.624  278.736
1.540  20.000  20.142  280.208
1.550  20.000  20.203  281.778
1.560  20.000  20.297  283.107
1.570  20.000  20.250  284.127
1.580  20.000  20.178  284.968
1.590  20.000  19.992  285.431
1.600  20.000  20.259  285.676
1.610  20.000  20.426  286.020
1.620  20.000  20.198  286.195
1.630  20.000  19.517  286.263
1.640  20.000  20.158  286.270
1.650  20.000  20.665  286.107
1.660  20.000  20.029  286.087
1.670  20.000  19.732  286.135
1.680  20.000  19.680  286.006
1.690  20.000  20.318  285.818
1.700  20.000  20.271  285.713
1.710  20.000  19.850  285.534
1.720  20.000  19.661  285.252
1.730  20.000  19.875  285.180
1.740  20.000  20.018  285.349
1.750  20.000  20.508  285.312
1.760  20.000  19.782  285.159
1.770  20.000  19.644  285.039
1.780  20.000  19.843  284.925
1.790  20.000  20.246  285.088
1.800  20.000  20.239  285.334
1.810  20.000  19.692  285.443
1.820  20.000  19.782  285.615
1.830  20.000  19.929  285.878
1.840  20.000  20.178  286.237
1.850  20.000  20.050  286.633
1.860  20.000  19.890  286.759
1.870  20.000  19.802  286.892
1.880  20.000  20.022  287.116
1.890  20.000  20.383  287.304
1.900  5.000  19.697  287.630
1.910  5.000  18.712  287.506
1.920  5.000  15.736  285.732
1.930  5.000  12.696  281.843
1.940  5.000  10.970  275.189
1.950  5.000  10.463  268.103
1.960  5.000  9.643  261.660
1.970  5.000  9.250  254.518
1.980  5.000  9.102  247.595
1.990  5.000  8.922  240.839
2.000  5.000  8.794  233.959
2.010  5.000  8.552  227.099
2.020  5.000  8.394  220.826
2.030  5.000  8.145  215.149
2.040  5.000  8.050  208.974
2.050  5.000  7.904  202.422
2.060  5.000  7.740  196.357
2.070  5.000  7.415  190.697
2.080  5.000  7.374  185.364
2.090  5.000  7.197  179.594
2.100  5.000  7.008  173.484
2.110  5.000  6.866  167.617
2.120  5.000  6.851  161.639
2.130  5.000  6.677  155.978
2.140  5.000  6.578  150.314
2.150  5.000  6.391  144.704
2.160  5.000  6.226  139.382
2.170  5.000  6.115  133.842
2.180  5.000  5.954  128.226
2.190  5.000  5.875  123.088
2.200  5.000  5.690  118.049
2.210  5.000  5.567  113.008
2.220  5.000  5.486  107.895
2.230  5.000  5.383  102.841
2.240  5.000  5.187  97.972
2.250  5.000  5.091  93.033
2.260  5.000  4.959  88.428
2.270  5.000  4.860  83.595
2.280  5.000  4.749  78.844
2.290  5.000  4.722  74.198
2.300  5.000  4.558  69.350
2.310  5.000  4.487  64.919
2.320  5.000  4.426  60.991
2.330  5.000  4.364  56.761
2.340  5.000  4.175  52.530
2.350  5.000  4.185  48.774
2.360  5.000  4.139  44.990
2.370  5.000  4.145  41.380
2.380  5.000  4.229  38.103
2.390  5.000  4.091  34.829
2.400  5.000  4.003  31.540
2.410  5.000  3.931  28.262
2.420  5.000  4.004  25.163
2.430  5.000  4.159  22.324
2.440  5.000  4.116  19.595
2.450  5.000  4.169  16.898
2.460  5.000  4.177  14.369
2.470  5.000  3.984  11.977
2.480  5.000  4.020  9.693
2.490  5.000  4.103  7.625
2.500  5.000  4.242  5.880
2.510  5.000  4.468  4.415
2.520  5.000  4.471  2.911
2.530  5.000  4.520  1.408
2.540  5.000  4.320  0.098
2.550  5.000  4.274  -1.158
2.560  5.000  4.210  -2.518
2.570  5.000  4.349  -3.607
2.580  5.000  4.568  -4.329
2.590  5.000  4.888  -4.778
2.600  5.000  4.786  -4.837
2.610  5.000  4.738  -4.669
2.620  5.000  4.696  -4.555
2.630  5.000  4.864  -4.393
2.640  5.000  5.105  -4.183
2.650  5.000  4.895  -3.967
2.660  5.000  4.680  -3.413
2.670  5.000  4.854  -2.623
2.680  5.000  4.928  -1.849
2.690  5.000  5.091  -1.140
2.700  5.000  4.918  -0.707
2.710  5.000  4.945  -0.287
2.720  5.000  5.012  0.213
2.730  5.000  4.951  0.737
2.740  5.000  5.094  1.267
2.750  5.000  5.236  1.650
2.760  5.000  5.110  2.130
2.770  5.000  5.132  2.669
2.780  5.000  5.115  2.997
2.790  5.000  5.178  3.262
2.800  5.000  5.027  3.546
2.810  5.000  5.045  3.744
2.820  5.000  5.080  3.780
2.830  5.000  5.247  3.574
2.840  5.000  5.212  3.165
2.850  5.000  4.847  2.817
2.860  5.000  4.931  2.686
2.870  5.000  5.309  2.596
2.880  5.000  5.147  2.411
2.890  5.000  4.910  2.018
2.900  5.000  4.890  1.506
2.910  5.000  5.033  1.024
2.920  5.000  5.118  0.648
2.930  5.000  4.950  0.297
2.940  5.000  4.949  -0.055
2.950  5.000  4.748  -0.321
2.960  5.000  5.087  -0.655
2.970  5.000  5.036  -1.161
2.980  5.000  5.051  -1.691
2.990  5.000  4.882  -2.061
3.000  5.000  4.783  -2.138
3.010  5.000  4.955  -2.228
3.020  5.000  5.159  -2.535
3.030  5.000  4.940  -2.800
3.040  5.000  4.863  -3.028
3.050  5.000  4.824  -3.159
3.060  5.000  4.919  -3.190
3.070  5.000  4.971  -3.113
3.080  5.000  5.172  -3.092
3.090  5.000  4.839  -3.018
3.100  5.000  4.913  -2.716
3.110  5.000  4.997  -2.346
3.120  5.000  5.039  -2.092
3.130  5.000  5.051  -2.053
3.140  5.000  4.965  -1.950
3.150  5.000  4.930  -1.687
3.160  5.000  4.958  -1.433
3.170  5.000  5.044  -1.266
3.180  5.000  4.873  -1.137
3.190  5.000  4.980  -1.043
3.200  5.000  5.076  -0.877
3.210  5.000  5.008  -0.778
3.220  5.000  4.997  -0.836
3.230  5.000  5.033  -0.744
3.240  5.000  4.871  -0.484
3.250  5.000  5.166  -0.197
3.260  5.000  5.014  0.111
3.270  5.000  4.859  0.543
3.280  5.000  4.976  0.859
3.290  5.000  5.024  1.030
3.300  5.000  5.341  1.208
3.310  5.000  5.122  1.360
3.320  5.000  4.801  1.449
3.330  5.000  5.071  1.502
3.340  5.000  5.304  1.473
3.350  5.000  5.095  1.156
3.360  5.000  4.899  0.810
3.370  5.000  4.890  0.692
3.380  5.000  5.136  0.737
3.390  5.000  5.091  0.828
3.400  5.000  4.986  0.826
3.410  5.000  4.948  0.582
3.420  5.000  4.963  0.342
3.430  5.000  5.151  0.288
3.440  5.000  4.839  0.213
3.450  5.000  4.954  -0.074
3.460  5.000  4.998  -0.436
3.470  5.000  5.053  -0.727
3.480  5.000  4.983  -0.817
3.490  5.000  4.884  -0.749
3.500  5.000  4.873  -0.624
3.510  5.000  4.891  -0.426
3.520  5.000  5.085  -0.149
3.530  5.000  5.026  0.022
3.540  5.000  4.967  0.060
3.550  5.000  4.782  0.153
3.560  5.000  5.086  0.084
3.570  5.000  4.936  0.103
3.580  5.000  5.012  0.213
3.590  5.000  4.783  0.314
3.600  5.000  5.060  0.368
3.610  5.000  5.126  0.313
3.620  5.000  5.202  0.233
3.630  5.000  4.852  0.349
3.640  5.000  4.945  0.683
3.650  5.000  5.036  0.989
3.660  5.000  5.037  1.421
3.670  5.000  5.089  1.654
3.680  5.000  4.918  1.710
3.690  5.000  4.964  1.888
3.700  5.000  4.961  1.983
3.710  5.000  5.005  2.203
3.720  5.000  5.101  2.396
3.730  5.000  4.898  2.492
3.740  5.000  5.057  2.588
3.750  5.000  4.976  2.525
3.760  5.000  5.216  2.360
3.770  5.000  5.081  2.341
3.780  5.000  4.873  2.596
3.790  5.000  4.798  2.939
3.800  5.000  5.126  3.198
3.810  5.000  5.105  3.352
3.820  5.000  5.106  3.400
3.830  5.000  4.992  3.389
3.840  5.000  4.897  3.512
3.850  5.000  5.059  3.600
3.860  5.000  5.142  3.475
3.870  5.000  5.066  3.310
3.880  5.000  4.939  3.134
3.890  5.000  5.034  2.941
3.900  5.000  5.055  2.887
3.910  6.500  5.014  2.801
3.920  8.000  5.121  2.838
3.930  9.500  5.476  3.187
3.940  11.000  7.012  4.351
3.950  12.500  7.797  6.966
3.960  14.000  10.463  10.874
3.970  15.500  13.043  16.208
3.980  17.000  15.807  23.081
3.990  18.500  18.161  31.268
4.000  20.000  19.906  40.733
4.010  20.000  21.269  50.702
4.020  20.000  22.220  60.069
4.030  20.000  21.154  68.968
4.040  20.000  21.617  76.779
4.050  20.000  20.668  83.462
4.060  20.000  19.780  89.959
4.070  20.000  18.334  96.155
4.080  20.000  17.940  102.389
4.090  20.000  19.624  108.792
4.100  20.000  20.750  115.543
4.110  20.000  21.389  122.463
4.120  20.000  20.992  129.340
4.130  20.000  20.595  136.186
4.140  20.000  20.203  142.508
4.150  20.000  19.875  148.387
4.160  20.000  19.695  154.132
4.170  20.000  19.676  159.855
4.180  20.000  20.442  165.368
4.190  20.000  20.604  170.832
4.200  20.000  20.235  176.316
4.210  20.000  20.647  181.516
4.220  20.000  20.272  186.673
4.230  20.000  20.231  191.468
4.240  20.000  20.295  195.893
4.250  20.000  19.812  200.412
4.260  20.000  19.910  204.761
4.270  20.000  20.203  209.061
4.280  20.000  19.800  213.579
4.290  20.000  20.634  217.951
4.300  20.000  19.850  222.249
4.310  20.000  20.814  226.410
4.320  20.000  19.751  230.426
4.330  20.000  20.420  234.171
4.340  20.000  20.426  237.629
4.350  20.000  20.093  241.206
4.360  20.000  20.447  244.789
4.370  20.000  20.099  247.923
4.380  20.000  20.436  250.656
4.390  20.000  20.157  253.266
4.400  20.000  19.742  255.672
4.410  20.000  19.923  257.980
4.420  20.000  20.453  260.276
4.430  20.000  20.136  262.627
4.440  20.000  20.091  264.849
4.450  20.000  20.180  266.780
4.460  20.000  20.112  268.614
4.470  20.000  20.205  270.333
4.480  20.000  19.914  271.913
4.490  20.000  20.151  273.529
4.500  20.000  20.236  275.124
4.510  20.000  20.344  276.685
4.520  20.000  20.238  278.196
4.530  20.000  20.485  279.621
4.540  20.000  20.551  280.943
4.550  20.000  20.536  282.172
4.560  20.000  20.271  283.156
4.570  20.000  19.661  284.140
4.580  20.000  19.840  285.293
4.590  20.000  20.439  286.378
4.600  20.000  20.386  287.321
4.610  20.000  20.531  287.957
4.620  20.000  19.935  288.313
4.630  20.000  19.720  288.602
4.640  20.000  19.945  288.985
4.650  20.000  20.632  289.383
4.660  20.000  20.202  289.557
4.670  20.000  19.740  289.531
4.680  20.000  19.796  289.414
4.690  20.000  20.306  289.255
4.700  20.000  20.264  288.943
4.710  20.000  19.663  288.573
4.720  20.000  19.900  288.378
4.730  20.000  20.044  288.331
4.740  20.000  20.160  288.386
4.750  20.000  19.810  288.440
4.760  20.000  19.799  288.442
4.770  20.000  20.013  288.529
4.780  20.000  20.115  288.721
4.790  20.000  20.046  288.855
4.800  20.000  19.874  288.914
4.810  20.000  19.618  289.154
4.820  20.000  20.191  289.611
4.830  20.000  20.280  290.071
4.840  20.000  19.812  290.483
4.850  20.000  20.028  290.634
4.860  20.000  19.945  290.858
4.870  20.000  20.005  291.235
4.880  20.000  19.992  291.476
4.890  20.000  19.903  291.779
4.900  20.000  20.077  292.005
4.910  5.000  20.113  292.169
4.920  5.000  19.393  292.156
4.930  5.000  16.227  290.649
4.940  5.000  11.578  285.530
4.950  5.000  11.314  277.834
4.960  5.000  9.874  270.226
4.970  5.000  9.601  262.864
4.980  5.000  9.251  256.227
4.990  5.000  9.127  249.736
5.000  5.000  8.998  243.034
5.010  5.000  8.733  236.340
5.020  5.000  8.696  229.358
5.030  5.000  8.397  222.763
5.040  5.000  8.232  216.213
5.050  5.000  8.099  209.962
5.060  5.000  7.827  204.356
5.070  5.000  7.678  198.799
5.080  5.000  7.465  192.878
5.090  5.000  7.481  186.632
5.100  5.000  7.260  180.749
5.110  5.000  7.169  174.824
5.120  5.000  7.030  168.511
5.130  5.000  6.770  162.819
5.140  5.000  6.638  157.251
5.150  5.000  6.485  151.224
5.160  5.000  6.357  145.561
5.170  5.000  6.227  140.376
5.180  5.000  6.082  134.989
5.190  5.000  6.009  129.626
5.200  5.000  5.772  124.431
5.210  5.000  5.615  119.083
5.220  5.000  5.462  113.467
5.230  5.000  5.357  107.835
5.240  5.000  5.233  102.793
5.250  5.000  4.959  98.201
5.260  5.000  4.825  93.912
5.270  5.000  4.660  89.912
5.280  5.000  4.719  85.740
5.290  5.000  4.573  81.155
5.300  5.000  4.504  76.189
5.310  5.000  4.501  71.303
5.320  5.000  4.368  66.687
5.330  5.000  4.270  62.110
5.340  5.000  4.181  58.012
5.350  5.000  4.168  54.174
5.360  5.000  4.225  50.545
5.370  5.000  4.314  47.183
5.380  5.000  4.259  43.529
5.390  5.000  4.046  39.983
5.400  5.000  4.124  36.744
5.410  5.000  4.015  33.497
5.420  5.000  4.097  30.278
5.430  5.000  4.174  27.420
5.440  5.000  4.185  24.867
5.450  5.000  4.223  22.255
5.460  5.000  4.181  19.713
5.470  5.000  4.103  17.278
5.480  5.000  4.064  14.966
5.490  5.000  4.201  12.871
5.500  5.000  4.393  10.953
5.510  5.000  4.538  9.263
5.520  5.000  4.728  7.711
5.530  5.000  4.609  6.155
5.540  5.000  4.738  4.387
5.550  5.000  4.496  2.644
5.560  5.000  4.427  1.054
5.570  5.000  4.402  -0.602
5.580  5.000  4.271  -2.031
5.590  5.000  4.404  -3.221
5.600  5.000  4.565  -4.284
5.610  5.000  4.836  -5.083
5.620  5.000  4.870  -5.655
5.630  5.000  4.898  -6.310
5.640  5.000  4.691  -6.991
5.650  5.000  4.778  -7.364
5.660  5.000  5.026  -7.565
5.670  5.000  4.840  -7.563
5.680  5.000  4.852  -7.425
5.690  5.000  4.570  -7.269
5.700  5.000  4.971  -7.082
5.710  5.000  5.125  -6.833
5.720  5.000  4.920  -6.300
5.730  5.000  4.733  -5.524
5.740  5.000  4.915  -4.825
5.750  5.000  5.096  -4.240
5.760  5.000  5.235  -3.762
5.770  5.000  5.107  -3.323
5.780  5.000  4.725  -2.745
5.790  5.000  4.973  -2.229
5.800  5.000  5.104  -1.782
5.810  5.000  5.280  -1.390
5.820  5.000  5.087  -1.087
5.830  5.000  5.024  -0.984
5.840  5.000  5.141  -1.038
5.850  5.000  5.141  -0.859
5.860  5.000  5.058  -0.678
5.870  5.000  5.136  -0.594
5.880  5.000  5.116  -0.637
5.890  5.000  5.001  -0.849
5.900  5.000  5.111  -0.838
5.910  5.000  5.199  -1.020
5.920  5.000  5.082  -1.380
5.930  5.000  4.996  -1.867
5.940  5.000  5.071  -2.653
5.950  5.000  5.148  -3.380
5.960  5.000  4.814  -3.923
5.970  5.000  4.942  -4.269
5.980  5.000  4.959  -4.623
5.990  5.000  5.078  -5.027
6.000  5.000  4.830  -5.445
6.010  5.000  4.975  -5.895
6.020  5.000  4.934  -6.382
6.030  5.000  4.929  -6.728
6.040  5.000  4.942  -6.949
6.050  5.000  4.817  -7.130
6.060  5.000  4.918  -7.248
6.070  5.000  4.941  -7.428
6.080  5.000  5.128  -7.582
6.090  5.000  4.905  -7.713
6.100  5.000  4.922  -7.840
6.110  5.000  4.881  -7.816
6.120  5.000  4.958  -7.588
6.130  5.000  5.002  -7.201
6.140  5.000  4.989  -6.882
6.150  5.000  4.915  -6.758
6.160  5.000  5.052  -6.703
6.170  5.000  5.090  -6.670
6.180  5.000  5.008  -6.530
6.190  5.000  4.759  -6.221
6.200  5.000  5.085  -5.949
6.210  5.000  5.108  -5.742
6.220  5.000  4.832  -5.229
6.230  5.000  4.919  -4.714
6.240  5.000  5.100  -4.572
6.250  5.000  5.087  -4.573
6.260  5.000  4.917  -4.501
6.270  5.000  4.907  -4.221
6.280  5.000  5.118  -3.945
6.290  5.000  5.135  -3.907
6.300  5.000  5.171  -4.002
6.310  5.000  5.023  -4.012
6.320  5.000  4.994  -3.928
6.330  5.000  5.042  -3.848
6.340  5.000  5.154  -3.872
6.350  5.000  4.996  -4.006
6.360  5.000  5.027  -4.184
6.370  5.000  5.097  -4.425
6.380  5.000  5.121  -4.573
6.390  5.000  5.014  -4.831
6.400  5.000  4.857  -5.084
6.410  5.000  5.038  -5.187
6.420  5.000  5.065  -5.405
6.430  5.000  5.018  -5.656
6.440  5.000  4.818  -5.910
6.450  5.000  5.070  -6.158
6.460  5.000  5.065  -6.410
6.470  5.000  5.076  -6.663
6.480  5.000  4.918  -6.940
6.490  5.000  4.815  -7.131
6.500  5.000  4.956  -7.333
6.510  5.000  4.825  -7.276
6.520  5.000  5.081  -7.101
6.530  5.000  4.838  -7.082
6.540  5.000  5.022  -7.129
6.550  5.000  4.959  -7.302
6.560  5.000  4.960  -7.252
6.570  5.000  4.959  -7.173
6.580  5.000  4.994  -7.242
6.590  5.000  4.881  -7.231
6.600  5.000  5.068  -7.064
6.610  5.000  5.079  -6.963
6.620  5.000  4.983  -7.024
6.630  5.000  4.976  -7.072
6.640  5.000  4.950  -6.886
6.650  5.000  4.974  -6.551
6.660  5.000  5.017  -6.231
6.670  5.000  5.034  -5.996
6.680  5.000  4.942  -5.978
6.690  5.000  4.990  -5.758
6.700  5.000  5.028  -5.409
6.710  5.000  5.067  -5.378
6.720  5.000  4.963  -5.374
6.730  5.000  5.005  -5.272
6.740  5.000  5.145  -5.205
6.750  5.000  5.145  -5.018
6.760  5.000  4.887  -4.744
6.770  5.000  4.870  -4.561
6.780  5.000  4.946  -4.376
6.790  5.000  5.295  -4.209
6.800  5.000  5.107  -4.013
6.810  5.000  4.795  -3.821
6.820  5.000  5.125  -3.667
6.830  5.000  4.975  -3.433
6.840  5.000  5.053  -3.239
6.850  5.000  5.052  -3.290
6.860  5.000  5.097  -3.430
6.870  5.000  5.034  -3.342
6.880  5.000  4.895  -3.164
6.890  5.000  4.997  -3.231
6.900  5.000  4.978  -3.505
6.910  5.000  5.071  -3.738
6.920  6.500  4.932  -3.813
6.930  8.000  5.219  -3.555
6.940  9.500  5.427  -2.808
6.950  11.000  6.944  -1.397
6.960  12.500  8.073  1.212
6.970  14.000  10.552  5.249
6.980  15.500  13.219  10.347
6.990  17.000  15.382  16.824
7.000  18.500  18.276  24.559
7.010  20.000  20.098  33.374
7.020  20.000  21.749  42.510
7.030  20.000  21.945  51.285
7.040  20.000  20.683  60.542
7.050  20.000  20.993  68.809
7.060  20.000  19.920  76.043
7.070  20.000  19.291  83.123
7.080  20.000  19.339  89.590
7.090  20.000  19.512  96.291
7.100  20.000  20.204  103.402
7.110  20.000  20.644  110.583
7.120  20.000  21.111  117.651
7.130  20.000  20.595  124.495
7.140  20.000  19.712  131.044
7.150  20.000  20.268  136.994
7.160  20.000  20.137  142.635
7.170  20.000  19.732  148.791
7.180  20.000  20.440  154.740
7.190  20.000  20.451  160.213
7.200  20.000  20.327  165.761
7.210  20.000  20.223  171.203
7.220  20.000  20.119  176.417
7.230  20.000  20.163  181.400
7.240  20.000  20.107  186.775
7.250  20.000  20.263  192.050
7.260  20.000  20.574  196.380
7.270  20.000  20.231  200.385
7.280  20.000  19.748  204.261
7.290  20.000  20.238  207.979
7.300  20.000  19.916  211.893
7.310  20.000  20.015  215.853
7.320  20.000  19.962  219.820
7.330  20.000  20.135  223.990
7.340  20.000  20.203  228.276
7.350  20.000  20.636  232.384
7.360  20.000  20.386  236.274
7.370  20.000  20.404  239.802
7.380  20.000  20.125  242.892
7.390  20.000  20.051  245.908
7.400  20.000  20.505  248.787
7.410  20.000  20.274  251.456
7.420  20.000  19.942  253.907
7.430  20.000  19.196  256.290
7.440  20.000  20.284  258.723
7.450  20.000  20.611  261.295
7.460  20.000  20.870  263.597
7.470  20.000  19.659  265.546
7.480  20.000  19.925  267.241
7.490  20.000  19.906  268.693
7.500  20.000  20.404  270.292
7.510  20.000  19.898  272.113
7.520  20.000  20.320  273.850
7.530  20.000  20.274  275.352
7.540  20.000  20.633  276.758
7.550  20.000  20.668  278.184
7.560  20.000  20.472  279.706
7.570  20.000  20.274  280.990
7.580  20.000  20.066  281.857
7.590  20.000  20.096  282.675
7.600  20.000  20.330  283.459
7.610  20.000  20.181  284.254
7.620  20.000  19.719  285.098
7.630  20.000  20.208  285.718
7.640  20.000  20.283  286.215
7.650  20.000  20.354  286.706
7.660  20.000  19.368  286.975
7.670  20.000  20.149  286.934
7.680  20.000  20.011  287.054
7.690  20.000  20.417  287.303
7.700  20.000  19.999  287.396
7.710  20.000  19.837  287.285
7.720  20.000  19.823  287.150
7.730  20.000  20.156  287.321
7.740  20.000  20.127  287.589
7.750  20.000  19.816  287.686
7.760  20.000  19.934  287.858
7.770  20.000  20.243  288.087
7.780  20.000  20.070  288.162
7.790  20.000  19.784  288.365
7.800  20.000  19.573  288.797
7.810  20.000  20.557  289.042
7.820  20.000  20.094  289.178
7.830  20.000  19.936  289.153
7.840  20.000  19.568  288.972
7.850  20.000  19.994  289.068
7.860  20.000  20.214  289.242
7.870  20.000  20.246  289.407
7.880  20.000  19.491  289.702
7.890  20.000  19.867  289.998
7.900  20.000  20.235  290.351
7.910  20.000  20.372  290.719
7.920  5.000  19.514  290.976
7.930  5.000  19.101  290.790
7.940  5.000  15.762  288.955
7.950  5.000  11.285  283.848
7.960  5.000  11.205  276.444
7.970  5.000  9.852  268.853
7.980  5.000  9.688  261.479
7.990  5.000  9.304  254.683
8.000  5.000  9.077  248.385
8.010  5.000  8.892  241.827
8.020  5.000  8.690  235.020
8.030  5.000  8.564  228.606
8.040  5.000  8.459  222.229
8.050  5.000  8.215  215.582
8.060  5.000  8.009  209.171
8.070  5.000  7.812  203.336
8.080  5.000  7.502  197.518
8.090  5.000  7.426  191.097
8.100  5.000  7.217  184.665
8.110  5.000  7.080  178.584
8.120  5.000  7.028  172.914
8.130  5.000  6.847  167.572
8.140  5.000  6.690  162.314
8.150  5.000  6.564  157.170
8.160  5.000  6.368  152.272
8.170  5.000  6.206  147.507
8.180  5.000  6.121  142.663
8.190  5.000  6.096  137.257
8.200  5.000  5.830  131.493
8.210  5.000  5.746  126.358
8.220  5.000  5.552  121.550
8.230  5.000  5.399  116.384
8.240  5.000  5.417  110.940
8.250  5.000  5.226  105.957
8.260  5.000  5.119  101.116
8.270  5.000  4.961  96.340
8.280  5.000  4.845  91.574
8.290  5.000  4.818  86.458
8.300  5.000  4.664  81.427
8.310  5.000  4.548  76.647
8.320  5.000  4.519  72.002
8.330  5.000  4.451  67.703
8.340  5.000  4.407  63.302
8.350  5.000  4.275  58.694
8.360  5.000  4.249  54.821
8.370  5.000  4.156  50.796
8.380  5.000  4.183  46.821
8.390  5.000  4.193  42.780
8.400  5.000  4.274  38.811
8.410  5.000  4.131  35.507
8.420  5.000  4.060  32.119
8.430  5.000  3.992  28.776
8.440  5.000  4.034  25.668
8.450  5.000  4.187  22.797
8.460  5.000  4.171  19.900
8.470  5.000  4.242  17.084
8.480  5.000  4.136  14.370
8.490  5.000  4.151  11.669
8.500  5.000  4.031  9.177
8.510  5.000  4.225  7.119
8.520  5.000  4.288  5.346
8.530  5.000  4.546  3.664
8.540  5.000  4.545  1.948
8.550  5.000  4.549  0.283
8.560  5.000  4.373  -1.162
8.570  5.000  4.323  -2.555
8.580  5.000  4.369  -4.004
8.590  5.000  4.271  -5.281
8.600  5.000  4.448  -6.322
8.610  5.000  4.605  -7.024
8.620  5.000  4.829  -7.462
8.630  5.000  4.907  -7.795
8.640  5.000  4.671  -7.913
8.650  5.000  4.740  -7.971
8.660  5.000  4.948  -8.097
8.670  5.000  4.944  -8.096
8.680  5.000  4.698  -7.725
8.690  5.000  4.708  -7.229
8.700  5.000  4.925  -6.755
8.710  5.000  5.097  -6.323
8.720  5.000  4.882  -5.919
8.730  5.000  5.037  -5.413
8.740  5.000  4.991  -4.804
8.750  5.000  4.969  -4.153
8.760  5.000  4.951  -3.344
8.770  5.000  4.949  -2.537
8.780  5.000  4.996  -1.976
8.790  5.000  5.211  -1.672
8.800  5.000  5.147  -1.426
8.810  5.000  5.037  -1.030
8.820  5.000  4.998  -0.519
8.830  5.000  5.066  0.034
8.840  5.000  5.305  0.564
8.850  5.000  5.210  0.830
8.860  5.000  5.029  0.863
8.870  5.000  5.154  0.782
8.880  5.000  5.050  0.546
8.890  5.000  5.007  0.470
8.900  5.000  5.365  0.258
8.910  5.000  4.988  -0.055
8.920  5.000  4.920  -0.220
8.930  5.000  5.028  -0.600
8.940  5.000  5.208  -1.095
8.950  5.000  5.027  -1.496
8.960  5.000  4.888  -1.798
8.970  5.000  4.847  -2.059
8.980  5.000  5.091  -2.309
8.990  5.000  5.151  -2.759
9.000  5.000  5.023  -3.146
9.010  5.000  4.814  -3.232
9.020  5.000  4.803  -3.264
9.030  5.000  4.877  -3.215
9.040  5.000  5.062  -3.173
9.050  5.000  4.985  -3.314
9.060  5.000  4.840  -3.359
9.070  5.000  4.861  -3.437
9.080  5.000  4.984  -3.572
9.090  5.000  4.852  -3.463
9.100  5.000  4.989  -3.399
9.110  5.000  5.001  -3.283
9.120  5.000  4.986  -3.146
9.130  5.000  4.859  -3.062
9.140  5.000  4.779  -3.009
9.150  5.000  5.027  -2.866
9.160  5.000  5.119  -2.580
9.170  5.000  4.944  -2.326
9.180  5.000  4.904  -1.997
9.190  5.000  4.990  -1.643
9.200  5.000  5.171  -1.416
9.210  5.000  4.947  -1.206
9.220  5.000  4.933  -0.820
9.230  5.000  4.986  -0.375
9.240  5.000  5.151  -0.005
9.250  5.000  5.033  0.293
9.260  5.000  4.974  0.582
9.270  5.000  4.975  0.908
9.280  5.000  5.097  1.275
9.290  5.000  4.966  1.542
9.300  5.000  5.185  1.800
9.310  5.000  4.952  2.043
9.320  5.000  5.059  2.274
9.330  5.000  4.903  2.628
9.340  5.000  5.092  2.911
9.350  5.000  5.214  3.141
9.360  5.000  5.031  3.215
9.370  5.000  4.946  3.210
9.380  5.000  4.910  3.207
9.390  5.000  5.158  3.112
9.400  5.000  5.154  2.896
9.410  5.000  5.193  2.615
9.420  5.000  4.877  2.453
9.430  5.000  4.878  2.265
9.440  5.000  5.006  2.024
9.450  5.000  5.016  1.801
9.460  5.000  5.195  1.725
9.470  5.000  4.800  1.846
9.480  5.000  4.888  1.905
9.490  5.000  5.016  1.869
9.500  5.000  5.073  1.913
9.510  5.000  5.017  1.905
9.520  5.000  4.742  2.115
9.530  5.000  4.944  2.496
9.540  5.000  5.125  2.669
9.550  5.000  5.017  2.677
9.560  5.000  4.881  2.581
9.570  5.000  4.939  2.558
9.580  5.000  4.996  2.527
9.590  5.000  4.895  2.666
9.600  5.000  4.979  2.881
9.610  5.000  5.066  2.925
9.620  5.000  4.921  3.067
9.630  5.000  4.950  3.360
9.640  5.000  5.076  3.569
9.650  5.000  5.030  3.678
9.660  5.000  5.045  3.777
9.670  5.000  4.963  4.040
9.680  5.000  4.936  4.379
9.690  5.000  4.837  4.525
9.700  5.000  5.175  4.522
9.710  5.000  5.083  4.628
9.720  5.000  5.100  4.922
9.730  5.000  4.916  5.238
9.740  5.000  4.960  5.573
9.750  5.000  5.166  5.744
9.760  5.000  4.952  5.858
9.770  5.000  4.982  6.128
9.780  5.000  5.014  6.332
9.790  5.000  4.990  6.330
9.800  5.000  5.039  6.392
9.810  5.000  5.062  6.401
9.820  5.000  4.931  6.281
9.830  5.000  4.994  6.230
9.840  5.000  4.889  6.209
9.850  5.000  5.173  6.292
9.860  5.000  5.005  6.432
9.870  5.000  5.031  6.453
9.880  5.000  4.840  6.422
9.890  5.000  5.003  6.419
9.900  5.000  5.033  6.334
9.910  5.000  4.991  6.312
9.920  5.000  5.022  6.389
9.930  6.500  4.870  6.430
9.940  8.000  4.959  6.576
9.950  9.500  5.531  6.990
9.960  11.000  7.508  8.151
9.970  12.500  8.572  10.876
9.980  14.000  10.120  15.216
9.990  15.500  13.023  20.832
10.000  17.000  15.245  27.699
10.010  18.500  17.972  35.827
10.020  20.000  19.699  44.825
10.030  20.000  21.416  53.875
10.040  20.000  22.157  62.895
10.050  20.000  22.550  71.177
10.060  20.000  22.443  79.022
10.070  20.000  20.637  87.373
10.080  20.000  21.012  94.904
10.090  20.000  19.328  101.297
10.100  20.000  18.650  106.997
10.110  20.000  17.694  112.295
10.120  20.000  18.065  117.870
10.130  20.000  19.294  124.112
10.140  20.000  20.891  130.678
10.150  20.000  21.795  137.215
10.160  20.000  22.011  143.637
10.170  20.000  20.352  150.004
10.180  20.000  19.874  155.525
10.190  20.000  19.632  160.254
10.200  20.000  19.428  165.505
10.210  20.000  19.744  170.983
10.220  20.000  20.635  176.121
10.230  20.000  20.409  181.244
10.240  20.000  21.243  186.072
10.250  20.000  20.394  190.649
10.260  20.000  19.140  195.407
10.270  20.000  19.538  200.091
10.280  20.000  20.431  204.919
10.290  20.000  20.854  209.693
10.300  20.000  19.989  213.985
10.310  20.000  19.978  217.954
10.320  20.000  19.946  222.002
10.330  20.000  20.257  226.016
10.340  20.000  20.328  229.656
10.350  20.000  20.345  233.400
10.360  20.000  20.248  237.335
10.370  20.000  20.113  241.094
10.380  20.000  20.795  244.532
10.390  20.000  20.123  247.689
10.400  20.000  19.789  250.570
10.410  20.000  19.740  253.342
10.420  20.000  20.266  256.339
10.430  20.000  20.440  259.317
10.440  20.000  20.640  262.031
10.450  20.000  19.882  264.315
10.460  20.000  19.617  266.239
10.470  20.000  19.887  268.248
10.480  20.000  20.445  270.467
10.490  20.000  20.286  272.631
10.500  20.000  19.966  274.570
10.510  20.000  20.119  276.120
10.520  20.000  20.217  277.505
10.530  20.000  20.033  279.020
10.540  20.000  20.501  280.495
10.550  20.000  20.387  281.993
10.560  20.000  20.631  283.479
10.570  20.000  20.323  285.006
10.580  20.000  19.969  286.612
10.590  20.000  20.158  288.029
10.600  20.000  20.345  289.189
10.610  20.000  20.598  290.081
10.620  20.000  20.244  290.767
10.630  20.000  19.633  291.251
10.640  20.000  19.880  291.635
10.650  20.000  20.523  292.166
10.660  20.000  20.420  292.660
10.670  20.000  20.241  292.693
10.680  20.000  19.493  292.600
10.690  20.000  20.084  292.515
10.700  20.000  20.324  292.252
10.710  20.000  20.575  291.866
10.720  20.000  19.309  291.580
10.730  20.000  20.157  291.442
10.740  20.000  20.142  291.263
10.750  20.000  20.132  291.012
10.760  20.000  19.663  290.888
10.770  20.000  19.914  290.943
10.780  20.000  20.222  290.845
10.790  20.000  20.101  290.690
10.800  20.000  19.705  290.591
10.810  20.000  19.652  290.482
10.820  20.000  20.215  290.435
10.830  20.000  20.293  290.477
10.840  20.000  19.699  290.530
10.850  20.000  19.559  290.693
10.860  20.000  20.053  291.106
10.870  20.000  20.328  291.561
10.880  20.000  20.003  291.705
10.890  20.000  19.861  291.635
10.900  20.000  19.763  291.679
10.910  20.000  20.093  291.949
10.920  20.000  20.033  292.185
10.930  5.000  20.023  292.379
10.940  5.000  19.146  292.353
10.950  5.000  16.112  290.801
10.960  5.000  11.591  285.806
10.970  5.000  11.117  278.411
10.980  5.000  9.768  271.020
10.990  5.000  9.548  263.643
11.000  5.000  9.218  256.743
11.010  5.000  9.049  250.061
11.020  5.000  8.976  243.172
11.030  5.000  8.744  236.535
11.040  5.000  8.473  230.237
11.050  5.000  8.340  223.776
11.060  5.000  8.082  217.364
11.070  5.000  8.031  211.059
11.080  5.000  7.826  204.416
11.090  5.000  7.674  197.901
11.100  5.000  7.531  191.795
11.110  5.000  7.377  186.162
11.120  5.000  7.217  180.323
11.130  5.000  7.094  174.446
11.140  5.000  6.896  169.091
11.150  5.000  6.837  163.462
11.160  5.000  6.657  157.413
11.170  5.000  6.578  151.485
11.180  5.000  6.411  145.954
11.190  5.000  6.170  140.544
11.200  5.000  5.993  135.413
11.210  5.000  5.821  130.336
11.220  5.000  5.633  125.302
11.230  5.000  5.510  120.621
11.240  5.000  5.377  116.012
11.250  5.000  5.262  111.201
11.260  5.000  5.150  106.296
11.270  5.000  4.992  101.808
11.280  5.000  4.906  97.005
11.290  5.000  4.697  91.913
11.300  5.000  4.678  86.967
11.310  5.000  4.571  81.914
11.320  5.000  4.499  76.965
11.330  5.000  4.475  72.710
11.340  5.000  4.380  68.834
11.350  5.000  4.300  64.852
11.360  5.000  4.154  60.716
11.370  5.000  4.145  56.561
11.380  5.000  4.198  52.964
11.390  5.000  4.158  49.623
11.400  5.000  4.150  46.240
11.410  5.000  4.089  42.886
11.420  5.000  3.997  39.565
11.430  5.000  3.936  36.523
11.440  5.000  4.055  33.519
11.450  5.000  4.168  30.524
11.460  5.000  4.304  27.872
11.470  5.000  4.185  25.220
11.480  5.000  4.139  22.443
11.490  5.000  4.103  19.747
11.500  5.000  4.141  17.221
11.510  5.000  4.301  15.045
11.520  5.000  4.465  13.187
11.530  5.000  4.612  11.449
11.540  5.000  4.691  9.710
11.550  5.000  4.601  8.072
11.560  5.000  4.508  6.598
11.570  5.000  4.453  5.146
11.580  5.000  4.270  3.848
11.590  5.000  4.393  2.422
11.600  5.000  4.361  0.752
11.610  5.000  4.436  -0.422
11.620  5.000  4.816  -1.042
11.630  5.000  4.990  -1.541
11.640  5.000  4.872  -2.084
11.650  5.000  4.607  -2.626
11.660  5.000  4.728  -3.059
11.670  5.000  5.103  -3.342
11.680  5.000  4.949  -3.433
11.690  5.000  4.750  -3.413
11.700  5.000  4.785  -3.192
11.710  5.000  4.923  -2.811
11.720  5.000  5.065  -2.591
11.730  5.000  5.072  -2.387
11.740  5.000  4.888  -2.078
11.750  5.000  4.850  -1.668
11.760  5.000  5.153  -1.241
11.770  5.000  5.140  -0.852
11.780  5.000  4.806  -0.518
11.790  5.000  4.849  -0.335
11.800  5.000  5.016  -0.092
11.810  5.000  5.190  0.200
11.820  5.000  4.999  0.362
11.830  5.000  5.029  0.516
11.840  5.000  4.930  0.772
11.850  5.000  5.188  0.992
11.860  5.000  5.138  0.940
11.870  5.000  4.992  0.984
11.880  5.000  5.013  1.231
11.890  5.000  5.013  1.322
11.900  5.000  5.218  1.217
11.910  5.000  5.080  1.056
11.920  5.000  4.915  0.985
11.930  5.000  5.177  0.744
11.940  5.000  5.059  0.451
11.950  5.000  5.051  0.206
11.960  5.000  5.020  -0.177
11.970  5.000  4.818  -0.262
11.980  5.000  5.081  -0.244
11.990  5.000  5.222  -0.303
12.000  5.000  5.004  -0.428
12.010  5.000  4.848  -0.712
12.020  5.000  4.955  -1.023
12.030  5.000  4.990  -1.224
12.040  5.000  4.968  -1.361
12.050  5.000  4.956  -1.616
12.060  5.000  5.025  -1.865
12.070  5.000  4.894  -2.106
12.080  5.000  5.042  -2.229
12.090  5.000  4.772  -2.319
12.100  5.000  5.203  -2.373
12.110  5.000  4.903  -2.489
12.120  5.000  4.807  -2.458
12.130  5.000  4.892  -2.309
12.140  5.000  4.943  -2.273
12.150  5.000  5.182  -2.223
12.160  5.000  4.885  -2.203
12.170  5.000  4.944  -2.168
12.180  5.000  5.154  -2.112
12.190  5.000  4.865  -1.924
12.200  5.000  4.959  -1.689
12.210  5.000  4.931  -1.532
12.220  5.000  5.072  -1.406
12.230  5.000  5.138  -1.332
12.240  5.000  4.941  -1.193
12.250  5.000  5.072  -0.972
12.260  5.000  4.880  -0.884
12.270  5.000  5.044  -0.877
12.280  5.000  4.981  -0.830
12.290  5.000  5.111  -0.688
12.300  5.000  4.937  -0.419
12.310  5.000  5.024  -0.085
12.320  5.000  5.009  0.004
12.330  5.000  5.132  -0.063
12.340  5.000  5.001  -0.081
12.350  5.000  4.963  -0.103
12.360  5.000  5.055  -0.120
12.370  5.000  4.915  0.020
12.380  5.000  4.946  0.237
12.390  5.000  5.047  0.367
12.400  5.000  5.034  0.341
12.410  5.000  4.936  0.373
12.420  5.000  5.054  0.381
12.430  5.000  5.033  0.218
12.440  5.000  4.938  0.067
12.450  5.000  5.052  -0.044
12.460  5.000  5.138  -0.118
12.470  5.000  4.938  -0.206
12.480  5.000  4.880  -0.064
12.490  5.000  5.081  -0.067
12.500  5.000  5.012  -0.217
12.510  5.000  5.043  -0.273
12.520  5.000  4.976  -0.352
12.530  5.000  4.837  -0.349
12.540  5.000  5.074  -0.501
12.550  5.000  5.136  -0.749
12.560  5.000  5.059  -0.817
12.570  5.000  4.863  -0.825
12.580  5.000  4.976  -0.939
12.590  5.000  5.050  -1.087
12.600  5.000  4.981  -1.187
12.610  5.000  4.746  -1.016
12.620  5.000  5.241  -0.975
12.630  5.000  5.162  -1.180
12.640  5.000  5.082  -1.367
12.650  5.000  4.681  -1.511
12.660  5.000  4.856  -1.436
12.670  5.000  5.233  -1.462
12.680  5.000  5.192  -1.484
12.690  5.000  4.902  -1.484
12.700  5.000  4.670  -1.502
12.710  5.000  4.975  -1.378
12.720  5.000  5.293  -1.468
12.730  5.000  5.239  -1.689
12.740  5.000  4.950  -1.918
12.750  5.000  4.688  -2.240
12.760  5.000  5.058  -2.496
12.770  5.000  5.068  -2.607
12.780  5.000  4.953  -2.627
12.790  5.000  5.051  -2.637
12.800  5.000  4.819  -2.632
12.810  5.000  5.082  -2.687
12.820  5.000  5.006  -2.836
12.830  5.000  4.853  -2.799
12.840  5.000  4.907  -2.737
12.850  5.000  5.185  -2.758
12.860  5.000  4.992  -2.858
12.870  5.000  4.887  -2.969
12.880  5.000  4.890  -2.916
12.890  5.000  5.104  -2.890
12.900  5.000  4.989  -2.930
12.910  5.000  5.105  -3.025
12.920  5.000  4.861  -3.036
12.930  5.000  5.022  -3.029
12.940  6.500  5.079  -3.093
12.950  8.000  5.140  -2.996
12.960  9.500  5.458  -2.541
12.970  11.000  6.979  -1.217
12.980  12.500  8.386  1.621
12.990  14.000  10.435  5.931
13.000  15.500  12.822  11.533
13.010  17.000  15.855  18.284
13.020  18.500  17.701  26.327
13.030  20.000  19.599  35.134
13.040  20.000  21.849  43.628
13.050  20.000  22.450  52.336
13.060  20.000  22.113  60.579
13.070  20.000  22.195  67.764
13.080  20.000  20.735  74.963
13.090  20.000  19.510  82.009
13.100  20.000  18.558  88.250
13.110  20.000  18.009  93.900
13.120  20.000  18.129  99.726
13.130  20.000  19.903  106.158
13.140  20.000  20.741  113.399
13.150  20.000  21.294  120.613
13.160  20.000  20.873  127.654
13.170  20.000  20.436  134.607
13.180  20.000  20.401  140.745
13.190  20.000  20.363  146.234
13.200  20.000  19.725  151.762
13.210  20.000  19.774  157.596
13.220  20.000  20.276  162.998
13.230  20.000  20.832  167.979
13.240  20.000  20.363  173.179
13.250  20.000  20.426  178.513
13.260  20.000  19.440  183.737
13.270  20.000  20.641  188.584
13.280  20.000  19.908  193.293
13.290  20.000  20.600  198.041
13.300  20.000  20.195  202.663
13.310  20.000  19.712  207.109
13.320  20.000  20.235  211.232
13.330  20.000  20.083  215.242
13.340  20.000  20.489  219.241
13.350  20.000  19.815  222.919
13.360  20.000  21.289  226.241
13.370  20.000  19.784  229.682
13.380  20.000  20.201  233.003
13.390  20.000  19.879  236.402
13.400  20.000  20.344  239.923
13.410  20.000  20.595  242.977
13.420  20.000  20.067  245.777
13.430  20.000  19.789  248.425
13.440  20.000  19.901  251.023
13.450  20.000  20.350  253.704
13.460  20.000  19.765  256.477
13.470  20.000  20.390  259.132
13.480  20.000  20.432  261.543
13.490  20.000  19.924  263.854
13.500  20.000  19.937  265.915
13.510  20.000  20.411  267.476
13.520  20.000  20.352  268.949
13.530  20.000  20.036  270.565
13.540  20.000  20.361  272.097
13.550  20.000  20.379  273.660
13.560  20.000  20.878  275.107
13.570  20.000  20.433  276.404
13.580  20.000  20.027  277.479
13.590  20.000  19.962  278.384
13.600  20.000  20.298  279.495
13.610  20.000  20.375  280.584
13.620  20.000  19.924  281.436
13.630  20.000  19.865  282.073
13.640  20.000  20.250  282.652
13.650  20.000  20.306  283.202
13.660  20.000  20.372  283.501
13.670  20.000  19.685  283.589
13.680  20.000  19.779  283.594
13.690  20.000  20.334  283.670
13.700  20.000  20.597  283.734
13.710  20.000  19.768  283.665
13.720  20.000  19.623  283.522
13.730  20.000  20.150  283.339
13.740  20.000  20.211  283.146
13.750  20.000  20.140  282.962
13.760  20.000  19.863  282.751
13.770  20.000  19.636  282.650
13.780  20.000  19.932  282.738
13.790  20.000  20.029  282.909
13.800  20.000  19.988  283.118
13.810  20.000  19.704  283.362
13.820  20.000  19.781  283.678
13.830  20.000  20.467  284.041
13.840  20.000  20.005  284.557
13.850  20.000  19.809  284.986
13.860  20.000  19.616  285.294
13.870  20.000  20.135  285.758
13.880  20.000  20.599  286.111
13.890  20.000  20.429  286.086
13.900  20.000  19.485  285.859
13.910  20.000  19.424  285.765
13.920  20.000  20.206  286.024
13.930  20.000  20.658  286.322
13.940  5.000  20.226  286.250
13.950  5.000  18.427  285.875
13.960  5.000  15.554  284.102
13.970  5.000  11.397  278.711
13.980  5.000  11.158  271.795
13.990  5.000  9.782  264.899
14.000  5.000  9.626  258.007
14.010  5.000  9.313  251.612
14.020  5.000  9.075  244.705
14.030  5.000  9.035  238.188
14.040  5.000  8.690  232.188
14.050  5.000  8.503  226.190
14.060  5.000  8.356  220.218
14.070  5.000  8.115  214.231
14.080  5.000  7.952  208.397
14.090  5.000  7.807  202.197
14.100  5.000  7.702  195.561
14.110  5.000  7.437  189.716
14.120  5.000  7.245  183.915
14.130  5.000  7.092  177.503
14.140  5.000  6.718  172.035
14.150  5.000  6.763  166.537
14.160  5.000  6.463  160.440
14.170  5.000  6.370  155.399
14.180  5.000  6.246  150.147
14.190  5.000  6.103  144.695
14.200  5.000  5.911  139.582
14.210  5.000  5.841  133.938
14.220  5.000  5.737  128.339
14.230  5.000  5.645  122.839
14.240  5.000  5.394  117.888
14.250  5.000  5.357  113.445
14.260  5.000  5.179  108.526
14.270  5.000  5.084  103.279
14.280  5.000  4.871  98.644
14.290  5.000  4.866  94.055
14.300  5.000  4.741  89.355
14.310  5.000  4.707  84.946
14.320  5.000  4.563  80.219
14.330  5.000  4.498  75.374
14.340  5.000  4.456  70.714
14.350  5.000  4.352  66.216
14.360  5.000  4.212  62.192
14.370  5.000  4.264  58.048
14.380  5.000  4.140  53.994
14.390  5.000  4.222  50.600
14.400  5.000  4.250  47.298
14.410  5.000  4.185  44.079
14.420  5.000  4.129  40.282
14.430  5.000  4.039  35.957
14.440  5.000  4.105  32.185
14.450  5.000  4.158  29.022
14.460  5.000  4.175  26.243
14.470  5.000  4.252  23.598
14.480  5.000  4.250  21.050
14.490  5.000  4.133  18.521
14.500  5.000  4.090  15.919
14.510  5.000  4.114  13.530
14.520  5.000  4.206  11.433
14.530  5.000  4.398  9.456
14.540  5.000  4.577  7.580
14.550  5.000  4.597  5.891
14.560  5.000  4.661  4.150
14.570  5.000  4.580  2.429
14.580  5.000  4.473  0.873
14.590  5.000  4.420  -0.528
14.600  5.000  4.456  -1.775
14.610  5.000  4.354  -3.031
14.620  5.000  4.385  -4.286
14.630  5.000  4.664  -5.496
14.640  5.000  4.883  -6.652
14.650  5.000  5.073  -7.532
14.660  5.000  4.603  -8.057
14.670  5.000  4.589  -8.318
14.680  5.000  4.774  -8.381
14.690  5.000  5.129  -8.377
14.700  5.000  5.030  -8.510
14.710  5.000  4.762  -8.666
14.720  5.000  4.678  -8.633
14.730  5.000  5.072  -8.425
14.740  5.000  5.024  -8.109
14.750  5.000  4.957  -7.612
14.760  5.000  4.738  -7.065
14.770  5.000  4.914  -6.645
14.780  5.000  5.044  -6.287
14.790  5.000  5.126  -5.943
14.800  5.000  5.058  -5.574
14.810  5.000  5.029  -5.279
14.820  5.000  5.084  -4.943
14.830  5.000  4.938  -4.396
14.840  5.000  4.863  -3.788
14.850  5.000  5.155  -3.516
14.860  5.000  5.045  -3.335
14.870  5.000  5.178  -3.072
14.880  5.000  5.004  -2.851
14.890  5.000  4.963  -2.683
14.900  5.000  5.011  -2.584
14.910  5.000  5.169  -2.425
14.920  5.000  5.024  -2.298
14.930  5.000  5.059  -2.312
14.940  5.000  4.936  -2.313
14.950  5.000  5.032  -2.331
14.960  5.000  5.187  -2.476
14.970  5.000  5.030  -2.558
14.980  5.000  5.016  -2.651
14.990  5.000  5.002  -2.906
15.000  5.000  5.140  -3.311
15.010  5.000  5.042  -3.606
15.020  5.000  4.918  -3.611
15.030  5.000  4.875  -3.488
15.040  5.000  5.057  -3.625
15.050  5.000  5.128  -4.049
15.060  5.000  4.927  -4.466
15.070  5.000  4.797  -4.590
15.080  5.000  4.909  -4.493
15.090  5.000  5.068  -4.396
15.100  5.000  5.119  -4.320
15.110  5.000  5.022  -4.318
15.120  5.000  4.958  -4.451
15.130  5.000  4.826  -4.678
15.140  5.000  5.088  -4.884
15.150  5.000  5.067  -5.121
15.160  5.000  4.795  -5.230
15.170  5.000  4.694  -5.013
15.180  5.000  4.979  -4.784
15.190  5.000  5.119  -4.736
15.200  5.000  5.019  -4.742
15.210  5.000  4.770  -4.622
15.220  5.000  4.894  -4.418
15.230  5.000  4.974  -4.303
15.240  5.000  5.157  -4.152
15.250  5.000  4.971  -4.022
15.260  5.000  4.964  -3.867
15.270  5.000  4.996  -3.647
15.280  5.000  5.084  -3.368
15.290  5.000  5.052  -3.153
15.300  5.000  5.080  -3.017
15.310  5.000  4.946  -2.909
15.320  5.000  5.175  -2.957
15.330  5.000  4.986  -3.183
15.340  5.000  5.060  -3.421
15.350  5.000  4.895  -3.398
15.360  5.000  5.124  -3.316
15.370  5.000  5.126  -3.384
15.380  5.000  4.963  -3.385
15.390  5.000  4.985  -3.338
15.400  5.000  5.023  -3.395
15.410  5.000  5.066  -3.503
15.420  5.000  5.129  -3.827
15.430  5.000  5.010  -4.175
15.440  5.000  4.829  -4.176
15.450  5.000  4.981  -4.057
15.460  5.000  4.984  -4.111
15.470  5.000  5.206  -4.275
15.480  5.000  4.932  -4.342
15.490  5.000  5.044  -4.336
15.500  5.000  4.989  -4.399
15.510  5.000  4.986  -4.443
15.520  5.000  4.899  -4.457
15.530  5.000  4.994  -4.605
15.540  5.000  4.931  -4.785
15.550  5.000  4.899  -4.884
15.560  5.000  4.917  -4.774
15.570  5.000  5.048  -4.495
15.580  5.000  4.962  -4.473
15.590  5.000  5.068  -4.561
15.600  5.000  4.887  -4.493
15.610  5.000  5.006  -4.430
15.620  5.000  4.983  -4.427
15.630  5.000  4.937  -4.327
15.640  5.000  4.941  -4.209
15.650  5.000  4.974  -4.052
15.660  5.000  5.065  -3.986
15.670  5.000  5.116  -4.070
15.680  5.000  4.800  -3.828
15.690  5.000  5.047  -3.449
15.700  5.000  5.217  -3.206
15.710  5.000  4.930  -2.914
15.720  5.000  4.933  -2.476
15.730  5.000  4.810  -1.936
15.740  5.000  5.311  -1.598
15.750  5.000  5.066  -1.578
15.760  5.000  4.949  -1.506
15.770  5.000  4.861  -1.370
15.780  5.000  5.072  -1.219
15.790  5.000  5.139  -0.966
15.800  5.000  5.101  -0.865
15.810  5.000  4.913  -0.956
15.820  5.000  4.855  -1.015
15.830  5.000  5.051  -1.022
15.840  5.000  5.143  -1.011
15.850  5.000  4.983  -0.993
15.860  5.000  4.916  -0.881
15.870  5.000  5.086  -0.794
15.880  5.000  5.057  -0.759
15.890  5.000  5.083  -0.876
15.900  5.000  4.789  -1.049
15.910  5.000  4.984  -1.169
15.920  5.000  5.072  -1.245
15.930  5.000  5.190  -1.289
15.940  5.000  4.983  -1.463
15.950  6.500  4.902  -1.502
15.960  8.000  5.161  -1.329
15.970  9.500  5.461  -0.810
15.980  11.000  7.039  0.546
15.990  12.500  8.124  3.281
16.000  14.000  10.394  7.476
16.010  15.500  12.940  12.974
16.020  17.000  15.394  19.826
16.030  18.500  17.611  27.710
16.040  20.000  19.613  36.835
16.050  20.000  21.421  46.375
16.060  20.000  22.193  55.281
16.070  20.000  22.614  63.958
16.080  20.000  21.591  72.472
16.090  20.000  21.204  81.025
16.100  20.000  20.964  89.069
16.110  20.000  19.797  96.032
16.120  20.000  18.850  102.442
16.130  20.000  19.036  108.332
16.140  20.000  18.664  114.035
16.150  20.000  18.484  120.302
16.160  20.000  19.562  126.977
16.170  20.000  21.199  133.890
16.180  20.000  21.282  140.689
16.190  20.000  21.465  146.873
16.200  20.000  21.231  152.403
16.210  20.000  19.515  157.792
16.220  20.000  18.788  162.969
16.230  20.000  19.199  167.866
16.240  20.000  19.586  173.453
16.250  20.000  21.088  179.598
16.260  20.000  21.845  185.406
16.270  20.000  20.786  190.829
16.280  20.000  19.612  195.636
16.290  20.000  19.484  199.650
16.300  20.000  19.499  203.704
16.310  20.000  20.169  208.246
16.320  20.000  20.686  213.068
16.330  20.000  20.396  217.685
16.340  20.000  20.499  221.728
16.350  20.000  19.865  225.710
16.360  20.000  20.354  229.711
16.370  20.000  20.053  233.637
16.380  20.000  20.341  237.417
16.390  20.000  20.214  240.999
16.400  20.000  20.078  244.680
16.410  20.000  20.384  248.216
16.420  20.000  20.257  251.512
16.430  20.000  20.192  254.573
16.440  20.000  20.215  257.289
16.450  20.000  20.246  259.602
16.460  20.000  19.539  261.721
16.470  20.000  20.178  263.965
16.480  20.000  20.079  266.340
16.490  20.000  20.670  268.561
16.500  20.000  20.075  270.597
16.510  20.000  20.076  272.403
16.520  20.000  19.955  273.977
16.530  20.000  20.261  275.465
16.540  20.000  20.575  276.983
16.550  20.000  20.294  278.663
16.560  20.000  20.292  280.441
16.570  20.000  20.491  282.092
16.580  20.000  20.703  283.495
16.590  20.000  19.948  284.734
16.600  20.000  20.064  285.693
16.610  20.000  20.265  286.578
16.620  20.000  20.283  287.454
16.630  20.000  20.213  288.087
16.640  20.000  19.909  288.612
16.650  20.000  20.043  289.022
16.660  20.000  19.983  289.496
16.670  20.000  20.254  290.150
16.680  20.000  19.755  290.853
16.690  20.000  19.991  291.328
16.700  20.000  20.203  291.670
16.710  20.000  20.420  291.977
16.720  20.000  19.854  292.082
16.730  20.000  20.125  292.052
16.740  20.000  20.048  292.025
16.750  20.000  20.421  292.012
16.760  20.000  19.885  291.846
16.770  20.000  19.767  291.667
16.780  20.000  19.873  291.484
16.790  20.000  20.055  291.220
16.800  20.000  20.021  291.086
16.810  20.000  19.780  291.091
16.820  20.000  19.945  291.125
16.830  20.000  19.940  291.143
16.840  20.000  19.762  291.104
16.850  20.000  19.959  291.233
16.860  20.000  19.750  291.619
16.870  20.000  19.989  292.067
16.880  20.000  20.080  292.475
16.890  20.000  19.807  292.894
16.900  20.000  19.668  293.332
16.910  20.000  20.414  293.739
16.920  20.000  20.624  294.153
16.930  20.000  19.933  294.531
16.940  20.000  19.534  294.751
16.950  5.000  19.824  294.976
16.960  5.000  19.937  295.006
16.970  5.000  17.424  293.401
16.980  5.000  11.588  288.004
16.990  5.000  11.435  281.076
17.000  5.000  9.817  274.252
17.010  5.000  9.627  266.900
17.020  5.000  9.197  260.353
17.030  5.000  9.163  253.823
17.040  5.000  9.098  247.238
17.050  5.000  8.809  240.825
17.060  5.000  8.621  234.075
17.070  5.000  8.408  227.823
17.080  5.000  8.318  221.593
17.090  5.000  8.042  215.040
17.100  5.000  7.879  208.667
17.110  5.000  7.864  202.257
17.120  5.000  7.610  195.952
17.130  5.000  7.556  189.650
17.140  5.000  7.384  183.674
17.150  5.000  7.133  178.240
17.160  5.000  6.983  172.542
17.170  5.000  6.762  166.710
17.180  5.000  6.664  161.344
17.190  5.000  6.564  156.259
17.200  5.000  6.319  150.829
17.210  5.000  6.125  145.649
17.220  5.000  5.928  140.629
17.230  5.000  5.797  134.831
17.240  5.000  5.635  129.322
17.250  5.000  5.477  124.612
17.260  5.000  5.393  119.808
17.270  5.000  5.291  114.454
17.280  5.000  5.149  109.685
17.290  5.000  4.982  105.041
17.300  5.000  4.931  99.652
17.310  5.000  4.790  94.892
17.320  5.000  4.671  90.475
17.330  5.000  4.599  86.171
17.340  5.000  4.496  81.732
17.350  5.000  4.443  77.380
17.360  5.000  4.287  73.683
17.370  5.000  4.351  69.930
17.380  5.000  4.135  66.202
17.390  5.000  4.105  62.549
17.400  5.000  4.161  58.601
17.410  5.000  4.306  54.590
17.420  5.000  4.234  51.081
17.430  5.000  4.033  47.836
17.440  5.000  4.073  44.587
17.450  5.000  3.976  41.429
17.460  5.000  4.088  38.407
17.470  5.000  4.092  35.581
17.480  5.000  4.170  32.868
17.490  5.000  4.176  30.185
17.500  5.000  4.154  27.585
17.510  5.000  4.159  25.077
17.520  5.000  4.193  22.922
17.530  5.000  4.196  20.910
17.540  5.000  4.433  18.844
17.550  5.000  4.580  17.035
17.560  5.000  4.611  15.405
17.570  5.000  4.644  13.880
17.580  5.000  4.538  12.500
17.590  5.000  4.521  11.107
17.600  5.000  4.377  9.723
17.610  5.000  4.340  8.297
17.620  5.000  4.409  6.981
17.630  5.000  4.539  5.708
17.640  5.000  4.719  4.569
17.650  5.000  4.971  3.835
17.660  5.000  4.778  3.173
17.670  5.000  4.653  2.441
17.680  5.000  4.797  1.903
17.690  5.000  4.962  1.674
17.700  5.000  5.096  1.497
17.710  5.000  4.740  1.327
17.720  5.000  4.745  1.238
17.730  5.000  4.871  1.142
17.740  5.000  5.119  1.180
17.750  5.000  4.894  1.392
17.760  5.000  4.747  1.682
17.770  5.000  4.838  1.960
17.780  5.000  5.201  2.195
17.790  5.000  5.226  2.444
17.800  5.000  4.945  2.808
17.810  5.000  4.722  3.555
17.820  5.000  4.962  4.352
17.830  5.000  5.182  4.897
17.840  5.000  5.092  5.212
17.850  5.000  5.038  5.346
17.860  5.000  4.970  5.473
17.870  5.000  5.043  5.799
17.880  5.000  5.098  6.079
17.890  5.000  5.131  6.210
17.900  5.000  5.085  6.413
17.910  5.000  4.892  6.715
17.920  5.000  5.037  7.063
17.930  5.000  5.018  7.224
17.940  5.000  5.200  7.245
17.950  5.000  5.081  7.319
17.960  5.000  4.827  7.418
17.970  5.000  5.004  7.455
17.980  5.000  5.225  7.375
17.990  5.000  5.096  7.170
18.000  5.000  4.985  6.950
18.010  5.000  4.901  6.804
18.020  5.000  5.016  6.702
18.030  5.000  4.947  6.663
18.040  5.000  5.051  6.561
18.050  5.000  5.018  6.394
18.060  5.000  4.930  6.357
18.070  5.000  4.953  6.417
18.080  5.000  5.011  6.275
18.090  5.000  5.032  6.025
18.100  5.000  5.095  5.863
18.110  5.000  4.907  5.707
18.120  5.000  5.038  5.612
18.130  5.000  4.967  5.443
18.140  5.000  4.874  5.193
18.150  5.000  5.010  4.879
18.160  5.000  5.063  4.591
18.170  5.000  5.081  4.441
18.180  5.000  4.846  4.544
18.190  5.000  4.973  4.613
18.200  5.000  5.073  4.490
18.210  5.000  5.045  4.413
18.220  5.000  4.936  4.504
18.230  5.000  4.874  4.673
18.240  5.000  5.083  4.606
18.250  5.000  5.026  4.463
18.260  5.000  4.804  4.339
18.270  5.000  4.940  4.204
18.280  5.000  4.913  4.126
18.290  5.000  5.026  4.148
18.300  5.000  5.031  4.348
18.310  5.000  4.871  4.385
18.320  5.000  4.913  4.216
18.330  5.000  5.127  4.147
18.340  5.000  4.975  4.091
18.350  5.000  5.079  4.165
18.360  5.000  4.879  4.349
18.370  5.000  4.945  4.624
18.380  5.000  5.116  4.726
18.390  5.000  5.050  4.752
18.400  5.000  4.956  4.986
18.410  5.000  4.888  5.196
18.420  5.000  5.183  5.244
18.430  5.000  5.256  5.162
18.440  5.000  4.976  5.059
18.450  5.000  4.848  5.145
18.460  5.000  5.101  5.430
18.470  5.000  5.070  5.617
18.480  5.000  5.084  5.648
18.490  5.000  4.846  5.689
18.500  5.000  4.980  5.882
18.510  5.000  5.169  5.991
18.520  5.000  5.096  5.959
18.530  5.000  4.907  5.837
18.540  5.000  5.077  5.748
18.550  5.000  4.976  5.760
18.560  5.000  4.985  5.887
18.570  5.000  4.974  6.045
18.580  5.000  5.041  5.971
18.590  5.000  4.986  5.863
18.600  5.000  4.960  5.845
18.610  5.000  4.918  5.857
18.620  5.000  4.889  5.906
18.630  5.000  5.009  5.899
18.640  5.000  5.073  5.903
18.650  5.000  4.955  5.929
18.660  5.000  4.948  6.061
18.670  5.000  4.853  6.255
18.680  5.000  5.054  6.518
18.690  5.000  5.017  6.755
18.700  5.000  5.038  6.699
18.710  5.000  5.018  6.693
18.720  5.000  4.957  6.916
18.730  5.000  4.913  7.222
18.740  5.000  4.967  7.480
18.750  5.000  5.214  7.478
18.760  5.000  4.930  7.522
18.770  5.000  4.920  7.720
18.780  5.000  4.963  7.979
18.790  5.000  5.105  8.297
18.800  5.000  5.127  8.536
18.810  5.000  5.014  8.634
18.820  5.000  5.032  8.631
18.830  5.000  4.910  8.692
18.840  5.000  5.012  8.711
18.850  5.000  4.986  8.649
18.860  5.000  4.929  8.524
18.870  5.000  4.979  8.519
18.880  5.000  5.126  8.531
18.890  5.000  4.962  8.571
18.900  5.000  4.919  8.689
18.910  5.000  5.002  8.518
18.920  5.000  4.961  8.404
18.930  5.000  4.991  8.514
18.940  5.000  5.007  8.503
18.950  5.000  4.977  8.580
18.960  6.500  4.970  8.599
18.970  8.000  5.082  8.680
18.980  9.500  5.434  9.189
18.990  11.000  7.167  10.486
19.000  12.500  8.397  13.189
19.010  14.000  10.277  17.444
19.020  15.500  12.903  22.898
19.030  17.000  15.884  29.480
19.040  18.500  17.624  38.271
19.050  20.000  19.863  47.938
19.060  20.000  21.746  56.854
19.070  20.000  22.512  65.782
19.080  20.000  22.341  74.077
19.090  20.000  22.307  81.324
19.100  20.000  20.786  88.474
19.110  20.000  19.906  95.008
19.120  20.000  18.706  100.333
19.130  20.000  17.490  105.343
19.140  20.000  17.701  110.695
19.150  20.000  18.835  117.277
19.160  20.000  21.239  124.837
19.170  20.000  21.818  132.487
19.180  20.000  22.044  139.637
19.190  20.000  21.873  145.961
19.200  20.000  19.746  151.827
19.210  20.000  18.869  157.088
19.220  20.000  19.213  161.769
19.230  20.000  19.557  166.673
19.240  20.000  20.056  172.036
19.250  20.000  20.953  177.432
19.260  20.000  21.463  182.600
19.270  20.000  20.489  187.350
19.280  20.000  19.495  191.524
19.290  20.000  19.248  195.352
19.300  20.000  19.705  199.702
19.310  20.000  20.122  204.800
19.320  20.000  20.860  210.037
19.330  20.000  20.563  214.746
19.340  20.000  20.248  218.908
19.350  20.000  19.825  223.120
19.360  20.000  19.718  227.427
19.370  20.000  20.181  231.661
19.380  20.000  20.354  235.620
19.390  20.000  20.698  239.252
19.400  20.000  20.348  242.692
19.410  20.000  20.619  245.981
19.420  20.000  20.395  248.986
19.430  20.000  20.006  251.499
19.440  20.000  19.783  253.892
19.450  20.000  19.601  256.493
19.460  20.000  20.426  259.226
19.470  20.000  20.111  261.917
19.480  20.000  20.776  264.232
19.490  20.000  20.046  266.203
19.500  20.000  19.556  268.165
19.510  20.000  19.747  270.168
19.520  20.000  20.273  272.135
19.530  20.000  20.614  274.035
19.540  20.000  20.442  275.817
19.550  20.000  19.971  277.511
19.560  20.000  20.172  279.067
19.570  20.000  19.981  280.680
19.580  20.000  20.818  282.369
19.590  20.000  20.200  284.072
19.600  20.000  20.628  285.600
19.610  20.000  20.373  286.777
19.620  20.000  20.101  287.857
19.630  20.000  19.869  288.920
19.640  20.000  20.354  289.907
19.650  20.000  20.249  290.729
19.660  20.000  20.293  291.250
19.670  20.000  19.877  291.492
19.680  20.000  19.886  291.803
19.690  20.000  20.220  292.127
19.700  20.000  20.221  292.464
19.710  20.000  19.943  292.675
19.720  20.000  20.003  292.688
19.730  20.000  20.191  292.624
19.740  20.000  20.228  292.441
19.750  20.000  19.890  292.230
19.760  20.000  19.739  292.188
19.770  20.000  20.036  292.166
19.780  20.000  20.324  292.053
19.790  20.000  19.914  292.003
19.800  20.000  19.955  291.870
19.810  20.000  19.758  291.704
19.820  20.000  20.192  291.547
19.830  20.000  20.060  291.358
19.840  20.000  19.968  291.167
19.850  20.000  19.769  290.951
19.860  20.000  20.047  290.872
19.870  20.000  19.975  290.871
19.880  20.000  20.119  290.760
19.890  20.000  19.745  290.598
19.900  20.000  20.070  290.430
19.910  20.000  20.010  290.525
19.920  20.000  19.920  290.816
19.930  20.000  19.774  291.116
19.940  20.000  19.831  291.367
19.950  20.000  20.067  291.564
19.960  5.000  20.272  291.859
19.970  5.000  19.376  291.816
19.980  5.000  16.335  290.186
19.990  5.000  11.465  284.920
20.000  5.000  11.236  277.867
20.010  5.000  9.763  270.910
20.020  5.000  9.491  263.574
20.030  5.000  9.231  256.551
20.040  5.000  9.090  249.681
20.050  5.000  8.877  243.170
20.060  5.000  8.655  236.676
20.070  5.000  8.490  230.161
20.080  5.000  8.205  224.023
20.090  5.000  8.087  217.768
20.100  5.000  7.917  211.661
20.110  5.000  7.779  205.979
20.120  5.000  7.462  200.595
20.130  5.000  7.385  194.636
20.140  5.000  7.184  188.696
20.150  5.000  7.024  183.119
20.160  5.000  6.826  177.219
20.170  5.000  6.573  171.685
20.180  5.000  6.474  166.397
20.190  5.000  6.399  161.254
20.200  5.000  6.295  155.724
20.210  5.000  6.098  150.248
20.220  5.000  6.109  145.279
20.230  5.000  5.950  140.516
20.240  5.000  5.745  135.513
20.250  5.000  5.581  130.077
20.260  5.000  5.478  125.022
20.270  5.000  5.246  120.350
20.280  5.000  5.235  115.400
20.290  5.000  5.095  110.180
20.300  5.000  5.056  104.983
20.310  5.000  4.879  99.698
20.320  5.000  4.785  94.944
20.330  5.000  4.625  90.768
20.340  5.000  4.515  86.178
20.350  5.000  4.561  81.634
20.360  5.000  4.536  77.653
20.370  5.000  4.422  73.370
20.380  5.000  4.339  68.966
20.390  5.000  4.158  64.644
20.400  5.000  4.150  60.744
20.410  5.000  4.143  56.787
20.420  5.000  4.164  52.968
20.430  5.000  4.245  49.552
20.440  5.000  4.086  46.030
20.450  5.000  3.992  42.734
20.460  5.000  3.992  39.603
20.470  5.000  4.083  36.367
20.480  5.000  4.179  33.265
20.490  5.000  4.188  30.700
20.500  5.000  4.090  28.204
20.510  5.000  4.142  25.686
20.520  5.000  4.114  23.110
20.530  5.000  4.176  20.680
20.540  5.000  4.205  18.692
20.550  5.000  4.457  16.979
20.560  5.000  4.513  15.343
20.570  5.000  4.539  13.639
20.580  5.000  4.659  11.964
20.590  5.000  4.596  10.375
20.600  5.000  4.531  8.845
20.610  5.000  4.351  7.348
20.620  5.000  4.487  5.812
20.630  5.000  4.445  4.316
20.640  5.000  4.577  3.015
20.650  5.000  4.688  1.863
20.660  5.000  4.789  1.016
20.670  5.000  4.909  0.337
20.680  5.000  4.786  -0.282
20.690  5.000  4.691  -0.663
20.700  5.000  4.840  -0.896
20.710  5.000  4.767  -0.966
20.720  5.000  5.046  -1.087
20.730  5.000  4.951  -1.362
20.740  5.000  4.836  -1.475
20.750  5.000  4.741  -1.426
20.760  5.000  4.928  -1.397
20.770  5.000  5.051  -1.283
20.780  5.000  4.917  -1.184
20.790  5.000  5.002  -0.983
20.800  5.000  4.880  -0.706
20.810  5.000  4.976  -0.401
20.820  5.000  4.988  0.108
20.830  5.000  5.001  0.590
20.840  5.000  4.985  0.962
20.850  5.000  5.153  1.271
20.860  5.000  5.130  1.414
20.870  5.000  5.036  1.592
20.880  5.000  4.905  2.041
20.890  5.000  5.062  2.535
20.900  5.000  5.157  2.847
20.910  5.000  5.135  3.067
20.920  5.000  5.130  3.172
20.930  5.000  5.165  2.978
20.940  5.000  5.003  2.779
20.950  5.000  5.057  2.834
20.960  5.000  5.029  2.827
20.970  5.000  5.059  2.600
20.980  5.000  5.111  2.355
20.990  5.000  5.084  2.281
21.000  5.000  4.818  2.299
21.010  5.000  5.134  2.101
21.020  5.000  5.151  1.807
21.030  5.000  5.071  1.506
21.040  5.000  4.926  1.162
21.050  5.000  4.852  0.798
21.060  5.000  5.043  0.403
21.070  5.000  5.134  0.102
21.080  5.000  4.961  -0.095
21.090  5.000  4.773  -0.237
21.100  5.000  4.978  -0.436
21.110  5.000  5.087  -0.805
21.120  5.000  4.943  -1.101
21.130  5.000  4.747  -1.386
21.140  5.000  4.831  -1.611
21.150  5.000  4.989  -1.751
21.160  5.000  5.094  -2.005
21.170  5.000  4.981  -2.141
21.180  5.000  4.923  -2.304
21.190  5.000  4.994  -2.554
21.200  5.000  5.122  -2.954
21.210  5.000  4.942  -3.286
21.220  5.000  4.775  -3.265
21.230  5.000  5.007  -3.143
21.240  5.000  5.016  -3.169
21.250  5.000  5.037  -3.150
21.260  5.000  4.734  -3.071
21.270  5.000  4.917  -3.048
21.280  5.000  5.123  -2.955
21.290  5.000  5.201  -2.988
21.300  5.000  4.961  -3.103
21.310  5.000  4.913  -3.133
