# covent_pc_7
# Captured 2021-01-24 19:26:46.195714 by unknown user
# Built at revision ba9d3656 (dirty)
time(sec) pc_setpoint pressure volume net_flow
0.000 5.000 5.434 41.403 28.168
0.010 5.000 4.565 40.435 -221.799
0.020 5.000 5.251 39.465 27.627
0.030 5.000 4.713 38.570 -206.441
0.040 5.000 5.354 37.751 42.600
0.050 5.000 4.771 36.862 -220.418
0.060 5.000 5.202 35.994 46.895
0.070 5.000 5.255 35.361 -173.671
0.080 5.000 4.657 34.534 8.247
0.090 5.000 5.612 33.998 -115.354
0.100 5.000 4.304 33.205 -43.125
0.110 5.000 5.834 32.680 -61.941
0.120 5.000 3.991 31.612 -151.712
0.130 5.000 5.628 30.686 -33.343
0.140 5.000 4.168 29.610 -182.042
0.150 5.000 5.825 28.739 7.917
0.160 5.000 3.928 27.458 -264.196
0.170 5.000 5.564 26.425 57.580
0.180 5.000 4.400 25.439 -254.799
0.190 5.000 5.551 24.507 68.535
0.200 5.000 4.522 23.673 -235.494
0.210 5.000 5.525 22.908 82.626
0.220 5.000 4.754 22.206 -223.186
0.230 5.000 5.277 21.385 58.949
0.240 5.000 5.020 20.762 -183.457
0.250 5.000 5.099 20.044 39.876
0.260 5.000 5.431 19.569 -134.853
0.270 5.000 4.780 18.787 -21.522
0.280 5.000 5.141 17.999 -136.034
0.290 5.000 4.874 17.231 -17.620
0.300 5.000 5.181 16.386 -151.420
0.310 5.000 4.701 15.542 -17.425
0.320 5.000 5.093 14.755 -139.968
0.330 5.000 4.793 14.000 -10.937
0.340 5.000 5.268 13.415 -106.198
0.350 5.000 4.573 12.759 -25.052
0.360 5.000 5.413 12.032 -120.224
0.370 5.000 4.464 11.220 -42.260
0.380 5.000 5.617 10.660 -69.726
0.390 5.000 4.455 10.079 -46.503
0.400 5.000 5.558 9.444 -80.476
0.410 5.000 4.289 8.739 -60.504
0.420 5.000 5.740 8.162 -54.900
0.430 5.000 4.200 7.399 -97.692
0.440 5.000 5.790 6.798 -22.547
0.450 5.000 4.014 5.822 -172.617
0.460 5.000 5.798 5.091 26.362
0.470 5.000 4.059 4.096 -225.293
0.480 5.000 5.722 3.332 72.570
0.490 5.000 4.281 2.471 -244.826
0.500 5.000 5.579 1.633 77.291
0.510 5.000 4.471 0.772 -249.520
0.520 5.000 5.464 -0.038 87.538
0.530 5.000 4.678 -0.851 -250.205
0.540 5.000 5.313 -1.739 72.543
0.550 5.000 5.088 -2.352 -195.143
0.560 5.000 5.166 -3.095 46.692
0.570 5.000 5.113 -3.730 -173.761
0.580 5.000 4.978 -4.476 24.553
0.590 5.000 5.272 -5.077 -144.789
0.600 7.999 4.779 -5.813 -2.401
0.610 10.999 5.573 -6.216 -78.157
0.620 13.999 5.291 -6.277 65.970
0.630 16.999 8.443 -4.996 190.255
0.640 19.999 9.587 -2.851 238.694
0.650 23.000 14.862 0.651 461.470
0.660 25.999 19.176 4.899 388.500
0.670 28.999 24.316 9.105 452.566
0.680 31.999 27.782 13.465 419.509
0.690 34.999 29.036 17.621 411.628
0.700 35.000 29.559 21.515 367.165
0.710 35.000 29.982 25.052 340.302
0.720 35.000 30.130 28.448 338.764
0.730 35.000 29.947 31.955 362.665
0.740 35.000 30.252 35.490 344.097
0.750 35.000 30.561 38.804 319.021
0.760 35.000 30.092 41.827 285.580
0.770 35.000 30.617 44.883 325.636
0.780 35.000 30.477 47.995 296.621
0.790 35.000 30.762 50.984 301.317
0.800 35.000 31.039 53.974 296.498
0.810 35.000 31.053 56.827 274.267
0.820 35.000 31.135 59.545 269.429
0.830 35.000 31.006 62.290 279.373
0.840 35.000 31.275 65.084 279.571
0.850 35.000 31.143 67.705 244.669
0.860 35.000 31.111 70.185 251.230
0.870 35.000 31.238 72.846 281.101
0.880 35.000 31.470 75.598 269.288
0.890 35.000 31.747 78.052 221.365
0.900 35.000 31.670 80.418 252.036
0.910 35.000 31.747 82.975 259.236
0.920 35.000 31.714 85.626 270.881
0.930 35.000 31.772 88.249 253.895
0.940 35.000 31.825 90.805 257.275
0.950 35.000 31.974 93.366 254.737
0.960 35.000 32.255 95.954 262.952
0.970 35.000 32.235 98.498 245.881
0.980 35.000 32.295 100.788 212.117
0.990 35.000 32.168 102.914 213.200
1.000 35.000 31.700 105.179 239.759
1.010 35.000 32.456 107.486 221.670
1.020 35.000 32.071 109.808 242.695
1.030 35.000 32.443 112.177 231.092
1.040 35.000 32.756 114.506 234.716
1.050 35.000 32.687 116.839 231.825
1.060 35.000 32.793 119.079 216.160
1.070 35.000 32.605 121.247 217.498
1.080 35.000 32.674 123.277 188.552
1.090 35.000 32.823 125.195 195.048
1.100 35.000 33.115 127.271 220.234
1.110 35.000 33.208 129.371 199.593
1.120 35.000 33.336 131.285 183.270
1.130 35.000 33.246 133.291 218.004
1.140 35.000 33.624 135.389 201.559
1.150 35.000 33.469 137.281 176.863
1.160 35.000 33.526 139.080 182.920
1.170 35.000 33.483 140.940 189.145
1.180 35.000 33.666 142.926 207.986
1.190 35.000 33.637 144.969 200.568
1.200 35.000 33.518 146.962 198.058
1.210 35.000 33.804 149.020 213.656
1.220 35.000 33.959 151.053 192.890
1.230 35.000 34.054 152.940 184.417
1.240 35.000 33.837 154.673 162.261
1.250 35.000 34.115 156.517 206.521
1.260 35.000 34.087 158.545 198.898
1.270 35.000 34.381 160.410 174.231
1.280 35.000 34.435 162.257 195.334
1.290 35.000 34.371 164.050 163.293
1.300 35.000 34.375 165.729 172.232
1.310 35.000 34.655 167.382 158.579
1.320 35.000 34.864 169.166 198.122
1.330 35.000 34.939 170.982 165.165
1.340 35.000 34.629 172.624 163.065
1.350 35.000 34.971 174.291 170.274
1.360 35.000 34.917 175.989 169.555
1.370 35.000 35.151 177.657 164.010
1.380 35.000 35.039 179.216 147.743
1.390 35.000 35.485 180.822 173.475
1.400 35.000 35.222 182.445 151.235
1.410 35.000 35.104 183.996 158.848
1.420 35.000 35.201 185.614 164.914
1.430 35.000 35.246 187.251 162.455
1.440 35.000 35.110 189.014 189.993
1.450 35.000 35.326 190.916 190.474
1.460 35.000 35.055 192.804 187.142
1.470 35.000 35.110 194.734 198.904
1.480 35.000 35.237 196.764 207.046
1.490 35.000 34.897 198.755 191.178
1.500 35.000 35.232 200.837 225.205
1.510 35.000 35.011 203.054 218.337
1.520 35.000 34.985 205.312 233.206
1.530 35.000 35.263 207.631 230.639
1.540 35.000 34.995 209.915 225.994
1.550 35.000 35.194 212.223 235.648
1.560 35.000 34.859 214.664 252.398
1.570 35.000 35.442 217.208 256.517
1.580 35.000 35.044 219.801 262.175
1.590 35.000 34.864 222.370 251.691
1.600 5.000 34.934 225.002 274.686
1.610 5.000 34.044 227.888 302.468
1.620 5.000 32.266 231.775 475.019
1.630 5.000 28.750 237.739 717.825
1.640 5.000 27.904 245.807 895.786
1.650 5.000 27.455 254.711 884.987
1.660 5.000 26.399 262.411 655.022
1.670 5.000 21.094 267.006 263.862
1.680 5.000 14.409 268.819 98.873
1.690 5.000 11.901 269.168 -29.183
1.700 5.000 10.540 268.364 -131.535
1.710 5.000 9.487 267.530 -35.361
1.720 5.000 9.219 266.051 -260.432
1.730 5.000 8.980 264.428 -64.118
1.740 5.000 8.423 263.306 -160.357
1.750 5.000 8.675 261.970 -106.710
1.760 5.000 8.037 260.792 -128.983
1.770 5.000 8.417 259.350 -159.324
1.780 5.000 7.856 258.010 -108.710
1.790 5.000 8.130 256.218 -249.714
1.800 5.000 7.707 254.554 -83.001
1.810 5.000 7.827 252.769 -274.095
1.820 5.000 7.566 251.032 -73.260
1.830 5.000 7.503 249.221 -289.061
1.840 5.000 7.405 247.339 -87.088
1.850 5.000 7.282 245.335 -313.905
1.860 5.000 7.246 243.338 -85.489
1.870 5.000 7.038 241.335 -315.084
1.880 5.000 7.155 239.293 -93.453
1.890 5.000 6.820 237.207 -323.730
1.900 5.000 6.975 235.044 -108.780
1.910 5.000 6.591 232.936 -312.914
1.920 5.000 6.834 230.764 -121.462
1.930 5.000 6.357 229.018 -227.523
1.940 5.000 6.677 227.197 -136.828
1.950 5.000 6.155 225.433 -216.036
1.960 5.000 6.557 223.554 -159.763
1.970 5.000 6.028 221.674 -216.238
1.980 5.000 6.330 219.593 -199.889
1.990 5.000 5.791 217.571 -204.611
2.000 5.000 6.118 215.578 -193.967
2.010 5.000 5.677 213.587 -204.291
2.020 5.000 5.963 211.587 -195.553
2.030 5.000 5.486 209.476 -226.828
2.040 5.000 5.760 207.275 -213.263
2.050 5.000 5.315 205.117 -218.388
2.060 5.000 5.602 202.802 -244.529
2.070 5.000 5.178 200.523 -211.163
2.080 5.000 5.487 198.239 -245.952
2.090 5.000 5.035 195.974 -206.857
2.100 5.000 5.293 193.606 -266.741
2.110 5.000 4.922 191.200 -214.447
2.120 5.000 5.100 188.679 -289.829
2.130 5.000 4.802 186.142 -217.693
2.140 5.000 5.002 183.535 -303.601
2.150 5.000 4.664 180.908 -221.914
2.160 5.000 4.876 178.302 -299.163
2.170 5.000 4.541 175.710 -218.984
2.180 5.000 4.691 173.131 -297.076
2.190 5.000 4.432 170.565 -216.116
2.200 5.000 4.728 168.081 -280.717
2.210 5.000 4.520 165.635 -208.452
2.220 5.000 4.912 163.260 -266.555
2.230 5.000 4.513 160.862 -213.029
2.240 5.000 4.959 158.567 -246.156
2.250 5.000 4.429 156.098 -247.464
2.260 5.000 4.956 153.907 -190.600
2.270 5.000 4.378 151.556 -279.758
2.280 5.000 4.979 149.323 -166.815
2.290 5.000 4.465 146.873 -323.382
2.300 5.000 4.767 144.550 -141.068
2.310 5.000 4.597 142.157 -337.663
2.320 5.000 4.432 139.409 -211.858
2.330 5.000 4.686 136.968 -276.407
2.340 5.000 4.257 134.290 -259.186
2.350 5.000 4.952 132.052 -188.473
2.360 5.000 4.433 129.628 -296.137
2.370 5.000 5.117 127.558 -118.004
2.380 5.000 4.761 125.452 -303.258
2.390 5.000 5.109 123.486 -89.815
2.400 5.000 4.937 121.563 -294.846
2.410 5.000 4.460 119.070 -203.696
2.420 5.000 5.095 117.212 -167.996
2.430 5.000 4.315 114.884 -297.463
2.440 5.000 5.135 113.033 -72.865
2.450 5.000 4.862 111.240 -285.741
2.460 5.000 4.911 109.492 -63.734
2.470 5.000 5.135 107.987 -237.375
2.480 5.000 4.215 105.651 -229.583
2.490 5.000 5.189 104.080 -84.871
2.500 5.000 4.336 102.224 -286.260
2.510 5.000 5.164 100.612 -36.078
2.520 5.000 4.834 98.965 -293.381
2.530 5.000 4.380 96.800 -139.711
2.540 5.000 5.077 95.415 -137.310
2.550 5.000 3.859 93.135 -318.545
2.560 5.000 4.983 91.348 -38.784
2.570 5.000 4.422 89.808 -269.404
2.580 5.000 4.670 88.319 -28.396
2.590 5.000 5.309 87.179 -199.541
2.600 5.000 4.055 85.038 -228.643
2.610 5.000 5.507 83.993 19.621
2.620 5.000 4.552 82.756 -267.118
2.630 5.000 5.445 81.718 59.607
2.640 5.000 5.182 80.856 -231.948
2.650 5.000 4.966 79.692 -0.986
2.660 5.000 5.229 78.622 -212.952
2.670 5.000 4.333 77.180 -75.371
2.680 5.000 5.327 76.257 -109.347
2.690 5.000 4.005 74.711 -199.834
2.700 5.000 5.597 73.826 22.953
2.710 5.000 4.143 72.483 -291.688
2.720 5.000 5.444 71.456 86.410
2.730 5.000 4.986 70.569 -263.813
2.740 5.000 5.082 69.499 49.849
2.750 5.000 5.382 68.924 -165.009
2.760 5.000 4.523 67.880 -43.725
2.770 5.000 5.527 67.067 -118.859
2.780 5.000 4.357 66.104 -73.760
2.790 5.000 5.644 65.363 -74.486
2.800 5.000 4.087 64.400 -117.958
2.810 5.000 5.601 63.603 -41.532
2.820 5.000 4.129 62.603 -158.555
2.830 5.000 5.768 61.841 6.326
2.840 5.000 4.001 60.610 -252.623
2.850 5.000 5.616 59.708 72.298
2.860 5.000 4.377 58.965 -221.010
2.870 5.000 5.498 58.120 52.017
2.880 5.000 4.502 57.447 -186.615
2.890 5.000 5.525 56.684 34.093
2.900 5.000 4.466 55.833 -204.271
2.910 5.000 5.523 55.079 53.455
2.920 5.000 4.550 54.266 -216.098
2.930 5.000 5.444 53.448 52.440
2.940 5.000 4.712 52.726 -196.853
2.950 5.000 5.424 51.958 43.335
2.960 5.000 4.644 51.145 -206.052
2.970 5.000 5.401 50.337 44.489
2.980 5.000 4.694 49.543 -203.326
2.990 5.000 5.366 48.671 28.934
3.000 5.000 4.615 47.756 -211.791
3.010 5.000 5.363 46.873 35.232
3.020 5.000 4.666 45.989 -212.215
3.030 5.000 5.193 45.118 38.094
3.040 5.000 4.979 44.347 -192.312
3.050 5.000 5.084 43.459 14.641
3.060 5.000 5.009 42.694 -167.620
3.070 5.000 5.072 41.881 5.120
3.080 5.000 4.979 41.097 -161.860
3.090 5.000 4.995 40.254 -6.820
3.100 5.000 4.847 39.375 -168.946
3.110 5.000 5.119 38.601 14.015
3.120 5.000 4.848 37.771 -179.864
3.130 5.000 5.064 36.887 3.002
3.140 5.000 4.740 36.042 -172.093
3.150 5.000 5.272 35.298 23.463
3.160 5.000 4.727 34.512 -180.809
3.170 5.000 5.202 33.765 31.551
3.180 5.000 4.738 32.985 -187.709
3.190 5.000 5.259 32.127 16.141
3.200 5.000 4.508 31.161 -209.347
3.210 5.000 5.469 30.458 68.841
3.220 5.000 4.640 29.631 -234.309
3.230 5.000 5.260 28.900 88.118
3.240 5.000 4.993 28.407 -186.776
3.250 5.000 5.098 27.654 36.125
3.260 5.000 5.296 27.060 -154.820
3.270 5.000 4.840 26.271 -2.943
3.280 5.000 5.411 25.681 -115.016
3.290 5.000 4.481 25.016 -18.105
3.300 5.000 5.504 24.442 -96.622
3.310 5.000 4.473 23.732 -45.467
3.320 5.000 5.615 23.162 -68.482
3.330 5.000 4.068 22.374 -89.171
3.340 5.000 5.726 21.674 -50.822
3.350 5.000 4.111 20.785 -126.939
3.360 5.000 5.772 20.133 -3.509
3.370 5.000 3.959 19.059 -211.153
3.380 5.000 5.685 18.213 41.882
3.390 5.000 4.276 17.431 -198.232
3.400 5.000 5.709 16.703 52.578
3.410 5.000 4.242 16.084 -176.462
3.420 5.000 5.818 15.514 62.584
3.430 5.000 4.448 14.906 -184.316
3.440 5.000 5.603 14.207 44.600
3.450 5.000 4.350 13.504 -185.152
3.460 5.000 5.677 12.771 38.482
3.470 5.000 4.380 12.018 -189.118
3.480 5.000 5.627 11.327 51.012
3.490 5.000 4.430 10.716 -173.275
3.500 5.000 5.606 9.992 28.474
3.510 5.000 4.506 9.200 -186.806
3.520 5.000 5.611 8.384 23.603
3.530 5.000 4.541 7.667 -167.071
3.540 5.000 5.574 6.900 13.666
3.550 5.000 4.330 6.065 -180.669
3.560 5.000 5.693 5.331 33.849
3.570 5.000 4.204 4.161 -267.889
3.580 5.000 5.503 3.246 84.932
3.590 5.000 4.547 2.263 -281.458
3.600 5.000 5.264 1.325 93.699
3.610 8.000 5.450 0.804 -197.738
3.620 11.000 4.921 0.133 63.494
3.630 14.000 6.513 0.362 -17.688
3.640 17.000 7.080 1.118 168.826
3.650 20.000 10.722 3.808 369.163
3.660 23.000 14.229 7.221 313.393
3.670 26.000 19.544 11.120 466.549
3.680 29.000 24.012 15.630 435.494
3.690 32.000 27.504 19.908 420.051
3.700 35.000 28.774 23.868 371.929
3.710 35.000 29.484 27.441 342.741
3.720 35.000 29.902 31.015 372.119
3.730 35.000 30.012 34.397 304.235
3.740 35.000 30.124 37.494 315.168
3.750 35.000 30.137 40.723 330.478
3.760 35.000 30.616 43.909 306.896
3.770 35.000 30.510 46.994 309.966
3.780 35.000 30.411 50.061 303.246
3.790 35.000 30.380 53.087 302.155
3.800 35.000 30.897 56.094 299.317
3.810 35.000 30.958 58.934 268.627
3.820 35.000 30.696 61.704 285.122
3.830 35.000 30.876 64.614 297.264
3.840 35.000 31.010 67.342 248.258
3.850 35.000 30.980 69.879 259.246
3.860 35.000 31.081 72.442 253.139
3.870 35.000 30.938 75.143 287.266
3.880 35.000 31.341 77.998 283.723
3.890 35.000 31.505 80.761 268.615
3.900 35.000 31.519 83.477 274.939
3.910 35.000 31.734 86.171 263.454
3.920 35.000 31.635 88.702 243.002
3.930 35.000 31.945 91.256 267.934
3.940 35.000 31.416 93.970 274.865
3.950 35.000 31.628 96.746 280.271
3.960 35.000 31.937 99.538 278.134
3.970 35.000 32.164 102.211 256.470
3.980 35.000 32.112 104.736 248.454
3.990 35.000 32.271 107.171 238.637
4.000 35.000 32.553 109.484 224.022
4.010 35.000 32.450 111.769 232.867
4.020 35.000 32.294 114.142 241.790
4.030 35.000 32.399 116.629 255.677
4.040 35.000 32.756 119.130 244.224
4.050 35.000 32.793 121.335 197.074
4.060 35.000 32.297 123.205 176.658
4.070 35.000 32.609 125.291 240.729
4.080 35.000 33.014 127.622 225.570
4.090 35.000 32.615 129.771 204.134
4.100 35.000 33.045 131.899 221.385
4.110 35.000 33.041 134.050 208.862
4.120 35.000 33.007 136.092 199.482
4.130 35.000 33.538 138.038 189.923
4.140 35.000 33.265 140.035 209.326
4.150 35.000 33.279 142.043 192.383
4.160 35.000 33.674 144.097 218.423
4.170 35.000 33.498 146.121 186.425
4.180 35.000 33.706 148.114 212.158
4.190 35.000 33.560 150.224 209.752
4.200 35.000 33.706 152.245 194.441
4.210 35.000 34.188 154.163 189.162
4.220 35.000 33.754 156.052 188.785
4.230 35.000 34.105 158.001 200.841
4.240 35.000 34.079 159.937 186.534
4.250 35.000 34.387 161.907 207.325
4.260 35.000 34.342 163.949 201.200
4.270 35.000 34.436 165.840 176.977
4.280 35.000 34.452 167.633 181.530
4.290 35.000 34.409 169.416 175.042
4.300 35.000 34.446 171.262 194.188
4.310 35.000 34.659 173.114 176.316
4.320 35.000 34.533 174.919 184.656
4.330 35.000 34.586 176.697 170.955
4.340 35.000 34.579 178.365 162.545
4.350 35.000 34.685 180.073 179.035
4.360 35.000 34.683 181.851 176.680
4.370 35.000 35.173 183.561 165.283
4.380 35.000 35.004 185.162 155.023
4.390 35.000 35.584 186.882 188.839
4.400 35.000 35.300 188.653 165.320
4.410 35.000 35.306 190.285 161.139
4.420 35.000 35.280 191.950 171.915
4.430 35.000 34.925 193.693 176.531
4.440 35.000 35.046 195.300 144.996
4.450 35.000 34.989 196.983 191.517
4.460 35.000 35.312 198.704 152.724
4.470 35.000 34.817 200.507 207.881
4.480 35.000 35.159 202.420 174.760
4.490 35.000 35.123 204.286 198.531
4.500 35.000 35.165 206.276 199.409
4.510 35.000 35.132 208.217 188.801
4.520 35.000 35.175 210.224 212.519
4.530 35.000 35.125 212.311 205.024
4.540 35.000 35.152 214.382 209.116
4.550 35.000 34.681 216.725 259.352
4.560 35.000 35.243 219.207 237.236
4.570 35.000 35.100 221.612 243.782
4.580 35.000 34.973 223.892 211.994
4.590 35.000 35.445 226.200 249.697
4.600 35.000 34.934 228.825 275.348
4.610 5.000 35.376 231.637 287.151
4.620 5.000 34.624 234.562 297.801
4.630 5.000 32.124 238.354 460.423
4.640 5.000 29.068 244.290 726.977
4.650 5.000 28.148 252.257 866.667
4.660 5.000 27.634 260.785 838.842
4.670 5.000 26.480 268.057 615.049
4.680 5.000 20.711 272.423 258.300
4.690 5.000 14.431 274.160 89.136
4.700 5.000 11.698 274.842 47.227
4.710 5.000 10.220 275.020 -11.517
4.720 5.000 9.584 273.889 -214.755
4.730 5.000 9.249 272.538 -55.291
4.740 5.000 8.769 271.518 -148.706
4.750 5.000 8.950 270.324 -90.304
4.760 5.000 8.328 269.219 -130.659
4.770 5.000 8.565 267.841 -144.812
4.780 5.000 7.997 266.558 -111.830
4.790 5.000 8.219 265.128 -174.262
4.800 5.000 7.814 263.806 -90.118
4.810 5.000 7.868 262.051 -260.820
4.820 5.000 7.711 260.345 -80.270
4.830 5.000 7.572 258.405 -307.878
4.840 5.000 7.609 256.457 -81.820
4.850 5.000 7.308 254.490 -311.530
4.860 5.000 7.402 252.479 -90.665
4.870 5.000 7.105 250.472 -310.607
4.880 5.000 7.296 248.375 -108.966
4.890 5.000 6.869 246.675 -230.924
4.900 5.000 7.133 244.867 -130.719
4.910 5.000 6.620 243.226 -197.580
4.920 5.000 6.920 241.412 -165.213
4.930 5.000 6.424 239.657 -185.631
4.940 5.000 6.736 237.848 -176.338
4.950 5.000 6.340 236.088 -175.605
4.960 5.000 6.530 234.198 -202.359
4.970 5.000 6.170 232.409 -155.488
4.980 5.000 6.382 230.402 -245.818
4.990 5.000 6.009 228.397 -155.332
5.000 5.000 6.165 226.002 -323.621
5.010 5.000 5.888 223.615 -153.653
5.020 5.000 5.992 221.234 -322.581
5.030 5.000 5.726 218.830 -158.276
5.040 5.000 5.735 216.368 -334.094
5.050 5.000 5.561 213.902 -159.087
5.060 5.000 5.579 211.377 -345.932
5.070 5.000 5.460 208.853 -158.668
5.080 5.000 5.392 206.266 -359.036
5.090 5.000 5.338 203.685 -157.196
5.100 5.000 5.209 201.065 -366.818
5.110 5.000 5.124 198.429 -160.419
5.120 5.000 5.073 195.792 -366.785
5.130 5.000 4.985 193.076 -176.585
5.140 5.000 4.946 190.415 -355.392
5.150 5.000 4.850 187.728 -182.149
5.160 5.000 4.783 184.899 -383.465
5.170 5.000 4.723 182.052 -186.173
5.180 5.000 4.706 179.266 -371.063
5.190 5.000 4.579 176.463 -189.446
5.200 5.000 4.626 173.722 -358.722
5.210 5.000 4.571 171.072 -171.223
5.220 5.000 4.752 168.729 -297.336
5.230 5.000 4.575 166.310 -186.633
5.240 5.000 4.866 164.064 -262.533
5.250 5.000 4.457 161.564 -237.450
5.260 5.000 4.954 159.380 -199.336
5.270 5.000 4.414 156.960 -284.716
5.280 5.000 4.981 154.740 -159.393
5.290 5.000 4.457 152.341 -320.368
5.300 5.000 4.880 149.984 -151.077
5.310 5.000 4.486 147.530 -339.427
5.320 5.000 4.685 145.072 -152.335
5.330 5.000 4.536 142.603 -341.552
5.340 5.000 4.453 139.928 -193.362
5.350 5.000 4.700 137.615 -269.412
5.360 5.000 4.283 134.971 -259.260
5.370 5.000 4.978 132.826 -169.652
5.380 5.000 4.522 130.533 -289.125
5.390 5.000 5.191 128.559 -105.695
5.400 5.000 4.927 126.390 -328.051
5.410 5.000 4.911 124.232 -103.531
5.420 5.000 5.063 122.422 -258.445
5.430 5.000 4.263 119.791 -267.897
5.440 5.000 5.019 117.906 -108.963
5.450 5.000 4.492 116.034 -265.345
5.460 5.000 5.177 114.424 -56.732
5.470 5.000 5.037 112.729 -282.293
5.480 5.000 4.706 110.782 -107.128
5.490 5.000 5.180 109.304 -188.426
5.500 5.000 4.090 106.934 -285.737
5.510 5.000 5.143 105.228 -55.440
5.520 5.000 4.426 103.632 -263.700
5.530 5.000 5.059 102.128 -37.100
5.540 5.000 4.891 100.551 -278.301
5.550 5.000 4.276 98.445 -142.963
5.560 5.000 5.085 96.972 -151.602
5.570 5.000 3.719 94.512 -340.153
5.580 5.000 5.013 92.667 -28.993
5.590 5.000 4.613 91.159 -272.703
5.600 5.000 4.945 89.758 -7.463
5.610 5.000 5.380 88.679 -208.224
5.620 5.000 4.341 87.039 -119.929
5.630 5.000 5.338 86.079 -72.030
5.640 5.000 4.073 84.261 -291.540
5.650 5.000 5.524 83.006 40.403
5.660 5.000 4.668 81.875 -266.488
5.670 5.000 5.314 80.712 33.783
5.680 5.000 4.987 79.635 -249.055
5.690 5.000 5.110 78.392 0.412
5.700 5.000 5.069 77.378 -203.349
5.710 5.000 4.708 76.269 -18.339
5.720 5.000 5.301 75.299 -175.753
5.730 5.000 4.357 74.111 -61.797
5.740 5.000 5.449 73.229 -114.598
5.750 5.000 4.075 71.883 -154.570
5.760 5.000 5.647 71.008 -20.502
5.770 5.000 4.132 69.767 -227.724
5.780 5.000 5.673 68.887 51.883
5.790 5.000 4.142 67.758 -277.634
5.800 5.000 5.518 66.741 74.031
5.810 5.000 4.509 65.879 -246.334
5.820 5.000 5.308 64.990 68.625
5.830 5.000 4.971 64.335 -199.713
5.840 5.000 5.113 63.470 26.724
5.850 5.000 5.045 62.830 -154.706
5.860 5.000 5.038 62.097 7.928
5.870 5.000 5.157 61.387 -149.746
5.880 5.000 5.037 60.601 -7.561
5.890 5.000 4.974 59.767 -159.062
5.900 5.000 5.039 58.902 -14.022
5.910 5.000 4.832 57.952 -175.929
5.920 5.000 5.095 56.988 -16.946
5.930 5.000 4.668 55.972 -186.301
5.940 5.000 5.260 55.083 8.435
5.950 5.000 4.617 54.084 -208.178
5.960 5.000 5.234 53.170 25.405
5.970 5.000 4.659 52.304 -198.712
5.980 5.000 5.294 51.412 20.488
5.990 5.000 4.624 50.481 -206.793
6.000 5.000 5.353 49.735 57.599
6.010 5.000 4.785 48.913 -221.993
6.020 5.000 5.266 48.008 40.937
6.030 5.000 4.940 47.217 -199.004
6.040 5.000 5.066 46.337 22.886
6.050 5.000 5.114 45.684 -153.533
6.060 5.000 5.006 44.914 -0.403
6.070 5.000 4.999 44.074 -167.508
6.080 5.000 4.873 43.341 20.749
6.090 5.000 5.355 42.843 -120.186
6.100 5.000 4.622 42.207 -7.125
6.110 5.000 5.693 41.769 -80.388
6.120 5.000 4.220 40.973 -78.834
6.130 5.000 5.688 40.295 -56.862
6.140 5.000 4.150 39.436 -114.886
6.150 5.000 5.645 38.656 -41.084
6.160 5.000 4.238 37.930 -104.232
6.170 5.000 5.733 37.258 -30.074
6.180 5.000 4.118 36.447 -132.140
6.190 5.000 5.733 35.741 -9.064
6.200 5.000 4.061 34.844 -170.309
6.210 5.000 5.721 34.134 28.284
6.220 5.000 4.250 33.568 -141.535
6.230 5.000 5.755 32.975 23.075
6.240 5.000 4.414 32.393 -139.560
6.250 5.000 5.670 31.717 4.295
6.260 5.000 4.283 31.031 -141.529
6.270 5.000 5.833 30.409 17.134
6.280 5.000 4.159 29.746 -149.595
6.290 5.000 5.729 29.002 0.782
6.300 5.000 4.449 28.322 -136.780
6.310 5.000 5.774 27.501 -27.518
6.320 5.000 4.255 26.697 -133.144
6.330 5.000 5.721 25.958 -14.705
6.340 5.000 4.293 25.206 -135.685
6.350 5.000 5.753 24.500 -5.518
6.360 5.000 4.283 23.857 -123.151
6.370 5.000 5.827 23.198 -8.588
6.380 5.000 4.069 22.294 -172.162
6.390 5.000 5.638 21.498 12.931
6.400 5.000 4.393 20.756 -161.438
6.410 5.000 5.705 19.994 9.002
6.420 5.000 4.175 19.099 -187.967
6.430 5.000 5.718 18.379 44.063
6.440 5.000 4.285 17.630 -193.998
6.450 5.000 5.682 16.845 36.998
6.460 5.000 4.235 16.030 -199.883
6.470 5.000 5.663 15.258 45.405
6.480 5.000 4.408 14.507 -195.638
6.490 5.000 5.615 13.744 43.102
6.500 5.000 4.369 12.969 -198.058
6.510 5.000 5.710 12.121 28.542
6.520 5.000 4.393 11.216 -209.692
6.530 5.000 5.607 10.361 38.665
6.540 5.000 4.463 9.526 -205.650
6.550 5.000 5.581 8.684 37.221
6.560 5.000 4.388 7.834 -207.071
6.570 5.000 5.611 6.952 30.522
6.580 5.000 4.477 5.961 -228.675
6.590 5.000 5.450 5.099 56.198
6.600 5.000 4.596 4.190 -237.869
6.610 5.000 5.399 3.342 68.290
6.620 8.001 4.651 2.497 -237.370
6.630 11.000 5.470 1.767 91.376
6.640 14.000 5.711 1.640 -116.844
6.650 17.000 7.990 2.621 313.094
6.660 20.000 10.413 5.619 286.620
6.670 23.000 14.763 9.058 401.141
6.680 26.000 19.528 13.082 403.798
6.690 29.000 24.314 17.108 401.276
6.700 32.000 27.272 21.127 402.514
6.710 35.000 29.057 25.045 380.756
6.720 35.000 29.421 28.622 334.955
6.730 35.000 29.817 31.877 316.042
6.740 35.000 30.152 34.961 300.882
6.750 35.000 30.534 38.072 321.382
6.760 35.000 30.269 41.216 307.207
6.770 35.000 30.631 44.248 299.155
6.780 35.000 30.086 47.180 287.355
6.790 35.000 30.726 50.197 316.015
6.800 35.000 30.639 53.210 286.586
6.810 35.000 30.858 56.125 296.462
6.820 35.000 31.049 59.033 285.098
6.830 35.000 30.899 61.849 278.140
6.840 35.000 31.032 64.612 274.542
6.850 35.000 30.766 67.449 292.875
6.860 35.000 31.264 70.132 243.595
6.870 35.000 31.342 72.678 265.589
6.880 35.000 31.367 75.416 282.063
6.890 35.000 31.254 78.076 249.863
6.900 35.000 31.351 80.533 241.474
6.910 35.000 31.437 82.977 247.526
6.920 35.000 31.601 85.546 266.139
6.930 35.000 31.766 88.204 265.626
6.940 35.000 31.820 90.800 253.485
6.950 35.000 31.806 93.415 269.564
6.960 35.000 31.865 96.087 264.776
6.970 35.000 32.093 98.631 243.951
6.980 35.000 32.371 101.155 260.915
6.990 35.000 32.175 103.705 249.097
7.000 35.000 32.008 106.055 220.908
7.010 35.000 32.312 108.294 226.894
7.020 35.000 32.633 110.684 251.057
7.030 35.000 32.242 113.081 228.402
7.040 35.000 32.835 115.424 240.230
7.050 35.000 32.638 117.746 224.204
7.060 35.000 32.942 120.030 232.633
7.070 35.000 32.867 122.347 230.673
7.080 35.000 32.586 124.511 202.001
7.090 35.000 32.882 126.680 232.054
7.100 35.000 32.787 128.859 203.636
7.110 35.000 32.791 130.796 183.855
7.120 35.000 32.987 132.814 219.808
7.130 35.000 33.051 134.947 206.752
7.140 35.000 32.950 136.922 188.159
7.150 35.000 33.062 138.789 185.306
7.160 35.000 33.411 140.752 207.282
7.170 35.000 33.237 142.780 198.119
7.180 35.000 33.504 144.867 219.553
7.190 35.000 33.409 146.883 183.529
7.200 35.000 33.701 148.895 218.959
7.210 35.000 33.611 150.848 171.593
7.220 35.000 33.874 152.781 215.053
7.230 35.000 33.974 154.766 181.865
7.240 35.000 34.244 156.655 196.071
7.250 35.000 33.815 158.476 168.025
7.260 35.000 34.070 160.257 188.146
7.270 35.000 34.253 162.185 197.592
7.280 35.000 34.240 164.009 167.193
7.290 35.000 34.171 165.816 194.130
7.300 35.000 34.344 167.740 190.822
7.310 35.000 34.530 169.663 193.684
7.320 35.000 34.758 171.440 161.530
7.330 35.000 34.788 173.074 165.340
7.340 35.000 34.863 174.810 181.865
7.350 35.000 34.919 176.547 165.584
7.360 35.000 34.809 178.279 180.799
7.370 35.000 34.943 180.091 181.732
7.380 35.000 35.000 181.798 159.458
7.390 35.000 35.166 183.409 162.867
7.400 35.000 34.866 185.006 156.574
7.410 35.000 35.151 186.618 165.767
7.420 35.000 35.069 188.262 163.159
7.430 35.000 35.416 189.827 149.782
7.440 35.000 35.409 191.334 151.584
7.450 35.000 35.217 192.870 155.658
7.460 35.000 35.454 194.486 167.445
7.470 35.000 34.965 196.250 185.354
7.480 35.000 35.186 198.074 179.484
7.490 35.000 35.166 200.004 206.487
7.500 35.000 34.956 202.035 199.798
7.510 35.000 35.199 204.046 202.315
7.520 35.000 35.131 206.142 216.936
7.530 35.000 35.058 208.167 188.016
7.540 35.000 35.205 210.072 193.142
7.550 35.000 34.731 212.165 225.462
7.560 35.000 35.275 214.464 234.262
7.570 35.000 34.878 216.810 235.013
7.580 35.000 35.094 219.016 206.039
7.590 35.000 35.110 221.204 231.646
7.600 35.000 35.007 223.606 248.861
7.610 35.000 35.197 226.183 266.371
7.620 5.000 35.477 228.829 262.860
7.630 5.000 34.235 231.598 291.063
7.640 5.000 32.526 235.364 461.988
7.650 5.000 28.737 241.201 705.510
7.660 5.000 27.294 249.062 866.667
7.670 5.000 26.680 257.851 891.167
7.680 5.000 25.789 265.619 662.168
7.690 5.000 20.783 270.378 289.445
7.700 5.000 13.933 272.252 85.502
7.710 5.000 11.231 272.818 27.691
7.720 5.000 9.847 272.739 -43.435
7.730 5.000 9.174 271.923 -119.817
7.740 5.000 8.823 271.160 -32.777
7.750 5.000 8.262 269.688 -261.535
7.760 5.000 8.363 268.155 -45.104
7.770 5.000 7.859 266.661 -253.635
7.780 5.000 8.245 264.953 -87.988
7.790 5.000 7.737 263.489 -204.855
7.800 5.000 8.144 261.846 -123.714
7.810 5.000 7.689 260.297 -186.212
7.820 5.000 8.042 258.839 -105.435
7.830 5.000 7.550 257.334 -195.402
7.840 5.000 7.850 255.780 -115.459
7.850 5.000 7.372 254.297 -181.254
7.860 5.000 7.639 252.629 -152.274
7.870 5.000 7.122 251.021 -169.139
7.880 5.000 7.375 249.050 -225.249
7.890 5.000 6.917 247.172 -150.333
7.900 5.000 7.129 245.315 -221.069
7.910 5.000 6.779 243.548 -132.430
7.920 5.000 6.885 241.774 -222.379
7.930 5.000 6.625 240.021 -127.999
7.940 5.000 6.667 237.990 -278.341
7.950 5.000 6.477 235.903 -139.167
7.960 5.000 6.455 233.559 -329.638
7.970 5.000 6.329 231.295 -123.184
7.980 5.000 6.256 229.010 -333.706
7.990 5.000 6.232 226.678 -132.683
8.000 5.000 6.102 224.397 -323.630
8.010 5.000 6.008 222.055 -144.739
8.020 5.000 5.946 219.730 -320.032
8.030 5.000 5.836 217.436 -139.037
8.040 5.000 5.790 215.275 -293.093
8.050 5.000 5.722 213.103 -141.329
8.060 5.000 5.640 210.638 -351.583
8.070 5.000 5.552 208.157 -144.635
8.080 5.000 5.417 205.592 -368.454
8.090 5.000 5.446 202.971 -155.756
8.100 5.000 5.263 200.253 -387.823
8.110 5.000 5.315 197.470 -168.762
8.120 5.000 5.037 194.716 -381.949
8.130 5.000 5.195 191.944 -172.526
8.140 5.000 4.901 189.179 -380.553
8.150 5.000 5.082 186.382 -178.775
8.160 5.000 4.695 183.782 -341.323
8.170 5.000 4.952 181.099 -195.138
8.180 5.000 4.549 178.446 -335.550
8.190 5.000 4.848 175.786 -196.460
8.200 5.000 4.445 173.193 -322.227
8.210 5.000 4.796 170.563 -203.704
8.220 5.000 4.457 167.929 -323.076
8.230 5.000 4.848 165.504 -162.057
8.240 5.000 4.663 162.966 -345.535
8.250 5.000 4.794 160.529 -141.708
8.260 5.000 4.739 158.257 -312.700
8.270 5.000 4.648 155.889 -160.971
8.280 5.000 4.796 153.637 -289.386
8.290 5.000 4.423 151.228 -192.421
8.300 5.000 4.815 148.986 -255.890
8.310 5.000 4.242 146.493 -242.800
8.320 5.000 4.839 144.052 -245.347
8.330 5.000 4.225 141.282 -308.612
8.340 5.000 4.834 138.748 -198.160
8.350 5.000 4.354 136.097 -332.172
8.360 5.000 4.965 133.733 -140.679
8.370 5.000 4.725 131.321 -341.645
8.380 5.000 4.738 128.919 -138.887
8.390 5.000 4.929 126.851 -274.600
8.400 5.000 4.408 124.166 -262.492
8.410 5.000 5.023 122.003 -170.077
8.420 5.000 4.468 119.642 -301.884
8.430 5.000 5.236 117.687 -89.384
8.440 5.000 4.871 115.744 -299.109
8.450 5.000 4.963 113.924 -65.054
8.460 5.000 5.083 112.250 -269.742
8.470 5.000 4.301 109.779 -224.376
8.480 5.000 5.058 107.965 -138.547
8.490 5.000 4.233 105.700 -314.276
8.500 5.000 5.276 103.875 -50.813
8.510 5.000 4.676 102.352 -253.751
8.520 5.000 5.004 100.926 -31.474
8.530 5.000 5.048 99.497 -254.366
8.540 5.000 4.112 97.191 -206.704
8.550 5.000 5.159 95.647 -102.191
8.560 5.000 3.912 93.629 -301.389
8.570 5.000 5.041 91.929 -38.506
8.580 5.000 4.618 90.272 -293.005
8.590 5.000 4.272 88.096 -142.134
8.600 5.000 5.156 86.788 -119.530
8.610 5.000 4.066 84.659 -306.325
8.620 5.000 5.452 83.335 41.638
8.630 5.000 5.295 82.413 -226.171
8.640 5.000 4.920 81.226 -11.190
8.650 5.000 5.519 80.251 -183.860
8.660 5.000 3.986 78.275 -211.235
8.670 5.000 5.309 77.038 -36.119
8.680 5.000 4.135 75.215 -328.614
8.690 5.000 5.502 73.939 73.463
8.700 5.000 4.958 73.149 -231.557
8.710 5.000 4.890 72.181 38.012
8.720 5.000 5.582 71.431 -187.876
8.730 5.000 4.170 70.045 -89.339
8.740 5.000 5.651 69.361 -47.567
8.750 5.000 3.886 67.552 -314.215
8.760 5.000 5.502 66.349 73.538
8.770 5.000 4.494 65.398 -263.774
8.780 5.000 5.331 64.436 71.541
8.790 5.000 4.957 63.782 -202.354
8.800 5.000 5.066 62.823 10.458
8.810 5.000 5.043 61.855 -203.997
8.820 5.000 4.977 60.827 -1.652
8.830 5.000 4.995 59.992 -165.357
8.840 5.000 4.970 59.188 4.563
8.850 5.000 5.154 58.448 -152.564
8.860 5.000 4.727 57.698 2.545
8.870 5.000 5.364 56.960 -150.198
8.880 5.000 4.594 56.120 -17.614
8.890 5.000 5.494 55.423 -121.815
8.900 5.000 4.492 54.625 -37.839
8.910 5.000 5.499 54.054 -76.298
8.920 5.000 4.220 53.340 -66.689
8.930 5.000 5.686 52.691 -62.951
8.940 5.000 4.085 51.904 -94.497
8.950 5.000 5.773 51.373 -11.790
8.960 5.000 3.979 50.466 -169.568
8.970 5.000 5.726 49.651 6.616
8.980 5.000 4.170 48.803 -176.214
8.990 5.000 5.799 48.109 37.376
9.000 5.000 4.174 47.229 -213.417
9.010 5.000 5.735 46.377 43.092
9.020 5.000 4.331 45.615 -195.467
9.030 5.000 5.672 44.757 23.874
9.040 5.000 4.483 44.087 -157.855
9.050 5.000 5.633 43.350 10.352
9.060 5.000 4.509 42.874 -105.564
9.070 5.000 5.635 42.207 -27.867
9.080 5.000 4.420 41.554 -102.663
9.090 5.000 5.676 40.830 -42.112
9.100 5.000 4.534 40.230 -77.994
9.110 5.000 5.620 39.578 -52.248
9.120 5.000 4.433 38.912 -80.934
9.130 5.000 5.481 38.204 -60.785
9.140 5.000 4.744 37.604 -59.144
9.150 5.000 5.273 36.799 -101.940
9.160 5.000 4.823 36.045 -48.898
9.170 5.000 4.865 35.141 -131.886
9.180 5.000 5.155 34.244 -47.378
9.190 5.000 4.481 33.219 -157.709
9.200 5.000 5.362 32.393 -7.595
9.210 5.000 4.354 31.459 -179.120
9.220 5.000 5.622 30.687 24.667
9.230 5.000 4.400 29.872 -187.547
9.240 5.000 5.589 29.064 25.967
9.250 5.000 4.423 28.335 -171.745
9.260 5.000 5.563 27.511 6.792
9.270 5.000 4.367 26.768 -155.297
9.280 5.000 5.727 26.009 3.446
9.290 5.000 4.368 25.248 -155.642
9.300 5.000 5.667 24.530 12.080
9.310 5.000 4.330 23.908 -136.461
9.320 5.000 5.749 23.227 0.303
9.330 5.000 4.160 22.382 -169.349
9.340 5.000 5.704 21.679 28.723
9.350 5.000 4.317 20.975 -169.606
9.360 5.000 5.767 20.263 27.206
9.370 5.000 4.298 19.440 -191.781
9.380 5.000 5.628 18.540 11.721
9.390 5.000 4.412 17.840 -151.571
9.400 5.000 5.786 17.194 22.353
9.410 5.000 4.172 16.439 -173.405
9.420 5.000 5.739 15.733 32.125
9.430 5.000 4.241 14.812 -216.278
9.440 5.000 5.725 14.007 55.263
9.450 5.000 4.222 13.069 -242.797
9.460 5.000 5.661 12.116 52.199
9.470 5.000 4.492 11.230 -229.336
9.480 5.000 5.530 10.307 44.682
9.490 5.000 4.575 9.346 -236.930
9.500 5.000 5.383 8.435 54.691
9.510 5.000 4.705 7.554 -230.912
9.520 5.000 5.325 6.648 49.732
9.530 5.000 4.788 5.845 -210.227
9.540 5.000 5.229 5.036 48.503
9.550 5.000 5.013 4.243 -207.329
9.560 5.000 5.054 3.396 37.966
9.570 5.000 5.200 2.684 -180.225
9.580 5.000 4.900 1.787 0.792
9.590 5.000 5.133 1.030 -152.250
9.600 5.000 4.800 0.237 -6.313
9.610 5.000 5.170 -0.488 -138.729
9.620 5.000 4.702 -1.243 -12.298
9.630 8.000 5.467 -1.925 -124.152
9.640 11.001 4.582 -2.520 5.283
9.650 14.001 6.620 -2.424 13.815
9.660 17.000 6.724 -1.763 118.485
9.670 20.000 10.800 0.787 391.591
9.680 23.000 14.046 4.255 302.013
9.690 26.000 19.346 8.092 465.462
9.700 29.000 23.837 12.552 426.480
9.710 32.000 27.328 16.816 426.351
9.720 35.000 29.022 20.863 382.942
9.730 35.000 29.895 24.380 320.538
9.740 35.000 29.651 27.649 333.261
9.750 35.000 29.904 31.026 341.931
9.760 35.000 30.406 34.337 320.351
9.770 35.000 30.465 37.518 315.860
9.780 35.000 30.305 40.709 322.340
9.790 35.000 30.747 43.849 305.411
9.800 35.000 30.633 46.898 304.802
9.810 35.000 30.809 49.797 274.871
9.820 35.000 30.753 52.755 316.750
9.830 35.000 30.810 55.810 294.349
9.840 35.000 30.983 58.824 308.407
9.850 35.000 31.110 61.779 282.420
9.860 35.000 30.948 64.668 295.571
9.870 35.000 31.113 67.584 287.581
9.880 35.000 31.175 70.371 269.911
9.890 35.000 31.322 73.055 266.898
9.900 35.000 31.151 75.829 287.909
9.910 35.000 31.423 78.547 255.536
9.920 35.000 31.648 81.286 292.378
9.930 35.000 31.662 83.928 235.971
9.940 35.000 31.661 86.238 225.988
9.950 35.000 31.562 88.620 250.508
9.960 35.000 31.630 91.091 243.699
9.970 35.000 31.922 93.698 277.762
9.980 35.000 31.797 96.330 248.650
9.990 35.000 32.071 98.930 271.301
10.000 35.000 31.887 101.428 227.992
10.010 35.000 32.244 103.902 267.082
10.020 35.000 32.260 106.484 249.357
10.030 35.000 32.250 108.923 238.499
10.040 35.000 32.593 111.235 223.765
10.050 35.000 32.449 113.419 213.097
10.060 35.000 32.641 115.562 215.520
10.070 35.000 32.813 117.732 218.460
10.080 35.000 32.795 119.951 225.325
10.090 35.000 32.776 122.206 225.681
10.100 35.000 32.698 124.381 209.393
10.110 35.000 33.168 126.584 231.199
10.120 35.000 33.303 128.899 231.724
10.130 35.000 33.038 131.090 206.635
10.140 35.000 33.519 133.056 186.477
10.150 35.000 33.131 135.083 218.887
10.160 35.000 33.487 137.263 217.128
10.170 35.000 33.200 139.348 199.883
10.180 35.000 33.638 141.377 205.955
10.190 35.000 33.268 143.364 191.445
10.200 35.000 33.466 145.271 189.830
10.210 35.000 33.892 147.353 226.738
10.220 35.000 33.941 149.449 192.145
10.230 35.000 33.988 151.301 178.502
10.240 35.000 33.789 153.148 190.782
10.250 35.000 34.150 155.186 216.846
10.260 35.000 34.139 157.273 200.593
10.270 35.000 34.571 159.353 215.519
10.280 35.000 34.495 161.321 178.114
10.290 35.000 34.131 163.003 158.131
10.300 35.000 34.185 164.609 163.158
10.310 35.000 34.590 166.306 176.138
10.320 35.000 34.452 167.893 141.319
10.330 35.000 34.882 169.472 174.584
10.340 35.000 34.682 171.324 195.692
10.350 35.000 34.637 173.064 152.275
10.360 35.000 34.722 174.767 188.389
10.370 35.000 35.061 176.553 168.775
10.380 35.000 35.216 178.036 127.738
10.390 35.000 35.139 179.499 164.992
10.400 35.000 35.013 181.223 179.854
10.410 35.000 35.225 182.996 174.638
10.420 35.000 35.114 184.622 150.723
10.430 35.000 35.146 186.203 165.453
10.440 35.000 35.430 187.766 147.066
10.450 35.000 35.163 189.285 156.653
10.460 35.000 34.907 191.025 191.423
10.470 35.000 35.130 192.828 169.127
10.480 35.000 35.570 194.672 199.775
10.490 35.000 34.821 196.619 189.636
10.500 35.000 35.144 198.660 218.639
10.510 35.000 35.163 200.822 213.745
10.520 35.000 35.297 203.018 225.197
10.530 35.000 35.188 205.227 216.828
10.540 35.000 34.897 207.540 245.774
10.550 35.000 35.149 209.988 243.695
10.560 35.000 35.124 212.392 237.166
10.570 35.000 34.538 214.796 243.631
10.580 35.000 35.122 217.214 240.097
10.590 35.000 35.381 219.477 212.328
10.600 35.000 34.747 221.876 267.613
10.610 35.000 35.347 224.543 265.590
10.620 35.000 35.145 227.192 264.505
10.630 5.000 34.971 229.737 244.468
10.640 5.000 34.234 232.603 328.754
10.650 5.000 32.314 236.594 469.343
10.660 5.000 28.601 242.439 699.548
10.670 5.000 27.648 250.240 860.826
10.680 5.000 26.904 258.945 880.255
10.690 5.000 25.661 266.472 625.139
10.700 5.000 19.591 270.941 268.618
10.710 5.000 13.583 272.696 82.336
10.720 5.000 10.930 273.265 31.446
10.730 5.000 9.625 273.440 3.675
10.740 5.000 8.986 272.362 -219.439
10.750 5.000 8.826 270.991 -54.532
10.760 5.000 8.293 270.030 -137.749
10.770 5.000 8.468 268.815 -105.425
10.780 5.000 7.914 267.747 -108.056
10.790 5.000 8.204 266.481 -145.179
10.800 5.000 7.567 265.267 -97.634
10.810 5.000 8.026 263.638 -228.165
10.820 5.000 7.643 261.964 -106.535
10.830 5.000 7.879 260.503 -185.758
10.840 5.000 7.676 259.124 -90.085
10.850 5.000 7.703 257.323 -270.020
10.860 5.000 7.449 255.554 -83.718
10.870 5.000 7.394 253.670 -293.123
10.880 5.000 7.243 251.734 -94.208
10.890 5.000 7.080 249.663 -319.800
10.900 5.000 7.096 247.607 -91.474
10.910 5.000 6.944 245.592 -311.615
10.920 5.000 7.001 243.554 -95.937
10.930 5.000 6.678 241.566 -301.663
10.940 5.000 6.855 239.523 -106.855
10.950 5.000 6.505 237.420 -313.890
10.960 5.000 6.638 235.253 -119.543
10.970 5.000 6.306 233.030 -325.049
10.980 5.000 6.529 230.745 -131.667
10.990 5.000 6.107 228.807 -256.107
11.000 5.000 6.421 226.880 -129.257
11.010 5.000 6.001 224.834 -280.042
11.020 5.000 6.167 222.740 -138.791
11.030 5.000 5.759 220.671 -274.962
11.040 5.000 5.995 218.463 -166.657
11.050 5.000 5.554 216.331 -259.633
11.060 5.000 5.873 214.151 -176.517
11.070 5.000 5.389 212.069 -239.757
11.080 5.000 5.730 209.916 -190.867
11.090 5.000 5.276 207.712 -250.021
11.100 5.000 5.506 205.490 -194.330
11.110 5.000 5.084 203.217 -260.307
11.120 5.000 5.332 200.942 -194.603
11.130 5.000 4.909 198.655 -262.690
11.140 5.000 5.298 196.259 -216.719
11.150 5.000 4.768 193.844 -266.331
11.160 5.000 5.095 191.326 -237.199
11.170 5.000 4.608 188.829 -262.210
11.180 5.000 4.967 186.348 -233.946
11.190 5.000 4.486 183.863 -262.958
11.200 5.000 4.800 181.442 -221.406
11.210 5.000 4.382 179.012 -264.507
11.220 5.000 4.826 176.534 -231.084
11.230 5.000 4.435 173.972 -281.442
11.240 5.000 4.919 171.623 -188.231
11.250 5.000 4.545 169.212 -294.156
11.260 5.000 5.029 166.992 -149.687
11.270 5.000 4.690 164.662 -316.417
11.280 5.000 4.957 162.427 -130.592
11.290 5.000 4.751 160.290 -296.703
11.300 5.000 4.564 157.943 -172.707
11.310 5.000 4.755 155.748 -266.458
11.320 5.000 4.220 153.182 -246.712
11.330 5.000 4.786 150.940 -201.598
11.340 5.000 4.191 148.468 -292.866
11.350 5.000 4.839 146.132 -174.252
11.360 5.000 4.372 143.648 -322.705
11.370 5.000 4.889 141.321 -142.540
11.380 5.000 4.670 138.826 -356.456
11.390 5.000 4.845 136.451 -118.617
11.400 5.000 4.873 134.392 -293.168
11.410 5.000 4.523 131.952 -194.904
11.420 5.000 5.040 130.005 -194.396
11.430 5.000 4.379 127.527 -301.352
11.440 5.000 5.216 125.495 -104.924
11.450 5.000 4.730 123.450 -304.070
11.460 5.000 5.075 121.609 -64.169
11.470 5.000 5.063 119.905 -276.697
11.480 5.000 4.470 117.666 -171.035
11.490 5.000 5.128 116.025 -157.097
11.500 5.000 4.166 113.669 -313.915
11.510 5.000 5.188 111.881 -43.998
11.520 5.000 4.800 110.275 -277.084
11.530 5.000 4.844 108.599 -58.160
11.540 5.000 5.151 107.214 -218.803
11.550 5.000 3.987 104.702 -283.711
11.560 5.000 5.148 103.071 -42.303
11.570 5.000 4.187 101.462 -279.736
11.580 5.000 4.949 99.844 -43.764
11.590 5.000 4.651 98.167 -291.784
11.600 5.000 4.336 96.099 -121.802
11.610 5.000 5.024 94.790 -139.939
11.620 5.000 3.917 92.498 -318.490
11.630 5.000 5.316 91.130 44.930
11.640 5.000 5.280 90.227 -225.429
11.650 5.000 5.133 89.157 11.406
11.660 5.000 5.495 88.226 -197.604
11.670 5.000 4.173 86.624 -122.928
11.680 5.000 5.249 85.534 -94.957
11.690 5.000 3.927 83.893 -233.364
11.700 5.000 5.663 82.897 34.211
11.710 5.000 4.317 81.550 -303.484
11.720 5.000 5.394 80.433 79.994
11.730 5.000 5.174 79.695 -227.689
11.740 5.000 4.979 78.634 15.581
11.750 5.000 5.481 77.846 -173.120
11.760 5.000 4.454 76.722 -51.740
11.770 5.000 5.349 75.820 -128.702
11.780 5.000 4.354 74.741 -87.095
11.790 5.000 5.525 73.859 -89.331
11.800 5.000 4.234 72.781 -126.298
11.810 5.000 5.619 71.965 -36.815
11.820 5.000 4.018 70.763 -203.533
11.830 5.000 5.623 69.848 20.502
11.840 5.000 4.073 68.700 -250.187
11.850 5.000 5.677 67.754 61.013
11.860 5.000 4.391 66.753 -261.178
11.870 5.000 5.472 65.828 76.119
11.880 5.000 4.651 64.976 -246.364
11.890 5.000 5.370 64.072 65.470
11.900 5.000 4.879 63.391 -201.644
11.910 5.000 5.180 62.626 48.707
11.920 5.000 5.053 62.021 -169.680
11.930 5.000 5.077 61.294 24.082
11.940 5.000 5.093 60.604 -161.974
11.950 5.000 4.936 59.824 5.818
11.960 5.000 5.086 59.120 -146.432
11.970 5.000 4.935 58.311 -15.445
11.980 5.000 4.746 57.445 -157.712
11.990 5.000 5.112 56.692 6.991
12.000 5.000 4.890 55.969 -151.437
12.010 5.000 5.114 55.200 -2.412
12.020 5.000 4.738 54.295 -178.650
12.030 5.000 5.192 53.445 8.637
12.040 5.000 4.750 52.587 -180.275
12.050 5.000 5.332 51.761 15.221
12.060 5.000 4.666 50.798 -207.841
12.070 5.000 5.267 49.942 36.483
12.080 5.000 4.768 49.009 -222.948
12.090 5.000 5.154 48.151 51.196
12.100 5.000 5.027 47.345 -212.184
12.110 5.000 5.083 46.466 36.303
12.120 5.000 5.190 45.848 -159.943
12.130 5.000 4.807 45.034 -2.823
12.140 5.000 5.347 44.367 -130.635
12.150 5.000 4.576 43.530 -36.821
12.160 5.000 5.406 42.748 -119.567
12.170 5.000 4.669 41.992 -31.443
12.180 5.000 5.208 41.245 -118.145
12.190 5.000 4.780 40.536 -23.664
12.200 5.000 5.044 39.822 -118.978
12.210 5.000 4.871 39.192 -7.076
12.220 5.000 5.242 38.508 -129.749
12.230 5.000 4.647 37.795 -12.757
12.240 5.000 5.415 37.222 -102.021
12.250 5.000 4.548 36.587 -24.928
12.260 5.000 5.621 36.003 -91.836
12.270 5.000 4.339 35.249 -59.027
12.280 5.000 5.615 34.672 -56.344
12.290 5.000 4.338 34.112 -55.697
12.300 5.000 5.637 33.531 -60.441
12.310 5.000 4.223 32.836 -78.457
12.320 5.000 5.709 32.224 -43.955
12.330 5.000 4.223 31.484 -104.232
12.340 5.000 5.699 30.804 -31.642
12.350 5.000 4.259 30.169 -95.476
12.360 5.000 5.712 29.561 -26.123
12.370 5.000 4.159 28.903 -105.447
12.380 5.000 5.761 28.279 -19.378
12.390 5.000 4.246 27.535 -129.431
12.400 5.000 5.781 26.859 -5.658
12.410 5.000 4.222 26.099 -146.309
12.420 5.000 5.814 25.475 21.415
12.430 5.000 4.191 24.791 -158.249
12.440 5.000 5.708 24.156 31.377
12.450 5.000 4.158 23.447 -173.281
12.460 5.000 5.734 22.709 25.769
12.470 5.000 4.522 22.165 -134.651
12.480 5.000 5.561 21.392 -20.015
12.490 5.000 4.640 20.905 -77.223
12.500 5.000 5.518 20.284 -46.971
12.510 5.000 4.720 19.697 -70.427
12.520 5.000 5.223 18.960 -77.009
12.530 5.000 4.995 18.369 -41.187
12.540 5.000 4.875 17.568 -119.129
12.550 5.000 5.214 16.839 -26.545
12.560 5.000 4.612 16.004 -140.513
12.570 5.000 5.457 15.234 -13.466
12.580 5.000 4.311 14.262 -180.867
12.590 5.000 5.484 13.352 -1.194
12.600 5.000 4.338 12.253 -218.637
12.610 5.000 5.526 11.464 60.792
12.620 5.000 4.341 10.626 -228.336
12.630 5.000 5.554 9.845 72.094
12.640 8.000 4.656 9.042 -232.734
12.650 11.000 5.417 8.269 78.184
12.660 14.000 5.636 8.122 -107.471
12.670 17.001 8.099 9.150 312.980
12.680 20.000 10.536 12.023 261.699
12.690 23.000 14.899 15.315 396.651
12.700 26.000 19.697 19.325 405.350
12.710 29.001 24.576 23.645 458.424
12.720 32.000 27.852 28.143 441.445
12.730 35.000 29.071 32.127 355.443
12.740 35.000 29.425 35.695 357.883
12.750 35.000 30.104 39.157 334.628
12.760 35.000 30.295 42.524 338.861
12.770 35.000 30.476 45.928 341.997
12.780 35.000 30.518 49.251 322.521
12.790 35.000 30.538 52.425 312.205
12.800 35.000 30.467 55.589 320.848
12.810 35.000 30.666 58.639 288.869
12.820 35.000 30.760 61.589 301.225
12.830 35.000 30.846 64.509 282.856
12.840 35.000 30.841 67.327 280.812
12.850 35.000 30.838 70.029 259.509
12.860 35.000 30.488 72.563 247.326
12.870 35.000 30.826 75.206 281.228
12.880 35.000 31.025 78.067 290.910
12.890 35.000 30.968 80.772 250.304
12.900 35.000 31.172 83.362 267.503
12.910 35.000 31.477 85.879 235.967
12.920 35.000 31.298 88.322 252.631
12.930 35.000 31.375 90.946 272.236
12.940 35.000 31.630 93.569 252.268
12.950 35.000 31.921 96.070 247.957
12.960 35.000 31.773 98.555 249.195
12.970 35.000 31.935 101.075 254.705
12.980 35.000 31.897 103.414 213.169
12.990 35.000 31.925 105.713 246.575
13.000 35.000 32.263 108.187 248.255
13.010 35.000 32.008 110.595 233.274
13.020 35.000 31.951 112.960 239.811
13.030 35.000 32.338 115.482 264.569
13.040 35.000 32.180 117.972 233.361
13.050 35.000 32.465 120.458 263.648
13.060 35.000 32.454 122.867 218.448
13.070 35.000 32.630 125.207 249.394
13.080 35.000 32.776 127.489 207.122
13.090 35.000 32.667 129.532 201.502
13.100 35.000 32.734 131.672 226.472
13.110 35.000 32.548 133.764 191.832
13.120 35.000 32.612 135.774 210.344
13.130 35.000 32.631 137.877 210.080
13.140 35.000 33.334 140.024 219.390
13.150 35.000 33.499 142.131 202.008
13.160 35.000 33.145 144.095 190.813
13.170 35.000 33.470 146.164 222.974
13.180 35.000 33.541 148.175 179.244
13.190 35.000 33.320 150.077 201.248
13.200 35.000 33.358 151.967 176.663
13.210 35.000 33.859 153.847 199.293
13.220 35.000 33.684 155.744 180.210
13.230 35.000 33.744 157.639 198.709
13.240 35.000 34.145 159.527 179.034
13.250 35.000 33.637 161.263 168.186
13.260 35.000 34.230 163.149 208.837
13.270 35.000 34.268 164.976 156.549
13.280 35.000 34.054 166.502 148.676
13.290 35.000 34.250 168.065 163.931
13.300 35.000 34.493 169.815 186.131
13.310 35.000 34.301 171.612 173.277
13.320 35.000 34.431 173.415 187.389
13.330 35.000 34.882 175.353 200.170
13.340 35.000 34.344 177.195 168.242
13.350 35.000 34.712 179.011 194.993
13.360 35.000 34.714 180.928 188.302
13.370 35.000 34.920 182.873 200.733
13.380 35.000 35.024 184.649 154.463
13.390 35.000 35.204 185.983 112.306
13.400 35.000 35.038 187.292 149.555
13.410 35.000 35.179 188.716 135.141
13.420 35.000 35.045 190.022 126.155
13.430 35.000 35.147 191.482 165.827
13.440 35.000 35.112 193.088 155.335
13.450 35.000 35.589 194.629 152.956
13.460 35.000 35.191 196.226 166.416
13.470 35.000 35.243 197.938 176.027
13.480 35.000 34.956 199.712 178.668
13.490 35.000 35.135 201.645 208.011
13.500 35.000 35.072 203.563 175.565
13.510 35.000 35.224 205.353 182.382
13.520 35.000 34.830 207.128 172.757
13.530 35.000 35.336 208.855 172.569
13.540 35.000 35.096 210.635 183.442
13.550 35.000 34.919 212.505 190.661
13.560 35.000 35.417 214.377 183.706
13.570 35.000 34.875 216.421 225.055
13.580 35.000 35.237 218.661 223.047
13.590 35.000 34.693 220.817 208.044
13.600 35.000 34.835 223.078 243.990
13.610 35.000 35.491 225.557 251.917
13.620 35.000 35.079 227.964 229.629
13.630 35.000 35.158 230.369 251.253
13.640 5.000 34.986 232.892 253.327
13.650 5.000 34.278 235.481 264.562
13.660 5.000 32.208 238.981 435.325
13.670 5.000 28.629 244.730 714.637
13.680 5.000 28.319 252.754 890.306
13.690 5.000 27.387 261.557 870.314
13.700 5.000 26.220 269.123 642.830
13.710 5.000 20.494 273.700 272.468
13.720 5.000 14.366 275.345 56.642
13.730 5.000 11.672 275.352 -55.208
13.740 5.000 10.400 274.993 -16.705
13.750 5.000 9.423 274.510 -79.775
13.760 5.000 9.353 273.429 -136.585
13.770 5.000 8.822 272.447 -59.870
13.780 5.000 8.731 270.778 -273.785
13.790 5.000 8.502 269.169 -48.136
13.800 5.000 8.291 267.443 -297.035
13.810 5.000 8.404 265.607 -70.025
13.820 5.000 7.963 264.199 -211.585
13.830 5.000 8.223 262.683 -91.736
13.840 5.000 7.652 261.332 -178.375
13.850 5.000 7.968 259.806 -126.939
13.860 5.000 7.406 258.372 -159.759
13.870 5.000 7.716 256.606 -193.332
13.880 5.000 7.242 255.009 -126.283
13.890 5.000 7.462 253.012 -272.968
13.900 5.000 7.057 251.023 -125.017
13.910 5.000 7.175 249.003 -278.877
13.920 5.000 6.963 246.985 -124.781
13.930 5.000 7.000 245.237 -224.744
13.940 5.000 6.729 243.444 -133.908
13.950 5.000 6.852 241.316 -291.694
13.960 5.000 6.617 239.230 -125.556
13.970 5.000 6.563 237.034 -313.627
13.980 5.000 6.398 234.872 -118.715
13.990 5.000 6.345 232.595 -336.705
14.000 5.000 6.225 230.270 -128.289
14.010 5.000 6.246 228.089 -307.942
14.020 5.000 6.137 225.870 -135.783
14.030 5.000 6.122 223.802 -277.976
14.040 5.000 5.947 221.692 -143.852
14.050 5.000 5.916 219.357 -323.195
14.060 5.000 5.758 216.966 -155.058
14.070 5.000 5.726 214.448 -348.351
14.080 5.000 5.603 211.960 -149.473
14.090 5.000 5.529 209.279 -386.791
14.100 5.000 5.509 206.558 -157.412
14.110 5.000 5.370 203.972 -359.808
14.120 5.000 5.361 201.370 -160.483
14.130 5.000 5.207 198.752 -363.148
14.140 5.000 5.163 196.069 -173.513
14.150 5.000 5.095 193.384 -363.262
14.160 5.000 4.996 190.665 -180.590
14.170 5.000 4.940 187.884 -375.733
14.180 5.000 4.833 185.047 -191.687
14.190 5.000 4.819 182.280 -361.673
14.200 5.000 4.701 179.489 -196.506
14.210 5.000 4.716 176.906 -320.128
14.220 5.000 4.569 174.331 -194.995
14.230 5.000 4.662 171.700 -331.137
14.240 5.000 4.574 169.100 -188.587
14.250 5.000 4.754 166.557 -320.262
14.260 5.000 4.561 163.968 -197.605
14.270 5.000 4.827 161.620 -271.888
14.280 5.000 4.489 159.135 -225.233
14.290 5.000 4.955 156.700 -261.783
14.300 5.000 4.381 154.058 -266.261
14.310 5.000 4.964 151.732 -199.129
14.320 5.000 4.390 149.229 -301.584
14.330 5.000 4.924 146.847 -174.720
14.340 5.000 4.414 144.283 -338.023
14.350 5.000 4.761 141.824 -153.978
14.360 5.000 4.508 139.322 -346.436
14.370 5.000 4.561 136.665 -184.849
14.380 5.000 4.729 134.224 -303.317
14.390 5.000 4.362 131.623 -217.027
14.400 5.000 4.936 129.192 -269.053
14.410 5.000 4.404 126.435 -282.249
14.420 5.000 5.177 124.271 -150.695
14.430 5.000 4.584 121.931 -317.326
14.440 5.000 5.208 119.812 -106.429
14.450 5.000 4.832 117.706 -314.749
14.460 5.000 4.946 115.642 -98.043
14.470 5.000 5.074 113.731 -284.165
14.480 5.000 4.259 111.062 -249.711
14.490 5.000 5.097 109.239 -114.962
14.500 5.000 4.369 107.244 -283.969
14.510 5.000 5.196 105.578 -49.190
14.520 5.000 5.030 103.827 -301.053
14.530 5.000 4.666 101.728 -118.811
14.540 5.000 5.209 100.269 -172.862
14.550 5.000 3.967 97.833 -314.474
14.560 5.000 5.222 96.064 -39.222
14.570 5.000 4.369 94.485 -276.485
14.580 5.000 4.868 92.866 -47.348
14.590 5.000 4.903 91.314 -263.094
14.600 5.000 3.921 88.923 -215.086
14.610 5.000 5.051 87.327 -104.128
14.620 5.000 3.872 85.151 -331.179
14.630 5.000 5.151 83.548 10.587
14.640 5.000 5.404 82.491 -222.014
14.650 5.000 4.738 81.179 -40.344
14.660 5.000 5.578 80.234 -148.571
14.670 5.000 3.831 78.018 -294.736
14.680 5.000 5.281 76.718 34.689
14.690 5.000 4.628 75.540 -270.346
14.700 5.000 5.334 74.451 52.585
14.710 5.000 5.513 73.772 -188.369
14.720 5.000 4.549 72.501 -65.845
14.730 5.000 5.320 71.399 -154.505
14.740 5.000 4.174 70.017 -121.827
14.750 5.000 5.535 69.026 -76.570
14.760 5.000 4.175 67.690 -190.570
14.770 5.000 5.639 66.603 -26.885
14.780 5.000 4.160 65.192 -255.238
14.790 5.000 5.589 63.957 8.306
14.800 5.000 4.240 62.618 -276.112
14.810 5.000 5.517 61.437 39.864
14.820 5.000 4.460 60.299 -267.435
14.830 5.000 5.406 59.243 56.289
14.840 5.000 4.892 58.481 -208.844
14.850 5.000 5.171 57.633 39.477
14.860 5.000 5.043 56.861 -193.971
14.870 5.000 4.941 55.955 12.710
14.880 5.000 5.162 55.123 -179.022
14.890 5.000 4.863 54.234 1.099
14.900 5.000 5.374 53.553 -137.281
14.910 5.000 4.615 52.703 -32.764
14.920 5.000 5.412 51.917 -124.288
14.930 5.000 4.530 51.080 -43.286
14.940 5.000 5.492 50.347 -103.211
14.950 5.000 4.381 49.482 -69.721
14.960 5.000 5.574 48.615 -103.687
14.970 5.000 4.292 47.636 -92.258
14.980 5.000 5.635 46.897 -55.524
14.990 5.000 4.096 45.901 -143.742
15.000 5.000 5.776 45.190 1.691
15.010 5.000 3.864 44.074 -224.965
15.020 5.000 5.766 43.209 51.868
15.030 5.000 4.187 42.122 -269.150
15.040 5.000 5.575 41.209 86.491
15.050 5.000 4.460 40.536 -220.993
15.060 5.000 5.545 39.823 78.352
15.070 5.000 4.757 39.191 -204.704
15.080 5.000 5.342 38.402 46.828
15.090 5.000 4.770 37.688 -189.604
15.100 5.000 5.426 36.884 28.827
15.110 5.000 4.765 35.987 -208.340
15.120 5.000 5.259 35.127 36.453
15.130 5.000 4.907 34.246 -212.769
15.140 5.000 5.151 33.330 29.642
15.150 5.000 5.062 32.405 -214.710
15.160 5.000 4.889 31.360 5.657
15.170 5.000 5.270 30.534 -170.710
15.180 5.000 4.823 29.626 -11.000
15.190 5.000 5.205 28.896 -134.940
15.200 5.000 4.760 28.087 -26.980
15.210 5.000 5.332 27.304 -129.500
15.220 5.000 4.684 26.468 -37.741
15.230 5.000 5.354 25.707 -114.339
15.240 5.000 4.475 24.896 -47.936
15.250 5.000 5.485 24.176 -95.999
15.260 5.000 4.354 23.421 -55.024
15.270 5.000 5.749 22.819 -65.457
15.280 5.000 4.001 21.955 -107.413
15.290 5.000 5.595 21.275 -28.593
15.300 5.000 4.259 20.523 -121.706
15.310 5.000 5.749 19.772 -28.490
15.320 5.000 4.190 19.016 -122.672
15.330 5.000 5.664 18.304 -19.746
15.340 5.000 4.312 17.656 -109.991
15.350 5.000 5.664 16.969 -27.237
15.360 5.000 4.224 16.306 -105.435
15.370 5.000 5.697 15.622 -31.478
15.380 5.000 4.390 15.056 -81.718
15.390 5.000 5.795 14.565 -16.339
15.400 5.000 4.275 13.843 -128.060
15.410 5.000 5.757 13.181 -4.397
15.420 5.000 4.179 12.377 -156.339
15.430 5.000 5.749 11.623 5.508
15.440 5.000 4.358 10.854 -159.359
15.450 5.000 5.699 10.037 -3.902
15.460 5.000 4.334 9.401 -123.329
15.470 5.000 5.767 8.703 -16.410
15.480 5.000 4.276 7.967 -130.694
15.490 5.000 5.786 7.295 -3.707
15.500 5.000 4.177 6.380 -179.463
15.510 5.000 5.679 5.573 18.118
15.520 5.000 4.127 4.456 -241.563
15.530 5.000 5.670 3.448 40.031
15.540 5.000 4.345 2.328 -264.014
15.550 5.000 5.686 1.414 81.326
15.560 5.000 4.555 0.466 -271.082
15.570 5.000 5.379 -0.490 79.965
15.580 5.000 5.072 -1.226 -227.312
15.590 5.000 5.094 -2.222 28.298
15.600 5.000 5.057 -2.985 -180.894
15.610 5.000 5.016 -3.806 16.686
15.620 5.000 4.929 -4.651 -185.754
15.630 5.000 5.061 -5.533 9.309
15.640 5.000 5.182 -6.308 -164.184
15.650 7.999 4.752 -7.159 -6.153
15.660 10.998 5.546 -7.629 -87.830
15.670 13.999 5.507 -7.674 78.828
15.680 16.999 8.331 -6.357 184.607
15.690 19.998 9.692 -4.033 280.277
15.700 22.999 14.915 -0.403 445.309
15.710 25.999 19.333 3.881 411.896
15.720 28.998 24.383 8.068 425.512
15.730 31.998 27.800 12.287 418.246
15.740 34.998 29.052 16.116 347.616
15.750 35.000 29.637 19.732 375.534
15.760 35.000 30.730 23.277 333.530
15.770 35.000 30.194 26.562 323.430
15.780 35.000 30.383 29.883 340.713
15.790 35.000 30.408 33.114 305.441
15.800 35.000 30.251 36.217 315.274
15.810 35.000 30.967 39.341 309.538
15.820 35.000 30.587 42.455 313.341
15.830 35.000 30.851 45.685 332.494
15.840 35.000 31.000 48.853 301.242
15.850 35.000 30.890 51.789 285.923
15.860 35.000 30.571 54.647 285.598
15.870 35.000 30.796 57.539 292.878
15.880 35.000 31.215 60.465 292.329
15.890 35.000 31.309 63.164 247.437
15.900 35.000 31.433 65.889 297.714
15.910 35.000 31.151 68.768 277.934
15.920 35.000 31.343 71.475 263.578
15.930 35.000 31.207 74.197 280.802
15.940 35.000 31.633 77.164 312.648
15.950 35.000 31.596 80.104 275.357
15.960 35.000 32.183 82.726 249.032
15.970 35.000 31.774 85.236 252.931
15.980 35.000 31.577 87.907 281.352
15.990 35.000 32.093 90.347 206.602
16.000 35.000 31.800 92.563 236.580
16.010 35.000 32.143 94.915 233.744
16.020 35.000 31.936 97.325 248.335
16.030 35.000 32.167 99.761 238.941
16.040 35.000 32.197 102.106 229.917
16.050 35.000 32.408 104.566 262.125
16.060 35.000 32.498 107.136 251.890
16.070 35.000 32.359 109.421 205.010
16.080 35.000 32.445 111.786 268.236
16.090 35.000 32.632 114.315 237.447
16.100 35.000 32.696 116.716 242.718
16.110 35.000 32.381 119.146 243.242
16.120 35.000 33.015 121.438 215.281
16.130 35.000 32.865 123.660 229.160
16.140 35.000 33.141 125.897 218.118
16.150 35.000 33.078 128.087 219.926
16.160 35.000 32.995 130.195 201.450
16.170 35.000 33.465 132.299 219.507
16.180 35.000 33.181 134.498 220.298
16.190 35.000 33.188 136.707 221.572
16.200 35.000 33.532 138.922 221.504
16.210 35.000 33.578 141.036 201.266
16.220 35.000 33.793 143.220 235.447
16.230 35.000 33.559 145.262 173.013
16.240 35.000 33.804 147.135 201.448
16.250 35.000 33.969 149.262 223.934
16.260 35.000 34.199 151.317 187.238
16.270 35.000 34.061 153.235 196.352
16.280 35.000 34.086 155.261 208.838
16.290 35.000 34.253 157.221 183.281
16.300 35.000 33.878 158.982 168.784
16.310 35.000 34.225 160.851 204.942
16.320 35.000 34.580 162.830 191.046
16.330 35.000 34.545 164.743 191.434
16.340 35.000 34.814 166.566 173.149
16.350 35.000 34.677 168.244 162.545
16.360 35.000 34.865 169.939 176.539
16.370 35.000 34.680 171.700 175.499
16.380 35.000 34.871 173.457 176.080
16.390 35.000 34.797 175.019 136.210
16.400 35.000 35.074 176.508 161.410
16.410 35.000 35.105 178.186 174.419
16.420 35.000 35.041 179.864 161.242
16.430 35.000 35.222 181.482 162.284
16.440 35.000 35.083 183.256 192.531
16.450 35.000 35.179 185.017 159.725
16.460 35.000 35.510 186.648 166.292
16.470 35.000 35.361 188.309 165.990
16.480 35.000 35.139 190.018 175.880
16.490 35.000 35.348 191.837 187.983
16.500 35.000 34.946 193.787 201.860
16.510 35.000 34.827 195.827 206.291
16.520 35.000 35.272 197.873 202.902
16.530 35.000 34.987 199.885 199.555
16.540 35.000 35.137 202.009 225.079
16.550 35.000 35.401 204.098 192.779
16.560 35.000 34.942 206.144 216.398
16.570 35.000 34.805 208.275 209.761
16.580 35.000 34.786 210.586 252.589
16.590 35.000 35.537 212.854 201.002
16.600 35.000 34.944 215.019 231.968
16.610 35.000 35.382 217.381 240.420
16.620 35.000 35.176 219.776 238.601
16.630 35.000 34.664 222.142 234.513
16.640 35.000 35.229 224.738 284.739
16.650 5.000 35.051 227.617 291.136
16.660 5.000 34.626 230.664 318.319
16.670 5.000 32.422 234.552 459.284
16.680 5.000 28.973 240.474 725.010
16.690 5.000 28.096 248.446 869.408
16.700 5.000 27.687 257.068 855.082
16.710 5.000 26.211 264.407 612.558
16.720 5.000 20.764 268.504 206.884
16.730 5.000 14.468 269.678 27.794
16.740 5.000 11.736 269.805 -2.396
16.750 5.000 10.342 269.804 2.365
16.760 5.000 9.434 269.310 -101.254
16.770 5.000 9.334 268.452 -70.305
16.780 5.000 8.611 267.570 -106.088
16.790 5.000 8.878 266.339 -140.202
16.800 5.000 8.374 265.318 -63.995
16.810 5.000 8.492 263.800 -239.544
16.820 5.000 8.198 262.297 -61.063
16.830 5.000 8.157 260.614 -275.470
16.840 5.000 8.044 258.920 -63.346
16.850 5.000 7.782 257.104 -299.981
16.860 5.000 7.843 255.254 -69.952
16.870 5.000 7.528 253.431 -294.572
16.880 5.000 7.712 251.506 -90.412
16.890 5.000 7.261 250.167 -177.465
16.900 5.000 7.515 248.670 -121.997
16.910 5.000 6.969 247.170 -177.950
16.920 5.000 7.258 245.524 -151.306
16.930 5.000 6.775 243.919 -169.658
16.940 5.000 7.119 242.223 -169.607
16.950 5.000 6.662 240.593 -156.359
16.960 5.000 6.949 238.354 -291.470
16.970 5.000 6.495 236.075 -164.281
16.980 5.000 6.668 233.738 -302.902
16.990 5.000 6.279 231.382 -168.597
17.000 5.000 6.515 229.423 -223.088
17.010 5.000 6.128 227.449 -171.816
17.020 5.000 6.384 225.005 -316.926
17.030 5.000 5.978 222.585 -167.128
17.040 5.000 6.183 220.466 -256.613
17.050 5.000 5.781 218.330 -170.586
17.060 5.000 6.008 216.318 -231.842
17.070 5.000 5.667 214.302 -171.320
17.080 5.000 5.865 212.191 -250.916
17.090 5.000 5.554 209.916 -204.097
17.100 5.000 5.743 207.260 -327.168
17.110 5.000 5.380 204.691 -186.683
17.120 5.000 5.549 202.291 -293.199
17.130 5.000 5.261 199.999 -165.249
17.140 5.000 5.289 197.696 -295.256
17.150 5.000 5.109 195.378 -168.390
17.160 5.000 5.138 193.041 -299.131
17.170 5.000 4.915 190.553 -198.348
17.180 5.000 4.988 188.139 -284.542
17.190 5.000 4.753 185.749 -193.371
17.200 5.000 4.894 183.369 -282.666
17.210 5.000 4.639 181.016 -187.934
17.220 5.000 4.764 178.303 -354.679
17.230 5.000 4.581 175.563 -193.252
17.240 5.000 4.734 173.001 -319.217
17.250 5.000 4.510 170.321 -216.747
17.260 5.000 4.784 167.941 -259.301
17.270 5.000 4.481 165.490 -230.918
17.280 5.000 4.957 163.094 -248.193
17.290 5.000 4.423 160.578 -255.211
17.300 5.000 5.020 158.320 -196.291
17.310 5.000 4.431 155.937 -280.306
17.320 5.000 5.058 153.749 -157.344
17.330 5.000 4.451 151.351 -322.203
17.340 5.000 4.890 149.061 -135.749
17.350 5.000 4.563 146.785 -319.603
17.360 5.000 4.492 144.230 -191.203
17.370 5.000 4.663 141.869 -281.064
17.380 5.000 4.175 139.093 -274.186
17.390 5.000 4.758 136.676 -209.189
17.400 5.000 4.311 134.087 -308.542
17.410 5.000 5.064 131.848 -139.390
17.420 5.000 4.697 129.698 -290.616
17.430 5.000 5.061 127.802 -88.439
17.440 5.000 4.997 125.803 -311.396
17.450 5.000 4.500 123.337 -181.905
17.460 5.000 5.020 121.370 -211.524
17.470 5.000 4.247 118.847 -293.065
17.480 5.000 5.142 116.897 -96.956
17.490 5.000 4.603 115.057 -271.018
17.500 5.000 5.254 113.493 -41.686
17.510 5.000 5.125 111.906 -275.848
17.520 5.000 4.408 109.574 -190.355
17.530 5.000 5.212 107.969 -130.730
17.540 5.000 4.229 105.750 -313.074
17.550 5.000 5.255 103.977 -41.636
17.560 5.000 4.673 102.428 -268.095
17.570 5.000 4.744 100.718 -74.033
17.580 5.000 5.124 99.366 -196.202
17.590 5.000 3.795 96.802 -316.660
17.600 5.000 5.029 95.003 -43.078
17.610 5.000 4.228 93.398 -278.049
17.620 5.000 4.779 91.794 -42.702
17.630 5.000 5.085 90.402 -235.689
17.640 5.000 3.936 87.990 -246.832
17.650 5.000 5.253 86.851 19.291
17.660 5.000 4.822 85.790 -231.676
17.670 5.000 5.375 84.844 42.550
17.680 5.000 5.529 84.019 -207.680
17.690 5.000 4.482 82.663 -63.497
17.700 5.000 5.104 81.513 -166.548
17.710 5.000 4.030 79.889 -158.059
17.720 5.000 5.449 78.901 -39.529
17.730 5.000 4.210 77.609 -218.934
17.740 5.000 5.692 76.608 18.761
17.750 5.000 4.415 75.515 -237.347
17.760 5.000 5.570 74.420 18.297
17.770 5.000 4.428 73.326 -237.016
17.780 5.000 5.496 72.138 -0.715
17.790 5.000 4.407 70.858 -255.260
17.800 5.000 5.467 69.753 34.205
17.810 5.000 4.483 68.709 -242.854
17.820 5.000 5.282 67.741 49.246
17.830 5.000 4.723 66.901 -217.307
17.840 5.000 5.163 66.021 41.184
17.850 5.000 5.127 65.350 -175.237
17.860 5.000 4.785 64.583 21.807
17.870 5.000 5.511 64.012 -136.093
17.880 5.000 4.500 63.139 -38.376
17.890 5.000 5.522 62.514 -86.698
17.900 5.000 4.336 61.768 -62.423
17.910 5.000 5.733 61.175 -56.301
17.920 5.000 4.170 60.326 -113.388
17.930 5.000 5.620 59.608 -30.316
17.940 5.000 4.155 58.688 -153.579
17.950 5.000 5.778 57.971 10.129
17.960 5.000 3.930 56.835 -237.323
17.970 5.000 5.704 55.933 56.862
17.980 5.000 4.240 54.782 -286.940
17.990 5.000 5.599 53.752 80.908
18.000 5.000 4.521 52.897 -252.022
18.010 5.000 5.472 52.002 73.067
18.020 5.000 4.829 51.305 -212.475
18.030 5.000 5.292 50.442 40.006
18.040 5.000 4.927 49.726 -183.398
18.050 5.000 5.166 48.927 23.698
18.060 5.000 4.927 48.253 -158.568
18.070 5.000 5.280 47.434 -5.068
18.080 5.000 4.622 46.516 -178.684
18.090 5.000 5.281 45.633 2.037
18.100 5.000 4.562 44.617 -205.195
18.110 5.000 5.416 43.793 40.461
18.120 5.000 4.461 42.809 -237.225
18.130 5.000 5.301 41.990 73.372
18.140 5.000 4.921 41.265 -218.443
18.150 5.000 5.202 40.374 40.338
18.160 5.000 4.935 39.667 -181.829
18.170 5.000 5.033 38.910 30.521
18.180 5.000 5.209 38.283 -155.971
18.190 5.000 5.015 37.455 -9.541
18.200 5.000 4.926 36.580 -165.518
18.210 5.000 5.028 35.754 0.246
18.220 5.000 4.872 34.937 -163.535
18.230 5.000 5.005 34.096 -4.819
18.240 5.000 4.739 33.316 -151.175
18.250 5.000 5.149 32.557 -0.562
18.260 5.000 4.792 31.737 -163.332
18.270 5.000 5.207 31.064 28.627
18.280 5.000 4.806 30.227 -195.966
18.290 5.000 5.194 29.474 45.411
18.300 5.000 4.887 28.740 -192.219
18.310 5.000 4.987 28.051 54.384
18.320 5.000 5.336 27.583 -147.892
18.330 5.000 4.715 26.804 -8.014
18.340 5.000 5.573 26.174 -118.090
18.350 5.000 4.489 25.403 -36.119
18.360 5.000 5.557 24.740 -96.500
18.370 5.000 4.366 23.914 -68.565
18.380 5.000 5.556 23.211 -72.068
18.390 5.000 4.343 22.518 -66.493
18.400 5.000 5.545 21.843 -68.619
18.410 5.000 4.443 21.159 -68.026
18.420 5.000 5.693 20.449 -74.041
18.430 5.000 4.156 19.678 -80.252
18.440 5.000 5.762 19.139 -27.565
18.450 5.000 3.977 18.193 -161.660
18.460 5.000 5.766 17.538 30.691
18.470 5.000 4.044 16.668 -204.682
18.480 5.000 5.763 15.950 61.122
18.490 5.000 4.170 15.007 -249.628
18.500 5.000 5.575 14.166 81.351
18.510 5.000 4.491 13.437 -227.124
18.520 5.000 5.603 12.655 70.814
18.530 5.000 4.586 11.934 -215.095
18.540 5.000 5.486 11.240 76.214
18.550 5.000 4.702 10.625 -199.243
18.560 5.000 5.414 9.803 34.812
18.570 5.000 4.643 8.999 -195.517
18.580 5.000 5.536 8.230 41.678
18.590 5.000 4.598 7.327 -222.205
18.600 5.000 5.412 6.393 35.310
18.610 5.000 4.661 5.405 -232.884
18.620 5.000 5.416 4.493 50.455
18.630 5.000 4.707 3.524 -244.126
18.640 5.000 5.110 2.556 50.371
18.650 5.000 5.101 1.913 -178.975
18.660 8.001 4.974 1.090 14.584
18.670 11.000 5.669 0.728 -87.012
18.680 14.000 5.396 0.718 84.864
18.690 17.000 8.424 2.114 194.450
18.700 20.000 9.559 4.313 245.257
18.710 23.000 15.040 7.784 448.964
18.720 26.000 19.243 11.852 364.788
18.730 29.000 24.231 15.993 463.230
18.740 32.000 27.414 20.348 407.873
18.750 35.000 29.048 24.146 351.510
18.760 35.000 29.593 27.619 343.279
18.770 35.000 30.193 31.134 359.714
18.780 35.000 30.010 34.713 356.181
18.790 35.000 30.062 38.092 319.650
18.800 35.000 30.274 41.339 329.640
18.810 35.000 30.531 44.366 275.664
18.820 35.000 30.587 47.221 295.572
18.830 35.000 30.644 50.189 297.913
18.840 35.000 30.800 53.136 291.222
18.850 35.000 30.973 55.984 278.602
18.860 35.000 31.246 58.706 265.909
18.870 35.000 31.017 61.486 290.057
18.880 35.000 31.199 64.401 293.005
18.890 35.000 31.277 67.289 284.578
18.900 35.000 31.296 70.133 283.958
18.910 35.000 31.235 72.928 275.245
18.920 35.000 31.417 75.592 257.659
18.930 35.000 31.728 78.097 243.261
18.940 35.000 31.772 80.625 262.412
18.950 35.000 31.745 83.107 233.852
18.960 35.000 31.874 85.583 261.404
18.970 35.000 31.554 88.064 234.874
18.980 35.000 32.051 90.562 264.660
18.990 35.000 32.021 93.240 270.761
19.000 35.000 31.890 95.894 260.309
19.010 35.000 32.037 98.433 247.344
19.020 35.000 31.541 101.053 276.831
19.030 35.000 32.134 103.677 247.869
19.040 35.000 32.195 106.148 246.315
19.050 35.000 32.070 108.562 236.365
19.060 35.000 32.522 111.028 257.025
19.070 35.000 32.491 113.289 195.098
19.080 35.000 32.562 115.380 223.246
19.090 35.000 32.244 117.591 218.862
19.100 35.000 32.510 119.859 234.710
19.110 35.000 32.811 122.238 241.072
19.120 35.000 32.686 124.490 209.442
19.130 35.000 32.825 126.708 234.051
19.140 35.000 32.919 129.027 229.775
19.150 35.000 33.107 131.289 222.652
19.160 35.000 33.048 133.552 229.932
19.170 35.000 33.251 135.764 212.377
19.180 35.000 33.374 137.937 222.339
19.190 35.000 33.203 140.247 239.687
19.200 35.000 33.195 142.590 228.921
19.210 35.000 33.390 144.929 238.935
19.220 35.000 33.653 147.293 233.851
19.230 35.000 33.873 149.548 217.092
19.240 35.000 33.665 151.728 218.882
19.250 35.000 33.691 153.796 194.737
19.260 35.000 33.717 155.687 183.541
19.270 35.000 33.878 157.577 194.383
19.280 35.000 33.763 159.343 158.959
19.290 35.000 34.241 161.156 203.481
19.300 35.000 34.104 163.053 175.911
19.310 35.000 34.385 164.866 186.708
19.320 35.000 34.166 166.592 158.476
19.330 35.000 34.333 168.248 172.568
19.340 35.000 34.584 169.975 172.992
19.350 35.000 34.452 171.702 172.463
19.360 35.000 34.579 173.469 181.040
19.370 35.000 34.669 175.081 141.302
19.380 35.000 34.496 176.629 168.260
19.390 35.000 34.693 178.356 177.054
19.400 35.000 35.106 179.980 147.734
19.410 35.000 34.833 181.601 176.543
19.420 35.000 35.111 183.205 144.284
19.430 35.000 35.120 184.733 161.394
19.440 35.000 35.162 186.339 159.734
19.450 35.000 35.365 188.011 174.717
19.460 35.000 35.118 189.708 164.616
19.470 35.000 35.413 191.311 156.051
19.480 35.000 35.184 192.998 181.199
19.490 35.000 35.263 195.021 223.534
19.500 35.000 35.385 196.970 166.303
19.510 35.000 35.161 198.861 211.859
19.520 35.000 34.966 200.938 203.606
19.530 35.000 34.800 203.109 230.478
19.540 35.000 35.132 205.415 230.641
19.550 35.000 35.138 207.665 219.593
19.560 35.000 35.108 209.926 232.558
19.570 35.000 35.362 212.251 232.463
19.580 35.000 34.809 214.693 255.933
19.590 35.000 35.150 217.227 250.951
19.600 35.000 35.066 219.609 225.422
19.610 35.000 35.021 222.023 257.227
19.620 35.000 34.914 224.480 234.187
19.630 35.000 35.220 226.952 260.010
19.640 35.000 35.041 229.469 243.720
19.650 35.000 35.360 231.970 256.429
19.660 5.000 35.082 234.598 269.186
19.670 5.000 34.024 237.541 319.335
19.680 5.000 32.421 241.558 484.105
19.690 5.000 28.787 247.544 713.226
19.700 5.000 27.293 255.371 852.101
19.710 5.000 27.096 264.050 883.826
19.720 5.000 25.663 271.508 607.649
19.730 5.000 19.132 275.829 256.408
19.740 5.000 13.453 277.238 25.532
19.750 5.000 10.948 277.171 -39.057
19.760 5.000 9.669 276.958 -3.512
19.770 5.000 9.118 275.834 -221.358
19.780 5.000 8.875 274.532 -38.993
19.790 5.000 8.411 273.036 -260.183
19.800 5.000 8.527 271.527 -41.677
19.810 5.000 8.010 270.363 -191.153
19.820 5.000 8.259 269.019 -77.682
19.830 5.000 7.710 267.838 -158.501
19.840 5.000 8.037 266.556 -97.806
19.850 5.000 7.447 265.335 -146.326
19.860 5.000 7.801 263.825 -155.819
19.870 5.000 7.298 262.342 -140.650
19.880 5.000 7.472 260.489 -230.043
19.890 5.000 7.060 258.834 -100.966
19.900 5.000 7.212 257.009 -263.984
19.910 5.000 6.920 255.188 -100.210
19.920 5.000 6.967 253.248 -287.813
19.930 5.000 6.848 251.317 -98.405
19.940 5.000 6.826 249.384 -288.207
19.950 5.000 6.606 247.453 -97.914
19.960 5.000 6.597 245.362 -320.407
19.970 5.000 6.590 243.242 -103.452
19.980 5.000 6.348 241.067 -331.684
19.990 5.000 6.493 238.827 -116.274
20.000 5.000 6.162 236.570 -335.020
20.010 5.000 6.331 234.279 -123.204
20.020 5.000 5.958 232.242 -284.139
20.030 5.000 6.170 230.155 -133.314
20.040 5.000 5.736 228.272 -243.397
20.050 5.000 6.030 226.315 -147.895
20.060 5.000 5.538 224.337 -247.834
20.070 5.000 5.876 222.325 -154.525
20.080 5.000 5.388 220.219 -266.794
20.090 5.000 5.650 218.003 -176.164
20.100 5.000 5.139 215.732 -278.164
20.110 5.000 5.580 213.466 -175.129
20.120 5.000 5.185 211.145 -288.946
20.130 5.000 5.531 208.823 -175.627
20.140 5.000 5.107 206.507 -287.397
20.150 5.000 5.374 204.189 -176.256
20.160 5.000 4.976 201.839 -293.690
20.170 5.000 5.178 199.474 -179.405
20.180 5.000 4.880 196.661 -383.074
20.190 5.000 5.080 193.875 -174.152
20.200 5.000 4.781 190.970 -406.884
20.210 5.000 4.841 188.005 -186.073
20.220 5.000 4.618 185.060 -403.110
20.230 5.000 4.689 182.128 -183.312
20.240 5.000 4.541 179.294 -383.312
20.250 5.000 4.657 176.545 -166.490
20.260 5.000 4.612 173.815 -379.551
20.270 5.000 4.722 171.114 -160.709
20.280 5.000 4.761 168.653 -331.533
20.290 5.000 4.634 166.098 -179.415
20.300 5.000 4.867 163.740 -292.199
20.310 5.000 4.465 161.077 -240.356
20.320 5.000 4.903 158.783 -218.526
20.330 5.000 4.318 156.320 -274.001
20.340 5.000 4.929 154.058 -178.469
20.350 5.000 4.353 151.537 -325.742
20.360 5.000 4.871 149.137 -154.237
20.370 5.000 4.499 146.567 -359.681
20.380 5.000 4.556 143.897 -174.491
20.390 5.000 4.668 141.558 -293.157
20.400 5.000 4.354 138.971 -224.347
20.410 5.000 4.919 136.645 -240.785
20.420 5.000 4.357 134.034 -281.377
20.430 5.000 5.101 131.866 -152.243
20.440 5.000 4.642 129.623 -296.444
20.450 5.000 5.200 127.658 -96.548
20.460 5.000 4.939 125.561 -322.854
20.470 5.000 4.773 123.339 -121.597
20.480 5.000 5.061 121.561 -234.020
20.490 5.000 4.192 118.972 -283.668
20.500 5.000 5.092 117.144 -82.040
20.510 5.000 4.586 115.362 -274.205
20.520 5.000 5.203 113.769 -44.446
20.530 5.000 5.071 112.114 -286.530
20.540 5.000 4.419 109.849 -166.664
20.550 5.000 5.151 108.387 -125.658
20.560 5.000 4.112 106.249 -301.983
20.570 5.000 5.192 104.530 -41.778
20.580 5.000 4.537 102.962 -271.704
20.590 5.000 4.799 101.314 -57.944
20.600 5.000 5.001 99.857 -233.551
20.610 5.000 3.813 97.305 -276.851
20.620 5.000 5.040 95.560 -72.065
20.630 5.000 4.046 93.724 -295.183
20.640 5.000 4.954 92.206 -8.271
20.650 5.000 5.417 91.030 -227.144
20.660 5.000 4.299 89.300 -118.732
20.670 5.000 5.524 88.448 -51.646
20.680 5.000 4.062 86.536 -330.906
20.690 5.000 5.412 85.245 72.796
20.700 5.000 5.139 84.428 -236.126
20.710 5.000 4.932 83.316 13.672
20.720 5.000 5.540 82.565 -163.812
20.730 5.000 4.349 81.313 -86.752
20.740 5.000 5.372 80.294 -116.898
20.750 5.000 4.006 78.895 -163.096
20.760 5.000 5.587 77.947 -26.341
20.770 5.000 4.089 76.543 -254.673
20.780 5.000 5.666 75.504 46.859
20.790 5.000 4.273 74.236 -300.334
20.800 5.000 5.389 73.027 58.476
20.810 5.000 4.867 72.104 -243.085
20.820 5.000 5.233 71.087 39.599
20.830 5.000 5.150 70.343 -188.262
20.840 5.000 4.830 69.476 14.775
20.850 5.000 5.403 68.884 -133.092
20.860 5.000 4.433 68.036 -36.665
20.870 5.000 5.622 67.266 -117.200
20.880 5.000 4.317 66.299 -76.212
20.890 5.000 5.685 65.601 -63.543
20.900 5.000 4.199 64.716 -113.408
20.910 5.000 5.480 63.859 -57.934
20.920 5.000 4.395 63.144 -85.042
20.930 5.000 5.724 62.430 -57.742
20.940 5.000 4.191 61.658 -96.653
20.950 5.000 5.512 60.954 -44.077
20.960 5.000 4.421 60.280 -90.760
20.970 5.000 5.663 59.559 -53.586
20.980 5.000 4.311 58.867 -84.664
20.990 5.000 5.495 58.152 -58.443
21.000 5.000 4.605 57.569 -58.091
21.010 5.000 5.419 56.946 -66.456
21.020 5.000 4.647 56.339 -54.974
21.030 5.000 5.386 55.580 -96.996
21.040 5.000 4.820 54.811 -56.759
21.050 5.000 4.950 53.938 -117.860
21.060 5.000 5.011 53.238 -22.112
21.070 5.000 4.764 52.422 -141.120
21.080 5.000 5.234 51.676 -7.922
21.090 5.000 4.496 50.817 -163.945
21.100 5.000 5.467 50.071 14.800
21.110 5.000 4.591 49.260 -177.038
21.120 5.000 5.482 48.502 25.408
21.130 5.000 4.398 47.709 -184.079
21.140 5.000 5.559 46.922 26.697
21.150 5.000 4.399 45.934 -224.189
21.160 5.000 5.554 45.037 44.699
21.170 5.000 4.425 44.084 -235.243
21.180 5.000 5.556 43.291 76.601
21.190 5.000 4.578 42.483 -238.128
21.200 5.000 5.364 41.664 74.336
21.210 5.000 4.969 41.018 -203.590
21.220 5.000 5.165 40.155 30.968
21.230 5.000 5.015 39.487 -164.392
21.240 5.000 5.159 38.681 3.061
21.250 5.000 4.987 37.713 -196.651
21.260 5.000 4.992 36.719 -2.300
21.270 5.000 4.932 35.844 -172.695
21.280 5.000 5.000 35.102 24.492
21.290 5.000 5.328 34.473 -150.301
21.300 5.000 4.717 33.690 -6.332
21.310 5.000 5.339 32.934 -144.999
21.320 5.000 4.652 32.091 -23.503
21.330 5.000 5.401 31.375 -119.667
21.340 5.000 4.543 30.525 -50.322
21.350 5.000 5.332 29.767 -101.425
21.360 5.000 4.444 29.096 -32.678
21.370 5.000 5.614 28.528 -80.818
21.380 5.000 4.222 27.715 -81.831
