# covent_pc_5
# Captured 2021-01-24 19:23:43.925665 by unknown user
# Built at revision ba9d3656 (dirty)
time(sec) pc_setpoint pressure volume net_flow
0.000 5.000 10.331 362.336 -77.417
0.010 5.000 10.454 360.954 -199.161
0.020 5.000 10.114 359.501 -91.385
0.030 5.000 10.115 357.785 -251.825
0.040 5.000 10.027 355.967 -111.784
0.050 5.000 9.681 354.394 -202.808
0.060 5.000 9.735 352.712 -133.554
0.070 5.000 9.336 351.107 -187.454
0.080 5.000 9.573 349.282 -177.485
0.090 5.000 9.043 347.540 -170.775
0.100 5.000 9.368 345.762 -185.079
0.110 5.000 8.802 343.960 -175.259
0.120 5.000 9.102 341.617 -293.432
0.130 5.000 8.551 339.422 -145.542
0.140 5.000 8.856 337.650 -208.815
0.150 5.000 8.355 335.896 -141.942
0.160 5.000 8.513 333.906 -256.093
0.170 5.000 8.192 331.837 -157.854
0.180 5.000 8.295 329.331 -343.286
0.190 5.000 8.009 326.805 -161.936
0.200 5.000 8.026 324.350 -328.979
0.210 5.000 7.755 321.834 -174.364
0.220 5.000 7.735 319.251 -342.083
0.230 5.000 7.549 316.627 -182.732
0.240 5.000 7.541 314.063 -329.931
0.250 5.000 7.442 311.443 -194.286
0.260 5.000 7.262 308.934 -307.535
0.270 5.000 7.172 306.432 -192.830
0.280 5.000 7.017 303.989 -295.879
0.290 5.000 7.068 301.471 -207.615
0.300 5.000 6.754 298.973 -292.032
0.310 5.000 6.886 296.365 -229.486
0.320 5.000 6.442 293.768 -290.092
0.330 5.000 6.703 291.155 -232.286
0.340 5.000 6.291 288.630 -272.739
0.350 5.000 6.526 286.089 -235.549
0.360 5.000 6.129 283.514 -279.451
0.370 5.000 6.380 280.798 -263.800
0.380 5.000 5.836 277.994 -297.039
0.390 5.000 6.196 275.059 -289.913
0.400 5.000 5.637 272.126 -296.737
0.410 5.000 6.011 269.257 -277.012
0.420 5.000 5.442 266.348 -304.770
0.430 5.000 5.851 263.418 -281.276
0.440 5.000 5.225 260.424 -317.404
0.450 5.000 5.631 257.482 -271.193
0.460 5.000 5.154 254.478 -329.468
0.470 5.000 5.457 251.303 -305.650
0.480 5.000 4.929 248.053 -344.195
0.490 5.000 5.273 244.717 -323.072
0.500 5.000 4.760 241.312 -357.917
0.510 5.000 5.099 238.094 -285.744
0.520 5.000 4.602 234.934 -346.353
0.530 5.000 4.950 231.694 -301.558
0.540 5.000 4.433 228.371 -363.100
0.550 5.000 4.788 224.967 -317.549
0.560 5.000 4.278 221.418 -392.423
0.570 5.000 4.641 217.899 -311.268
0.580 5.000 4.208 214.319 -404.653
0.590 5.000 4.501 210.826 -293.882
0.600 5.000 4.239 207.390 -393.476
0.610 5.000 4.480 204.057 -273.257
0.620 5.000 4.282 200.583 -421.550
0.630 5.000 4.270 197.271 -240.654
0.640 5.000 4.478 194.193 -375.005
0.650 5.000 3.842 190.821 -299.429
0.660 5.000 4.553 187.602 -344.459
0.670 5.000 3.507 183.836 -408.356
0.680 5.000 4.527 180.378 -283.519
0.690 5.000 3.508 176.743 -443.535
0.700 5.000 4.277 173.221 -260.885
0.710 5.000 3.862 169.802 -422.872
0.720 5.000 4.088 166.539 -229.816
0.730 5.000 4.384 163.463 -385.158
0.740 5.000 3.584 159.931 -321.534
0.750 5.000 4.645 156.961 -272.264
0.760 5.000 3.085 153.271 -465.806
0.770 5.000 4.747 150.235 -141.508
0.780 5.000 3.644 147.466 -412.229
0.790 5.000 4.202 144.824 -116.016
0.800 5.000 4.718 142.474 -354.179
0.810 5.000 2.951 138.783 -383.800
0.820 5.000 5.050 136.220 -129.009
0.830 5.000 2.848 132.897 -535.618
0.840 5.000 4.483 129.971 -49.410
0.850 5.000 4.761 127.802 -384.402
0.860 5.000 3.154 125.002 -175.786
0.870 5.000 5.308 123.666 -91.439
0.880 5.000 2.964 121.004 -440.958
0.890 5.000 5.270 119.115 63.318
0.900 5.000 3.482 116.981 -490.129
0.910 5.000 4.901 114.959 85.554
0.920 5.000 4.519 113.875 -302.328
0.930 5.000 4.606 112.429 13.127
0.940 5.000 5.056 111.591 -180.623
0.950 5.000 4.324 110.458 -45.961
0.960 5.000 5.292 109.516 -142.611
0.970 5.000 4.346 108.358 -88.873
0.980 5.000 5.294 107.381 -106.591
0.990 5.000 4.605 106.453 -78.925
1.000 5.000 5.348 105.438 -124.162
1.010 5.000 4.683 104.398 -83.788
1.020 5.000 5.265 103.402 -115.482
1.030 5.000 4.970 102.455 -73.922
1.040 5.000 5.053 101.535 -109.972
1.050 5.000 5.250 100.727 -51.704
1.060 5.000 5.001 99.947 -104.237
1.070 5.000 5.368 99.097 -65.822
1.080 5.000 5.076 98.282 -97.217
1.090 5.000 5.338 97.450 -69.040
1.100 5.000 5.265 96.680 -85.093
1.110 5.000 5.347 95.786 -93.605
1.120 5.000 5.329 94.870 -89.619
1.130 5.000 5.260 93.991 -86.292
1.140 5.000 5.281 93.111 -89.542
1.150 5.000 5.383 92.185 -95.779
1.160 5.000 5.357 91.270 -87.180
1.170 5.000 5.345 90.354 -96.073
1.180 5.000 5.319 89.306 -113.479
1.190 5.000 5.348 88.224 -102.933
1.200 5.000 5.390 87.130 -115.875
1.210 5.000 5.241 85.889 -132.430
1.220 5.000 5.384 84.597 -125.795
1.230 5.000 5.282 83.164 -160.714
1.240 5.000 5.317 81.701 -132.127
1.250 5.000 5.160 80.353 -137.358
1.260 5.000 5.197 79.011 -131.050
1.270 5.000 5.157 77.557 -159.809
1.280 5.000 5.175 75.911 -169.321
1.290 5.000 5.107 74.162 -180.582
1.300 5.000 5.054 72.376 -176.486
1.310 5.000 5.106 70.605 -177.825
1.320 5.000 5.025 68.845 -174.209
1.330 5.000 4.968 67.135 -167.763
1.340 5.000 4.966 65.452 -168.622
1.350 5.000 4.912 63.742 -173.598
1.360 5.000 4.989 61.965 -181.676
1.370 5.000 4.866 60.157 -180.059
1.380 5.000 4.850 58.423 -166.519
1.390 5.000 4.970 56.741 -170.053
1.400 5.000 4.761 55.008 -176.484
1.410 5.000 4.971 53.291 -167.034
1.420 5.000 4.791 51.719 -147.433
1.430 5.000 4.870 50.185 -159.115
1.440 5.000 4.816 48.601 -157.768
1.450 5.000 4.835 47.091 -144.383
1.460 5.000 4.802 45.621 -149.499
1.470 5.000 4.896 44.120 -150.670
1.480 5.000 4.779 42.570 -159.517
1.490 5.000 4.832 41.016 -151.145
1.500 5.000 4.820 39.550 -142.137
1.510 5.000 4.900 38.167 -134.503
1.520 5.000 4.879 36.833 -132.312
1.530 5.000 4.835 35.512 -131.740
1.540 5.000 4.993 34.187 -133.381
1.550 5.000 4.855 32.832 -137.400
1.560 5.000 4.803 31.541 -120.910
1.570 5.000 5.098 30.362 -115.039
1.580 5.000 4.852 29.143 -128.627
1.590 5.000 4.927 27.879 -124.232
1.600 5.000 4.944 26.660 -119.490
1.610 5.000 5.080 25.519 -108.635
1.620 5.000 4.927 24.348 -125.720
1.630 5.000 5.006 23.140 -115.866
1.640 5.000 4.961 21.934 -125.353
1.650 5.000 5.166 20.739 -113.595
1.660 5.000 5.045 19.562 -121.804
1.670 5.000 5.033 18.399 -110.702
1.680 5.000 5.089 17.270 -115.281
1.690 5.000 5.058 16.089 -120.767
1.700 5.000 5.115 14.883 -120.562
1.710 5.000 5.095 13.651 -125.755
1.720 5.000 5.076 12.408 -122.958
1.730 5.000 5.197 11.151 -128.392
1.740 5.000 4.978 9.754 -151.010
1.750 5.000 5.214 8.356 -128.566
1.760 5.000 5.087 7.114 -119.913
1.770 5.000 5.162 5.948 -113.186
1.780 5.000 5.105 4.666 -143.174
1.790 5.000 5.100 3.258 -138.470
1.800 6.500 5.101 1.853 -142.681
1.810 8.000 5.076 0.530 -121.890
1.820 9.500 5.501 -0.435 -71.131
1.830 11.000 5.533 -1.186 -79.062
1.840 12.500 5.556 -1.451 26.052
1.850 14.000 6.880 -0.808 102.626
1.860 15.500 7.313 0.743 207.520
1.870 17.000 8.916 3.249 293.597
1.880 18.500 10.052 6.564 369.651
1.890 20.000 12.095 10.376 392.441
1.900 20.000 13.479 14.743 481.273
1.910 20.000 15.324 19.824 534.809
1.920 20.000 17.043 24.673 434.944
1.930 20.000 18.173 29.206 471.857
1.940 20.000 19.297 34.011 489.065
1.950 20.000 19.832 38.734 455.280
1.960 20.000 20.421 43.154 428.641
1.970 20.000 20.058 47.665 473.803
1.980 20.000 19.840 52.157 424.648
1.990 20.000 20.052 56.633 470.604
2.000 20.000 20.332 61.252 453.305
2.010 20.000 20.682 65.778 451.858
2.020 20.000 20.810 70.242 440.912
2.030 20.000 20.612 74.442 399.062
2.040 20.000 21.253 78.718 455.739
2.050 20.000 20.892 83.229 446.909
2.060 20.000 20.822 87.854 478.035
2.070 20.000 20.462 92.626 476.280
2.080 20.000 20.696 97.350 468.609
2.090 20.000 20.773 102.275 516.215
2.100 20.000 20.521 107.435 515.707
2.110 20.000 20.985 112.459 489.425
2.120 20.000 20.737 117.410 500.803
2.130 20.000 21.101 122.541 525.479
2.140 20.000 20.741 127.809 528.020
2.150 20.000 20.991 133.136 537.390
2.160 20.000 21.131 138.360 507.411
2.170 20.000 21.296 143.510 522.497
2.180 20.000 21.353 148.622 500.029
2.190 20.000 21.250 153.608 496.905
2.200 20.000 21.311 158.486 478.992
2.210 20.000 21.439 163.196 462.957
2.220 20.000 21.043 167.871 472.155
2.230 20.000 21.065 172.290 411.622
2.240 20.000 20.391 176.309 392.052
2.250 20.000 20.415 180.192 384.792
2.260 20.000 20.146 184.022 381.228
2.270 20.000 20.216 187.972 408.736
2.280 20.000 20.492 191.915 379.546
2.290 20.000 20.259 195.903 418.316
2.300 20.000 20.676 200.000 401.094
2.310 20.000 20.517 204.010 400.894
2.320 20.000 20.588 208.130 423.081
2.330 20.000 20.726 212.340 418.878
2.340 20.000 20.430 216.347 382.498
2.350 20.000 20.267 220.260 400.295
2.360 20.000 20.387 224.185 384.563
2.370 20.000 20.506 228.016 381.644
2.380 20.000 20.456 231.849 385.039
2.390 20.000 20.367 235.777 400.493
2.400 20.000 20.505 239.879 419.914
2.410 20.000 20.384 244.049 414.115
2.420 20.000 20.735 248.020 380.167
2.430 20.000 20.364 251.993 414.318
2.440 20.000 20.665 256.001 387.248
2.450 20.000 20.609 260.035 419.695
2.460 20.000 20.489 264.069 387.099
2.470 20.000 20.582 268.010 401.075
2.480 20.000 20.555 271.949 386.845
2.490 20.000 20.448 275.597 342.702
2.500 20.000 20.330 279.149 367.578
2.510 20.000 20.548 282.778 358.255
2.520 20.000 20.280 286.328 351.632
2.530 20.000 20.670 289.857 354.310
2.540 20.000 20.451 293.541 382.542
2.550 20.000 20.807 297.187 346.778
2.560 20.000 20.649 300.696 354.858
2.570 20.000 20.539 304.081 322.174
2.580 20.000 20.637 307.351 331.866
2.590 20.000 20.706 310.710 339.683
2.600 20.000 20.537 314.007 320.010
2.610 20.000 20.817 317.222 322.987
2.620 20.000 20.606 320.287 289.969
2.630 20.000 20.619 323.274 307.375
2.640 20.000 20.522 326.139 265.626
2.650 20.000 20.664 328.943 294.884
2.660 20.000 20.577 331.629 242.644
2.670 20.000 20.509 334.286 288.779
2.680 20.000 20.647 337.132 280.444
2.690 20.000 20.591 339.951 283.419
2.700 20.000 20.595 342.810 288.433
2.710 20.000 20.397 345.745 298.389
2.720 20.000 20.543 348.663 285.246
2.730 20.000 20.344 351.603 302.802
2.740 20.000 20.450 354.628 302.024
2.750 20.000 20.400 357.586 289.795
2.760 20.000 20.214 360.275 247.880
2.770 20.000 20.242 362.922 281.498
2.780 20.000 20.179 365.792 292.667
2.790 20.000 20.147 368.637 276.302
2.800 5.000 20.130 371.381 272.370
2.810 5.000 19.473 373.982 247.907
2.820 5.000 18.120 376.079 171.499
2.830 5.000 16.013 377.022 17.091
2.840 5.000 13.802 376.580 -105.458
2.850 5.000 12.892 375.664 -77.901
2.860 5.000 12.474 375.032 -48.295
2.870 5.000 12.586 373.611 -236.100
2.880 5.000 12.316 372.064 -73.277
2.890 5.000 11.990 371.313 -76.968
2.900 5.000 12.255 369.894 -206.800
2.910 5.000 11.647 368.648 -42.338
2.920 5.000 11.817 367.356 -216.080
2.930 5.000 11.380 365.932 -68.905
2.940 5.000 11.317 364.304 -256.514
2.950 5.000 11.257 362.550 -94.275
2.960 5.000 10.993 361.291 -157.545
2.970 5.000 11.132 359.915 -117.595
2.980 5.000 10.663 358.592 -147.047
2.990 5.000 10.789 357.125 -146.433
3.000 5.000 10.370 355.799 -118.812
3.010 5.000 10.664 354.244 -191.968
3.020 5.000 10.077 352.803 -96.391
3.030 5.000 10.304 351.019 -260.308
3.040 5.000 9.840 349.220 -99.565
3.050 5.000 9.998 347.246 -295.309
3.060 5.000 9.748 345.145 -124.813
3.070 5.000 9.635 343.064 -291.449
3.080 5.000 9.580 340.904 -140.590
3.090 5.000 9.297 339.232 -193.747
3.100 5.000 9.450 337.430 -166.737
3.110 5.000 8.840 335.646 -190.100
3.120 5.000 9.161 333.677 -203.641
3.130 5.000 8.588 331.764 -179.014
3.140 5.000 8.853 329.894 -194.970
3.150 5.000 8.367 328.021 -179.522
3.160 5.000 8.742 326.024 -219.926
3.170 5.000 8.134 324.029 -178.969
3.180 5.000 8.516 322.036 -219.559
3.190 5.000 7.950 320.136 -160.645
3.200 5.000 8.216 318.136 -239.139
3.210 5.000 7.724 316.101 -167.963
3.220 5.000 7.907 313.761 -300.209
3.230 5.000 7.512 311.362 -179.474
3.240 5.000 7.658 308.809 -331.272
3.250 5.000 7.324 306.266 -177.205
3.260 5.000 7.470 303.665 -343.052
3.270 5.000 7.154 300.997 -190.472
3.280 5.000 7.085 298.281 -352.527
3.290 5.000 7.073 295.413 -221.403
3.300 5.000 6.831 292.832 -294.670
3.310 5.000 6.932 290.354 -201.023
3.320 5.000 6.668 287.836 -302.628
3.330 5.000 6.725 285.300 -204.583
3.340 5.000 6.426 282.700 -315.327
3.350 5.000 6.479 280.083 -208.006
3.360 5.000 6.315 277.082 -392.320
3.370 5.000 6.280 273.935 -237.165
3.380 5.000 6.102 271.019 -345.890
3.390 5.000 6.096 268.099 -238.106
3.400 5.000 5.892 265.287 -324.376
3.410 5.000 5.910 262.465 -240.046
3.420 5.000 5.722 259.596 -333.768
3.430 5.000 5.729 256.634 -258.552
3.440 5.000 5.441 253.745 -319.211
3.450 5.000 5.604 250.872 -255.557
3.460 5.000 5.341 247.893 -340.267
3.470 5.000 5.412 244.840 -270.221
3.480 5.000 5.115 241.677 -362.397
3.490 5.000 5.278 238.442 -284.392
3.500 5.000 4.897 235.207 -362.562
3.510 5.000 5.104 232.027 -273.717
3.520 5.000 4.760 228.879 -355.924
3.530 5.000 4.938 225.730 -273.821
3.540 5.000 4.662 222.452 -381.875
3.550 5.000 4.777 219.128 -282.859
3.560 5.000 4.491 215.746 -393.394
3.570 5.000 4.575 212.318 -292.445
3.580 5.000 4.429 208.820 -407.034
3.590 5.000 4.457 205.323 -292.422
3.600 5.000 4.335 201.794 -413.323
3.610 5.000 4.323 198.331 -279.367
3.620 5.000 4.339 194.899 -407.021
3.630 5.000 4.277 191.586 -255.687
3.640 5.000 4.435 188.261 -409.254
3.650 5.000 4.020 184.830 -276.866
3.660 5.000 4.553 181.731 -342.936
3.670 5.000 3.636 178.305 -342.331
3.680 5.000 4.539 175.087 -301.250
3.690 5.000 3.411 171.540 -408.062
3.700 5.000 4.417 168.157 -268.670
3.710 5.000 3.559 164.525 -457.855
3.720 5.000 4.156 161.044 -238.226
3.730 5.000 4.151 157.710 -428.531
3.740 5.000 3.755 154.151 -283.359
3.750 5.000 4.521 151.099 -327.098
3.760 5.000 3.283 147.455 -401.575
3.770 5.000 4.742 144.429 -203.710
3.780 5.000 3.179 141.083 -465.358
3.790 5.000 4.570 138.177 -115.931
3.800 5.000 4.234 135.591 -401.217
3.810 5.000 3.527 132.586 -199.888
3.820 5.000 4.962 130.432 -230.826
3.830 5.000 2.563 126.615 -532.557
3.840 5.000 4.858 123.671 -56.128
3.850 5.000 3.848 121.406 -396.920
3.860 5.000 3.815 119.143 -55.804
3.870 5.000 5.433 117.884 -196.082
3.880 5.000 2.628 114.902 -400.282
3.890 5.000 5.166 113.116 43.167
3.900 5.000 3.562 110.993 -467.718
3.910 5.000 4.929 109.029 74.894
3.920 5.000 4.266 107.876 -305.496
3.930 5.000 4.679 106.533 36.966
3.940 5.000 4.788 105.635 -216.647
3.950 5.000 4.575 104.487 -12.937
3.960 5.000 4.898 103.541 -176.277
3.970 5.000 4.654 102.397 -52.589
3.980 5.000 4.723 101.338 -159.218
3.990 5.000 4.963 100.336 -40.993
4.000 5.000 4.817 99.533 -119.787
4.010 5.000 5.086 98.538 -79.163
4.020 5.000 4.814 97.533 -121.850
4.030 5.000 5.169 96.636 -57.530
4.040 5.000 4.885 95.715 -126.714
4.050 5.000 5.197 94.694 -77.455
4.060 5.000 5.069 93.845 -92.302
4.070 5.000 5.173 92.951 -86.514
4.080 5.000 5.178 92.100 -83.637
4.090 5.000 5.259 91.362 -63.993
4.100 5.000 5.196 90.648 -78.902
4.110 5.000 5.379 89.847 -81.259
4.120 5.000 5.264 88.996 -88.912
4.130 5.000 5.361 88.154 -79.403
4.140 5.000 5.353 87.354 -80.786
4.150 5.000 5.354 86.524 -85.125
4.160 5.000 5.401 85.659 -87.807
4.170 5.000 5.311 84.751 -93.779
4.180 5.000 5.368 83.829 -90.785
4.190 5.000 5.475 82.922 -90.517
4.200 5.000 5.346 81.842 -125.461
4.210 5.000 5.271 80.626 -117.780
4.220 5.000 5.410 79.474 -112.532
4.230 5.000 5.302 78.259 -130.608
4.240 5.000 5.258 76.975 -126.257
4.250 5.000 5.391 75.630 -142.595
4.260 5.000 5.274 74.211 -141.349
4.270 5.000 5.267 72.802 -140.377
4.280 5.000 5.174 71.177 -184.685
4.290 5.000 5.162 69.539 -142.923
4.300 5.000 5.176 67.949 -174.961
4.310 5.000 5.137 66.158 -183.275
4.320 5.000 4.951 64.463 -155.762
4.330 5.000 5.183 62.724 -192.011
4.340 5.000 4.956 60.970 -158.829
4.350 5.000 4.802 59.277 -179.805
4.360 5.000 5.170 57.376 -200.289
4.370 5.000 4.769 55.563 -162.281
4.380 5.000 5.012 53.710 -208.408
4.390 5.000 4.957 51.804 -172.753
4.400 5.000 4.520 49.881 -211.989
4.410 5.000 5.391 48.022 -159.698
4.420 5.000 4.179 45.999 -244.860
4.430 5.000 5.610 44.159 -123.061
4.440 5.000 3.795 42.148 -279.210
4.450 5.000 5.784 40.381 -74.211
4.460 5.000 3.738 38.530 -295.964
4.470 5.000 5.760 36.743 -61.491
4.480 5.000 3.626 34.650 -357.204
4.490 5.000 5.884 32.898 6.930
4.500 5.000 3.609 30.788 -428.905
4.510 5.000 5.666 28.889 49.044
4.520 5.000 4.215 27.170 -392.723
4.530 5.000 5.248 25.396 37.696
4.540 5.000 4.726 24.071 -302.529
4.550 5.000 5.113 22.607 9.615
4.560 5.000 5.214 21.384 -254.142
4.570 5.000 4.667 19.894 -43.923
4.580 5.000 5.580 18.708 -193.287
4.590 5.000 4.509 17.364 -75.429
4.600 5.000 5.824 16.297 -137.907
4.610 5.000 4.211 14.970 -127.754
4.620 5.000 6.167 13.788 -108.552
4.630 5.000 4.035 12.303 -188.489
4.640 5.000 5.928 10.913 -89.555
4.650 5.000 4.266 9.599 -173.252
4.660 5.000 5.896 8.234 -99.611
4.670 5.000 4.177 6.833 -180.652
4.680 5.000 5.974 5.332 -119.569
4.690 5.000 4.182 3.862 -174.457
4.700 5.000 5.970 2.474 -103.085
4.710 5.000 4.140 1.008 -190.127
4.720 5.000 5.962 -0.440 -99.419
4.730 5.000 4.252 -1.780 -168.697
4.740 5.000 5.842 -3.191 -113.452
4.750 5.000 4.208 -4.565 -161.242
4.760 5.000 5.759 -5.999 -125.737
4.770 5.000 4.412 -7.360 -146.479
4.780 5.000 5.568 -8.890 -159.528
4.790 5.000 4.600 -10.312 -124.806
4.800 5.000 5.501 -11.861 -184.902
4.810 6.500 4.574 -13.276 -98.042
4.820 8.000 5.606 -14.450 -136.883
4.830 9.500 4.912 -15.369 -46.929
4.840 11.000 6.419 -15.987 -76.710
4.850 12.500 4.639 -16.461 -17.984
4.860 14.000 7.839 -15.775 155.039
4.870 15.500 6.346 -14.582 83.629
4.880 17.000 9.483 -12.378 357.256
4.890 18.500 9.741 -9.098 298.807
4.900 20.000 12.137 -5.314 457.882
4.910 20.000 13.195 -0.477 509.576
4.920 20.000 15.097 4.701 526.053
4.930 20.000 16.982 9.547 443.120
4.940 20.000 18.151 14.060 459.544
4.950 20.000 19.212 18.875 503.494
4.960 20.000 19.770 23.807 482.917
4.970 20.000 19.796 28.513 458.127
4.980 20.000 19.856 33.016 442.668
4.990 20.000 20.068 37.462 446.515
5.000 20.000 20.544 41.831 427.149
5.010 20.000 20.190 46.165 439.703
5.020 20.000 20.259 50.532 433.779
5.030 20.000 20.624 54.807 421.090
5.040 20.000 20.409 59.029 423.386
5.050 20.000 20.788 63.329 436.491
5.060 20.000 20.691 67.597 417.292
5.070 20.000 20.992 71.967 456.719
5.080 20.000 20.831 76.747 499.227
5.090 20.000 21.212 81.697 490.898
5.100 20.000 20.478 86.547 479.073
5.110 20.000 20.839 91.565 524.578
5.120 20.000 20.812 96.774 516.717
5.130 20.000 20.875 101.909 510.762
5.140 20.000 20.749 107.042 515.822
5.150 20.000 20.508 112.237 523.210
5.160 20.000 20.874 117.484 526.024
5.170 20.000 21.356 122.786 534.536
5.180 20.000 20.927 128.205 549.151
5.190 20.000 21.337 133.644 538.606
5.200 20.000 21.407 138.949 522.341
5.210 20.000 21.453 144.153 518.762
5.220 20.000 21.536 149.143 479.074
5.230 20.000 21.345 153.859 464.206
5.240 20.000 21.160 158.541 472.220
5.250 20.000 21.001 163.070 433.609
5.260 20.000 20.480 167.319 416.069
5.270 20.000 20.153 171.351 390.076
5.280 20.000 20.226 175.331 406.181
5.290 20.000 20.267 179.251 377.814
5.300 20.000 20.442 183.145 400.957
5.310 20.000 20.341 187.137 397.575
5.320 20.000 20.636 191.205 416.072
5.330 20.000 20.420 195.363 415.228
5.340 20.000 20.565 199.431 398.577
5.350 20.000 20.429 203.471 409.269
5.360 20.000 20.424 207.379 372.301
5.370 20.000 20.361 210.970 345.885
5.380 20.000 20.442 214.756 411.523
5.390 20.000 20.363 218.688 374.914
5.400 20.000 20.448 222.427 372.931
5.410 20.000 20.528 226.234 388.539
5.420 20.000 20.412 230.074 379.127
5.430 20.000 20.538 234.009 408.091
5.440 20.000 20.729 238.107 411.645
5.450 20.000 20.697 242.217 410.388
5.460 20.000 20.714 246.343 414.805
5.470 20.000 20.501 250.438 404.052
5.480 20.000 20.622 254.349 378.201
5.490 20.000 20.155 258.089 369.925
5.500 20.000 20.604 261.797 371.566
5.510 20.000 20.328 265.419 352.570
5.520 20.000 20.353 269.104 384.722
5.530 20.000 20.347 272.643 323.018
5.540 20.000 20.509 276.159 380.252
5.550 20.000 20.619 279.906 369.237
5.560 20.000 20.695 283.549 359.242
5.570 20.000 20.757 287.224 375.808
5.580 20.000 20.602 290.957 370.890
5.590 20.000 20.581 294.547 347.141
5.600 20.000 20.800 298.106 364.505
5.610 20.000 20.693 301.561 326.558
5.620 20.000 20.711 304.801 321.368
5.630 20.000 20.641 308.014 321.309
5.640 20.000 20.629 311.087 293.111
5.650 20.000 20.483 313.991 287.799
5.660 20.000 20.575 316.872 288.406
5.670 20.000 20.629 319.660 269.227
5.680 20.000 20.659 322.398 278.314
5.690 20.000 20.450 325.174 276.902
5.700 20.000 20.566 327.916 271.652
5.710 20.000 20.456 330.837 312.222
5.720 20.000 20.679 333.848 290.301
5.730 20.000 20.462 336.730 286.055
5.740 20.000 20.455 339.797 327.404
5.750 20.000 20.330 342.931 299.380
5.760 20.000 20.489 346.024 318.903
5.770 20.000 20.065 349.160 308.606
5.780 20.000 20.349 352.272 313.869
5.790 20.000 20.221 355.282 287.993
5.800 20.000 20.165 358.165 288.753
5.810 5.000 20.085 360.887 255.610
5.820 5.000 19.652 363.468 260.429
5.830 5.000 18.054 365.581 162.219
5.840 5.000 16.065 366.639 49.395
5.850 5.000 13.744 366.526 -71.903
5.860 5.000 13.077 365.798 -73.756
5.870 5.000 12.672 365.118 -62.279
5.880 5.000 12.477 363.614 -238.455
5.890 5.000 12.425 361.927 -99.042
5.900 5.000 12.074 361.167 -52.884
5.910 5.000 12.183 359.967 -186.993
5.920 5.000 11.694 358.810 -44.443
5.930 5.000 11.668 357.387 -240.218
5.940 5.000 11.360 355.817 -73.808
5.950 5.000 11.277 354.854 -118.730
5.960 5.000 11.337 353.786 -95.023
5.970 5.000 10.969 352.766 -108.853
5.980 5.000 11.165 351.428 -158.897
5.990 5.000 10.661 350.177 -91.221
6.000 5.000 10.994 348.912 -161.743
6.010 5.000 10.484 347.745 -71.761
6.020 5.000 10.687 346.307 -215.823
6.030 5.000 10.131 344.820 -81.507
6.040 5.000 10.295 343.088 -264.734
6.050 5.000 9.972 341.285 -96.000
6.060 5.000 9.923 339.469 -267.226
6.070 5.000 9.819 337.572 -112.033
6.080 5.000 9.571 336.068 -188.926
6.090 5.000 9.623 334.591 -106.309
6.100 5.000 9.258 333.115 -189.128
6.110 5.000 9.352 331.565 -120.906
6.120 5.000 9.009 330.003 -191.371
6.130 5.000 9.164 328.200 -169.195
6.140 5.000 8.721 326.447 -181.513
6.150 5.000 8.882 324.527 -202.257
6.160 5.000 8.418 322.670 -169.303
6.170 5.000 8.685 320.715 -221.665
6.180 5.000 8.131 318.802 -161.061
6.190 5.000 8.453 316.843 -230.651
6.200 5.000 7.902 314.908 -156.344
6.210 5.000 8.171 312.636 -298.083
6.220 5.000 7.744 310.385 -152.152
6.230 5.000 7.884 308.144 -296.019
6.240 5.000 7.496 305.853 -162.136
6.250 5.000 7.715 303.368 -334.994
6.260 5.000 7.427 300.814 -175.686
6.270 5.000 7.263 298.517 -283.825
6.280 5.000 7.242 296.160 -187.583
6.290 5.000 7.102 293.825 -279.462
6.300 5.000 7.076 291.442 -197.055
6.310 5.000 6.793 289.105 -270.349
6.320 5.000 6.946 286.705 -209.622
6.330 5.000 6.595 284.244 -282.673
6.340 5.000 6.744 281.724 -221.293
6.350 5.000 6.353 279.138 -295.823
6.360 5.000 6.507 276.526 -226.557
6.370 5.000 6.106 273.960 -286.717
6.380 5.000 6.393 271.438 -217.813
6.390 5.000 5.986 268.829 -303.932
6.400 5.000 6.132 266.121 -237.609
6.410 5.000 5.767 263.481 -290.486
6.420 5.000 6.040 260.741 -257.380
6.430 5.000 5.563 257.938 -303.133
6.440 5.000 5.777 255.036 -277.529
6.450 5.000 5.368 252.167 -296.225
6.460 5.000 5.685 249.200 -297.110
6.470 5.000 5.121 246.173 -308.415
6.480 5.000 5.575 243.063 -313.516
6.490 5.000 4.935 239.880 -322.992
6.500 5.000 5.415 236.778 -297.375
6.510 5.000 4.746 233.638 -330.787
6.520 5.000 5.189 230.530 -290.574
6.530 5.000 4.617 227.385 -338.749
6.540 5.000 5.033 224.200 -298.140
6.550 5.000 4.495 220.906 -360.735
6.560 5.000 4.825 217.641 -291.986
6.570 5.000 4.369 214.395 -357.536
6.580 5.000 4.682 211.223 -276.449
6.590 5.000 4.349 207.886 -391.268
6.600 5.000 4.526 204.550 -275.937
6.610 5.000 4.267 201.059 -422.342
6.620 5.000 4.432 197.655 -258.440
6.630 5.000 4.405 194.231 -426.346
6.640 5.000 4.235 190.809 -257.710
6.650 5.000 4.423 187.644 -375.702
6.660 5.000 4.098 184.503 -252.369
6.670 5.000 4.561 181.514 -345.499
6.680 5.000 3.645 178.110 -335.221
6.690 5.000 4.553 174.900 -306.782
6.700 5.000 3.433 171.339 -405.516
6.710 5.000 4.396 168.067 -248.872
6.720 5.000 3.561 164.686 -427.294
6.730 5.000 4.242 161.367 -236.463
6.740 5.000 3.867 158.020 -432.952
6.750 5.000 4.062 154.781 -214.891
6.760 5.000 4.459 151.898 -361.622
6.770 5.000 3.372 148.282 -361.829
6.780 5.000 4.831 145.515 -191.390
6.790 5.000 3.217 142.361 -439.510
6.800 5.000 4.571 139.645 -103.702
6.810 5.000 4.093 137.205 -384.340
6.820 5.000 3.565 134.451 -166.413
6.830 5.000 4.985 132.423 -239.178
6.840 5.000 2.683 128.884 -468.560
6.850 5.000 4.864 126.174 -73.434
6.860 5.000 3.407 123.686 -424.274
6.870 5.000 4.291 121.478 -17.316
6.880 5.000 5.009 119.955 -287.270
6.890 5.000 3.236 117.652 -173.271
6.900 5.000 5.385 116.466 -63.981
6.910 5.000 2.869 114.162 -396.892
6.920 5.000 5.520 112.515 67.483
6.930 5.000 3.465 110.668 -436.888
6.940 5.000 5.262 108.787 60.762
6.950 5.000 3.808 107.497 -318.722
6.960 5.000 5.258 106.089 37.043
6.970 5.000 4.189 105.079 -238.943
6.980 5.000 5.211 103.871 -2.749
6.990 5.000 4.389 102.913 -188.904
7.000 5.000 5.261 101.772 -39.125
7.010 5.000 4.466 100.810 -153.370
7.020 5.000 5.414 99.826 -43.522
7.030 5.000 4.666 98.927 -136.261
7.040 5.000 5.342 97.952 -58.677
7.050 5.000 4.779 97.075 -116.806
7.060 5.000 5.270 96.226 -52.877
7.070 5.000 5.034 95.417 -109.038
7.080 5.000 5.190 94.506 -73.114
7.090 5.000 5.154 93.729 -82.264
7.100 5.000 5.257 92.957 -72.169
7.110 5.000 5.211 92.189 -81.478
7.120 5.000 5.248 91.428 -70.727
7.130 5.000 5.470 90.732 -68.344
7.140 5.000 5.237 89.988 -80.557
7.150 5.000 5.451 89.318 -53.442
7.160 5.000 5.304 88.631 -83.950
7.170 5.000 5.361 87.865 -69.288
7.180 5.000 5.390 87.076 -88.378
7.190 5.000 5.411 86.204 -86.041
7.200 5.000 5.392 85.348 -85.113
7.210 5.000 5.407 84.415 -101.433
7.220 5.000 5.300 83.368 -108.207
7.230 5.000 5.332 82.332 -98.894
7.240 5.000 5.397 81.259 -115.680
7.250 5.000 5.288 79.978 -140.649
7.260 5.000 5.348 78.724 -110.024
7.270 5.000 5.296 77.509 -132.884
7.280 5.000 5.334 76.234 -122.329
7.290 5.000 5.059 74.831 -158.288
7.300 5.000 5.199 73.435 -120.905
7.310 5.000 5.208 72.031 -159.852
7.320 5.000 5.169 70.432 -160.025
7.330 5.000 5.084 68.774 -171.422
7.340 5.000 5.009 67.094 -164.683
7.350 5.000 4.997 65.455 -163.045
7.360 5.000 4.999 63.765 -174.933
7.370 5.000 4.964 62.027 -172.679
7.380 5.000 5.014 60.320 -168.710
7.390 5.000 4.863 58.613 -172.648
7.400 5.000 4.839 56.957 -158.595
7.410 5.000 4.965 55.308 -171.314
7.420 5.000 4.807 53.611 -167.982
7.430 5.000 4.903 51.954 -163.398
7.440 5.000 4.879 50.350 -157.454
7.450 5.000 4.845 48.769 -158.718
7.460 5.000 4.878 47.265 -142.200
7.470 5.000 4.800 45.713 -168.173
7.480 5.000 4.762 44.124 -149.512
7.490 5.000 4.894 42.653 -144.830
7.500 5.000 4.771 41.228 -140.143
7.510 5.000 4.861 39.915 -122.432
7.520 5.000 4.850 38.560 -148.581
7.530 5.000 4.799 37.197 -124.019
7.540 5.000 4.824 35.915 -132.374
7.550 5.000 4.908 34.568 -136.936
7.560 5.000 4.902 33.192 -138.374
7.570 5.000 4.814 31.882 -123.559
7.580 5.000 4.884 30.674 -118.047
7.590 5.000 4.976 29.407 -135.329
7.600 5.000 4.850 28.224 -101.418
7.610 5.000 4.908 27.162 -110.963
7.620 5.000 4.969 26.086 -104.081
7.630 5.000 4.972 25.029 -107.460
7.640 5.000 4.998 23.907 -117.008
7.650 5.000 5.027 22.826 -99.042
7.660 5.000 5.003 21.735 -119.135
7.670 5.000 5.044 20.599 -108.099
7.680 5.000 4.972 19.517 -108.303
7.690 5.000 5.061 18.442 -106.774
7.700 5.000 4.989 17.406 -100.319
7.710 5.000 5.129 16.423 -96.335
7.720 5.000 5.039 15.353 -117.608
7.730 5.000 5.065 14.202 -112.756
7.740 5.000 5.037 13.080 -111.547
7.750 5.000 5.187 11.965 -111.470
7.760 5.000 5.049 10.745 -132.532
7.770 5.000 5.007 9.563 -103.953
7.780 5.000 5.176 8.511 -106.338
7.790 5.000 5.054 7.382 -119.538
7.800 5.000 5.098 6.242 -108.430
7.810 5.000 5.114 5.136 -112.859
7.820 6.500 5.047 3.892 -135.934
7.830 8.000 5.099 2.617 -118.985
7.840 9.500 5.564 1.661 -72.219
7.850 11.000 5.584 0.998 -60.311
7.860 12.500 5.582 0.775 15.679
7.870 14.000 6.949 1.352 99.638
7.880 15.500 7.442 2.968 223.563
7.890 17.000 8.998 5.615 305.744
7.900 18.500 10.184 9.027 376.806
7.910 20.000 12.016 13.042 426.201
7.920 20.000 13.471 17.650 495.435
7.930 20.000 15.117 22.487 471.882
7.940 20.000 17.035 27.225 475.881
7.950 20.000 18.269 32.004 479.707
7.960 20.000 19.319 36.631 445.895
7.970 20.000 19.499 41.314 490.599
7.980 20.000 19.660 46.143 475.333
7.990 20.000 20.331 50.829 461.835
8.000 20.000 20.408 55.369 446.051
8.010 20.000 20.251 59.673 414.735
8.020 20.000 20.220 63.892 429.252
8.030 20.000 20.649 68.309 454.036
8.040 20.000 20.670 72.557 395.404
8.050 20.000 20.628 76.650 423.411
8.060 20.000 20.998 81.054 457.341
8.070 20.000 20.463 85.627 457.331
8.080 20.000 20.925 90.335 484.193
8.090 20.000 20.438 95.106 470.041
8.100 20.000 21.127 99.913 491.343
8.110 20.000 20.660 104.979 521.939
8.120 20.000 20.611 110.212 524.746
8.130 20.000 20.091 115.448 522.396
8.140 20.000 20.697 120.553 498.582
8.150 20.000 20.760 125.763 543.518
8.160 20.000 21.039 131.127 529.246
8.170 20.000 20.954 136.315 508.317
8.180 20.000 21.105 141.545 537.688
8.190 20.000 20.795 146.764 506.181
8.200 20.000 21.329 151.740 488.718
8.210 20.000 21.298 156.681 499.760
8.220 20.000 21.292 161.694 502.864
8.230 20.000 21.275 166.813 520.833
8.240 20.000 21.265 171.859 488.333
8.250 20.000 21.181 176.519 443.802
8.260 20.000 21.134 180.835 419.411
8.270 20.000 20.649 185.005 414.538
8.280 20.000 20.454 189.096 403.584
8.290 20.000 20.159 193.088 395.084
8.300 20.000 20.364 197.034 394.015
8.310 20.000 20.417 200.982 395.587
8.320 20.000 20.604 204.910 390.044
8.330 20.000 20.509 208.867 401.322
8.340 20.000 20.503 212.723 369.915
8.350 20.000 20.820 216.528 390.807
8.360 20.000 20.538 220.276 358.945
8.370 20.000 20.255 223.990 383.969
8.380 20.000 20.358 227.774 372.833
8.390 20.000 20.384 231.517 375.732
8.400 20.000 20.589 235.227 366.188
8.410 20.000 20.349 238.955 379.600
8.420 20.000 20.311 242.795 388.464
8.430 20.000 20.444 246.656 383.488
8.440 20.000 20.541 250.625 410.411
8.450 20.000 20.660 254.708 406.195
8.460 20.000 20.580 258.834 419.139
8.470 20.000 20.746 262.997 413.360
8.480 20.000 20.590 266.999 387.152
8.490 20.000 20.326 270.986 409.887
8.500 20.000 20.670 275.055 403.847
8.510 20.000 20.400 278.939 373.353
8.520 20.000 20.317 282.716 382.120
8.530 20.000 20.435 286.416 357.881
8.540 20.000 20.278 290.047 368.270
8.550 20.000 20.467 293.614 345.184
8.560 20.000 20.549 297.130 357.856
8.570 20.000 20.542 300.725 361.292
8.580 20.000 20.678 304.375 368.489
8.590 20.000 20.554 308.055 367.340
8.600 20.000 20.723 311.752 372.328
8.610 20.000 20.695 315.338 344.957
8.620 20.000 20.686 318.759 339.316
8.630 20.000 20.473 322.058 320.444
8.640 20.000 20.805 325.351 338.133
8.650 20.000 20.555 328.577 307.054
8.660 20.000 20.533 331.503 278.147
8.670 20.000 20.621 334.403 301.801
8.680 20.000 20.686 337.366 290.632
8.690 20.000 20.536 340.207 277.905
8.700 20.000 20.613 342.992 278.994
8.710 20.000 20.493 345.808 284.030
8.720 20.000 20.592 348.761 306.812
8.730 20.000 20.319 351.753 291.447
8.740 20.000 20.772 354.769 311.582
8.750 20.000 20.330 357.805 295.829
8.760 20.000 20.454 360.680 279.172
8.770 20.000 20.288 363.488 282.648
8.780 20.000 20.458 366.430 305.437
8.790 20.000 20.169 369.338 276.399
8.800 20.000 20.349 372.242 304.316
8.810 20.000 20.102 375.169 281.224
8.820 5.000 20.018 378.163 317.585
8.830 5.000 19.854 381.186 286.706
8.840 5.000 17.914 383.599 195.990
8.850 5.000 15.890 384.753 34.959
8.860 5.000 13.685 384.810 -23.739
8.870 5.000 12.703 384.697 1.275
8.880 5.000 12.298 384.458 -49.174
8.890 5.000 12.294 383.673 -107.857
8.900 5.000 11.911 383.021 -22.439
8.910 5.000 12.047 381.940 -193.890
8.920 5.000 11.687 380.765 -40.920
8.930 5.000 11.664 379.407 -230.815
8.940 5.000 11.405 377.934 -63.686
8.950 5.000 11.213 376.916 -139.966
8.960 5.000 11.182 375.844 -74.426
8.970 5.000 10.827 374.910 -112.438
8.980 5.000 11.060 373.634 -142.722
8.990 5.000 10.490 372.441 -95.905
9.000 5.000 10.807 371.126 -167.035
9.010 5.000 10.176 369.907 -76.694
9.020 5.000 10.393 368.643 -176.101
9.030 5.000 10.027 367.423 -68.002
9.040 5.000 10.146 365.761 -264.419
9.050 5.000 9.648 364.043 -79.215
9.060 5.000 9.987 362.300 -269.360
9.070 5.000 9.694 360.382 -114.241
9.080 5.000 9.621 358.877 -186.590
9.090 5.000 9.660 357.308 -127.265
9.100 5.000 9.324 355.766 -181.205
9.110 5.000 9.435 354.087 -154.590
9.120 5.000 9.025 352.355 -191.741
9.130 5.000 9.258 350.558 -167.663
9.140 5.000 8.679 348.762 -191.613
9.150 5.000 9.050 346.954 -169.920
9.160 5.000 8.420 345.145 -192.034
9.170 5.000 8.784 342.787 -279.345
9.180 5.000 8.220 340.498 -178.646
9.190 5.000 8.638 338.653 -190.295
9.200 5.000 7.937 336.794 -181.537
9.210 5.000 8.399 334.657 -245.949
9.220 5.000 7.702 332.478 -189.750
9.230 5.000 8.126 330.354 -234.898
9.240 5.000 7.583 328.306 -174.962
9.250 5.000 7.849 326.062 -273.752
9.260 5.000 7.368 323.787 -181.000
9.270 5.000 7.585 321.117 -353.197
9.280 5.000 7.267 318.369 -196.400
9.290 5.000 7.310 315.521 -373.214
9.300 5.000 7.098 312.687 -193.714
9.310 5.000 7.078 310.285 -286.622
9.320 5.000 6.847 307.884 -193.519
9.330 5.000 6.784 305.439 -295.497
9.340 5.000 6.716 302.897 -212.878
9.350 5.000 6.494 300.439 -278.763
9.360 5.000 6.526 297.883 -232.427
9.370 5.000 6.244 295.305 -283.218
9.380 5.000 6.420 292.691 -239.625
9.390 5.000 5.997 290.040 -290.485
9.400 5.000 6.307 287.259 -265.799
9.410 5.000 5.799 284.529 -280.168
9.420 5.000 6.079 281.592 -307.223
9.430 5.000 5.636 278.755 -260.185
9.440 5.000 5.971 275.966 -297.621
9.450 5.000 5.414 273.143 -266.986
9.460 5.000 5.864 270.135 -334.596
9.470 5.000 5.262 267.052 -282.181
9.480 5.000 5.652 264.073 -313.579
9.490 5.000 5.012 261.132 -274.587
9.500 5.000 5.509 258.237 -304.389
9.510 5.000 4.925 255.358 -271.317
9.520 5.000 5.182 252.334 -333.529
9.530 5.000 4.834 249.298 -273.782
9.540 5.000 5.067 245.819 -421.961
9.550 5.000 4.674 242.270 -287.881
9.560 5.000 4.883 238.744 -417.378
9.570 5.000 4.555 235.225 -286.366
9.580 5.000 4.653 231.581 -442.524
9.590 5.000 4.445 227.919 -289.857
9.600 5.000 4.532 224.415 -410.868
9.610 5.000 4.350 220.940 -284.181
9.620 5.000 4.457 217.215 -460.658
9.630 5.000 4.286 213.510 -280.430
9.640 5.000 4.423 210.091 -403.085
9.650 5.000 4.138 206.726 -270.368
9.660 5.000 4.498 203.439 -386.743
9.670 5.000 3.900 199.978 -305.647
9.680 5.000 4.598 196.751 -339.745
9.690 5.000 3.533 193.128 -384.775
9.700 5.000 4.541 189.723 -296.217
9.710 5.000 3.543 186.081 -432.292
9.720 5.000 4.332 182.729 -238.064
9.730 5.000 3.863 179.200 -467.832
9.740 5.000 3.949 175.609 -250.445
9.750 5.000 4.308 172.425 -386.406
9.760 5.000 3.544 168.720 -354.481
9.770 5.000 4.566 165.556 -278.278
9.780 5.000 3.226 161.837 -465.677
9.790 5.000 4.613 158.770 -147.496
9.800 5.000 4.009 156.010 -404.686
9.810 5.000 3.857 153.165 -164.091
9.820 5.000 4.923 150.867 -295.573
9.830 5.000 2.764 147.261 -425.769
9.840 5.000 5.000 144.558 -114.812
9.850 5.000 3.019 141.581 -480.505
9.860 5.000 4.396 138.819 -71.999
9.870 5.000 4.468 136.628 -366.038
9.880 5.000 3.415 134.112 -137.296
9.890 5.000 5.267 132.576 -169.928
9.900 5.000 2.849 129.926 -360.034
9.910 5.000 5.421 128.154 5.710
9.920 5.000 3.017 125.269 -582.847
9.930 5.000 5.230 122.781 85.589
9.940 5.000 3.873 121.211 -399.805
9.950 5.000 5.066 119.491 55.793
9.960 5.000 4.273 118.377 -278.610
9.970 5.000 4.818 117.088 20.912
9.980 5.000 4.868 116.244 -189.852
9.990 5.000 4.613 115.123 -34.204
10.000 5.000 5.235 114.306 -129.280
10.010 5.000 4.513 113.322 -67.428
10.020 5.000 5.274 112.388 -119.381
10.030 5.000 4.824 111.461 -65.984
10.040 5.000 4.993 110.540 -118.283
10.050 5.000 5.045 109.599 -70.011
10.060 5.000 4.915 108.754 -98.849
10.070 5.000 5.253 107.985 -55.093
10.080 5.000 4.910 107.147 -112.401
10.090 5.000 5.377 106.278 -61.441
10.100 5.000 5.001 105.392 -115.660
10.110 5.000 5.316 104.561 -50.741
10.120 5.000 5.266 103.880 -85.312
10.130 5.000 5.290 103.050 -80.719
10.140 5.000 5.350 102.223 -84.692
10.150 5.000 5.410 101.360 -87.927
10.160 5.000 5.374 100.510 -81.975
10.170 5.000 5.408 99.693 -81.485
10.180 5.000 5.359 98.727 -111.675
10.190 5.000 5.300 97.718 -90.128
10.200 5.000 5.412 96.751 -103.387
10.210 5.000 5.269 95.639 -118.962
10.220 5.000 5.387 94.443 -120.161
10.230 5.000 5.264 93.236 -121.390
10.240 5.000 5.376 92.096 -106.614
10.250 5.000 5.336 90.921 -128.296
10.260 5.000 5.303 89.550 -145.849
10.270 5.000 5.138 88.109 -142.251
10.280 5.000 5.373 86.743 -131.055
10.290 5.000 5.255 85.312 -155.280
10.300 5.000 5.226 83.721 -162.941
10.310 5.000 5.088 82.095 -162.199
10.320 5.000 5.151 80.421 -172.683
10.330 5.000 5.031 78.661 -179.209
10.340 5.000 4.975 76.980 -157.099
10.350 5.000 5.121 75.329 -172.889
10.360 5.000 4.959 73.635 -165.950
10.370 5.000 4.927 71.877 -185.647
10.380 5.000 5.077 70.023 -185.223
10.390 5.000 4.785 68.296 -160.308
10.400 5.000 4.855 66.583 -182.184
10.410 5.000 5.067 64.754 -183.542
10.420 5.000 4.592 63.106 -145.949
10.430 5.000 5.133 61.344 -206.701
10.440 5.000 4.679 59.605 -141.081
10.450 5.000 4.895 57.800 -219.971
10.460 5.000 4.941 56.092 -121.555
10.470 5.000 4.426 54.164 -263.845
10.480 5.000 5.188 52.455 -78.012
10.490 5.000 4.357 50.665 -280.154
10.500 5.000 5.237 49.041 -44.640
10.510 5.000 4.226 47.301 -303.473
10.520 5.000 5.421 45.674 -21.738
10.530 5.000 4.228 43.891 -334.916
10.540 5.000 5.374 42.263 9.310
10.550 5.000 4.327 40.646 -332.720
10.560 5.000 5.222 39.078 19.179
10.570 5.000 4.874 37.858 -263.304
10.580 5.000 4.993 36.406 -27.008
10.590 5.000 4.970 35.078 -238.732
10.600 5.000 5.091 33.640 -48.798
10.610 5.000 4.814 32.261 -226.944
10.620 5.000 5.199 30.985 -28.362
10.630 5.000 4.847 29.700 -228.608
10.640 5.000 5.319 28.346 -42.118
10.650 5.000 4.564 26.828 -261.622
10.660 5.000 5.449 25.441 -15.604
10.670 5.000 4.691 23.990 -274.605
10.680 5.000 5.316 22.589 -5.685
10.690 5.000 4.850 21.106 -290.842
10.700 5.000 5.299 19.579 -14.689
10.710 5.000 4.868 18.307 -239.705
10.720 5.000 5.277 16.950 -31.716
10.730 5.000 4.966 15.595 -239.113
10.740 5.000 5.205 14.233 -33.308
10.750 5.000 4.839 12.825 -248.330
10.760 5.000 5.289 11.497 -17.241
10.770 5.000 4.967 10.265 -229.292
10.780 5.000 5.190 8.905 -42.747
10.790 5.000 4.871 7.488 -240.549
10.800 5.000 5.456 6.075 -42.024
10.810 5.000 4.649 4.500 -272.955
10.820 5.000 5.331 2.959 -35.244
10.830 6.500 4.796 1.413 -274.036
10.840 8.000 5.359 0.016 -5.361
10.850 9.500 5.323 -1.125 -222.812
10.860 11.000 5.713 -2.066 34.598
10.870 12.500 5.602 -2.347 -90.882
10.880 14.000 6.995 -1.863 187.824
10.890 15.500 7.578 -0.171 150.569
10.900 17.000 8.719 2.020 287.586
10.910 18.500 10.339 5.326 373.798
10.920 20.000 11.644 9.195 400.007
10.930 20.000 13.538 13.719 504.618
10.940 20.000 15.124 18.586 468.672
10.950 20.000 17.067 23.378 489.756
10.960 20.000 18.069 28.086 451.994
10.970 20.000 18.914 32.772 484.841
10.980 20.000 19.527 37.534 468.022
10.990 20.000 19.562 42.116 448.217
11.000 20.000 19.872 46.807 490.028
11.010 20.000 20.050 51.510 450.608
11.020 20.000 20.248 56.056 458.604
11.030 20.000 20.518 60.628 455.699
11.040 20.000 20.435 64.936 406.165
11.050 20.000 20.895 69.109 428.215
11.060 20.000 20.722 73.420 433.747
11.070 20.000 20.508 77.770 436.726
11.080 20.000 20.806 82.217 452.487
11.090 20.000 20.543 86.468 397.701
11.100 20.000 20.938 90.739 456.502
11.110 20.000 20.954 95.398 475.416
11.120 20.000 20.644 100.390 522.592
11.130 20.000 21.000 105.595 518.735
11.140 20.000 20.833 110.578 478.001
11.150 20.000 20.987 115.363 478.949
11.160 20.000 20.382 120.487 545.774
11.170 20.000 21.048 125.881 533.167
11.180 20.000 20.915 131.291 548.958
11.190 20.000 20.981 136.691 530.936
11.200 20.000 21.275 141.978 526.458
11.210 20.000 21.117 147.081 493.690
11.220 20.000 21.501 151.941 478.707
11.230 20.000 21.122 156.729 478.970
11.240 20.000 21.061 161.476 470.318
11.250 20.000 21.485 166.028 440.099
11.260 20.000 21.163 170.502 454.714
11.270 20.000 20.649 174.946 433.769
11.280 20.000 20.858 179.150 407.336
11.290 20.000 19.867 183.094 381.565
11.300 20.000 20.510 187.053 409.916
11.310 20.000 20.326 190.967 373.294
11.320 20.000 20.212 194.697 372.558
11.330 20.000 20.408 198.448 377.785
11.340 20.000 20.413 202.307 394.003
11.350 20.000 20.739 206.207 385.960
11.360 20.000 20.731 210.118 396.141
11.370 20.000 20.295 214.017 383.791
11.380 20.000 20.620 217.801 372.864
11.390 20.000 20.563 221.410 348.938
11.400 20.000 20.330 225.078 384.705
11.410 20.000 20.631 228.812 362.187
11.420 20.000 20.265 232.436 362.617
11.430 20.000 20.308 236.151 380.162
11.440 20.000 20.665 240.010 391.987
11.450 20.000 20.356 243.922 390.208
11.460 20.000 20.547 247.775 380.541
11.470 20.000 20.605 251.748 413.953
11.480 20.000 20.688 255.809 398.174
11.490 20.000 20.752 259.744 388.918
11.500 20.000 20.394 263.557 373.822
11.510 20.000 20.287 267.311 376.826
11.520 20.000 20.412 271.067 374.420
11.530 20.000 20.677 274.836 379.470
11.540 20.000 20.268 278.573 367.920
11.550 20.000 20.342 282.293 376.098
11.560 20.000 20.509 285.976 360.432
11.570 20.000 20.609 289.415 327.335
11.580 20.000 20.748 292.728 335.403
11.590 20.000 20.604 296.266 372.048
11.600 20.000 20.808 299.784 331.599
11.610 20.000 20.666 303.066 324.579
11.620 20.000 20.615 306.305 323.452
11.630 20.000 20.633 309.565 328.553
11.640 20.000 20.526 312.779 314.349
11.650 20.000 20.594 315.897 309.215
11.660 20.000 20.665 319.002 311.689
11.670 20.000 20.620 322.043 296.644
11.680 20.000 20.614 324.926 279.676
11.690 20.000 20.451 327.677 270.540
11.700 20.000 20.672 330.373 268.778
11.710 20.000 20.478 333.122 281.109
11.720 20.000 20.601 335.935 281.506
11.730 20.000 20.386 338.790 289.358
11.740 20.000 20.637 341.756 303.938
11.750 20.000 20.290 344.733 291.444
11.760 20.000 20.536 347.683 298.496
11.770 20.000 20.338 350.593 283.621
11.780 20.000 20.308 353.392 276.257
11.790 20.000 20.503 356.154 276.003
11.800 20.000 20.320 358.997 292.778
11.810 20.000 20.119 361.848 277.388
11.820 20.000 19.983 364.758 304.630
11.830 5.000 20.368 367.790 301.752
11.840 5.000 19.629 370.781 296.352
11.850 5.000 18.207 373.204 188.328
11.860 5.000 15.996 374.448 60.371
11.870 5.000 13.858 374.544 -41.133
11.880 5.000 13.023 373.765 -114.601
11.890 5.000 12.609 372.780 -82.440
11.900 5.000 12.420 372.294 -14.821
11.910 5.000 12.366 371.681 -107.584
11.920 5.000 12.250 370.125 -203.862
11.930 5.000 11.867 368.686 -83.922
11.940 5.000 12.094 367.209 -211.423
11.950 5.000 11.515 365.868 -56.819
11.960 5.000 11.654 364.348 -247.099
11.970 5.000 11.435 362.763 -69.986
11.980 5.000 11.259 361.618 -159.056
11.990 5.000 11.292 360.327 -99.081
12.000 5.000 10.836 359.137 -138.811
12.010 5.000 10.963 357.749 -138.891
12.020 5.000 10.493 356.450 -120.984
12.030 5.000 10.759 354.952 -178.570
12.040 5.000 10.198 353.533 -105.284
12.050 5.000 10.560 352.185 -164.390
12.060 5.000 9.907 350.850 -102.561
12.070 5.000 10.258 349.407 -185.992
12.080 5.000 9.735 348.031 -89.244
12.090 5.000 9.894 346.200 -276.902
12.100 5.000 9.617 344.257 -111.694
12.110 5.000 9.612 342.167 -306.345
12.120 5.000 9.352 340.024 -122.379
12.130 5.000 9.397 337.912 -299.830
12.140 5.000 9.172 335.722 -138.132
12.150 5.000 8.925 334.002 -206.044
12.160 5.000 8.943 332.235 -147.078
12.170 5.000 8.611 330.391 -221.893
12.180 5.000 8.827 328.373 -181.849
12.190 5.000 8.283 326.382 -216.213
12.200 5.000 8.560 324.311 -198.086
12.210 5.000 8.141 322.211 -221.861
12.220 5.000 8.417 319.944 -231.558
12.230 5.000 7.759 317.619 -233.424
12.240 5.000 8.106 315.206 -249.268
12.250 5.000 7.604 312.965 -198.819
12.260 5.000 7.941 310.794 -235.519
12.270 5.000 7.310 308.564 -210.398
12.280 5.000 7.687 306.166 -269.182
12.290 5.000 7.094 303.779 -208.210
12.300 5.000 7.477 301.503 -247.051
12.310 5.000 6.948 299.270 -199.437
12.320 5.000 7.224 296.941 -266.468
12.330 5.000 6.739 294.671 -187.498
12.340 5.000 6.988 292.337 -279.373
12.350 5.000 6.682 289.907 -206.621
12.360 5.000 6.747 287.001 -374.576
12.370 5.000 6.424 284.088 -208.143
12.380 5.000 6.595 281.486 -312.273
12.390 5.000 6.250 278.849 -215.043
12.400 5.000 6.372 275.845 -385.405
12.410 5.000 6.113 272.813 -221.297
12.420 5.000 6.081 269.944 -352.484
12.430 5.000 5.926 266.992 -238.004
12.440 5.000 5.829 264.198 -320.731
12.450 5.000 5.862 261.396 -239.644
12.460 5.000 5.641 258.421 -355.130
12.470 5.000 5.645 255.353 -258.718
12.480 5.000 5.386 252.393 -333.270
12.490 5.000 5.520 249.444 -256.582
12.500 5.000 5.242 246.441 -344.094
12.510 5.000 5.379 243.418 -260.397
12.520 5.000 5.092 240.342 -354.888
12.530 5.000 5.187 237.171 -279.276
12.540 5.000 4.880 233.866 -381.829
12.550 5.000 4.963 230.609 -269.252
12.560 5.000 4.794 227.418 -369.146
12.570 5.000 4.807 224.147 -285.031
12.580 5.000 4.595 220.866 -371.288
12.590 5.000 4.658 217.554 -291.124
12.600 5.000 4.454 214.195 -380.710
12.610 5.000 4.561 210.887 -280.877
12.620 5.000 4.384 207.387 -419.005
12.630 5.000 4.394 203.955 -267.278
12.640 5.000 4.395 200.705 -383.012
12.650 5.000 4.227 197.490 -259.796
12.660 5.000 4.510 194.408 -356.831
12.670 5.000 3.991 191.218 -281.105
12.680 5.000 4.582 188.115 -339.506
12.690 5.000 3.740 184.749 -333.698
12.700 5.000 4.595 181.602 -295.632
12.710 5.000 3.510 178.071 -410.683
12.720 5.000 4.486 174.743 -254.783
12.730 5.000 3.665 171.294 -434.998
12.740 5.000 4.160 167.862 -251.558
12.750 5.000 4.051 164.452 -430.383
12.760 5.000 3.883 160.946 -270.876
12.770 5.000 4.426 157.894 -339.538
12.780 5.000 3.365 154.335 -372.226
12.790 5.000 4.607 151.352 -224.360
12.800 5.000 3.276 147.997 -446.601
12.810 5.000 4.533 145.087 -135.368
12.820 5.000 4.027 142.402 -401.609
12.830 5.000 3.918 139.713 -136.107
12.840 5.000 4.888 137.446 -317.402
12.850 5.000 2.765 133.849 -402.070
12.860 5.000 5.028 131.181 -131.461
12.870 5.000 2.857 127.937 -517.447
12.880 5.000 4.549 125.119 -46.121
12.890 5.000 4.565 123.019 -373.822
12.900 5.000 3.389 120.554 -119.341
12.910 5.000 5.387 119.263 -138.802
12.920 5.000 2.898 116.482 -417.350
12.930 5.000 5.333 114.596 40.138
12.940 5.000 3.410 112.000 -559.292
12.950 5.000 5.153 109.585 76.389
12.960 5.000 4.035 108.381 -317.155
12.970 5.000 4.980 107.038 48.412
12.980 5.000 4.489 106.137 -228.655
12.990 5.000 4.745 104.931 -12.428
13.000 5.000 4.892 103.990 -175.745
13.010 5.000 4.660 102.962 -30.000
13.020 5.000 5.058 102.070 -148.354
13.030 5.000 4.829 101.092 -47.215
13.040 5.000 4.920 100.221 -127.033
13.050 5.000 5.133 99.313 -54.594
13.060 5.000 4.790 98.348 -138.425
13.070 5.000 5.304 97.268 -77.569
13.080 5.000 4.706 96.231 -129.792
13.090 5.000 5.456 95.319 -52.511
13.100 5.000 4.816 94.567 -97.828
13.110 5.000 5.526 93.761 -63.470
13.120 5.000 5.003 92.825 -123.842
13.130 5.000 5.387 91.882 -64.674
13.140 5.000 5.131 91.062 -99.339
13.150 5.000 5.415 90.163 -80.452
13.160 5.000 5.273 89.284 -95.337
13.170 5.000 5.397 88.368 -87.945
13.180 5.000 5.399 87.476 -90.503
13.190 5.000 5.400 86.615 -81.566
13.200 5.000 5.276 85.720 -97.497
13.210 5.000 5.315 84.769 -92.646
13.220 5.000 5.421 83.851 -90.991
13.230 5.000 5.452 82.986 -81.977
13.240 5.000 5.217 81.913 -132.662
13.250 5.000 5.330 80.654 -119.061
13.260 5.000 5.324 79.488 -114.266
13.270 5.000 5.369 78.360 -111.230
13.280 5.000 5.194 77.127 -135.319
13.290 5.000 5.277 75.797 -130.828
13.300 5.000 5.274 74.370 -154.576
13.310 5.000 5.198 72.916 -136.115
13.320 5.000 5.210 71.365 -174.080
13.330 5.000 5.167 69.704 -158.072
13.340 5.000 5.109 68.065 -169.798
13.350 5.000 5.021 66.303 -182.687
13.360 5.000 5.023 64.503 -177.239
13.370 5.000 4.993 62.693 -184.765
13.380 5.000 4.985 60.938 -166.276
13.390 5.000 4.838 59.277 -165.993
13.400 5.000 5.052 57.530 -183.412
13.410 5.000 4.953 55.808 -160.864
13.420 5.000 4.819 54.079 -185.067
13.430 5.000 5.032 52.169 -196.691
13.440 5.000 4.720 50.412 -154.840
13.450 5.000 4.974 48.609 -205.771
13.460 5.000 4.826 46.876 -140.806
13.470 5.000 4.564 45.187 -197.119
13.480 5.000 5.335 43.558 -128.681
13.490 5.000 4.186 41.807 -221.551
13.500 5.000 5.633 40.237 -92.452
13.510 5.000 3.761 38.335 -287.871
13.520 5.000 5.705 36.678 -43.462
13.530 5.000 3.747 34.685 -355.055
13.540 5.000 5.824 32.992 16.295
13.550 5.000 3.703 30.892 -436.291
13.560 5.000 5.594 29.041 66.222
13.570 5.000 4.407 27.562 -361.978
13.580 5.000 5.057 25.963 42.097
13.590 5.000 4.970 24.845 -265.766
13.600 5.000 4.877 23.433 -16.773
13.610 5.000 5.499 22.422 -185.347
13.620 5.000 4.437 21.142 -70.463
13.630 5.000 5.863 20.065 -145.100
13.640 5.000 4.347 18.730 -121.988
13.650 5.000 5.817 17.447 -134.553
13.660 5.000 4.298 16.110 -132.752
13.670 5.000 5.886 14.928 -103.594
13.680 5.000 4.289 13.713 -139.432
13.690 5.000 5.719 12.444 -114.541
13.700 5.000 4.482 11.244 -125.336
13.710 5.000 5.593 9.955 -132.564
13.720 5.000 4.644 8.776 -103.241
13.730 5.000 5.358 7.326 -186.688
13.740 5.000 4.881 6.054 -67.654
13.750 5.000 5.438 4.684 -206.530
13.760 5.000 4.642 3.298 -70.615
13.770 5.000 5.724 2.014 -186.153
13.780 5.000 4.484 0.534 -109.778
13.790 5.000 5.638 -0.966 -190.190
13.800 5.000 4.542 -2.457 -107.898
13.810 5.000 5.455 -3.864 -173.651
13.820 5.000 4.613 -5.208 -95.189
13.830 5.000 5.631 -6.548 -172.771
13.840 6.500 4.364 -8.019 -121.546
13.850 8.000 5.808 -9.249 -124.386
13.860 9.500 4.740 -10.232 -72.076
13.870 11.000 6.677 -10.824 -46.532
13.880 12.500 4.452 -11.351 -58.889
13.890 14.000 7.930 -10.739 181.294
13.900 15.500 6.099 -9.640 38.677
13.910 17.000 9.540 -7.553 378.583
13.920 18.500 9.487 -4.236 284.962
13.930 20.000 12.165 -0.465 469.086
13.940 20.000 13.366 4.069 437.871
13.950 20.000 15.420 8.902 528.566
13.960 20.000 16.712 13.868 464.710
13.970 20.000 18.332 18.636 488.864
13.980 20.000 19.315 23.646 513.136
13.990 20.000 19.676 28.529 463.414
14.000 20.000 19.640 33.284 487.848
14.010 20.000 19.909 38.164 488.117
14.020 20.000 20.413 42.922 463.277
14.030 20.000 20.312 47.400 432.415
14.040 20.000 20.320 51.891 465.730
14.050 20.000 20.777 56.491 454.413
14.060 20.000 20.707 60.994 446.117
14.070 20.000 20.605 65.402 435.527
14.080 20.000 20.582 70.048 493.416
14.090 20.000 20.996 74.911 479.509
14.100 20.000 20.691 79.670 472.112
14.110 20.000 21.077 84.297 453.413
14.120 20.000 20.340 88.965 480.194
14.130 20.000 20.571 94.007 528.206
14.140 20.000 20.921 99.217 513.826
14.150 20.000 20.711 104.148 472.447
14.160 20.000 20.589 109.043 506.490
14.170 20.000 20.730 114.214 527.232
14.180 20.000 20.917 119.528 536.049
14.190 20.000 20.970 124.804 519.137
14.200 20.000 21.118 129.869 493.960
14.210 20.000 21.127 135.043 540.779
14.220 20.000 21.338 140.389 528.236
14.230 20.000 21.207 145.461 486.114
14.240 20.000 21.249 150.354 492.740
14.250 20.000 21.233 155.391 514.498
14.260 20.000 21.391 160.216 450.677
14.270 20.000 21.000 164.540 414.153
14.280 20.000 20.773 168.508 379.389
14.290 20.000 20.493 172.391 397.352
14.300 20.000 20.339 176.440 412.236
14.310 20.000 20.360 180.429 385.637
14.320 20.000 20.429 184.334 395.004
14.330 20.000 20.163 188.244 387.400
14.340 20.000 20.512 192.067 377.210
14.350 20.000 20.623 195.903 390.097
14.360 20.000 20.448 199.904 409.949
14.370 20.000 20.728 203.910 391.268
14.380 20.000 20.632 207.786 383.783
14.390 20.000 20.565 211.671 393.418
14.400 20.000 20.254 215.511 374.618
14.410 20.000 20.313 219.249 372.745
14.420 20.000 20.405 223.052 388.222
14.430 20.000 20.517 226.860 373.252
14.440 20.000 20.485 230.709 396.685
14.450 20.000 20.497 234.633 387.770
14.460 20.000 20.545 238.558 397.529
14.470 20.000 20.464 242.678 426.176
14.480 20.000 20.478 246.888 416.086
14.490 20.000 20.702 250.964 399.025
14.500 20.000 20.364 254.851 378.470
14.510 20.000 20.687 258.849 421.113
14.520 20.000 20.659 262.967 402.518
14.530 20.000 20.390 266.827 369.492
14.540 20.000 20.286 270.479 360.849
14.550 20.000 20.541 274.073 357.896
14.560 20.000 20.357 277.645 356.573
14.570 20.000 20.472 281.240 362.374
14.580 20.000 20.690 284.864 362.641
14.590 20.000 20.556 288.469 358.235
14.600 20.000 20.528 292.031 354.271
14.610 20.000 20.779 295.667 372.840
14.620 20.000 20.836 299.210 335.704
14.630 20.000 20.677 302.604 343.214
14.640 20.000 20.497 305.935 323.083
14.650 20.000 20.662 309.104 310.583
14.660 20.000 20.676 312.277 324.029
14.670 20.000 20.571 315.489 318.456
14.680 20.000 20.644 318.477 279.140
14.690 20.000 20.519 321.197 264.815
14.700 20.000 20.588 323.991 294.045
14.710 20.000 20.715 326.802 268.122
14.720 20.000 20.470 329.518 275.123
14.730 20.000 20.666 332.331 287.290
14.740 20.000 20.345 335.258 298.307
14.750 20.000 20.538 338.183 286.440
14.760 20.000 20.393 341.116 300.286
14.770 20.000 20.586 344.077 291.888
14.780 20.000 20.333 346.887 270.214
14.790 20.000 20.490 349.659 284.276
14.800 20.000 20.257 352.472 278.301
14.810 20.000 20.306 355.374 301.812
14.820 20.000 20.227 358.381 299.825
14.830 20.000 20.066 361.354 294.829
14.840 5.000 20.360 364.401 314.470
14.850 5.000 19.646 367.241 253.545
14.860 5.000 18.081 369.402 178.690
14.870 5.000 15.888 370.443 29.546
14.880 5.000 13.911 369.799 -158.485
14.890 5.000 13.016 368.765 -48.241
14.900 5.000 12.524 368.457 -13.441
14.910 5.000 12.613 367.327 -212.588
14.920 5.000 12.405 365.975 -57.734
14.930 5.000 12.042 365.177 -101.841
14.940 5.000 12.221 364.033 -126.994
14.950 5.000 11.667 363.002 -79.247
14.960 5.000 11.990 361.498 -221.285
14.970 5.000 11.447 360.102 -58.105
14.980 5.000 11.643 358.566 -249.169
14.990 5.000 11.170 357.012 -61.583
15.000 5.000 11.217 355.388 -263.123
15.010 5.000 11.007 353.680 -78.487
15.020 5.000 10.853 352.145 -228.469
15.030 5.000 10.849 350.562 -88.309
15.040 5.000 10.482 349.378 -148.516
15.050 5.000 10.617 347.858 -155.372
15.060 5.000 10.156 346.270 -162.210
15.070 5.000 10.327 344.494 -192.991
15.080 5.000 9.789 342.917 -122.488
15.090 5.000 10.080 341.460 -168.961
15.100 5.000 9.615 340.082 -106.609
15.110 5.000 9.841 338.189 -271.918
15.120 5.000 9.425 336.298 -106.259
15.130 5.000 9.384 334.303 -292.818
15.140 5.000 9.247 332.261 -115.662
15.150 5.000 9.155 330.418 -252.947
15.160 5.000 9.038 328.476 -135.353
15.170 5.000 8.798 326.754 -209.068
15.180 5.000 8.859 324.943 -153.272
15.190 5.000 8.423 323.140 -207.231
15.200 5.000 8.682 321.161 -188.509
15.210 5.000 8.153 319.228 -198.086
15.220 5.000 8.487 317.291 -189.323
15.230 5.000 7.930 315.349 -199.080
15.240 5.000 8.275 313.286 -213.612
15.250 5.000 7.719 311.179 -207.676
15.260 5.000 7.998 308.958 -236.613
15.270 5.000 7.466 306.757 -203.509
15.280 5.000 7.761 304.565 -234.869
15.290 5.000 7.211 302.439 -190.394
15.300 5.000 7.570 299.944 -308.713
15.310 5.000 7.074 297.438 -192.326
15.320 5.000 7.332 294.888 -317.841
15.330 5.000 6.875 292.312 -197.388
15.340 5.000 7.069 289.508 -363.390
15.350 5.000 6.719 286.732 -191.700
15.360 5.000 6.816 283.911 -372.525
15.370 5.000 6.502 281.089 -191.854
15.380 5.000 6.664 278.527 -320.611
15.390 5.000 6.320 275.954 -194.051
15.400 5.000 6.533 273.513 -294.070
15.410 5.000 6.034 270.960 -216.491
15.420 5.000 6.312 268.376 -300.290
15.430 5.000 5.812 265.728 -229.406
15.440 5.000 6.143 263.141 -288.054
15.450 5.000 5.614 260.532 -233.441
15.460 5.000 5.938 257.833 -306.587
15.470 5.000 5.492 255.113 -237.368
15.480 5.000 5.755 252.323 -320.677
15.490 5.000 5.284 249.416 -260.698
15.500 5.000 5.587 246.451 -332.355
15.510 5.000 5.123 243.516 -254.614
15.520 5.000 5.417 240.706 -307.518
15.530 5.000 4.880 237.756 -282.404
15.540 5.000 5.249 234.665 -335.716
15.550 5.000 4.680 231.579 -281.561
15.560 5.000 5.147 228.562 -321.812
15.570 5.000 4.613 225.506 -289.384
15.580 5.000 4.967 222.474 -317.157
15.590 5.000 4.394 219.401 -297.489
15.600 5.000 4.821 216.182 -346.044
15.610 5.000 4.309 212.910 -308.539
15.620 5.000 4.711 209.530 -367.471
15.630 5.000 4.188 206.144 -309.576
15.640 5.000 4.584 202.823 -354.784
15.650 5.000 4.033 199.628 -284.296
15.660 5.000 4.575 196.631 -314.706
15.670 5.000 3.917 193.517 -308.471
15.680 5.000 4.625 190.428 -309.185
15.690 5.000 3.727 187.121 -352.241
15.700 5.000 4.625 183.992 -273.579
15.710 5.000 3.599 180.651 -394.585
15.720 5.000 4.490 177.462 -243.114
15.730 5.000 3.793 174.133 -422.870
15.740 5.000 4.166 170.840 -235.752
15.750 5.000 4.059 167.577 -416.909
15.760 5.000 3.817 164.144 -269.592
15.770 5.000 4.418 161.076 -344.040
15.780 5.000 3.460 157.662 -338.833
15.790 5.000 4.613 154.660 -261.608
15.800 5.000 3.258 151.083 -453.648
15.810 5.000 4.628 148.096 -143.779
15.820 5.000 3.744 145.410 -393.447
15.830 5.000 4.240 142.909 -106.821
15.840 5.000 4.635 140.575 -359.993
15.850 5.000 3.048 137.141 -326.856
15.860 5.000 5.069 134.709 -159.360
15.870 5.000 2.705 131.386 -505.421
15.880 5.000 4.721 128.597 -52.203
15.890 5.000 4.066 126.396 -388.071
15.900 5.000 3.750 124.078 -75.654
15.910 5.000 5.295 122.658 -208.250
15.920 5.000 2.781 119.847 -354.034
15.930 5.000 5.337 118.188 22.334
15.940 5.000 3.328 115.838 -492.303
15.950 5.000 5.116 113.723 69.158
15.960 5.000 3.853 112.431 -327.574
15.970 5.000 4.889 111.020 45.361
15.980 5.000 4.327 110.008 -247.623
15.990 5.000 4.925 108.887 23.377
16.000 5.000 4.547 107.994 -202.003
16.010 5.000 4.883 106.906 -15.576
16.020 5.000 4.836 105.974 -170.818
16.030 5.000 4.883 105.069 -10.156
16.040 5.000 4.972 104.267 -150.292
16.050 5.000 5.047 103.311 -40.921
16.060 5.000 4.908 102.343 -152.649
16.070 5.000 5.227 101.292 -57.520
16.080 5.000 4.904 100.356 -129.776
16.090 5.000 5.319 99.445 -52.287
16.100 5.000 5.017 98.612 -114.418
16.110 5.000 5.240 97.705 -66.966
16.120 5.000 5.158 96.957 -82.620
16.130 5.000 5.275 96.198 -69.197
16.140 5.000 5.191 95.428 -84.720
16.150 5.000 5.346 94.678 -65.269
16.160 5.000 5.290 93.952 -80.015
16.170 5.000 5.453 93.219 -66.576
16.180 5.000 5.311 92.460 -85.294
16.190 5.000 5.280 91.635 -79.638
16.200 5.000 5.450 90.801 -87.139
16.210 5.000 5.380 89.935 -85.999
16.220 5.000 5.323 89.062 -88.790
16.230 5.000 5.334 88.142 -95.127
16.240 5.000 5.427 87.219 -89.485
16.250 5.000 5.333 86.214 -111.612
16.260 5.000 5.351 85.108 -109.430
16.270 5.000 5.307 84.018 -108.728
16.280 5.000 5.220 82.803 -134.078
16.290 5.000 5.300 81.423 -141.936
16.300 5.000 5.286 80.004 -141.972
16.310 5.000 5.137 78.527 -153.293
16.320 5.000 5.182 77.042 -143.824
16.330 5.000 5.139 75.603 -144.000
16.340 5.000 5.060 74.093 -157.993
16.350 5.000 5.097 72.483 -164.034
16.360 5.000 5.011 70.779 -176.702
16.370 5.000 4.972 69.016 -175.876
16.380 5.000 4.957 67.291 -169.126
16.390 5.000 5.079 65.665 -156.188
16.400 5.000 4.934 64.043 -168.149
16.410 5.000 4.966 62.431 -154.170
16.420 5.000 4.876 60.786 -174.842
16.430 5.000 4.895 59.077 -167.089
16.440 5.000 4.875 57.413 -165.575
16.450 5.000 4.833 55.797 -157.689
16.460 5.000 4.874 54.242 -153.350
16.470 5.000 4.842 52.634 -168.224
16.480 5.000 4.809 51.045 -149.500
16.490 5.000 4.824 49.510 -157.487
16.500 5.000 4.834 48.039 -136.899
16.510 5.000 4.829 46.624 -146.033
16.520 5.000 4.900 45.225 -133.780
16.530 5.000 4.820 43.765 -158.136
16.540 5.000 4.751 42.307 -133.538
16.550 5.000 4.823 41.078 -112.226
16.560 5.000 4.920 39.817 -140.046
16.570 5.000 4.840 38.506 -122.072
16.580 5.000 5.020 37.270 -125.093
16.590 5.000 4.834 36.036 -121.811
16.600 5.000 4.846 34.883 -108.794
16.610 5.000 4.923 33.742 -119.306
16.620 5.000 4.994 32.616 -105.889
16.630 5.000 4.884 31.515 -114.452
16.640 5.000 5.103 30.369 -114.620
16.650 5.000 4.889 29.206 -117.970
16.660 5.000 4.996 28.095 -104.215
16.670 5.000 5.028 27.094 -96.056
16.680 5.000 5.066 26.133 -96.050
16.690 5.000 4.905 25.099 -110.922
16.700 5.000 5.086 23.977 -113.422
16.710 5.000 5.025 22.835 -115.087
16.720 5.000 4.997 21.713 -109.236
16.730 5.000 5.140 20.598 -113.775
16.740 5.000 5.098 19.492 -107.366
16.750 5.000 5.069 18.382 -114.771
16.760 5.000 5.039 17.218 -117.799
16.770 5.000 5.088 16.060 -113.954
16.780 5.000 5.072 15.015 -95.034
16.790 5.000 5.184 13.865 -134.908
16.800 5.000 5.035 12.555 -127.173
16.810 5.000 5.113 11.407 -102.343
16.820 5.000 5.035 10.285 -122.098
16.830 5.000 5.116 9.085 -117.928
16.840 5.000 5.119 7.959 -107.257
16.850 6.500 5.002 6.711 -142.387
16.860 8.000 5.094 5.497 -100.439
16.870 9.500 5.494 4.617 -75.433
16.880 11.000 5.506 3.917 -64.679
16.890 12.500 5.667 3.661 13.460
16.900 14.000 6.981 4.183 91.029
16.910 15.500 7.455 5.575 187.291
16.920 17.000 8.884 7.892 276.308
16.930 18.500 10.271 11.129 370.932
16.940 20.000 12.029 15.054 414.145
16.950 20.000 13.479 19.347 444.441
16.960 20.000 14.985 24.161 518.401
16.970 20.000 16.923 28.891 427.248
16.980 20.000 18.056 33.402 475.111
16.990 20.000 19.105 38.178 480.142
17.000 20.000 19.629 43.064 497.089
17.010 20.000 19.487 47.730 436.115
17.020 20.000 20.144 52.292 476.402
17.030 20.000 20.307 56.755 416.095
17.040 20.000 20.715 61.193 471.556
17.050 20.000 20.493 65.726 435.093
17.060 20.000 20.085 70.039 427.224
17.070 20.000 20.932 74.334 432.040
17.080 20.000 20.743 78.787 458.459
17.090 20.000 20.865 83.220 428.263
17.100 20.000 20.909 87.732 474.139
17.110 20.000 20.670 92.519 483.187
17.120 20.000 20.567 97.259 464.994
17.130 20.000 20.910 101.891 461.415
17.140 20.000 20.631 106.773 514.819
17.150 20.000 21.125 111.809 492.383
17.160 20.000 20.492 116.867 519.313
17.170 20.000 20.525 122.104 527.903
17.180 20.000 21.096 127.420 535.519
17.190 20.000 21.054 132.758 532.073
17.200 20.000 20.848 138.114 539.236
17.210 20.000 21.000 143.291 496.156
17.220 20.000 21.128 148.214 488.350
17.230 20.000 21.064 153.209 510.710
17.240 20.000 21.345 158.115 470.417
17.250 20.000 21.282 162.764 459.510
17.260 20.000 20.809 167.498 487.136
17.270 20.000 21.012 172.104 434.215
17.280 20.000 20.684 176.237 392.164
17.290 20.000 20.672 180.227 405.954
17.300 20.000 20.492 184.324 413.486
17.310 20.000 20.756 188.286 378.844
17.320 20.000 20.543 192.237 411.284
17.330 20.000 20.405 195.950 331.522
17.340 20.000 20.477 199.470 372.474
17.350 20.000 20.474 203.225 378.616
17.360 20.000 20.561 207.078 391.884
17.370 20.000 20.516 210.949 382.051
17.380 20.000 20.538 214.822 392.869
17.390 20.000 20.521 218.676 377.846
17.400 20.000 20.508 222.612 409.319
17.410 20.000 20.382 226.684 405.227
17.420 20.000 20.424 230.651 388.055
17.430 20.000 20.381 234.498 381.172
17.440 20.000 20.462 238.315 382.503
17.450 20.000 20.339 242.101 374.481
17.460 20.000 20.517 245.883 382.132
17.470 20.000 20.670 249.787 398.569
17.480 20.000 20.440 253.634 370.863
17.490 20.000 20.584 257.617 425.860
17.500 20.000 20.633 261.761 402.834
17.510 20.000 20.478 265.773 399.714
17.520 20.000 20.554 269.749 395.017
17.530 20.000 20.555 273.584 372.364
17.540 20.000 20.550 277.302 371.336
17.550 20.000 20.444 280.910 350.108
17.560 20.000 20.261 284.504 368.799
17.570 20.000 20.546 288.121 354.645
17.580 20.000 20.422 291.737 368.253
17.590 20.000 20.674 295.378 360.236
17.600 20.000 20.620 298.851 334.462
17.610 20.000 20.586 302.271 349.098
17.620 20.000 20.723 305.612 319.541
17.630 20.000 20.658 309.080 373.943
17.640 20.000 20.670 312.653 340.649
17.650 20.000 20.793 316.031 334.995
17.660 20.000 20.405 319.301 318.722
17.670 20.000 20.572 322.420 305.031
17.680 20.000 20.870 325.432 297.640
17.690 20.000 20.424 328.119 239.771
17.700 20.000 20.670 330.732 282.885
17.710 20.000 20.524 333.528 276.293
17.720 20.000 20.686 336.290 276.143
17.730 20.000 20.497 339.007 267.319
17.740 20.000 20.578 341.690 269.178
17.750 20.000 20.507 344.398 272.444
17.760 20.000 20.540 347.148 277.624
17.770 20.000 20.475 350.027 298.101
17.780 20.000 20.487 352.914 279.221
17.790 20.000 20.433 355.690 276.054
17.800 20.000 20.273 358.438 273.615
17.810 20.000 20.507 361.301 298.694
17.820 20.000 20.169 364.170 275.350
17.830 20.000 20.245 366.909 272.457
17.840 20.000 20.193 369.694 284.621
17.850 5.000 20.044 372.555 287.572
17.860 5.000 19.587 375.350 271.352
17.870 5.000 18.070 377.574 173.433
17.880 5.000 15.916 378.711 53.945
17.890 5.000 13.741 378.872 -21.613
17.900 5.000 12.948 378.476 -57.604
17.910 5.000 12.635 377.573 -123.070
17.920 5.000 12.570 376.635 -64.558
17.930 5.000 12.261 376.146 -33.213
17.940 5.000 12.329 375.275 -140.864
17.950 5.000 12.022 374.321 -49.967
17.960 5.000 11.915 373.447 -124.979
17.970 5.000 11.826 372.277 -108.872
17.980 5.000 11.347 371.274 -91.787
17.990 5.000 11.598 370.063 -150.476
18.000 5.000 11.121 369.014 -59.303
18.010 5.000 11.267 367.737 -196.158
18.020 5.000 10.891 366.364 -78.298
18.030 5.000 10.784 364.787 -237.236
18.040 5.000 10.788 363.078 -104.491
18.050 5.000 10.494 361.763 -158.592
18.060 5.000 10.514 360.409 -112.073
18.070 5.000 10.145 359.121 -145.509
18.080 5.000 10.384 357.437 -191.396
18.090 5.000 9.783 355.793 -137.458
18.100 5.000 10.103 353.777 -265.654
18.110 5.000 9.576 351.883 -113.178
18.120 5.000 9.767 349.946 -274.388
18.130 5.000 9.411 347.984 -117.832
18.140 5.000 9.369 345.906 -297.881
18.150 5.000 9.140 343.796 -123.978
18.160 5.000 9.066 341.727 -289.749
18.170 5.000 9.012 339.577 -140.360
18.180 5.000 8.794 337.803 -214.397
18.190 5.000 8.804 335.922 -161.787
18.200 5.000 8.477 334.015 -219.821
18.210 5.000 8.549 332.050 -173.121
18.220 5.000 8.217 330.050 -226.790
18.230 5.000 8.450 327.935 -196.322
18.240 5.000 7.892 325.859 -218.805
18.250 5.000 8.198 323.723 -208.472
18.260 5.000 7.637 321.508 -234.594
18.270 5.000 8.024 319.090 -248.897
18.280 5.000 7.370 316.625 -244.093
18.290 5.000 7.810 314.016 -277.767
18.300 5.000 7.256 311.467 -232.049
18.310 5.000 7.517 309.046 -251.957
18.320 5.000 6.926 306.571 -243.234
18.330 5.000 7.276 303.957 -279.552
18.340 5.000 6.731 301.411 -229.612
18.350 5.000 7.169 298.820 -288.574
18.360 5.000 6.562 296.304 -214.735
18.370 5.000 6.885 293.855 -275.060
18.380 5.000 6.406 291.373 -221.312
18.390 5.000 6.691 288.698 -313.764
18.400 5.000 6.193 285.988 -228.227
18.410 5.000 6.517 283.330 -303.262
18.420 5.000 6.004 280.639 -234.954
18.430 5.000 6.350 277.857 -321.409
18.440 5.000 5.815 275.038 -242.535
18.450 5.000 6.162 272.156 -333.771
18.460 5.000 5.574 269.256 -246.230
18.470 5.000 5.945 266.488 -307.458
18.480 5.000 5.415 263.674 -255.210
18.490 5.000 5.786 260.841 -311.409
18.500 5.000 5.310 257.998 -257.192
18.510 5.000 5.587 254.931 -356.427
18.520 5.000 5.149 251.785 -272.660
18.530 5.000 5.393 248.305 -423.449
18.540 5.000 4.979 244.814 -274.603
18.550 5.000 5.181 241.325 -423.189
18.560 5.000 4.845 237.852 -271.441
18.570 5.000 4.982 234.557 -387.655
18.580 5.000 4.644 231.230 -277.495
18.590 5.000 4.915 228.035 -361.609
18.600 5.000 4.525 224.813 -282.804
18.610 5.000 4.717 221.370 -405.567
18.620 5.000 4.426 217.889 -290.819
18.630 5.000 4.631 214.606 -365.905
18.640 5.000 4.236 211.318 -291.748
18.650 5.000 4.505 207.927 -386.097
18.660 5.000 4.137 204.570 -285.440
18.670 5.000 4.543 201.282 -372.332
18.680 5.000 4.051 197.996 -284.943
18.690 5.000 4.671 194.981 -318.012
18.700 5.000 3.740 191.629 -352.447
18.710 5.000 4.617 188.374 -298.166
18.720 5.000 3.596 184.856 -405.792
18.730 5.000 4.425 181.527 -259.789
18.740 5.000 3.725 178.071 -431.594
18.750 5.000 4.247 174.663 -250.122
18.760 5.000 4.026 171.147 -453.071
18.770 5.000 3.928 167.507 -274.841
18.780 5.000 4.320 164.214 -383.809
18.790 5.000 3.548 160.551 -348.763
18.800 5.000 4.539 157.367 -287.895
18.810 5.000 3.178 153.735 -438.540
18.820 5.000 4.643 150.759 -156.753
18.830 5.000 3.586 147.898 -415.594
18.840 5.000 4.289 145.220 -119.990
18.850 5.000 4.606 142.799 -364.136
18.860 5.000 2.989 139.363 -322.838
18.870 5.000 5.042 136.988 -152.378
18.880 5.000 2.728 133.763 -492.523
18.890 5.000 4.587 131.000 -60.194
18.900 5.000 4.407 128.809 -378.012
18.910 5.000 3.465 126.273 -129.136
18.920 5.000 5.269 124.761 -173.185
18.930 5.000 2.844 122.081 -363.111
18.940 5.000 5.448 120.331 13.129
18.950 5.000 3.153 117.478 -583.755
18.960 5.000 5.155 114.881 64.497
18.970 5.000 3.760 113.380 -364.698
18.980 5.000 5.120 111.802 49.021
18.990 5.000 4.119 110.634 -282.679
19.000 5.000 4.928 109.373 30.517
19.010 5.000 4.640 108.527 -199.659
19.020 5.000 4.754 107.485 -8.782
19.030 5.000 4.916 106.441 -199.942
19.040 5.000 4.816 105.251 -38.121
19.050 5.000 4.918 104.212 -169.644
19.060 5.000 5.015 103.199 -32.936
19.070 5.000 4.913 102.299 -147.046
19.080 5.000 5.181 101.258 -61.281
19.090 5.000 4.949 100.361 -118.023
19.100 5.000 5.136 99.520 -50.147
19.110 5.000 4.968 98.660 -122.035
19.120 5.000 5.295 97.728 -64.349
19.130 5.000 5.124 96.832 -114.750
19.140 5.000 5.286 95.830 -85.714
19.150 5.000 5.164 95.004 -79.520
19.160 5.000 5.398 94.206 -80.086
19.170 5.000 5.202 93.352 -90.590
19.180 5.000 5.495 92.545 -70.838
19.190 5.000 5.293 91.734 -91.338
19.200 5.000 5.474 90.915 -72.470
19.210 5.000 5.332 90.110 -88.665
19.220 5.000 5.362 89.282 -76.824
19.230 5.000 5.376 88.471 -85.329
19.240 5.000 5.336 87.595 -89.955
19.250 5.000 5.394 86.739 -81.149
19.260 5.000 5.341 85.777 -111.237
19.270 5.000 5.257 84.637 -116.935
19.280 5.000 5.345 83.382 -133.995
19.290 5.000 5.423 82.114 -119.424
19.300 5.000 5.257 80.817 -140.168
19.310 5.000 5.211 79.409 -141.325
19.320 5.000 5.258 78.060 -128.628
19.330 5.000 5.314 76.669 -149.460
19.340 5.000 5.175 75.149 -154.594
19.350 5.000 5.059 73.614 -152.323
19.360 5.000 5.164 71.919 -186.870
19.370 5.000 5.108 70.103 -176.285
19.380 5.000 4.932 68.341 -176.109
19.390 5.000 5.143 66.465 -198.989
19.400 5.000 4.904 64.653 -163.386
19.410 5.000 4.861 63.006 -165.996
19.420 5.000 5.156 61.167 -201.832
19.430 5.000 4.803 59.320 -167.762
19.440 5.000 4.781 57.628 -170.588
19.450 5.000 5.241 55.831 -188.712
19.460 5.000 4.511 54.100 -157.566
19.470 5.000 5.329 52.441 -174.190
19.480 5.000 4.461 50.775 -158.976
19.490 5.000 5.285 48.951 -205.880
19.500 5.000 4.575 47.234 -137.478
19.510 5.000 5.063 45.377 -233.915
19.520 5.000 4.645 43.726 -96.334
19.530 5.000 5.061 42.113 -226.270
19.540 5.000 4.586 40.574 -81.572
19.550 5.000 5.295 39.004 -232.508
19.560 5.000 4.330 37.361 -95.922
19.570 5.000 5.756 35.967 -182.986
19.580 5.000 3.988 34.265 -157.320
19.590 5.000 6.125 32.903 -115.240
19.600 5.000 3.209 30.384 -388.427
19.610 5.000 6.096 28.648 41.141
19.620 5.000 3.539 25.971 -576.335
19.630 5.000 5.572 23.426 67.302
19.640 5.000 4.429 21.855 -381.477
19.650 5.000 5.060 20.047 19.773
19.660 5.000 5.209 18.907 -247.802
19.670 5.000 4.617 17.533 -26.934
19.680 5.000 5.563 16.511 -177.553
19.690 5.000 4.458 15.308 -63.037
19.700 5.000 5.830 14.301 -138.353
19.710 5.000 4.249 13.015 -118.935
19.720 5.000 5.874 11.775 -128.931
19.730 5.000 4.359 10.400 -146.054
19.740 5.000 5.768 8.957 -142.732
19.750 5.000 4.306 7.565 -135.575
19.760 5.000 5.801 6.235 -130.373
19.770 5.000 4.508 5.009 -114.793
19.780 5.000 5.569 3.674 -152.348
19.790 5.000 4.609 2.339 -114.644
19.800 5.000 5.514 0.975 -157.988
19.810 5.000 4.696 -0.349 -106.873
19.820 5.000 5.315 -1.830 -189.321
19.830 5.000 4.827 -3.273 -99.426
19.840 5.000 5.213 -4.788 -203.351
19.850 5.000 4.936 -6.160 -71.139
19.860 6.500 5.296 -7.542 -205.354
19.870 8.000 4.841 -8.890 -64.175
19.880 9.501 5.640 -10.133 -184.436
19.890 11.000 5.340 -11.021 6.803
19.900 12.501 6.093 -11.214 -45.290
19.910 14.000 6.553 -10.612 165.726
19.920 15.500 8.006 -8.843 187.972
19.930 17.000 8.315 -6.634 253.927
19.940 18.500 10.625 -3.234 426.068
19.950 20.000 11.733 0.937 408.127
19.960 20.000 13.686 5.487 501.255
19.970 20.000 15.170 10.514 504.940
19.980 20.000 16.963 15.339 460.059
19.990 20.000 18.505 20.009 473.868
20.000 20.000 19.258 24.679 460.066
20.010 20.000 19.887 29.439 492.002
20.020 20.000 19.697 34.081 436.273
20.030 20.000 19.865 38.664 480.548
20.040 20.000 20.171 43.490 484.506
20.050 20.000 20.091 48.254 467.897
20.060 20.000 20.800 52.870 455.653
20.070 20.000 20.499 57.339 438.333
20.080 20.000 20.745 61.909 475.489
20.090 20.000 21.039 66.377 418.298
20.100 20.000 21.033 70.676 441.353
20.110 20.000 20.923 75.322 487.980
20.120 20.000 20.606 80.081 463.726
20.130 20.000 20.657 84.736 467.377
20.140 20.000 20.380 89.610 507.347
20.150 20.000 20.648 94.710 512.606
20.160 20.000 20.756 99.920 529.558
20.170 20.000 21.009 105.050 496.361
20.180 20.000 20.858 109.960 485.758
20.190 20.000 20.866 115.043 530.693
20.200 20.000 20.746 120.166 493.481
20.210 20.000 20.947 125.330 539.797
20.220 20.000 20.917 130.668 527.920
20.230 20.000 21.036 135.998 538.036
20.240 20.000 21.168 141.248 512.064
20.250 20.000 21.271 146.212 480.701
20.260 20.000 21.044 150.978 472.425
20.270 20.000 21.286 155.873 506.660
20.280 20.000 20.963 160.533 425.293
20.290 20.000 20.938 164.745 416.814
20.300 20.000 20.548 168.912 416.721
20.310 20.000 20.511 173.134 427.790
20.320 20.000 20.612 177.292 403.797
20.330 20.000 20.551 181.339 405.587
20.340 20.000 20.597 185.429 412.526
20.350 20.000 20.381 189.418 385.139
20.360 20.000 20.237 193.261 383.518
20.370 20.000 20.464 197.176 399.652
20.380 20.000 20.734 201.182 401.531
20.390 20.000 20.565 205.217 405.465
20.400 20.000 20.633 209.126 376.333
20.410 20.000 20.519 212.933 385.142
20.420 20.000 20.515 216.779 383.921
20.430 20.000 20.285 220.722 404.795
20.440 20.000 20.501 224.684 387.595
20.450 20.000 20.364 228.451 365.652
20.460 20.000 20.474 232.345 413.154
20.470 20.000 20.533 236.357 389.367
20.480 20.000 20.527 240.253 389.897
20.490 20.000 20.629 244.019 363.158
20.500 20.000 20.556 247.811 395.370
20.510 20.000 20.694 251.820 406.377
20.520 20.000 20.600 255.770 383.294
20.530 20.000 20.417 259.650 393.016
20.540 20.000 20.711 263.552 387.195
20.550 20.000 20.313 267.432 389.004
20.560 20.000 20.402 271.208 366.185
20.570 20.000 20.286 274.815 355.267
20.580 20.000 20.378 278.432 368.160
20.590 20.000 20.502 282.120 369.372
20.600 20.000 20.535 285.770 360.473
20.610 20.000 20.610 289.404 366.255
20.620 20.000 20.647 293.149 383.049
20.630 20.000 20.630 296.892 365.611
20.640 20.000 20.553 300.535 362.867
20.650 20.000 20.795 304.103 350.598
20.660 20.000 20.736 307.530 335.088
20.670 20.000 20.579 310.856 330.010
20.680 20.000 20.569 313.949 288.566
20.690 20.000 20.420 316.893 300.005
20.700 20.000 20.714 319.850 291.723
20.710 20.000 20.695 322.690 276.046
20.720 20.000 20.509 325.412 268.579
20.730 20.000 20.504 328.007 250.283
20.740 20.000 20.450 330.599 267.870
20.750 20.000 20.747 333.477 307.943
20.760 20.000 20.611 336.336 264.007
20.770 20.000 20.486 339.134 295.638
20.780 20.000 20.346 342.154 307.934
20.790 20.000 20.476 345.149 291.593
20.800 20.000 20.337 348.097 297.785
20.810 20.000 20.435 350.988 280.271
20.820 20.000 20.333 353.899 301.970
20.830 20.000 20.390 356.858 290.025
20.840 20.000 20.303 359.685 275.487
20.850 20.000 19.986 362.509 289.046
20.860 5.000 20.162 365.352 279.810
20.870 5.000 19.679 368.107 271.149
20.880 5.000 18.221 370.261 159.520
20.890 5.000 15.882 371.290 46.220
20.900 5.000 13.884 370.903 -123.599
20.910 5.000 13.056 369.199 -217.400
20.920 5.000 12.672 367.915 -39.211
20.930 5.000 12.434 367.348 -74.285
20.940 5.000 12.517 366.219 -151.407
20.950 5.000 11.982 365.290 -34.408
20.960 5.000 12.232 364.060 -211.587
20.970 5.000 11.747 362.766 -47.338
20.980 5.000 11.667 361.322 -241.298
20.990 5.000 11.528 359.776 -67.826
21.000 5.000 11.390 358.723 -142.956
21.010 5.000 11.445 357.499 -101.902
21.020 5.000 10.998 356.371 -123.622
21.030 5.000 11.232 355.158 -118.994
21.040 5.000 10.644 354.064 -99.764
21.050 5.000 10.953 352.825 -148.225
21.060 5.000 10.404 351.643 -87.977
21.070 5.000 10.667 350.302 -180.244
21.080 5.000 10.129 348.956 -88.974
21.090 5.000 10.280 347.178 -266.750
21.100 5.000 10.019 345.409 -86.793
21.110 5.000 9.988 343.697 -255.688
21.120 5.000 9.791 341.952 -93.151
21.130 5.000 9.715 340.183 -260.918
21.140 5.000 9.529 338.308 -114.196
21.150 5.000 9.375 336.682 -210.849
21.160 5.000 9.382 334.929 -139.782
21.170 5.000 8.911 333.351 -175.817
21.180 5.000 9.160 331.591 -176.331
21.190 5.000 8.698 329.776 -186.682
21.200 5.000 9.002 327.869 -194.546
21.210 5.000 8.414 326.034 -172.423
21.220 5.000 8.745 323.999 -234.654
21.230 5.000 8.218 322.037 -157.829
21.240 5.000 8.472 319.741 -301.277
21.250 5.000 7.909 317.400 -166.988
21.260 5.000 8.266 315.135 -285.923
21.270 5.000 7.726 312.910 -159.146
21.280 5.000 8.012 310.935 -235.802
21.290 5.000 7.463 308.915 -168.226
21.300 5.000 7.786 306.917 -231.187
21.310 5.000 7.318 304.949 -162.651
21.320 5.000 7.589 302.874 -252.316
21.330 5.000 7.123 300.735 -175.332
21.340 5.000 7.276 298.269 -318.130
21.350 5.000 6.957 295.776 -180.510
21.360 5.000 7.107 293.395 -295.540
21.370 5.000 6.746 290.987 -186.062
21.380 5.000 6.887 288.469 -317.601
