# covent_pc_3
# Captured 2021-01-24 19:21:52.974103 by unknown user
# Built at revision ba9d3656 (dirty)
time(sec) pc_setpoint pressure volume net_flow
0.000 30.000 31.350 291.143 282.686
0.010 30.000 31.427 294.208 330.318
0.020 30.000 31.105 297.427 313.450
0.030 30.000 31.015 300.688 338.841
0.040 30.000 30.721 304.202 363.661
0.050 5.000 31.264 308.081 412.385
0.060 5.000 30.689 312.186 408.660
0.070 5.000 29.005 316.966 547.382
0.080 5.000 27.687 323.039 667.166
0.090 5.000 27.137 328.827 490.384
0.100 5.000 24.538 332.217 187.741
0.110 5.000 23.965 333.073 -16.506
0.120 5.000 24.998 332.890 -20.152
0.130 5.000 24.806 333.831 208.348
0.140 5.000 24.251 335.797 184.807
0.150 5.000 23.662 336.669 -10.350
0.160 5.000 22.779 337.389 154.422
0.170 5.000 22.694 339.004 168.558
0.180 5.000 22.538 339.721 -25.081
0.190 5.000 21.657 340.412 163.136
0.200 5.000 21.918 341.812 116.925
0.210 5.000 21.539 342.193 -40.768
0.220 5.000 20.874 342.732 148.538
0.230 5.000 21.256 343.222 -50.451
0.240 5.000 20.435 343.466 99.256
0.250 5.000 20.108 344.532 113.806
0.260 5.000 20.269 344.710 -78.106
0.270 5.000 19.478 344.801 96.337
0.280 5.000 19.603 344.866 -83.467
0.290 5.000 18.920 344.156 -58.355
0.300 5.000 18.618 344.210 69.090
0.310 5.000 18.980 344.209 -69.179
0.320 5.000 17.951 344.345 96.311
0.330 5.000 18.115 344.863 7.260
0.340 5.000 17.702 345.147 49.604
0.350 5.000 17.597 345.499 20.821
0.360 5.000 17.410 345.746 28.528
0.370 5.000 16.611 346.185 59.348
0.380 5.000 17.100 346.358 -24.915
0.390 5.000 16.312 346.490 51.334
0.400 5.000 16.564 346.156 -117.986
0.410 5.000 15.838 345.748 36.285
0.420 5.000 15.936 345.476 -90.689
0.430 5.000 15.433 345.055 6.439
0.440 5.000 15.150 344.886 -40.232
0.450 5.000 15.148 344.435 -49.870
0.460 5.000 14.685 344.140 -9.066
0.470 5.000 14.949 343.858 -47.401
0.480 5.000 14.098 343.589 -6.481
0.490 5.000 14.420 343.196 -72.137
0.500 5.000 13.736 342.743 -18.387
0.510 5.000 13.958 341.864 -157.488
0.520 5.000 13.396 340.869 -41.469
0.530 5.000 13.301 340.238 -84.697
0.540 5.000 13.162 339.455 -71.904
0.550 5.000 12.748 338.679 -83.285
0.560 5.000 12.874 337.300 -192.516
0.570 5.000 12.163 335.958 -75.974
0.580 5.000 12.614 335.023 -110.858
0.590 5.000 11.843 334.029 -88.120
0.600 5.000 12.095 332.814 -154.817
0.610 5.000 11.457 331.618 -84.346
0.620 5.000 11.617 330.290 -181.175
0.630 5.000 11.158 328.884 -100.171
0.640 5.000 11.047 327.540 -168.645
0.650 5.000 10.830 326.148 -109.671
0.660 5.000 10.659 324.847 -150.669
0.670 5.000 10.603 323.416 -135.486
0.680 5.000 10.134 322.022 -143.279
0.690 5.000 10.468 320.466 -167.844
0.700 5.000 9.774 318.912 -143.111
0.710 5.000 10.108 317.083 -222.405
0.720 5.000 9.544 315.204 -153.575
0.730 5.000 9.738 312.956 -295.958
0.740 5.000 9.212 310.664 -162.589
0.750 5.000 9.239 308.629 -244.408
0.760 5.000 8.964 306.574 -166.596
0.770 5.000 8.802 304.596 -228.919
0.780 5.000 8.802 302.554 -179.591
0.790 5.000 8.377 300.464 -238.317
0.800 5.000 8.409 298.298 -194.819
0.810 5.000 8.019 296.080 -248.883
0.820 5.000 8.184 293.918 -183.606
0.830 5.000 7.804 291.696 -260.834
0.840 5.000 7.856 289.397 -198.870
0.850 5.000 7.322 286.987 -283.236
0.860 5.000 7.834 284.546 -204.949
0.870 5.000 7.166 282.116 -280.982
0.880 5.000 7.367 279.519 -238.462
0.890 5.000 6.900 276.853 -294.815
0.900 5.000 7.137 274.078 -260.010
0.910 5.000 6.559 271.307 -294.149
0.920 5.000 6.915 268.414 -284.423
0.930 5.000 6.235 265.370 -324.356
0.940 5.000 6.731 262.343 -281.314
0.950 5.000 5.952 259.287 -329.820
0.960 5.000 6.458 256.207 -285.630
0.970 5.000 5.764 253.235 -309.210
0.980 5.000 6.240 250.090 -319.804
0.990 5.000 5.474 246.928 -312.676
1.000 5.000 6.033 243.702 -332.475
1.010 5.000 5.247 240.416 -324.687
1.020 5.000 5.806 237.225 -313.378
1.030 5.000 4.946 234.002 -331.258
1.040 5.000 5.617 230.712 -327.043
1.050 5.000 4.665 227.321 -351.175
1.060 5.000 5.455 223.865 -339.853
1.070 5.000 4.511 220.371 -359.089
1.080 5.000 5.159 216.939 -327.195
1.090 5.000 4.331 213.497 -361.248
1.100 5.000 4.973 209.983 -341.546
1.110 5.000 4.113 206.405 -374.109
1.120 5.000 4.854 202.855 -335.927
1.130 5.000 3.907 199.279 -378.916
1.140 5.000 4.862 195.809 -315.467
1.150 5.000 3.687 192.129 -420.590
1.160 5.000 4.795 188.406 -323.964
1.170 5.000 3.426 184.373 -482.268
1.180 5.000 4.653 180.512 -290.328
1.190 5.000 3.610 176.582 -495.574
1.200 5.000 4.306 172.907 -239.436
1.210 5.000 4.196 169.497 -442.561
1.220 5.000 3.747 166.211 -214.597
1.230 5.000 5.047 163.571 -313.152
1.240 5.000 2.581 159.546 -492.344
1.250 5.000 5.030 156.438 -129.102
1.260 5.000 3.214 153.094 -539.839
1.270 5.000 4.618 150.394 -0.012
1.280 5.000 4.753 148.704 -338.094
1.290 5.000 3.542 146.688 -65.048
1.300 5.000 5.391 145.590 -154.517
1.310 5.000 3.017 143.318 -299.910
1.320 5.000 5.935 141.564 -50.826
1.330 5.000 3.108 138.708 -520.548
1.340 5.000 5.716 136.279 34.814
1.350 5.000 3.837 134.699 -350.708
1.360 5.000 5.458 133.162 43.259
1.370 5.000 4.314 132.253 -225.131
1.380 5.000 5.344 131.330 40.487
1.390 5.000 4.836 130.911 -124.277
1.400 5.000 5.296 130.362 14.642
1.410 5.000 5.127 130.119 -63.353
1.420 5.000 5.282 129.576 -45.243
1.430 5.000 5.255 128.955 -78.868
1.440 5.000 5.353 128.180 -76.123
1.450 5.000 5.377 127.264 -107.073
1.460 5.000 5.375 126.188 -108.215
1.470 5.000 5.480 125.053 -118.800
1.480 5.000 5.489 123.888 -114.133
1.490 5.000 5.690 122.807 -102.179
1.500 5.000 5.462 121.722 -114.863
1.510 5.000 5.588 120.662 -96.951
1.520 5.000 5.556 119.595 -116.450
1.530 5.000 5.415 118.367 -129.304
1.540 5.000 5.501 116.978 -148.493
1.550 5.000 5.359 115.435 -159.968
1.560 5.000 5.370 113.758 -175.544
1.570 5.000 5.360 111.875 -201.042
1.580 5.000 5.205 109.817 -210.437
1.590 5.000 5.209 107.721 -208.986
1.600 5.000 5.169 105.543 -226.407
1.610 5.000 5.155 103.094 -263.421
1.620 5.000 5.045 100.476 -260.354
1.630 5.000 4.927 98.088 -217.287
1.640 5.000 5.108 95.528 -294.552
1.650 5.000 5.002 92.629 -285.316
1.660 5.000 4.544 89.997 -240.889
1.670 5.000 5.427 87.356 -287.555
1.680 5.000 4.298 84.715 -240.465
1.690 5.000 5.487 82.285 -245.754
1.700 5.000 3.749 79.440 -323.153
1.710 5.000 5.927 77.258 -113.322
1.720 5.000 3.383 73.565 -625.325
1.730 5.000 5.219 70.389 -9.805
1.740 5.000 4.921 68.398 -388.367
1.750 5.000 4.349 66.168 -57.680
1.760 5.000 5.763 64.867 -202.494
1.770 5.000 3.279 61.830 -405.013
1.780 5.000 5.999 59.828 4.605
1.790 5.000 3.296 56.428 -684.527
1.800 5.000 5.676 53.380 74.844
1.810 5.000 4.323 51.613 -428.050
1.820 5.000 5.218 49.632 31.654
1.830 5.000 5.153 48.442 -269.632
1.840 5.000 4.593 46.937 -31.363
1.850 5.000 5.618 45.828 -190.325
1.860 5.000 4.511 44.432 -88.922
1.870 5.000 5.686 43.147 -167.974
1.880 5.000 4.582 41.678 -126.079
1.890 5.000 5.513 40.399 -129.675
1.900 5.000 4.808 39.088 -132.521
1.910 5.000 5.478 37.847 -115.718
1.920 5.000 5.066 36.506 -152.465
1.930 5.000 5.081 35.020 -144.612
1.940 5.000 5.269 33.502 -159.124
1.950 5.000 5.214 31.964 -148.453
1.960 5.000 5.178 30.491 -146.148
1.970 5.000 5.029 28.952 -161.566
1.980 5.000 5.260 27.438 -141.251
1.990 5.000 5.147 25.918 -162.823
2.000 5.000 5.096 24.185 -183.683
2.010 5.000 5.183 22.367 -179.912
2.020 5.000 5.112 20.533 -187.037
2.030 5.000 5.038 18.668 -185.888
2.040 5.000 5.071 16.757 -196.407
2.050 5.000 5.046 14.713 -212.335
2.060 7.500 4.989 12.578 -214.563
2.070 10.000 5.093 10.674 -166.247
2.080 12.500 6.111 9.360 -96.713
2.090 15.000 5.961 9.012 27.140
2.100 17.500 6.987 9.916 153.650
2.110 20.000 7.878 11.989 260.929
2.120 22.500 8.648 15.086 358.553
2.130 25.000 10.463 19.349 493.968
2.140 27.500 10.684 24.532 542.685
2.150 30.000 10.410 30.235 597.882
2.160 30.000 11.087 35.968 548.623
2.170 30.000 11.253 41.560 569.951
2.180 30.000 11.720 47.179 553.895
2.190 30.000 12.186 52.576 525.448
2.200 30.000 12.641 57.995 558.401
2.210 30.000 12.661 63.277 498.011
2.220 30.000 13.282 68.255 497.413
2.230 30.000 13.911 73.262 504.126
2.240 30.000 13.883 78.160 474.975
2.250 30.000 14.156 82.916 476.700
2.260 30.000 14.603 87.655 471.094
2.270 30.000 15.264 92.434 484.705
2.280 30.000 15.336 97.105 449.587
2.290 30.000 16.004 101.499 429.318
2.300 30.000 15.949 105.774 425.606
2.310 30.000 16.608 110.078 435.249
2.320 30.000 16.878 114.383 425.590
2.330 30.000 16.786 118.600 417.526
2.340 30.000 17.750 122.887 440.274
2.350 30.000 18.030 127.325 447.468
2.360 30.000 17.900 131.622 411.946
2.370 30.000 18.648 135.687 400.797
2.380 30.000 18.669 139.720 405.994
2.390 30.000 19.054 143.769 403.656
2.400 30.000 19.328 147.618 366.322
2.410 30.000 19.774 151.328 375.617
2.420 30.000 19.657 155.001 358.608
2.430 30.000 20.351 158.736 388.709
2.440 30.000 20.884 162.387 341.537
2.450 30.000 20.778 165.734 327.816
2.460 30.000 21.054 169.147 354.827
2.470 30.000 21.532 172.625 340.848
2.480 30.000 21.703 176.118 357.409
2.490 30.000 21.992 179.504 320.048
2.500 30.000 22.301 182.820 343.255
2.510 30.000 22.566 186.099 312.589
2.520 30.000 22.971 189.094 286.299
2.530 30.000 23.091 192.272 349.323
2.540 30.000 23.170 195.417 279.627
2.550 30.000 23.627 198.361 309.290
2.560 30.000 23.644 201.322 282.690
2.570 30.000 24.167 204.209 294.723
2.580 30.000 24.304 206.918 247.247
2.590 30.000 24.438 209.615 292.209
2.600 30.000 24.677 212.290 242.651
2.610 30.000 25.233 214.743 248.013
2.620 30.000 25.186 217.308 265.059
2.630 30.000 25.415 219.819 236.957
2.640 30.000 25.621 222.356 270.559
2.650 30.000 25.989 224.849 228.014
2.660 30.000 26.029 227.208 243.779
2.670 30.000 26.366 229.693 253.309
2.680 30.000 26.782 232.209 249.897
2.690 30.000 26.699 234.611 230.578
2.700 30.000 26.925 236.998 246.694
2.710 30.000 27.248 239.355 224.755
2.720 30.000 27.412 241.706 245.429
2.730 30.000 27.547 243.875 188.319
2.740 30.000 27.755 245.921 221.000
2.750 30.000 28.146 248.053 205.365
2.760 30.000 28.092 250.065 196.997
2.770 30.000 28.272 252.023 194.621
2.780 30.000 28.824 254.059 212.661
2.790 30.000 28.564 256.054 186.232
2.800 30.000 28.980 257.893 181.711
2.810 30.000 29.002 259.707 180.923
2.820 30.000 29.083 261.549 187.550
2.830 30.000 29.590 263.363 175.360
2.840 30.000 29.660 265.137 179.285
2.850 30.000 29.565 266.885 170.365
2.860 30.000 30.232 268.487 150.102
2.870 30.000 30.057 269.910 134.518
2.880 30.000 30.166 271.292 141.762
2.890 30.000 30.454 272.767 153.328
2.900 30.000 30.492 274.397 172.724
2.910 30.000 30.488 276.063 160.459
2.920 30.000 30.809 277.838 194.433
2.930 30.000 30.414 279.741 186.226
2.940 30.000 30.774 281.876 240.766
2.950 30.000 30.901 284.410 265.978
2.960 30.000 30.620 286.943 240.450
2.970 30.000 30.977 289.609 292.853
2.980 30.000 30.872 292.554 296.368
2.990 30.000 31.172 295.513 295.276
3.000 30.000 31.316 298.305 263.277
3.010 30.000 31.361 301.071 289.668
3.020 30.000 31.273 303.856 267.480
3.030 30.000 31.077 306.805 322.465
3.040 30.000 30.817 310.136 343.736
3.050 30.000 30.982 313.750 378.971
3.060 5.000 31.172 317.455 362.143
3.070 5.000 30.446 321.343 415.497
3.080 5.000 29.016 325.884 492.606
3.090 5.000 27.864 331.614 653.358
3.100 5.000 27.827 337.004 424.735
3.110 5.000 24.031 339.746 123.609
3.120 5.000 24.643 340.131 -46.574
3.130 5.000 25.281 339.641 -51.574
3.140 5.000 24.569 340.236 170.669
3.150 5.000 23.942 341.852 152.488
3.160 5.000 23.865 342.478 -27.246
3.170 5.000 23.347 342.871 105.707
3.180 5.000 23.070 343.994 119.076
3.190 5.000 22.980 344.245 -68.858
3.200 5.000 22.261 344.435 106.749
3.210 5.000 21.871 345.402 86.651
3.220 5.000 22.003 345.396 -87.993
3.230 5.000 21.555 345.491 107.003
3.240 5.000 21.394 345.637 -77.626
3.250 5.000 21.120 345.206 -8.642
3.260 5.000 20.607 345.559 79.168
3.270 5.000 20.408 345.511 -88.661
3.280 5.000 19.976 345.416 69.543
3.290 5.000 19.803 345.947 36.634
3.300 5.000 19.697 345.733 -79.410
3.310 5.000 19.043 345.669 66.658
3.320 5.000 19.181 346.077 15.018
3.330 5.000 18.624 346.472 63.877
3.340 5.000 18.519 346.854 12.501
3.350 5.000 18.359 346.934 3.611
3.360 5.000 17.778 347.096 28.832
3.370 5.000 17.850 346.895 -69.173
3.380 5.000 17.277 346.660 22.277
3.390 5.000 17.314 346.040 -146.365
3.400 5.000 16.884 345.214 -18.761
3.410 5.000 16.862 344.894 -45.205
3.420 5.000 16.570 344.193 -95.020
3.430 5.000 16.226 343.610 -21.718
3.440 5.000 16.157 342.796 -140.926
3.450 5.000 15.701 342.080 -2.311
3.460 5.000 15.753 341.223 -169.173
3.470 5.000 15.153 340.255 -24.416
3.480 5.000 15.272 339.361 -154.413
3.490 5.000 14.760 338.362 -45.275
3.500 5.000 14.590 337.880 -51.179
3.510 5.000 14.415 337.080 -108.819
3.520 5.000 14.092 336.157 -75.833
3.530 5.000 14.165 335.270 -101.545
3.540 5.000 13.393 334.490 -54.492
3.550 5.000 13.869 333.595 -124.466
3.560 5.000 13.052 332.666 -61.406
3.570 5.000 13.341 331.551 -161.588
3.580 5.000 12.790 330.233 -101.914
3.590 5.000 12.786 329.016 -141.460
3.600 5.000 12.581 327.460 -169.602
3.610 5.000 12.066 325.852 -152.102
3.620 5.000 12.263 324.189 -180.563
3.630 5.000 11.567 322.620 -133.251
3.640 5.000 12.009 321.175 -155.547
3.650 5.000 11.134 319.738 -132.056
3.660 5.000 11.710 318.048 -205.889
3.670 5.000 10.905 316.340 -135.759
3.680 5.000 11.192 314.282 -275.924
3.690 5.000 10.631 312.098 -160.842
3.700 5.000 10.687 310.149 -228.882
3.710 5.000 10.476 308.204 -160.097
3.720 5.000 10.167 306.449 -191.036
3.730 5.000 10.253 304.434 -211.742
3.740 5.000 9.734 302.349 -205.448
3.750 5.000 9.956 300.220 -220.287
3.760 5.000 9.225 298.053 -213.121
3.770 5.000 9.686 295.921 -213.393
3.780 5.000 8.917 293.838 -203.166
3.790 5.000 9.408 291.649 -234.572
3.800 5.000 8.565 289.418 -211.609
3.810 5.000 9.013 287.168 -238.507
3.820 5.000 8.159 284.871 -220.613
3.830 5.000 8.781 282.583 -237.269
3.840 5.000 7.954 280.230 -233.197
3.850 5.000 8.555 277.792 -254.495
3.860 5.000 7.608 275.348 -234.303
3.870 5.000 8.143 272.910 -253.114
3.880 5.000 7.289 270.489 -231.125
3.890 5.000 7.895 268.005 -265.872
3.900 5.000 7.133 265.453 -244.523
3.910 5.000 7.608 262.710 -304.138
3.920 5.000 6.822 259.910 -255.775
3.930 5.000 7.349 257.151 -296.102
3.940 5.000 6.574 254.369 -260.309
3.950 5.000 7.033 251.216 -370.372
3.960 5.000 6.347 248.001 -272.551
3.970 5.000 6.734 244.961 -335.376
3.980 5.000 6.065 241.922 -272.477
3.990 5.000 6.392 238.889 -334.078
4.000 5.000 5.885 235.821 -279.654
4.010 5.000 6.213 232.635 -357.520
4.020 5.000 5.695 229.385 -292.538
4.030 5.000 5.883 226.012 -381.927
4.040 5.000 5.439 222.654 -289.753
4.050 5.000 5.680 219.284 -384.280
4.060 5.000 5.276 215.859 -300.465
4.070 5.000 5.383 212.108 -449.907
4.080 5.000 5.009 208.266 -318.509
4.090 5.000 5.219 204.630 -408.489
4.100 5.000 4.790 200.985 -320.760
4.110 5.000 5.012 197.012 -473.808
4.120 5.000 4.601 192.965 -335.597
4.130 5.000 4.899 189.279 -401.531
4.140 5.000 4.288 185.547 -344.957
4.150 5.000 4.746 181.917 -381.102
4.160 5.000 4.091 178.299 -342.193
4.170 5.000 4.786 174.788 -360.257
4.180 5.000 3.868 171.140 -369.381
4.190 5.000 4.760 167.525 -353.573
4.200 5.000 3.376 163.429 -465.533
4.210 5.000 4.830 159.664 -287.510
4.220 5.000 3.396 155.680 -509.232
4.230 5.000 4.332 151.875 -251.916
4.240 5.000 4.177 148.082 -506.789
4.250 5.000 3.778 144.389 -231.776
4.260 5.000 4.740 141.433 -359.278
4.270 5.000 2.764 137.452 -437.102
4.280 5.000 5.047 134.510 -151.292
4.290 5.000 3.008 131.107 -529.277
4.300 5.000 4.450 128.235 -45.106
4.310 5.000 5.313 126.318 -338.362
4.320 5.000 2.894 123.656 -193.990
4.330 5.000 5.442 122.407 -55.733
4.340 5.000 2.909 118.898 -646.042
4.350 5.000 5.765 115.778 21.967
4.360 5.000 3.171 112.755 -626.704
4.370 5.000 5.360 109.865 49.050
4.380 5.000 4.220 108.402 -341.800
4.390 5.000 5.085 107.053 72.058
4.400 5.000 4.638 106.454 -191.818
4.410 5.000 5.157 105.768 54.564
4.420 5.000 5.127 105.611 -86.048
4.430 5.000 4.887 104.976 -40.905
4.440 5.000 5.343 104.629 -28.553
4.450 5.000 5.249 104.198 -57.655
4.460 5.000 5.373 103.682 -45.437
4.470 5.000 5.104 103.003 -90.453
4.480 5.000 5.445 102.227 -64.794
4.490 5.000 5.512 101.376 -105.215
4.500 5.000 5.454 100.275 -115.086
4.510 5.000 5.472 99.167 -106.607
4.520 5.000 5.632 98.079 -110.901
4.530 5.000 5.634 96.963 -112.320
4.540 5.000 5.637 95.884 -103.435
4.550 5.000 5.574 94.730 -127.486
4.560 5.000 5.507 93.410 -136.453
4.570 5.000 5.534 91.905 -164.620
4.580 5.000 5.498 90.185 -179.201
4.590 5.000 5.404 88.295 -198.925
4.600 5.000 5.343 86.160 -228.081
4.610 5.000 5.299 83.832 -237.606
4.620 5.000 5.178 81.295 -269.780
4.630 5.000 5.202 78.550 -279.257
4.640 5.000 5.125 75.874 -255.902
4.650 5.000 5.075 73.282 -262.387
4.660 5.000 5.122 70.397 -314.628
4.670 5.000 4.885 67.574 -250.120
4.680 5.000 4.811 64.865 -291.489
4.690 5.000 5.244 61.963 -289.097
4.700 5.000 4.124 58.625 -378.398
4.710 5.000 5.554 55.764 -193.796
4.720 5.000 3.689 52.349 -489.318
4.730 5.000 5.349 49.540 -72.344
4.740 5.000 4.453 47.086 -418.563
4.750 5.000 4.893 44.656 -67.488
4.760 5.000 5.176 42.580 -347.628
4.770 5.000 3.681 39.727 -223.013
4.780 5.000 6.200 38.206 -81.185
4.790 5.000 3.260 34.230 -714.037
4.800 5.000 5.302 30.773 22.635
4.810 5.000 4.389 28.779 -421.514
4.820 5.000 5.100 26.810 27.704
4.830 5.000 4.996 25.462 -297.154
4.840 5.000 4.409 23.622 -70.901
4.850 5.000 5.867 22.347 -184.226
4.860 5.000 4.017 20.696 -145.809
4.870 5.000 5.975 19.355 -122.552
4.880 5.000 3.928 17.760 -196.345
4.890 5.000 6.093 16.294 -96.805
4.900 5.000 4.004 14.664 -229.296
4.910 5.000 5.984 13.024 -98.724
4.920 5.000 4.272 11.478 -210.378
4.930 5.000 5.945 9.845 -116.282
4.940 5.000 4.356 8.281 -196.619
4.950 5.000 5.779 6.600 -139.560
4.960 5.000 4.703 5.106 -159.134
4.970 5.000 5.584 3.486 -164.850
4.980 5.000 4.842 1.916 -149.263
4.990 5.000 5.303 0.170 -199.825
5.000 5.000 5.271 -1.505 -135.153
5.010 5.000 4.867 -3.481 -260.094
5.020 5.000 5.450 -5.499 -143.592
5.030 5.000 4.726 -7.340 -224.557
5.040 5.000 5.588 -9.292 -165.835
5.050 5.000 4.622 -11.279 -231.544
5.060 5.000 5.614 -13.363 -185.270
5.070 7.501 4.589 -15.295 -201.088
5.080 10.000 5.426 -17.187 -177.387
5.090 12.500 5.894 -18.306 -46.486
5.100 15.000 6.524 -18.533 1.085
5.110 17.500 6.536 -17.661 173.432
5.120 20.000 8.643 -15.201 318.459
5.130 22.501 8.086 -12.320 257.713
5.140 25.000 11.104 -7.933 619.889
5.150 27.500 10.151 -2.707 425.352
5.160 30.000 10.752 2.286 573.303
5.170 30.000 10.709 7.732 515.814
5.180 30.000 11.497 13.141 566.000
5.190 30.000 11.813 18.684 542.622
5.200 30.000 12.068 24.130 546.587
5.210 30.000 12.708 29.400 507.442
5.220 30.000 13.172 34.557 523.668
5.230 30.000 13.468 39.935 552.184
5.240 30.000 13.889 45.357 532.215
5.250 30.000 14.024 50.641 524.694
5.260 30.000 14.421 55.747 496.219
5.270 30.000 14.738 60.656 485.744
5.280 30.000 15.126 65.525 488.216
5.290 30.000 15.698 70.125 431.762
5.300 30.000 16.003 74.707 484.667
5.310 30.000 16.095 79.628 499.505
5.320 30.000 16.664 84.445 463.792
5.330 30.000 17.029 89.016 450.563
5.340 30.000 17.091 93.451 436.425
5.350 30.000 17.357 97.793 431.990
5.360 30.000 18.088 102.202 449.763
5.370 30.000 17.847 106.499 409.355
5.380 30.000 18.405 110.710 433.061
5.390 30.000 18.830 115.021 429.241
5.400 30.000 19.164 119.152 396.872
5.410 30.000 19.244 123.432 459.245
5.420 30.000 19.851 127.746 403.413
5.430 30.000 20.207 131.714 390.272
5.440 30.000 20.149 135.460 358.774
5.450 30.000 20.735 138.993 347.949
5.460 30.000 20.819 142.634 380.318
5.470 30.000 21.316 146.344 361.615
5.480 30.000 21.212 150.070 383.607
5.490 30.000 21.800 153.652 332.881
5.500 30.000 22.132 157.104 357.545
5.510 30.000 22.225 160.663 354.208
5.520 30.000 22.563 164.138 340.795
5.530 30.000 22.481 167.536 338.649
5.540 30.000 23.197 170.922 338.647
5.550 30.000 23.459 174.028 282.558
5.560 30.000 23.250 177.020 315.938
5.570 30.000 23.991 180.080 296.042
5.580 30.000 23.731 183.142 316.441
5.590 30.000 24.743 186.289 312.819
5.600 30.000 24.544 189.123 254.053
5.610 30.000 24.780 191.919 305.116
5.620 30.000 24.984 194.689 248.797
5.630 30.000 25.439 197.417 296.984
5.640 30.000 25.242 200.092 237.941
5.650 30.000 25.901 202.648 273.334
5.660 30.000 25.892 205.380 273.047
5.670 30.000 26.007 208.004 251.668
5.680 30.000 26.350 210.607 268.888
5.690 30.000 26.490 213.170 243.853
5.700 30.000 26.704 215.580 238.119
5.710 30.000 26.804 218.055 256.636
5.720 30.000 27.182 220.506 233.887
5.730 30.000 27.652 222.768 218.494
5.740 30.000 27.467 225.094 246.608
5.750 30.000 27.855 227.513 237.308
5.760 30.000 27.961 229.859 231.837
5.770 30.000 28.132 231.988 193.732
5.780 30.000 28.488 234.113 231.448
5.790 30.000 28.621 236.413 228.545
5.800 30.000 28.715 238.517 192.300
5.810 30.000 28.759 240.517 207.807
5.820 30.000 29.397 242.501 188.927
5.830 30.000 29.227 244.372 185.207
5.840 30.000 29.615 246.196 179.669
5.850 30.000 29.670 247.896 160.397
5.860 30.000 29.452 249.509 162.089
5.870 30.000 30.006 251.345 205.124
5.880 30.000 30.276 253.055 136.848
5.890 30.000 30.230 254.617 175.537
5.900 30.000 30.565 256.422 185.506
5.910 30.000 30.523 258.261 182.331
5.920 30.000 30.519 260.149 195.248
5.930 30.000 30.550 262.065 188.013
5.940 30.000 30.497 264.114 221.596
5.950 30.000 30.723 266.424 240.602
5.960 30.000 30.736 268.823 239.324
5.970 30.000 30.787 271.617 319.353
5.980 30.000 30.825 274.649 287.088
5.990 30.000 30.973 277.710 325.178
6.000 30.000 31.160 280.810 294.721
6.010 30.000 31.248 283.801 303.492
6.020 30.000 31.374 286.807 297.672
6.030 30.000 31.118 289.805 301.872
6.040 30.000 31.042 292.936 324.484
6.050 30.000 31.047 296.346 357.477
6.060 30.000 30.898 299.931 359.593
6.070 5.000 30.857 303.538 361.624
6.080 5.000 30.836 307.503 431.488
6.090 5.000 28.887 312.289 525.837
6.100 5.000 27.724 318.183 652.985
6.110 5.000 27.862 323.586 427.031
6.120 5.000 24.077 326.289 113.910
6.130 5.000 24.660 326.641 -43.630
6.140 5.000 25.363 326.065 -71.514
6.150 5.000 24.787 326.309 120.349
6.160 5.000 23.947 327.754 168.663
6.170 5.000 23.825 328.462 -27.148
6.180 5.000 23.277 328.883 111.281
6.190 5.000 22.994 330.220 156.248
6.200 5.000 22.955 330.801 -40.172
6.210 5.000 22.273 331.071 94.260
6.220 5.000 22.013 332.081 107.726
6.230 5.000 22.038 332.289 -66.256
6.240 5.000 21.255 332.633 135.186
6.250 5.000 21.443 333.734 84.895
6.260 5.000 21.005 334.393 47.015
6.270 5.000 20.507 335.207 115.824
6.280 5.000 20.591 335.598 -37.631
6.290 5.000 20.043 335.894 96.666
6.300 5.000 19.890 336.492 23.103
6.310 5.000 19.588 336.242 -73.113
6.320 5.000 19.180 336.265 77.564
6.330 5.000 19.217 336.292 -72.117
6.340 5.000 18.620 336.247 63.259
6.350 5.000 18.560 336.171 -78.609
6.360 5.000 18.264 335.858 16.112
6.370 5.000 17.779 335.875 -12.763
6.380 5.000 17.985 335.223 -117.673
6.390 5.000 17.216 334.890 51.184
6.400 5.000 17.481 335.053 -18.584
6.410 5.000 16.893 335.148 37.590
6.420 5.000 16.862 335.142 -38.856
6.430 5.000 16.465 334.861 -17.393
6.440 5.000 16.225 334.621 -30.563
6.450 5.000 16.134 333.818 -129.994
6.460 5.000 15.528 333.227 11.740
6.470 5.000 15.834 332.578 -141.558
6.480 5.000 15.158 331.847 -4.682
6.490 5.000 15.198 331.000 -164.727
6.500 5.000 14.720 329.940 -47.111
6.510 5.000 14.582 329.402 -60.500
6.520 5.000 14.465 328.613 -97.382
6.530 5.000 14.033 327.955 -34.233
6.540 5.000 14.218 327.272 -102.387
6.550 5.000 13.432 326.550 -42.005
6.560 5.000 13.832 325.364 -195.118
6.570 5.000 13.100 324.065 -64.821
6.580 5.000 13.142 323.109 -126.268
6.590 5.000 12.932 322.074 -80.812
6.600 5.000 12.623 321.114 -111.114
6.610 5.000 12.623 319.899 -131.963
6.620 5.000 12.036 318.790 -89.672
6.630 5.000 12.409 317.669 -134.584
6.640 5.000 11.708 316.503 -98.647
6.650 5.000 12.001 315.238 -154.455
6.660 5.000 11.280 313.923 -108.424
6.670 5.000 11.664 312.157 -244.938
6.680 5.000 11.044 310.299 -126.614
6.690 5.000 11.082 308.748 -183.636
6.700 5.000 10.826 307.203 -125.247
6.710 5.000 10.535 305.710 -173.387
6.720 5.000 10.543 304.102 -148.190
6.730 5.000 10.137 302.373 -197.700
6.740 5.000 10.224 300.619 -153.071
6.750 5.000 9.768 298.850 -200.664
6.760 5.000 9.958 297.046 -160.141
6.770 5.000 9.256 295.197 -209.672
6.780 5.000 9.677 293.289 -171.959
6.790 5.000 8.974 291.447 -196.546
6.800 5.000 9.343 289.575 -177.700
6.810 5.000 8.605 287.646 -208.155
6.820 5.000 9.029 285.459 -229.272
6.830 5.000 8.272 283.293 -203.911
6.840 5.000 8.776 281.032 -248.250
6.850 5.000 7.990 278.685 -221.294
6.860 5.000 8.493 276.259 -263.739
6.870 5.000 7.578 273.676 -253.006
6.880 5.000 8.186 271.009 -280.438
6.890 5.000 7.302 268.328 -255.672
6.900 5.000 7.896 265.846 -240.717
6.910 5.000 6.984 263.369 -254.824
6.920 5.000 7.610 260.772 -264.566
6.930 5.000 6.760 258.215 -246.527
6.940 5.000 7.360 255.670 -262.628
6.950 5.000 6.484 253.059 -259.734
6.960 5.000 6.997 250.367 -278.516
6.970 5.000 6.259 247.557 -283.622
6.980 5.000 6.857 244.530 -321.724
6.990 5.000 5.938 241.506 -282.660
7.000 5.000 6.546 238.575 -303.838
7.010 5.000 5.734 235.577 -295.931
7.020 5.000 6.301 232.565 -306.459
7.030 5.000 5.429 229.470 -312.391
7.040 5.000 6.087 226.281 -325.470
7.050 5.000 5.186 222.962 -338.439
7.060 5.000 5.904 219.676 -318.692
7.070 5.000 4.877 216.367 -343.015
7.080 5.000 5.621 212.956 -339.080
7.090 5.000 4.786 209.613 -329.793
7.100 5.000 5.443 206.296 -333.606
7.110 5.000 4.490 202.803 -364.875
7.120 5.000 5.220 199.261 -343.590
7.130 5.000 4.273 195.598 -388.981
7.140 5.000 5.062 191.924 -345.574
7.150 5.000 4.126 188.312 -377.244
7.160 5.000 4.879 184.805 -323.949
7.170 5.000 3.941 181.224 -392.364
7.180 5.000 4.811 177.682 -316.020
7.190 5.000 3.692 173.906 -439.319
7.200 5.000 4.755 170.300 -281.787
7.210 5.000 3.634 166.500 -478.271
7.220 5.000 4.431 162.809 -259.817
7.230 5.000 4.063 159.208 -460.364
7.240 5.000 3.919 155.606 -260.162
7.250 5.000 4.618 152.507 -359.667
7.260 5.000 3.298 149.093 -323.044
7.270 5.000 4.958 146.268 -242.003
7.280 5.000 2.624 142.232 -565.193
7.290 5.000 4.911 138.986 -83.880
7.300 5.000 3.638 136.557 -402.030
7.310 5.000 4.113 134.445 -20.311
7.320 5.000 5.422 133.034 -261.900
7.330 5.000 2.886 130.344 -276.145
7.340 5.000 5.499 128.902 -12.376
7.350 5.000 2.968 125.599 -648.070
7.360 5.000 5.639 122.560 40.252
7.370 5.000 3.415 120.030 -546.207
7.380 5.000 5.092 117.448 29.728
7.390 5.000 4.574 116.475 -224.253
7.400 5.000 5.209 115.581 45.456
7.410 5.000 4.463 115.020 -157.707
7.420 5.000 5.163 114.385 30.650
7.430 5.000 5.117 114.155 -76.681
7.440 5.000 5.107 113.732 -7.804
7.450 5.000 5.144 113.417 -55.174
7.460 5.000 5.247 112.874 -53.454
7.470 5.000 5.415 112.417 -37.882
7.480 5.000 5.338 111.901 -65.388
7.490 5.000 5.324 111.047 -105.369
7.500 5.000 5.435 110.015 -101.095
7.510 5.000 5.491 108.933 -115.293
7.520 5.000 5.611 107.875 -96.347
7.530 5.000 5.607 106.802 -118.287
7.540 5.000 5.555 105.685 -104.989
7.550 5.000 5.554 104.729 -86.336
7.560 5.000 5.660 103.762 -106.947
7.570 5.000 5.404 102.524 -140.564
7.580 5.000 5.574 101.152 -133.904
7.590 5.000 5.385 99.473 -201.981
7.600 5.000 5.408 97.612 -170.209
7.610 5.000 5.327 95.733 -205.595
7.620 5.000 5.466 93.441 -252.948
7.630 5.000 5.068 90.990 -236.994
7.640 5.000 4.977 88.678 -225.553
7.650 5.000 5.384 85.933 -323.539
7.660 5.000 4.861 83.233 -216.437
7.670 5.000 5.257 80.653 -299.514
7.680 5.000 4.813 78.182 -194.635
7.690 5.000 5.284 75.533 -334.967
7.700 5.000 4.344 72.866 -198.713
7.710 5.000 6.025 70.463 -281.928
7.720 5.000 3.261 66.645 -481.723
7.730 5.000 5.896 63.844 -78.329
7.740 5.000 3.798 61.233 -443.905
7.750 5.000 4.874 58.616 -79.421
7.760 5.000 5.406 56.233 -397.309
7.770 5.000 3.596 52.960 -257.249
7.780 5.000 5.684 51.115 -111.836
7.790 5.000 3.432 48.024 -506.097
7.800 5.000 5.619 45.537 8.495
7.810 5.000 3.667 43.110 -493.926
7.820 5.000 5.331 40.924 56.843
7.830 5.000 4.685 39.454 -350.903
7.840 5.000 4.622 37.674 -5.200
7.850 5.000 5.402 36.512 -227.062
7.860 5.000 4.309 34.949 -85.539
7.870 5.000 5.696 33.708 -162.667
7.880 5.000 4.207 32.220 -135.028
7.890 5.000 5.792 30.890 -130.858
7.900 5.000 4.407 29.500 -147.098
7.910 5.000 5.538 28.111 -130.883
7.920 5.000 4.692 26.876 -115.966
7.930 5.000 5.314 25.580 -143.388
7.940 5.000 5.112 24.332 -106.066
7.950 5.000 5.220 22.986 -163.276
7.960 5.000 5.342 21.735 -86.845
7.970 5.000 4.926 20.381 -183.931
7.980 5.000 5.418 18.944 -103.472
7.990 5.000 5.021 17.615 -162.411
8.000 5.000 5.497 16.278 -105.049
8.010 5.000 4.968 14.874 -175.646
8.020 5.000 5.369 13.160 -167.102
8.030 5.000 5.004 11.430 -178.946
8.040 5.000 5.239 9.668 -173.457
8.050 5.000 5.132 7.869 -186.479
8.060 5.000 4.916 6.079 -171.293
8.070 5.000 5.320 4.204 -203.868
8.080 7.500 4.947 2.187 -199.518
8.090 10.000 4.871 0.194 -199.191
8.100 12.500 6.474 -1.073 -54.111
8.110 15.000 5.410 -1.676 -66.449
8.120 17.500 7.584 -0.622 277.176
8.130 20.000 7.774 1.506 148.520
8.140 22.500 8.639 4.488 447.689
8.150 25.000 10.499 9.127 480.170
8.160 27.500 10.440 14.442 582.731
8.170 30.000 10.539 20.192 567.500
8.180 30.000 11.062 25.782 550.011
8.190 30.000 11.179 31.252 544.410
8.200 30.000 11.826 36.871 579.409
8.210 30.000 12.502 42.557 557.594
8.220 30.000 12.489 47.880 507.446
8.230 30.000 13.299 53.075 531.385
8.240 30.000 13.099 57.957 445.167
8.250 30.000 13.573 62.878 539.006
8.260 30.000 14.079 68.046 494.563
8.270 30.000 14.487 72.958 487.267
8.280 30.000 14.477 77.681 457.865
8.290 30.000 15.257 82.173 440.482
8.300 30.000 15.645 86.665 457.840
8.310 30.000 15.856 91.240 457.306
8.320 30.000 16.281 95.752 445.100
8.330 30.000 16.416 100.080 420.322
8.340 30.000 16.869 104.407 445.250
8.350 30.000 17.436 108.840 441.481
8.360 30.000 17.062 113.235 437.374
8.370 30.000 17.921 117.602 436.129
8.380 30.000 18.485 121.771 397.667
8.390 30.000 18.501 125.756 399.286
8.400 30.000 18.862 129.716 392.520
8.410 30.000 18.987 133.658 396.048
8.420 30.000 19.395 137.640 400.032
8.430 30.000 19.790 141.487 369.812
8.440 30.000 19.873 145.308 394.303
8.450 30.000 20.633 149.238 391.695
8.460 30.000 20.425 153.007 362.189
8.470 30.000 20.924 156.571 350.513
8.480 30.000 21.039 160.045 344.371
8.490 30.000 21.339 163.572 360.848
8.500 30.000 21.998 166.847 294.409
8.510 30.000 21.846 170.098 355.621
8.520 30.000 22.410 173.616 348.073
8.530 30.000 22.495 176.982 325.155
8.540 30.000 23.119 180.173 313.102
8.550 30.000 22.692 183.502 352.724
8.560 30.000 23.343 186.763 299.327
8.570 30.000 23.649 189.911 330.342
8.580 30.000 23.796 193.228 333.099
8.590 30.000 24.207 196.365 294.341
8.600 30.000 24.262 199.275 287.605
8.610 30.000 24.648 202.153 288.026
8.620 30.000 24.580 205.250 331.332
8.630 30.000 25.015 208.254 269.412
8.640 30.000 25.226 211.110 301.834
8.650 30.000 25.710 213.832 242.618
8.660 30.000 25.180 216.285 248.007
8.670 30.000 26.368 218.884 271.548
8.680 30.000 25.805 221.484 248.619
8.690 30.000 26.569 223.978 250.269
8.700 30.000 26.582 226.464 246.953
8.710 30.000 26.686 228.783 216.595
8.720 30.000 27.055 231.046 236.072
8.730 30.000 27.288 233.299 214.442
8.740 30.000 27.596 235.515 228.897
8.750 30.000 27.158 237.965 261.166
8.760 30.000 28.228 240.369 219.537
8.770 30.000 27.711 242.436 193.934
8.780 30.000 28.222 244.199 158.720
8.790 30.000 28.282 246.103 222.038
8.800 30.000 28.808 248.155 188.404
8.810 30.000 28.518 250.050 190.666
8.820 30.000 29.151 251.874 173.935
8.830 30.000 28.863 253.610 173.359
8.840 30.000 29.397 255.591 222.914
8.850 30.000 29.538 257.628 184.426
8.860 30.000 29.515 259.462 182.487
8.870 30.000 29.847 261.451 215.145
8.880 30.000 29.898 263.440 182.696
8.890 30.000 30.259 265.267 182.831
8.900 30.000 30.316 267.079 179.407
8.910 30.000 30.484 268.955 195.877
8.920 30.000 30.399 270.747 162.579
8.930 30.000 30.715 272.430 173.908
8.940 30.000 30.706 274.293 198.665
8.950 30.000 30.402 276.482 239.272
8.960 30.000 30.783 279.015 267.371
8.970 30.000 30.582 281.695 268.316
8.980 30.000 30.997 284.456 284.194
8.990 30.000 30.759 287.227 269.925
9.000 30.000 30.883 290.002 284.946
9.010 30.000 31.366 292.888 292.521
9.020 30.000 30.906 295.856 300.984
9.030 30.000 31.482 298.820 291.891
9.040 30.000 30.920 301.673 278.705
9.050 30.000 31.295 304.746 335.797
9.060 30.000 31.026 308.098 334.419
9.070 30.000 30.727 311.677 381.655
9.080 5.000 30.880 315.546 392.093
9.090 5.000 30.443 319.545 407.795
9.100 5.000 29.245 324.213 525.740
9.110 5.000 27.438 330.007 633.027
9.120 5.000 27.469 335.132 392.066
9.130 5.000 24.104 337.601 101.713
9.140 5.000 24.694 338.674 112.898
9.150 5.000 25.469 339.719 95.942
9.160 5.000 24.461 340.823 125.052
9.170 5.000 23.817 342.221 154.550
9.180 5.000 23.802 342.740 -50.847
9.190 5.000 23.225 342.440 -9.084
9.200 5.000 22.766 343.215 164.120
9.210 5.000 22.960 343.889 -29.469
9.220 5.000 22.372 344.137 79.229
9.230 5.000 21.800 345.214 136.154
9.240 5.000 21.966 345.541 -70.743
9.250 5.000 21.572 345.773 117.121
9.260 5.000 21.319 346.710 70.213
9.270 5.000 21.078 346.646 -82.931
9.280 5.000 20.298 346.741 101.840
9.290 5.000 20.671 346.848 -80.497
9.300 5.000 19.960 346.759 62.815
9.310 5.000 19.694 347.472 79.704
9.320 5.000 19.768 347.563 -61.429
9.330 5.000 19.090 347.643 77.418
9.340 5.000 19.165 347.605 -85.183
9.350 5.000 18.758 347.209 6.006
9.360 5.000 18.469 347.304 12.980
9.370 5.000 18.366 346.724 -128.920
9.380 5.000 17.747 346.201 24.255
9.390 5.000 18.023 345.696 -125.159
9.400 5.000 17.194 345.193 24.619
9.410 5.000 17.366 345.212 -20.914
9.420 5.000 17.027 344.933 -34.929
9.430 5.000 16.694 344.750 -1.649
9.440 5.000 16.543 344.004 -147.434
9.450 5.000 16.038 343.339 14.316
9.460 5.000 16.161 342.674 -147.143
9.470 5.000 15.677 341.819 -24.075
9.480 5.000 15.571 340.940 -151.641
9.490 5.000 15.264 339.781 -80.174
9.500 5.000 14.925 339.074 -61.166
9.510 5.000 15.004 338.350 -83.584
9.520 5.000 14.233 337.744 -37.766
9.530 5.000 14.623 336.694 -172.042
9.540 5.000 14.001 335.637 -39.534
9.550 5.000 14.150 334.439 -200.009
9.560 5.000 13.566 333.078 -72.136
9.570 5.000 13.556 332.060 -131.457
9.580 5.000 13.265 330.904 -99.883
9.590 5.000 12.890 329.856 -109.609
9.600 5.000 13.027 328.818 -98.078
9.610 5.000 12.434 327.783 -108.773
9.620 5.000 12.838 326.502 -147.590
9.630 5.000 12.011 325.286 -95.621
9.640 5.000 12.321 324.131 -135.271
9.650 5.000 11.543 322.918 -107.359
9.660 5.000 11.927 321.264 -223.583
9.670 5.000 11.350 319.619 -105.407
9.680 5.000 11.403 318.274 -163.527
9.690 5.000 11.058 316.866 -118.003
9.700 5.000 10.888 315.409 -173.427
9.710 5.000 10.815 313.899 -128.636
9.720 5.000 10.505 312.247 -201.713
9.730 5.000 10.434 310.483 -151.064
9.740 5.000 10.039 308.702 -205.111
9.750 5.000 10.191 306.857 -164.047
9.760 5.000 9.728 304.928 -221.675
9.770 5.000 9.922 302.860 -191.952
9.780 5.000 9.297 300.695 -240.987
9.790 5.000 9.632 298.344 -229.337
9.800 5.000 8.952 296.084 -222.672
9.810 5.000 9.421 293.744 -245.316
9.820 5.000 8.496 291.403 -222.870
9.830 5.000 9.008 289.104 -236.926
9.840 5.000 8.292 286.856 -212.621
9.850 5.000 8.690 284.509 -256.744
9.860 5.000 7.934 282.197 -205.849
9.870 5.000 8.371 279.811 -271.164
9.880 5.000 7.689 277.346 -221.992
9.890 5.000 8.032 274.451 -356.996
9.900 5.000 7.444 271.523 -228.590
9.910 5.000 7.702 268.561 -363.848
9.920 5.000 7.238 265.553 -237.650
9.930 5.000 7.384 262.748 -323.333
9.940 5.000 6.943 259.883 -249.743
9.950 5.000 7.079 256.793 -368.106
9.960 5.000 6.756 253.679 -254.851
9.970 5.000 6.766 250.752 -330.552
9.980 5.000 6.548 247.749 -269.859
9.990 5.000 6.400 244.782 -323.688
10.000 5.000 6.319 241.835 -265.832
10.010 5.000 6.124 238.766 -347.821
10.020 5.000 6.114 235.709 -263.660
10.030 5.000 5.849 232.689 -340.420
10.040 5.000 5.941 229.591 -278.815
10.050 5.000 5.642 226.429 -353.690
10.060 5.000 5.615 223.162 -299.813
10.070 5.000 5.399 219.709 -390.818
10.080 5.000 5.453 216.178 -315.521
10.090 5.000 5.126 212.616 -396.898
10.100 5.000 5.251 209.054 -315.123
10.110 5.000 4.857 205.502 -395.600
10.120 5.000 5.106 201.932 -318.345
10.130 5.000 4.606 198.349 -398.285
10.140 5.000 4.888 194.763 -318.902
10.150 5.000 4.434 191.062 -421.384
10.160 5.000 4.612 187.337 -323.274
10.170 5.000 4.387 183.644 -415.675
10.180 5.000 4.453 180.062 -300.701
10.190 5.000 4.365 176.334 -444.954
10.200 5.000 4.262 172.665 -288.648
10.210 5.000 4.524 169.025 -439.417
10.220 5.000 3.708 165.151 -335.552
10.230 5.000 4.744 161.697 -355.226
10.240 5.000 3.286 157.541 -476.052
10.250 5.000 4.699 153.726 -286.773
10.260 5.000 3.314 149.732 -512.019
10.270 5.000 4.411 146.262 -181.985
10.280 5.000 3.991 143.122 -446.020
10.290 5.000 3.697 139.893 -199.848
10.300 5.000 4.920 137.410 -296.771
10.310 5.000 2.648 133.080 -568.894
10.320 5.000 5.050 130.169 -13.636
10.330 5.000 3.721 128.034 -413.207
10.340 5.000 4.481 126.136 33.486
10.350 5.000 4.614 124.858 -289.115
10.360 5.000 3.575 122.993 -83.915
10.370 5.000 5.558 122.008 -112.814
10.380 5.000 3.209 119.901 -308.906
10.390 5.000 5.673 118.395 7.693
10.400 5.000 3.892 116.886 -309.332
10.410 5.000 5.566 115.698 71.677
10.420 5.000 4.214 114.878 -235.813
10.430 5.000 5.527 114.017 63.756
10.440 5.000 4.754 113.639 -139.393
10.450 5.000 5.192 112.983 8.295
10.460 5.000 5.125 112.624 -80.122
10.470 5.000 5.324 112.110 -22.639
10.480 5.000 5.257 111.669 -65.677
10.490 5.000 5.313 111.025 -63.179
10.500 5.000 5.394 110.299 -81.890
10.510 5.000 5.465 109.345 -108.991
10.520 5.000 5.431 108.218 -116.383
10.530 5.000 5.528 107.040 -119.226
10.540 5.000 5.559 105.906 -107.508
10.550 5.000 5.578 104.914 -91.053
10.560 5.000 5.478 103.906 -110.402
10.570 5.000 5.658 102.834 -104.047
10.580 5.000 5.502 101.547 -153.356
10.590 5.000 5.511 100.103 -135.364
10.600 5.000 5.417 98.580 -169.223
10.610 5.000 5.402 96.865 -173.965
10.620 5.000 5.336 94.965 -206.008
10.630 5.000 5.265 92.732 -240.539
10.640 5.000 5.287 90.391 -227.725
10.650 5.000 5.258 87.913 -267.691
10.660 5.000 5.082 85.320 -251.004
10.670 5.000 4.999 82.831 -246.817
10.680 5.000 5.023 80.217 -276.004
10.690 5.000 5.014 77.451 -277.197
10.700 5.000 4.908 74.753 -262.361
10.710 5.000 4.911 72.097 -268.666
10.720 5.000 4.781 69.330 -284.817
10.730 5.000 4.803 66.576 -266.193
10.740 5.000 4.727 63.962 -256.658
10.750 5.000 4.698 61.544 -226.808
10.760 5.000 4.726 59.233 -235.490
10.770 5.000 4.702 56.934 -224.096
10.780 5.000 4.778 54.668 -229.317
10.790 5.000 4.618 52.513 -201.731
10.800 5.000 4.708 50.557 -189.402
10.810 5.000 4.880 48.700 -182.024
10.820 5.000 4.715 46.957 -166.580
10.830 5.000 4.741 45.329 -158.953
10.840 5.000 4.802 43.745 -157.870
10.850 5.000 4.891 42.236 -143.866
10.860 5.000 4.792 40.792 -144.891
10.870 5.000 4.882 39.402 -133.280
10.880 5.000 5.039 38.024 -142.369
10.890 5.000 4.861 36.559 -150.585
10.900 5.000 4.995 35.159 -129.320
10.910 5.000 5.062 33.849 -132.833
10.920 5.000 5.122 32.533 -130.135
10.930 5.000 5.051 31.264 -123.682
10.940 5.000 5.172 29.877 -153.942
10.950 5.000 5.136 28.331 -155.131
10.960 5.000 5.143 26.836 -143.863
10.970 5.000 5.188 25.379 -147.507
10.980 5.000 5.148 23.916 -145.046
10.990 5.000 5.159 22.400 -158.188
11.000 5.000 5.270 20.807 -160.556
11.010 5.000 5.166 19.227 -155.283
11.020 5.000 5.258 17.684 -153.539
11.030 5.000 5.153 15.976 -187.943
11.040 5.000 5.203 14.108 -185.432
11.050 5.000 5.116 12.146 -207.171
11.060 5.000 5.115 10.092 -203.573
11.070 5.000 5.153 8.018 -211.132
11.080 5.000 4.921 5.875 -217.596
11.090 7.500 5.055 3.753 -206.875
11.100 10.000 5.105 1.946 -154.465
11.110 12.500 6.100 0.657 -103.354
11.120 15.000 6.068 0.325 36.892
11.130 17.500 6.899 1.268 151.803
11.140 20.000 7.864 3.356 265.623
11.150 22.500 8.710 6.553 373.856
11.160 25.000 10.683 10.652 445.862
11.170 27.500 10.285 15.454 514.553
11.180 30.000 10.576 21.054 605.440
11.190 30.000 10.700 26.937 571.344
11.200 30.000 11.706 32.686 578.359
11.210 30.000 11.605 38.206 525.834
11.220 30.000 12.223 43.550 542.949
11.230 30.000 12.533 48.833 513.579
11.240 30.000 13.132 54.084 536.558
11.250 30.000 13.265 59.304 507.516
11.260 30.000 13.973 64.275 486.761
11.270 30.000 13.928 69.070 472.178
11.280 30.000 14.330 73.886 491.059
11.290 30.000 15.037 78.663 464.461
11.300 30.000 14.903 83.389 480.646
11.310 30.000 15.878 88.051 451.689
11.320 30.000 15.932 92.557 449.152
11.330 30.000 16.320 97.188 477.111
11.340 30.000 16.519 101.726 430.819
11.350 30.000 16.869 105.980 419.681
11.360 30.000 17.249 110.365 457.640
11.370 30.000 17.611 114.527 374.822
11.380 30.000 17.772 118.499 419.575
11.390 30.000 18.314 122.574 395.448
11.400 30.000 18.472 126.652 420.115
11.410 30.000 19.067 130.813 411.977
11.420 30.000 19.019 134.828 391.143
11.430 30.000 19.590 138.477 338.749
11.440 30.000 19.753 142.063 378.368
11.450 30.000 19.950 145.859 380.857
11.460 30.000 20.551 149.665 380.039
11.470 30.000 20.591 153.329 352.994
11.480 30.000 21.086 157.061 393.418
11.490 30.000 20.976 160.794 353.100
11.500 30.000 21.816 164.342 356.335
11.510 30.000 21.541 167.784 332.299
11.520 30.000 21.967 170.904 291.739
11.530 30.000 22.480 174.084 344.276
11.540 30.000 22.358 177.482 335.341
11.550 30.000 22.744 180.660 300.225
11.560 30.000 23.067 183.635 294.726
11.570 30.000 23.387 186.556 289.602
11.580 30.000 23.458 189.474 293.961
11.590 30.000 23.878 192.323 275.725
11.600 30.000 24.184 195.113 282.214
11.610 30.000 24.196 197.709 237.190
11.620 30.000 24.928 200.509 322.748
11.630 30.000 24.459 203.466 268.730
11.640 30.000 25.008 206.234 284.845
11.650 30.000 25.277 209.032 274.531
11.660 30.000 25.552 211.816 282.386
11.670 30.000 25.592 214.657 285.887
11.680 30.000 26.026 217.277 238.268
11.690 30.000 25.918 219.645 235.152
11.700 30.000 26.724 221.887 213.315
11.710 30.000 26.682 224.202 249.779
11.720 30.000 26.723 226.580 225.733
11.730 30.000 26.980 228.780 214.301
11.740 30.000 27.264 231.009 231.492
11.750 30.000 27.276 233.374 241.597
11.760 30.000 27.882 235.820 247.442
11.770 30.000 27.863 238.073 203.250
11.780 30.000 27.701 240.181 218.384
11.790 30.000 28.398 242.159 177.241
11.800 30.000 28.462 244.003 191.522
11.810 30.000 28.502 245.935 194.905
11.820 30.000 28.622 247.687 155.421
11.830 30.000 29.260 249.418 190.905
11.840 30.000 29.077 251.242 173.908
11.850 30.000 29.414 253.079 193.363
11.860 30.000 29.853 255.017 194.267
11.870 30.000 29.346 256.818 165.841
11.880 30.000 29.867 258.502 171.145
11.890 30.000 30.207 260.235 175.378
11.900 30.000 30.110 261.924 162.335
11.910 30.000 30.281 263.548 162.549
11.920 30.000 30.123 265.160 159.909
11.930 30.000 31.112 266.789 165.914
11.940 30.000 30.232 268.520 180.166
11.950 30.000 30.651 270.474 210.701
11.960 30.000 30.491 272.559 206.199
11.970 30.000 30.689 274.827 247.278
11.980 30.000 30.855 277.298 247.061
11.990 30.000 30.731 280.000 293.385
12.000 30.000 30.895 282.829 272.538
12.010 30.000 31.064 285.575 276.687
12.020 30.000 31.322 288.341 276.327
12.030 30.000 31.357 291.136 282.578
12.040 30.000 31.368 293.970 284.425
12.050 30.000 31.031 296.996 320.664
12.060 30.000 30.892 300.196 319.424
12.070 30.000 31.062 303.481 337.563
12.080 30.000 30.995 306.893 344.817
12.090 5.000 30.842 310.444 365.454
12.100 5.000 30.689 314.319 409.557
12.110 5.000 29.018 318.936 513.687
12.120 5.000 27.916 324.650 629.468
12.130 5.000 27.654 329.719 384.216
12.140 5.000 23.999 331.382 -51.587
12.150 5.000 24.708 330.984 -27.953
12.160 5.000 25.431 330.834 -2.089
12.170 5.000 24.890 331.426 120.550
12.180 5.000 23.889 333.007 195.632
12.190 5.000 23.736 334.305 64.003
12.200 5.000 23.527 335.008 76.419
12.210 5.000 22.987 336.178 157.743
12.220 5.000 22.937 336.716 -50.243
12.230 5.000 22.330 336.254 -42.171
12.240 5.000 22.047 336.601 111.530
12.250 5.000 21.928 336.868 -58.082
12.260 5.000 21.602 337.100 104.495
12.270 5.000 21.242 337.997 74.990
12.280 5.000 21.126 337.937 -86.938
12.290 5.000 20.447 338.111 121.716
12.300 5.000 20.711 338.479 -48.152
12.310 5.000 20.025 338.539 60.025
12.320 5.000 19.667 339.159 64.110
12.330 5.000 19.831 339.236 -48.704
12.340 5.000 19.216 339.409 83.209
12.350 5.000 19.291 339.639 -37.180
12.360 5.000 18.803 339.579 25.265
12.370 5.000 18.489 339.739 6.656
12.380 5.000 18.429 339.207 -113.013
12.390 5.000 17.795 338.806 32.765
12.400 5.000 17.879 338.356 -122.740
12.410 5.000 17.204 337.905 32.590
12.420 5.000 17.321 338.068 -0.149
12.430 5.000 17.029 337.905 -32.409
12.440 5.000 16.634 337.715 -5.462
12.450 5.000 16.738 337.056 -126.442
12.460 5.000 16.021 336.494 14.058
12.470 5.000 16.145 335.911 -130.569
12.480 5.000 15.667 335.159 -20.020
12.490 5.000 15.521 334.543 -103.040
12.500 5.000 15.406 333.764 -52.889
12.510 5.000 14.910 333.185 -62.866
12.520 5.000 14.952 332.445 -85.118
12.530 5.000 14.340 331.816 -40.687
12.540 5.000 14.662 330.726 -177.228
12.550 5.000 13.972 329.615 -44.973
12.560 5.000 14.170 328.448 -188.558
12.570 5.000 13.464 327.161 -68.728
12.580 5.000 13.591 326.178 -127.992
12.590 5.000 13.330 325.033 -100.961
12.600 5.000 12.924 324.010 -103.672
12.610 5.000 13.281 322.276 -243.173
12.620 5.000 12.474 320.519 -108.211
12.630 5.000 12.869 318.924 -210.885
12.640 5.000 11.962 317.353 -103.199
12.650 5.000 12.412 315.649 -237.523
12.660 5.000 11.652 313.918 -108.792
12.670 5.000 11.835 312.247 -225.425
12.680 5.000 11.457 310.477 -128.464
12.690 5.000 11.354 308.986 -169.710
12.700 5.000 11.230 307.572 -113.125
12.710 5.000 10.852 306.232 -154.916
12.720 5.000 10.940 304.721 -147.389
12.730 5.000 10.388 303.066 -183.597
12.740 5.000 10.803 301.201 -189.276
12.750 5.000 9.928 299.186 -213.787
12.760 5.000 10.313 297.229 -177.600
12.770 5.000 9.653 295.345 -199.220
12.780 5.000 10.056 293.345 -200.557
12.790 5.000 9.300 291.450 -178.747
12.800 5.000 9.643 289.553 -200.661
12.810 5.000 8.910 287.644 -180.976
12.820 5.000 9.406 285.577 -232.443
12.830 5.000 8.686 283.471 -188.767
12.840 5.000 9.025 281.225 -260.346
12.850 5.000 8.278 278.919 -201.076
12.860 5.000 8.668 276.534 -275.890
12.870 5.000 8.138 274.067 -217.410
12.880 5.000 8.174 271.604 -275.352
12.890 5.000 8.002 269.074 -230.632
12.900 5.000 7.782 266.410 -302.181
12.910 5.000 7.807 263.741 -231.472
12.920 5.000 7.438 261.183 -280.235
12.930 5.000 7.530 258.449 -266.414
12.940 5.000 7.078 255.680 -287.629
12.950 5.000 7.316 252.803 -287.716
12.960 5.000 6.699 249.902 -292.322
12.970 5.000 7.201 246.977 -292.726
12.980 5.000 6.398 244.059 -290.875
12.990 5.000 6.897 241.198 -281.300
13.000 5.000 6.056 238.258 -306.890
13.010 5.000 6.688 235.289 -286.966
13.020 5.000 5.806 232.150 -340.779
13.030 5.000 6.423 228.966 -296.049
13.040 5.000 5.547 225.702 -356.643
13.050 5.000 6.146 222.290 -325.819
13.060 5.000 5.308 218.871 -357.979
13.070 5.000 5.954 215.474 -321.448
13.080 5.000 5.072 212.058 -361.727
13.090 5.000 5.706 208.641 -321.726
13.100 5.000 4.883 205.056 -395.201
13.110 5.000 5.439 201.441 -327.872
13.120 5.000 4.681 197.780 -404.347
13.130 5.000 5.242 194.018 -347.937
13.140 5.000 4.453 190.261 -403.531
13.150 5.000 5.018 186.542 -340.339
13.160 5.000 4.218 182.821 -403.700
13.170 5.000 4.854 179.183 -324.113
13.180 5.000 4.160 175.437 -424.935
13.190 5.000 4.680 171.809 -300.659
13.200 5.000 4.094 168.068 -447.660
13.210 5.000 4.540 164.423 -281.224
13.220 5.000 4.129 160.718 -459.890
13.230 5.000 4.083 157.005 -282.681
13.240 5.000 4.518 153.401 -437.699
13.250 5.000 3.617 149.389 -365.241
13.260 5.000 4.768 145.803 -351.732
13.270 5.000 3.230 141.666 -475.835
13.280 5.000 4.722 138.242 -209.087
13.290 5.000 3.274 134.837 -471.887
13.300 5.000 4.466 131.780 -139.194
13.310 5.000 3.905 128.836 -449.918
13.320 5.000 3.551 125.718 -173.613
13.330 5.000 5.616 123.966 -176.900
13.340 5.000 2.646 120.737 -468.767
13.350 5.000 5.150 118.527 26.719
13.360 5.000 3.118 115.317 -668.392
13.370 5.000 5.334 112.336 71.916
13.380 5.000 3.755 110.569 -425.291
13.390 5.000 4.534 108.599 31.316
13.400 5.000 5.443 107.767 -197.866
13.410 5.000 3.857 106.352 -85.016
13.420 5.000 5.396 105.607 -64.132
13.430 5.000 4.631 104.692 -118.852
13.440 5.000 5.435 104.074 -4.685
13.450 5.000 4.430 103.430 -124.147
13.460 5.000 5.580 102.907 19.639
13.470 5.000 5.201 102.492 -102.612
13.480 5.000 5.317 101.837 -28.570
13.490 5.000 5.057 101.191 -100.560
13.500 5.000 5.429 100.377 -62.316
13.510 5.000 5.435 99.524 -108.275
13.520 5.000 5.344 98.332 -129.998
13.530 5.000 5.465 97.084 -119.601
13.540 5.000 5.540 95.872 -122.918
13.550 5.000 5.518 94.667 -117.930
13.560 5.000 5.617 93.516 -112.431
13.570 5.000 5.624 92.419 -107.001
13.580 5.000 5.564 91.339 -108.967
13.590 5.000 5.412 90.113 -136.211
13.600 5.000 5.497 88.660 -154.294
13.610 5.000 5.552 87.008 -176.197
13.620 5.000 5.303 85.117 -201.940
13.630 5.000 5.319 83.111 -199.275
13.640 5.000 5.354 81.003 -222.353
13.650 5.000 5.226 78.551 -268.076
13.660 5.000 5.123 75.845 -273.121
13.670 5.000 5.088 73.297 -236.477
13.680 5.000 4.989 70.822 -258.493
13.690 5.000 5.180 68.011 -303.707
13.700 5.000 4.850 65.329 -232.627
13.710 5.000 4.827 62.705 -292.342
13.720 5.000 5.061 59.906 -267.373
13.730 5.000 4.279 56.586 -396.562
13.740 5.000 5.487 53.814 -157.947
13.750 5.000 4.021 50.795 -445.834
13.760 5.000 5.026 48.113 -90.649
13.770 5.000 5.054 45.736 -384.733
13.780 5.000 4.253 43.195 -123.456
13.790 5.000 5.799 41.467 -222.110
13.800 5.000 3.203 37.975 -476.347
13.810 5.000 5.790 35.619 5.216
13.820 5.000 3.858 33.171 -494.832
13.830 5.000 5.188 30.817 24.003
13.840 5.000 4.875 29.106 -366.269
13.850 5.000 4.400 27.121 -30.668
13.860 5.000 5.631 26.029 -187.805
13.870 5.000 3.918 24.351 -147.661
13.880 5.000 6.069 23.078 -106.794
13.890 5.000 3.694 21.192 -270.568
13.900 5.000 6.072 19.476 -72.764
13.910 5.000 3.791 17.716 -279.107
13.920 5.000 6.107 15.918 -80.541
13.930 5.000 4.159 14.348 -233.457
13.940 5.000 5.757 12.638 -108.537
13.950 5.000 4.465 11.331 -152.830
13.960 5.000 5.626 9.854 -142.727
13.970 5.000 4.915 8.441 -139.745
13.980 5.000 5.223 6.931 -162.360
13.990 5.000 5.182 5.503 -123.132
14.000 5.000 5.158 3.964 -184.694
14.010 5.000 5.323 2.430 -122.071
14.020 5.000 4.892 0.887 -186.565
14.030 5.000 5.633 -0.655 -121.693
14.040 5.000 4.738 -2.214 -190.352
14.050 5.000 5.675 -3.929 -152.699
14.060 5.000 4.694 -5.694 -200.289
14.070 5.000 5.318 -7.687 -198.219
14.080 5.000 5.009 -9.462 -156.662
14.090 5.000 5.061 -11.586 -268.103
14.100 7.499 5.275 -13.637 -142.271
14.110 9.999 4.689 -15.921 -314.510
14.120 12.500 6.509 -17.319 34.905
14.130 14.999 5.721 -17.681 -107.402
14.140 17.499 7.220 -16.858 272.077
14.150 20.000 8.538 -14.331 233.073
14.160 22.499 8.115 -11.473 338.799
14.170 24.999 10.758 -6.746 606.648
14.180 27.499 10.606 -1.186 505.251
14.190 29.999 10.759 4.509 633.772
14.200 30.000 10.737 10.397 543.587
14.210 30.000 11.381 16.008 579.061
14.220 30.000 11.876 21.654 550.034
14.230 30.000 12.281 27.130 545.311
14.240 30.000 12.547 32.603 548.727
14.250 30.000 12.911 37.858 502.422
14.260 30.000 13.390 43.051 536.293
14.270 30.000 13.655 48.346 522.750
14.280 30.000 14.047 53.490 506.107
14.290 30.000 14.159 58.489 493.829
14.300 30.000 14.836 63.473 502.936
14.310 30.000 15.281 68.240 450.400
14.320 30.000 15.606 72.710 443.564
14.330 30.000 16.157 77.266 467.622
14.340 30.000 16.095 81.791 437.506
14.350 30.000 16.424 86.116 427.613
14.360 30.000 17.420 90.515 451.823
14.370 30.000 17.128 95.070 459.469
14.380 30.000 17.359 99.541 434.799
14.390 30.000 18.144 103.868 430.517
14.400 30.000 17.875 107.835 362.944
14.410 30.000 18.776 111.761 422.286
14.420 30.000 19.059 115.729 371.253
14.430 30.000 18.993 119.393 361.592
14.440 30.000 19.444 123.273 414.292
14.450 30.000 19.859 127.231 377.401
14.460 30.000 20.047 131.007 377.707
14.470 30.000 20.416 134.636 348.137
14.480 30.000 20.683 138.282 381.109
14.490 30.000 20.874 141.986 359.613
14.500 30.000 21.285 145.801 403.620
14.510 30.000 21.546 149.549 345.819
14.520 30.000 21.568 152.979 340.304
14.530 30.000 22.515 156.427 349.009
14.540 30.000 22.028 159.829 331.685
14.550 30.000 22.546 163.274 356.960
14.560 30.000 22.938 166.634 315.067
14.570 30.000 22.732 169.741 306.635
14.580 30.000 23.542 172.983 341.623
14.590 30.000 23.459 176.155 292.767
14.600 30.000 24.135 179.130 302.254
14.610 30.000 23.901 182.129 297.659
14.620 30.000 24.516 185.215 319.614
14.630 30.000 24.493 188.299 297.219
14.640 30.000 24.578 190.956 234.147
14.650 30.000 25.214 193.499 274.353
14.660 30.000 25.498 196.152 256.298
14.670 30.000 25.648 198.829 279.039
14.680 30.000 25.609 201.539 263.077
14.690 30.000 25.846 204.260 281.071
14.700 30.000 26.278 207.200 306.652
14.710 30.000 25.980 210.007 254.842
14.720 30.000 26.913 212.586 261.071
14.730 30.000 26.794 215.132 248.206
14.740 30.000 26.991 217.606 246.595
14.750 30.000 27.084 219.951 222.167
14.760 30.000 27.582 222.321 252.043
14.770 30.000 27.511 224.835 250.684
14.780 30.000 28.051 227.186 219.640
14.790 30.000 27.804 229.432 229.279
14.800 30.000 28.267 231.489 182.298
14.810 30.000 28.427 233.378 195.475
14.820 30.000 28.519 235.320 193.054
14.830 30.000 28.766 237.336 210.172
14.840 30.000 28.981 239.331 188.659
14.850 30.000 29.036 241.286 202.358
14.860 30.000 29.439 243.303 201.103
14.870 30.000 29.432 245.081 154.579
14.880 30.000 29.578 246.851 199.304
14.890 30.000 29.929 248.765 183.582
14.900 30.000 29.915 250.544 172.204
14.910 30.000 30.341 252.509 220.506
14.920 30.000 30.183 254.526 183.145
14.930 30.000 30.486 256.315 174.693
14.940 30.000 30.560 258.109 184.075
14.950 30.000 30.320 259.860 166.117
14.960 30.000 30.683 261.658 193.477
14.970 30.000 30.555 263.639 202.882
14.980 30.000 30.564 265.925 254.205
14.990 30.000 31.028 268.554 271.689
15.000 30.000 30.763 271.189 255.235
15.010 30.000 30.819 273.863 279.679
15.020 30.000 30.803 276.653 278.222
15.030 30.000 31.223 279.678 326.724
15.040 30.000 31.240 282.829 303.581
15.050 30.000 31.430 285.870 304.695
15.060 30.000 30.967 288.745 270.241
15.070 30.000 31.432 291.675 315.630
15.080 30.000 30.747 295.042 357.878
15.090 30.000 30.935 298.703 374.421
15.100 5.000 30.917 302.552 395.253
15.110 5.000 30.700 306.569 408.268
15.120 5.000 28.798 311.247 526.959
15.130 5.000 27.544 317.187 661.334
15.140 5.000 27.483 322.702 441.750
15.150 5.000 23.974 325.591 135.999
15.160 5.000 23.883 326.830 111.659
15.170 5.000 25.061 327.982 118.815
15.180 5.000 24.550 329.566 198.105
15.190 5.000 23.801 331.741 236.928
15.200 5.000 23.609 333.503 115.539
15.210 5.000 22.724 334.124 8.588
15.220 5.000 22.771 335.123 191.285
15.230 5.000 22.677 336.396 63.302
15.240 5.000 22.000 337.280 113.507
15.250 5.000 21.383 338.498 129.838
15.260 5.000 21.284 338.875 -54.342
15.270 5.000 20.923 339.141 107.606
15.280 5.000 20.802 340.167 97.494
15.290 5.000 20.684 340.327 -65.437
15.300 5.000 19.907 340.580 116.041
15.310 5.000 19.944 340.917 -48.686
15.320 5.000 20.064 341.011 67.572
15.330 5.000 19.699 341.774 85.028
15.340 5.000 19.450 342.190 -1.851
15.350 5.000 19.045 342.658 95.389
15.360 5.000 19.011 342.740 -78.877
15.370 5.000 18.552 342.547 40.135
15.380 5.000 18.274 342.874 25.329
15.390 5.000 18.162 342.892 -21.776
15.400 5.000 17.648 342.963 36.038
15.410 5.000 17.867 342.555 -117.628
15.420 5.000 17.101 342.084 23.268
15.430 5.000 17.047 341.658 -108.328
15.440 5.000 16.885 340.948 -33.789
15.450 5.000 16.461 340.664 -22.964
15.460 5.000 16.623 339.799 -149.956
15.470 5.000 15.716 338.975 -14.919
15.480 5.000 16.193 338.060 -168.109
15.490 5.000 15.216 337.205 -2.689
15.500 5.000 15.640 336.548 -128.815
15.510 5.000 14.958 335.785 -23.809
15.520 5.000 14.908 335.237 -85.785
15.530 5.000 14.750 334.375 -86.563
15.540 5.000 14.260 333.615 -65.573
15.550 5.000 14.452 332.762 -104.914
15.560 5.000 13.820 332.099 -27.777
15.570 5.000 14.085 331.491 -93.755
15.580 5.000 13.366 330.770 -50.400
15.590 5.000 13.561 329.331 -237.396
15.600 5.000 13.114 327.752 -78.483
15.610 5.000 13.039 326.361 -199.628
15.620 5.000 12.743 324.692 -134.317
15.630 5.000 12.505 323.392 -125.692
15.640 5.000 12.547 322.017 -149.269
15.650 5.000 11.966 320.823 -89.410
15.660 5.000 12.228 319.650 -145.274
15.670 5.000 11.423 318.422 -100.416
15.680 5.000 11.844 316.853 -213.244
15.690 5.000 11.129 315.225 -112.379
15.700 5.000 11.374 313.359 -260.946
15.710 5.000 10.783 311.458 -119.185
15.720 5.000 10.928 309.844 -203.698
15.730 5.000 10.479 308.232 -118.660
15.740 5.000 10.480 306.580 -211.629
15.750 5.000 10.243 304.771 -150.220
15.760 5.000 10.035 303.033 -197.489
15.770 5.000 10.072 301.300 -149.102
15.780 5.000 9.621 299.298 -251.085
15.790 5.000 9.746 297.206 -167.399
15.800 5.000 9.322 295.237 -226.503
15.810 5.000 9.382 293.115 -197.767
15.820 5.000 8.844 291.043 -216.667
15.830 5.000 9.190 288.880 -215.678
15.840 5.000 8.525 286.706 -219.529
15.850 5.000 8.887 284.518 -217.990
15.860 5.000 8.098 282.297 -226.218
15.870 5.000 8.597 280.060 -221.145
15.880 5.000 7.812 277.799 -231.109
15.890 5.000 8.330 275.419 -244.931
15.900 5.000 7.440 272.999 -238.959
15.910 5.000 8.080 270.550 -250.906
15.920 5.000 7.230 268.112 -236.617
15.930 5.000 7.752 265.673 -251.235
15.940 5.000 6.943 263.252 -232.897
15.950 5.000 7.488 260.652 -287.255
15.960 5.000 6.681 258.012 -240.791
15.970 5.000 7.150 255.272 -307.113
15.980 5.000 6.546 252.468 -253.521
15.990 5.000 6.786 249.335 -373.261
16.000 5.000 6.306 246.174 -259.058
16.010 5.000 6.602 243.164 -342.924
16.020 5.000 6.007 240.116 -266.705
16.030 5.000 6.324 236.758 -404.737
16.040 5.000 5.802 233.348 -277.401
16.050 5.000 6.039 229.866 -418.838
16.060 5.000 5.527 226.387 -276.995
16.070 5.000 5.791 223.222 -355.853
16.080 5.000 5.417 220.024 -283.978
16.090 5.000 5.592 216.828 -355.295
16.100 5.000 5.147 213.557 -298.844
16.110 5.000 5.318 210.094 -393.772
16.120 5.000 4.937 206.589 -307.212
16.130 5.000 5.058 203.049 -400.895
16.140 5.000 4.727 199.490 -310.869
16.150 5.000 4.946 195.870 -412.926
16.160 5.000 4.536 192.119 -337.165
16.170 5.000 4.629 188.474 -392.188
16.180 5.000 4.436 184.825 -337.496
16.190 5.000 4.345 181.053 -417.021
16.200 5.000 4.428 177.445 -304.478
16.210 5.000 4.292 173.888 -406.918
16.220 5.000 4.148 170.459 -279.024
16.230 5.000 4.579 166.868 -438.938
16.240 5.000 3.645 162.881 -358.705
16.250 5.000 4.665 159.291 -359.295
16.260 5.000 3.294 155.245 -449.984
16.270 5.000 4.731 151.643 -270.255
16.280 5.000 3.313 147.768 -504.798
16.290 5.000 4.435 144.393 -170.261
16.300 5.000 3.821 141.387 -430.841
16.310 5.000 3.729 138.358 -175.055
16.320 5.000 4.903 136.203 -255.872
16.330 5.000 2.868 132.679 -448.879
16.340 5.000 5.242 130.452 3.362
16.350 5.000 3.233 127.894 -515.077
16.360 5.000 4.889 125.603 57.045
16.370 5.000 3.922 123.947 -388.251
16.380 5.000 4.278 122.037 6.094
16.390 5.000 5.035 120.974 -218.528
16.400 5.000 3.801 119.456 -85.160
16.410 5.000 5.461 118.756 -54.727
16.420 5.000 4.293 117.943 -107.889
16.430 5.000 5.396 117.425 4.240
16.440 5.000 4.486 116.910 -107.302
16.450 5.000 5.496 116.535 32.436
16.460 5.000 4.806 116.225 -94.525
16.470 5.000 5.312 115.841 17.842
16.480 5.000 4.984 115.501 -85.986
16.490 5.000 5.321 115.010 -12.240
16.500 5.000 5.193 114.627 -64.407
16.510 5.000 5.531 114.087 -43.411
16.520 5.000 5.431 113.324 -109.327
16.530 5.000 5.372 112.280 -99.296
16.540 5.000 5.520 111.285 -99.827
16.550 5.000 5.590 110.231 -110.974
16.560 5.000 5.593 109.125 -110.155
16.570 5.000 5.600 108.082 -98.477
16.580 5.000 5.522 107.056 -106.812
16.590 5.000 5.554 105.989 -106.568
16.600 5.000 5.424 104.826 -125.952
16.610 5.000 5.522 103.517 -135.978
16.620 5.000 5.361 102.053 -156.850
16.630 5.000 5.393 100.430 -167.766
16.640 5.000 5.372 98.566 -204.925
16.650 5.000 5.341 96.296 -249.096
16.660 5.000 5.134 93.915 -227.124
16.670 5.000 5.085 91.550 -245.848
16.680 5.000 5.341 88.743 -315.374
16.690 5.000 4.947 85.987 -236.086
16.700 5.000 4.907 83.395 -282.270
16.710 5.000 5.318 80.751 -246.556
16.720 5.000 4.190 77.471 -409.486
16.730 5.000 5.570 74.696 -145.545
16.740 5.000 4.045 71.629 -467.768
16.750 5.000 5.171 68.769 -104.309
16.760 5.000 5.037 66.340 -381.499
16.770 5.000 4.129 63.655 -155.237
16.780 5.000 5.949 61.811 -213.747
16.790 5.000 3.303 58.132 -521.737
16.800 5.000 5.466 55.356 -33.772
16.810 5.000 3.962 52.853 -466.812
16.820 5.000 5.219 50.627 21.635
16.830 5.000 5.083 48.990 -348.912
16.840 5.000 4.025 46.868 -75.581
16.850 5.000 6.012 45.765 -145.103
16.860 5.000 3.424 43.465 -314.849
16.870 5.000 5.897 41.737 -30.787
16.880 5.000 3.682 39.514 -413.793
16.890 5.000 6.052 37.390 -11.051
16.900 5.000 3.627 35.372 -392.453
16.910 5.000 6.081 33.260 -30.030
16.920 5.000 3.811 31.517 -318.481
16.930 5.000 6.121 29.719 -41.232
16.940 5.000 3.903 27.969 -308.830
16.950 5.000 6.136 26.184 -48.134
16.960 5.000 3.986 24.549 -278.840
16.970 5.000 6.075 22.893 -52.424
16.980 5.000 4.383 21.312 -263.799
16.990 5.000 5.953 19.687 -61.068
17.000 5.000 4.570 18.362 -203.922
17.010 5.000 5.623 16.892 -90.098
17.020 5.000 5.025 15.615 -165.290
17.030 5.000 5.295 14.151 -127.491
17.040 5.000 5.285 12.780 -146.709
17.050 5.000 5.146 11.337 -141.930
17.060 5.000 5.332 9.860 -153.479
17.070 5.000 5.192 8.288 -160.911
17.080 5.000 5.239 6.642 -168.401
17.090 5.000 5.090 4.816 -196.600
17.100 5.000 5.177 2.815 -203.707
17.110 7.501 4.928 0.777 -203.855
17.120 10.000 5.249 -1.022 -156.006
17.130 12.500 6.220 -2.252 -89.979
17.140 15.000 6.123 -2.481 44.241
17.150 17.500 7.045 -1.478 156.315
17.160 20.000 8.003 0.714 282.130
17.170 22.501 8.667 3.603 295.355
17.180 25.000 9.085 7.275 439.094
17.190 27.500 10.562 11.897 485.541
17.200 30.000 10.421 17.069 548.996
17.210 30.000 11.188 22.475 532.187
17.220 30.000 11.494 27.884 549.613
17.230 30.000 11.612 33.275 528.597
17.240 30.000 12.149 38.552 526.856
17.250 30.000 12.775 43.700 502.630
17.260 30.000 13.135 48.814 519.865
17.270 30.000 13.151 54.128 543.324
17.280 30.000 13.707 59.211 473.292
17.290 30.000 13.685 64.003 484.781
17.300 30.000 14.677 68.939 502.621
17.310 30.000 14.740 73.909 491.558
17.320 30.000 15.392 78.855 497.229
17.330 30.000 15.507 83.790 490.197
17.340 30.000 15.840 88.504 452.566
17.350 30.000 16.309 93.241 494.672
17.360 30.000 16.389 97.885 434.237
17.370 30.000 17.024 102.465 481.850
17.380 30.000 16.886 107.098 444.745
17.390 30.000 17.630 111.621 459.884
17.400 30.000 17.926 115.949 405.646
17.410 30.000 18.265 120.178 439.879
17.420 30.000 18.368 124.339 392.696
17.430 30.000 18.860 128.431 425.550
17.440 30.000 18.818 132.565 401.397
17.450 30.000 19.808 136.487 383.061
17.460 30.000 19.568 140.130 345.473
17.470 30.000 19.923 143.815 391.102
17.480 30.000 20.218 147.784 403.084
17.490 30.000 20.556 151.595 359.191
17.500 30.000 20.915 155.172 356.219
17.510 30.000 21.088 158.856 380.577
17.520 30.000 21.551 162.496 347.399
17.530 30.000 21.876 165.910 335.418
17.540 30.000 21.784 169.092 301.019
17.550 30.000 22.338 172.165 313.606
17.560 30.000 22.394 175.335 320.287
17.570 30.000 22.800 178.458 304.502
17.580 30.000 23.363 181.569 317.620
17.590 30.000 23.126 184.613 291.214
17.600 30.000 23.843 187.747 335.482
17.610 30.000 23.666 190.788 272.725
17.620 30.000 24.252 193.662 302.053
17.630 30.000 23.914 196.685 302.565
17.640 30.000 24.601 199.639 288.304
17.650 30.000 24.778 202.529 289.721
17.660 30.000 24.971 205.362 276.894
17.670 30.000 25.499 207.923 235.280
17.680 30.000 25.460 210.306 241.369
17.690 30.000 25.675 212.806 258.586
17.700 30.000 26.110 215.406 261.530
17.710 30.000 25.833 217.928 242.861
17.720 30.000 26.402 220.422 255.674
17.730 30.000 26.666 222.828 225.502
17.740 30.000 26.592 225.199 248.815
17.750 30.000 27.107 227.631 237.621
17.760 30.000 27.132 229.950 226.217
17.770 30.000 27.445 232.219 227.547
17.780 30.000 27.228 234.590 246.629
17.790 30.000 28.060 237.045 244.364
17.800 30.000 27.835 239.281 202.861
17.810 30.000 27.996 241.363 213.427
17.820 30.000 28.460 243.483 210.528
17.830 30.000 28.510 245.722 237.520
17.840 30.000 28.844 248.027 223.466
17.850 30.000 28.771 250.150 201.239
17.860 30.000 29.266 252.121 192.887
17.870 30.000 29.179 254.039 190.651
17.880 30.000 29.673 255.976 196.914
17.890 30.000 29.533 257.857 179.116
17.900 30.000 29.779 259.638 177.123
17.910 30.000 29.832 261.349 165.212
17.920 30.000 30.410 263.187 202.279
17.930 30.000 30.292 264.943 148.833
17.940 30.000 30.060 266.475 157.725
17.950 30.000 30.818 268.088 164.781
17.960 30.000 30.388 269.820 181.607
17.970 30.000 30.279 271.765 207.434
17.980 30.000 30.986 273.799 199.342
17.990 30.000 30.214 275.919 224.839
18.000 30.000 31.007 278.321 255.411
18.010 30.000 30.723 280.842 248.823
18.020 30.000 30.864 283.480 278.833
18.030 30.000 31.064 286.233 271.737
18.040 30.000 31.530 288.989 279.377
18.050 30.000 31.264 291.690 260.582
18.060 30.000 31.235 294.416 284.898
18.070 30.000 31.493 297.405 312.864
18.080 30.000 30.911 300.566 319.237
18.090 30.000 30.976 303.972 362.179
18.100 30.000 30.687 307.692 381.764
18.110 5.000 31.036 311.493 378.550
18.120 5.000 30.526 315.275 377.790
18.130 5.000 28.996 319.696 506.472
18.140 5.000 28.039 325.519 657.669
18.150 5.000 27.676 331.191 477.083
18.160 5.000 24.686 334.294 143.693
18.170 5.000 24.442 335.404 78.243
18.180 5.000 25.390 336.580 156.867
18.190 5.000 24.677 338.437 214.522
18.200 5.000 24.275 340.268 151.836
18.210 5.000 23.669 340.906 -24.255
18.220 5.000 23.422 341.555 153.979
18.230 5.000 23.016 342.982 131.369
18.240 5.000 22.915 343.342 -59.361
18.250 5.000 22.363 343.672 125.441
18.260 5.000 22.142 344.205 -18.935
18.270 5.000 21.915 343.779 -66.271
18.280 5.000 21.439 344.025 115.442
18.290 5.000 21.483 344.375 -45.415
18.300 5.000 21.005 344.555 81.528
18.310 5.000 20.722 345.386 84.628
18.320 5.000 20.431 345.447 -72.414
18.330 5.000 19.966 345.618 106.574
18.340 5.000 20.047 346.413 52.500
18.350 5.000 19.540 346.908 46.511
18.360 5.000 19.136 347.449 61.677
18.370 5.000 19.236 347.447 -62.139
18.380 5.000 18.639 347.487 70.097
18.390 5.000 18.612 347.766 -14.304
18.400 5.000 18.252 347.794 20.006
18.410 5.000 17.966 348.055 32.055
18.420 5.000 17.992 347.655 -111.909
18.430 5.000 17.270 347.283 37.381
18.440 5.000 17.477 346.773 -139.317
18.450 5.000 16.769 346.086 1.827
18.460 5.000 16.899 345.827 -53.531
18.470 5.000 16.581 345.413 -29.182
18.480 5.000 16.123 345.288 4.164
18.490 5.000 16.115 344.964 -69.112
18.500 5.000 15.575 344.629 2.093
18.510 5.000 15.698 344.170 -93.778
18.520 5.000 15.148 343.495 -41.186
18.530 5.000 15.111 342.936 -70.613
18.540 5.000 14.823 342.208 -74.966
18.550 5.000 14.443 341.614 -44.008
18.560 5.000 14.677 340.968 -85.149
18.570 5.000 13.999 340.375 -33.453
18.580 5.000 14.241 339.734 -94.780
18.590 5.000 13.695 338.974 -57.111
18.600 5.000 13.606 338.011 -135.584
18.610 5.000 13.281 336.963 -74.029
18.620 5.000 13.062 336.060 -106.493
18.630 5.000 13.024 335.069 -91.681
18.640 5.000 12.488 334.005 -121.094
18.650 5.000 12.862 332.700 -140.013
18.660 5.000 12.107 331.373 -125.151
18.670 5.000 12.406 330.075 -134.621
18.680 5.000 11.519 328.803 -119.828
18.690 5.000 12.041 327.464 -147.906
18.700 5.000 11.254 326.176 -109.832
18.710 5.000 11.666 324.605 -204.266
18.720 5.000 10.877 322.993 -118.020
18.730 5.000 11.218 321.433 -194.103
18.740 5.000 10.584 319.848 -122.900
18.750 5.000 10.779 318.200 -206.804
18.760 5.000 10.292 316.505 -132.167
18.770 5.000 10.375 314.829 -202.977
18.780 5.000 10.145 312.985 -165.842
18.790 5.000 9.901 311.136 -204.037
18.800 5.000 9.801 309.164 -190.371
18.810 5.000 9.300 307.153 -211.594
18.820 5.000 9.576 305.007 -217.735
18.830 5.000 9.007 302.941 -195.511
18.840 5.000 9.331 300.838 -225.129
18.850 5.000 8.628 298.745 -193.303
18.860 5.000 9.076 296.472 -261.374
18.870 5.000 8.337 294.170 -199.054
18.880 5.000 8.710 291.425 -349.958
18.890 5.000 8.071 288.594 -216.332
18.900 5.000 8.398 285.802 -341.914
18.910 5.000 7.741 282.986 -221.397
18.920 5.000 8.031 280.040 -367.767
18.930 5.000 7.495 277.123 -215.612
18.940 5.000 7.801 274.222 -364.660
18.950 5.000 7.209 271.221 -235.448
18.960 5.000 7.560 268.220 -364.763
18.970 5.000 6.930 265.153 -248.558
18.980 5.000 7.174 261.926 -397.090
18.990 5.000 6.716 258.693 -249.429
19.000 5.000 6.902 255.791 -331.057
19.010 5.000 6.422 252.864 -254.277
19.020 5.000 6.724 249.606 -397.312
19.030 5.000 6.160 246.278 -268.311
19.040 5.000 6.414 242.854 -416.547
19.050 5.000 5.917 239.343 -285.679
19.060 5.000 6.175 236.148 -353.107
19.070 5.000 5.700 232.941 -288.478
19.080 5.000 5.857 229.722 -355.332
19.090 5.000 5.560 226.487 -291.589
19.100 5.000 5.531 223.150 -375.801
19.110 5.000 5.396 219.751 -304.097
19.120 5.000 5.266 215.908 -464.542
19.130 5.000 5.155 212.017 -313.508
19.140 5.000 5.117 208.183 -453.163
19.150 5.000 4.905 204.311 -321.182
19.160 5.000 4.869 200.369 -467.487
19.170 5.000 4.662 196.464 -313.557
19.180 5.000 4.768 192.768 -425.631
19.190 5.000 4.391 189.044 -318.980
19.200 5.000 4.683 185.412 -407.747
19.210 5.000 4.168 181.774 -319.392
19.220 5.000 4.678 178.210 -393.851
19.230 5.000 3.965 174.621 -323.809
19.240 5.000 4.713 171.218 -356.941
19.250 5.000 3.459 167.353 -416.031
19.260 5.000 4.814 163.551 -344.383
19.270 5.000 3.256 159.399 -485.762
19.280 5.000 4.644 155.541 -285.941
19.290 5.000 3.456 151.606 -501.177
19.300 5.000 4.407 148.145 -190.672
19.310 5.000 3.858 144.964 -445.815
19.320 5.000 3.892 141.896 -167.921
19.330 5.000 4.713 139.319 -347.344
19.340 5.000 2.773 135.386 -439.268
19.350 5.000 5.325 132.883 -61.320
19.360 5.000 3.191 129.974 -520.483
19.370 5.000 4.680 127.595 44.718
19.380 5.000 4.204 125.927 -378.507
19.390 5.000 4.161 124.010 -4.858
19.400 5.000 5.135 123.022 -192.707
19.410 5.000 3.365 121.217 -168.240
19.420 5.000 5.580 120.107 -53.780
19.430 5.000 4.147 118.877 -192.186
19.440 5.000 5.393 118.061 28.896
19.450 5.000 4.207 117.277 -185.634
19.460 5.000 5.409 116.455 21.117
19.470 5.000 4.820 116.043 -103.425
19.480 5.000 5.385 115.659 26.705
19.490 5.000 5.000 115.369 -84.751
19.500 5.000 5.227 114.771 -34.816
19.510 5.000 5.377 114.340 -51.426
19.520 5.000 5.269 113.721 -72.437
19.530 5.000 5.380 112.915 -88.724
19.540 5.000 5.482 111.998 -94.613
19.550 5.000 5.352 110.976 -109.765
19.560 5.000 5.485 109.810 -123.610
19.570 5.000 5.692 108.597 -119.022
19.580 5.000 5.532 107.437 -112.919
19.590 5.000 5.679 106.383 -97.741
19.600 5.000 5.553 105.358 -107.449
19.610 5.000 5.438 104.145 -135.131
19.620 5.000 5.431 102.721 -149.565
19.630 5.000 5.615 101.237 -147.158
19.640 5.000 5.298 99.636 -173.231
19.650 5.000 5.369 97.770 -199.991
19.660 5.000 5.270 95.690 -215.925
19.670 5.000 5.235 93.455 -230.927
19.680 5.000 5.202 91.126 -235.174
19.690 5.000 5.003 88.687 -252.542
19.700 5.000 5.212 85.850 -314.761
19.710 5.000 5.032 82.979 -259.623
19.720 5.000 4.732 80.449 -246.187
19.730 5.000 5.338 77.741 -295.552
19.740 5.000 4.370 75.023 -247.958
19.750 5.000 5.650 72.510 -254.676
19.760 5.000 3.863 69.509 -345.345
19.770 5.000 5.910 66.996 -157.496
19.780 5.000 3.301 63.449 -551.552
19.790 5.000 5.489 60.500 -38.519
19.800 5.000 4.580 58.380 -385.462
19.810 5.000 4.534 56.169 -56.692
19.820 5.000 5.585 54.281 -320.834
19.830 5.000 3.465 51.098 -316.053
19.840 5.000 5.929 49.222 -59.164
19.850 5.000 3.481 46.112 -562.429
19.860 5.000 5.683 43.442 28.242
19.870 5.000 3.966 40.902 -536.420
19.880 5.000 5.411 38.468 49.645
19.890 5.000 4.360 36.909 -361.457
19.900 5.000 5.088 35.259 31.562
19.910 5.000 5.097 34.043 -274.726
19.920 5.000 4.786 32.483 -37.354
19.930 5.000 5.385 31.184 -222.472
19.940 5.000 4.714 29.665 -81.376
19.950 5.000 5.607 28.350 -181.622
19.960 5.000 4.739 26.946 -99.138
19.970 5.000 5.464 25.639 -162.248
19.980 5.000 4.893 24.128 -139.949
19.990 5.000 5.300 22.646 -156.523
20.000 5.000 5.159 21.206 -131.226
20.010 5.000 5.076 19.778 -154.546
20.020 5.000 5.358 18.341 -132.859
20.030 5.000 4.940 16.842 -167.061
20.040 5.000 5.530 15.215 -158.342
20.050 5.000 4.956 13.510 -182.497
20.060 5.000 5.221 11.740 -171.537
20.070 5.000 5.204 9.940 -188.453
20.080 5.000 4.870 8.041 -191.434
20.090 5.000 5.308 6.027 -211.315
20.100 5.000 4.968 4.033 -187.515
20.110 5.000 5.043 1.954 -228.375
20.120 7.500 5.018 -0.136 -189.560
20.130 10.000 4.676 -2.117 -206.709
20.140 12.500 6.778 -3.416 -52.926
20.150 15.000 5.050 -4.394 -142.871
20.160 17.500 7.975 -3.589 304.025
20.170 20.000 7.355 -2.264 -39.179
20.180 22.500 8.821 -0.368 418.381
20.190 25.000 9.117 3.539 363.146
20.200 27.500 10.439 8.004 529.732
20.210 30.000 10.855 13.391 547.838
20.220 30.000 10.799 18.889 551.584
20.230 30.000 11.250 24.516 573.997
20.240 30.000 11.566 30.323 587.324
20.250 30.000 12.472 36.144 576.928
20.260 30.000 12.244 41.583 510.999
20.270 30.000 12.912 46.910 554.365
20.280 30.000 13.253 52.381 539.698
20.290 30.000 13.595 57.494 482.431
20.300 30.000 14.107 62.444 508.036
20.310 30.000 14.394 67.613 525.357
20.320 30.000 14.650 72.695 491.490
20.330 30.000 14.919 77.315 432.430
20.340 30.000 15.349 81.919 488.422
20.350 30.000 15.879 86.652 458.402
20.360 30.000 16.054 91.239 458.961
20.370 30.000 16.404 95.500 393.207
20.380 30.000 17.054 99.585 423.475
20.390 30.000 17.382 103.778 415.432
20.400 30.000 17.511 108.030 434.641
20.410 30.000 17.800 112.183 396.182
20.420 30.000 18.075 116.370 441.338
20.430 30.000 18.533 120.782 440.973
20.440 30.000 18.848 125.095 421.708
20.450 30.000 18.748 129.177 394.728
20.460 30.000 19.456 133.053 380.237
20.470 30.000 19.766 136.797 368.765
20.480 30.000 19.803 140.564 384.612
20.490 30.000 20.222 144.250 352.587
20.500 30.000 20.553 147.783 354.175
20.510 30.000 20.916 151.175 323.925
20.520 30.000 21.153 154.693 379.818
20.530 30.000 21.372 158.412 364.108
20.540 30.000 21.985 161.938 340.890
20.550 30.000 21.663 165.251 321.845
20.560 30.000 22.227 168.720 371.921
20.570 30.000 22.379 172.328 349.654
20.580 30.000 22.657 175.755 335.633
20.590 30.000 23.253 179.078 328.983
20.600 30.000 23.339 182.282 312.016
20.610 30.000 23.387 185.454 322.245
20.620 30.000 23.983 188.540 295.129
20.630 30.000 24.108 191.674 331.556
20.640 30.000 24.427 194.939 321.334
20.650 30.000 24.661 197.878 266.727
20.660 30.000 24.594 200.624 282.374
20.670 30.000 25.043 203.421 276.849
20.680 30.000 25.336 206.169 272.854
20.690 30.000 25.563 208.849 263.058
20.700 30.000 25.605 211.414 250.149
20.710 30.000 26.052 213.914 249.772
20.720 30.000 26.059 216.385 244.384
20.730 30.000 26.460 218.855 249.794
20.740 30.000 26.438 221.183 215.507
20.750 30.000 26.945 223.564 260.668
20.760 30.000 26.868 226.023 231.339
20.770 30.000 27.210 228.541 272.389
20.780 30.000 27.477 230.960 211.073
20.790 30.000 27.493 233.128 222.538
20.800 30.000 28.069 235.421 236.345
20.810 30.000 27.747 237.701 219.603
20.820 30.000 28.222 239.877 215.562
20.830 30.000 28.429 241.954 199.972
20.840 30.000 28.507 243.873 183.733
20.850 30.000 28.871 245.923 226.225
20.860 30.000 28.718 248.071 203.501
20.870 30.000 29.170 249.995 181.204
20.880 30.000 29.305 251.763 172.534
20.890 30.000 29.630 253.488 172.338
20.900 30.000 29.579 255.338 197.702
20.910 30.000 29.610 257.225 179.601
20.920 30.000 30.287 259.083 192.143
20.930 30.000 30.152 260.824 156.020
20.940 30.000 30.551 262.552 189.558
20.950 30.000 30.301 264.355 170.904
20.960 30.000 30.189 266.108 179.652
20.970 30.000 31.046 267.822 163.279
20.980 30.000 30.308 269.488 170.017
20.990 30.000 30.769 271.365 205.326
21.000 30.000 30.471 273.747 270.782
21.010 30.000 30.797 276.541 287.962
21.020 30.000 30.730 279.383 280.526
21.030 30.000 30.970 282.289 300.924
21.040 30.000 31.074 285.247 290.831
21.050 30.000 31.203 288.320 323.829
21.060 30.000 31.040 291.427 297.211
21.070 30.000 31.418 294.239 265.284
21.080 30.000 31.066 297.123 311.791
21.090 30.000 30.991 300.280 319.247
21.100 30.000 30.955 303.644 353.934
21.110 30.000 31.002 307.201 357.167
21.120 5.000 31.018 310.972 397.298
21.130 5.000 30.660 314.921 392.242
21.140 5.000 29.021 319.458 515.357
21.150 5.000 27.427 325.206 634.188
21.160 5.000 27.049 330.273 378.934
21.170 5.000 23.680 332.180 2.425
21.180 5.000 24.045 332.963 154.371
21.190 5.000 25.064 334.568 166.588
21.200 5.000 24.748 335.161 -48.068
21.210 5.000 24.493 334.759 -32.320
21.220 5.000 23.253 335.387 157.845
21.230 5.000 23.610 336.034 -28.332
21.240 5.000 23.158 336.251 71.748
21.250 5.000 22.517 337.344 146.747
21.260 5.000 22.574 337.921 -31.261
21.270 5.000 21.815 338.270 101.041
21.280 5.000 21.741 339.226 90.214
21.290 5.000 21.654 339.340 -67.369
21.300 5.000 21.074 339.532 105.665
21.310 5.000 21.135 339.765 -58.983
21.320 5.000 20.454 339.729 51.687
21.330 5.000 20.277 340.348 72.189
21.340 5.000 20.219 340.407 -60.488
21.350 5.000 19.324 340.575 94.119
21.360 5.000 19.662 340.653 -78.445
21.370 5.000 18.999 340.522 52.240
21.380 5.000 18.966 341.045 52.234
