# covent_pc_5
# Captured 2020-06-19 23:01:58.907327 by unknown user
# Built at revision b0450af (dirty)
time(sec)  pc_setpoint  pressure  volume
0.000  11.000  5.813  -7.246
0.010  12.500  7.411  -5.616
0.020  14.000  8.772  -2.880
0.030  15.500  9.121  1.525
0.040  17.000  12.117  7.161
0.050  18.500  14.248  13.509
0.060  20.000  16.165  20.689
0.070  20.000  17.664  28.698
0.080  20.000  18.975  37.672
0.090  20.000  20.762  46.758
0.100  20.000  22.187  55.238
0.110  20.000  22.578  63.746
0.120  20.000  22.718  72.885
0.130  20.000  22.709  81.599
0.140  20.000  22.250  89.480
0.150  20.000  21.608  97.468
0.160  20.000  22.104  105.030
0.170  20.000  21.473  112.110
0.180  20.000  20.681  119.170
0.190  20.000  21.370  125.694
0.200  20.000  20.380  131.994
0.210  20.000  20.755  138.043
0.220  20.000  19.839  143.329
0.230  20.000  18.559  148.168
0.240  20.000  17.342  152.503
0.250  20.000  17.163  156.672
0.260  20.000  18.266  161.392
0.270  20.000  19.987  167.025
0.280  20.000  20.027  173.011
0.290  20.000  20.742  178.709
0.300  20.000  20.953  184.190
0.310  20.000  20.858  189.717
0.320  20.000  19.537  195.293
0.330  20.000  20.172  200.523
0.340  20.000  20.547  205.234
0.350  20.000  20.085  209.745
0.360  20.000  20.516  214.451
0.370  20.000  20.458  218.946
0.380  20.000  20.497  223.240
0.390  20.000  20.349  227.515
0.400  20.000  20.252  231.554
0.410  20.000  19.911  235.232
0.420  20.000  20.874  238.691
0.430  20.000  20.282  242.157
0.440  20.000  20.735  245.289
0.450  20.000  20.342  248.167
0.460  20.000  20.511  251.115
0.470  20.000  20.188  254.072
0.480  20.000  20.839  257.003
0.490  20.000  20.346  259.801
0.500  20.000  20.331  262.437
0.510  20.000  20.615  264.742
0.520  20.000  20.597  266.810
0.530  20.000  20.249  268.905
0.540  20.000  19.975  270.993
0.550  20.000  19.748  272.991
0.560  20.000  20.505  274.693
0.570  20.000  20.667  276.205
0.580  20.000  20.148  277.788
0.590  20.000  20.354  279.356
0.600  20.000  20.200  281.011
0.610  20.000  20.526  282.678
0.620  20.000  20.673  284.088
0.630  20.000  20.938  285.389
0.640  20.000  20.497  286.777
0.650  20.000  20.408  287.988
0.660  20.000  20.356  288.952
0.670  20.000  20.174  289.780
0.680  20.000  20.203  290.464
0.690  20.000  20.673  291.079
0.700  20.000  20.192  291.598
0.710  20.000  19.854  292.010
0.720  20.000  19.813  292.378
0.730  20.000  20.541  292.634
0.740  20.000  20.562  292.846
0.750  20.000  20.084  292.902
0.760  20.000  19.686  292.827
0.770  20.000  20.023  292.880
0.780  20.000  20.705  292.759
0.790  20.000  20.158  292.495
0.800  20.000  20.050  292.136
0.810  20.000  19.674  291.866
0.820  20.000  20.045  291.746
0.830  20.000  20.207  291.459
0.840  20.000  19.970  291.084
0.850  20.000  20.164  290.679
0.860  20.000  19.498  290.476
0.870  20.000  19.877  290.526
0.880  20.000  19.723  290.516
0.890  20.000  20.333  290.300
0.900  20.000  19.939  289.943
0.910  20.000  19.951  289.623
0.920  20.000  19.823  289.326
0.930  20.000  19.656  289.149
0.940  20.000  20.086  289.211
0.950  20.000  19.865  289.320
0.960  20.000  20.055  289.409
0.970  5.000  19.327  289.525
0.980  5.000  19.189  289.350
0.990  5.000  16.235  287.669
1.000  5.000  13.349  284.242
1.010  5.000  12.305  278.474
1.020  5.000  11.521  272.254
1.030  5.000  11.222  266.345
1.040  5.000  10.835  260.060
1.050  5.000  10.541  253.954
1.060  5.000  10.313  247.803
1.070  5.000  10.067  241.924
1.080  5.000  9.932  236.127
1.090  5.000  9.814  230.589
1.100  5.000  9.635  224.980
1.110  5.000  9.477  219.499
1.120  5.000  9.333  214.370
1.130  5.000  9.104  209.205
1.140  5.000  8.951  203.919
1.150  5.000  8.763  198.809
1.160  5.000  8.589  193.421
1.170  5.000  8.418  188.083
1.180  5.000  8.156  182.827
1.190  5.000  8.099  177.225
1.200  5.000  7.908  171.659
1.210  5.000  7.771  166.537
1.220  5.000  7.696  161.360
1.230  5.000  7.456  156.100
1.240  5.000  7.218  151.459
1.250  5.000  7.071  146.598
1.260  5.000  6.959  141.464
1.270  5.000  6.815  136.803
1.280  5.000  6.613  131.983
1.290  5.000  6.468  126.911
1.300  5.000  6.368  122.333
1.310  5.000  6.217  117.784
1.320  5.000  6.066  113.049
1.330  5.000  6.033  108.769
1.340  5.000  5.753  104.456
1.350  5.000  5.707  100.215
1.360  5.000  5.542  95.931
1.370  5.000  5.467  91.727
1.380  5.000  5.271  87.654
1.390  5.000  5.296  83.505
1.400  5.000  5.088  79.398
1.410  5.000  5.012  74.934
1.420  5.000  4.785  70.977
1.430  5.000  4.731  67.059
1.440  5.000  4.599  63.037
1.450  5.000  4.563  59.449
1.460  5.000  4.330  56.080
1.470  5.000  4.375  52.753
1.480  5.000  4.371  49.111
1.490  5.000  4.265  45.232
1.500  5.000  4.210  41.654
1.510  5.000  4.095  38.514
1.520  5.000  4.010  35.553
1.530  5.000  3.919  32.269
1.540  5.000  3.820  29.020
1.550  5.000  3.845  26.218
1.560  5.000  3.785  23.360
1.570  5.000  3.737  20.671
1.580  5.000  3.698  17.678
1.590  5.000  3.626  14.680
1.600  5.000  3.664  12.192
1.610  5.000  3.701  9.854
1.620  5.000  3.739  7.656
1.630  5.000  3.779  5.445
1.640  5.000  3.759  3.425
1.650  5.000  3.687  1.493
1.660  5.000  3.579  -0.498
1.670  5.000  3.571  -2.460
1.680  5.000  3.528  -4.096
1.690  5.000  3.713  -5.480
1.700  5.000  3.907  -6.771
1.710  5.000  4.033  -8.027
1.720  5.000  4.115  -9.216
1.730  5.000  4.084  -10.064
1.740  5.000  3.954  -10.718
1.750  5.000  4.070  -11.682
1.760  5.000  4.057  -12.638
1.770  5.000  4.228  -13.052
1.780  5.000  4.370  -13.013
1.790  5.000  4.385  -12.613
1.800  5.000  4.408  -12.083
1.810  5.000  4.422  -11.424
1.820  5.000  4.308  -10.666
1.830  5.000  4.583  -9.986
1.840  5.000  4.615  -9.300
1.850  5.000  4.534  -8.470
1.860  5.000  4.584  -7.599
1.870  5.000  4.622  -6.794
1.880  5.000  4.566  -6.095
1.890  5.000  4.678  -5.493
1.900  5.000  4.811  -4.962
1.910  5.000  4.863  -4.360
1.920  5.000  4.841  -3.666
1.930  5.000  4.944  -2.997
1.940  5.000  5.017  -2.288
1.950  5.000  4.859  -1.235
1.960  5.000  5.102  -0.130
1.970  5.000  4.995  0.677
1.980  5.000  5.038  1.425
1.990  5.000  4.909  2.201
2.000  5.000  5.139  2.857
2.010  5.000  5.087  3.361
2.020  5.000  5.148  3.998
2.030  5.000  5.340  4.731
2.040  5.000  5.258  5.458
2.050  5.000  5.224  6.180
2.060  5.000  5.343  6.858
2.070  5.000  5.372  7.510
2.080  5.000  5.343  8.152
2.090  5.000  5.230  8.893
2.100  5.000  5.362  9.713
2.110  5.000  5.444  10.453
2.120  5.000  5.405  11.149
2.130  5.000  5.512  11.817
2.140  5.000  5.344  12.409
2.150  5.000  5.334  12.840
2.160  5.000  5.200  13.386
2.170  5.000  5.335  13.991
2.180  5.000  5.443  14.212
2.190  5.000  5.401  13.954
2.200  5.000  5.252  13.434
2.210  5.000  5.088  13.100
2.220  5.000  5.207  12.669
2.230  5.000  5.245  12.252
2.240  5.000  5.244  11.867
2.250  5.000  5.062  11.250
2.260  5.000  5.145  10.584
2.270  5.000  5.103  9.989
2.280  5.000  5.087  9.288
2.290  5.000  4.892  8.653
2.300  5.000  4.861  7.976
2.310  5.000  4.924  7.163
2.320  5.000  4.983  6.501
2.330  5.000  4.834  5.876
2.340  5.000  4.894  5.326
2.350  5.000  4.991  4.640
2.360  5.000  4.930  3.977
2.370  5.000  4.824  3.606
2.380  5.000  4.744  3.352
2.390  5.000  4.779  3.043
2.400  5.000  4.811  2.852
2.410  5.000  4.738  2.825
2.420  5.000  4.762  2.693
2.430  5.000  4.906  2.458
2.440  5.000  4.820  2.432
2.450  5.000  4.712  2.575
2.460  5.000  4.822  2.785
2.470  5.000  4.742  3.094
2.480  5.000  4.868  3.316
2.490  5.000  4.872  3.470
2.500  5.000  4.930  3.779
2.510  5.000  4.848  4.187
2.520  5.000  4.893  4.626
2.530  5.000  4.818  5.096
2.540  5.000  5.132  5.428
2.550  5.000  5.084  5.638
2.560  5.000  4.971  5.900
2.570  5.000  4.953  6.215
2.580  5.000  5.017  6.681
2.590  5.000  5.187  7.330
2.600  5.000  5.023  8.004
2.610  5.000  5.157  8.463
2.620  5.000  5.043  8.801
2.630  5.000  5.021  9.187
2.640  5.000  5.248  9.505
2.650  5.000  5.059  9.862
2.660  5.000  5.130  10.196
2.670  5.000  5.194  10.318
2.680  5.000  5.110  10.497
2.690  5.000  5.051  10.817
2.700  5.000  5.071  11.154
2.710  5.000  5.097  11.408
2.720  5.000  5.090  11.555
2.730  5.000  5.111  11.568
2.740  5.000  5.074  11.456
2.750  5.000  5.069  11.275
2.760  5.000  5.059  11.011
2.770  5.000  5.097  10.846
2.780  5.000  4.997  10.616
2.790  5.000  5.143  10.419
2.800  5.000  5.062  10.280
2.810  5.000  5.041  10.101
2.820  5.000  4.956  9.891
2.830  5.000  5.147  9.529
2.840  5.000  4.946  9.250
2.850  5.000  5.026  9.050
2.860  5.000  4.950  8.775
2.870  5.000  4.961  8.352
2.880  5.000  5.125  7.973
2.890  5.000  4.876  7.813
2.900  5.000  4.733  7.815
2.910  5.000  4.898  7.872
2.920  5.000  4.929  7.752
2.930  5.000  4.917  7.503
2.940  5.000  4.819  7.353
2.950  5.000  4.942  7.219
2.960  5.000  4.973  7.124
2.970  5.000  4.959  7.153
2.980  6.500  4.916  7.118
2.990  8.000  4.891  7.303
3.000  9.500  5.151  7.998
3.010  11.000  5.695  9.180
3.020  12.500  7.286  11.130
3.030  14.000  8.921  14.085
3.040  15.500  9.414  18.423
3.050  17.000  11.765  23.968
3.060  18.500  14.510  30.266
3.070  20.000  15.912  37.447
3.080  20.000  18.005  45.567
3.090  20.000  19.260  54.598
3.100  20.000  21.296  63.739
3.110  20.000  21.496  72.478
3.120  20.000  21.769  81.090
3.130  20.000  22.187  89.730
3.140  20.000  23.124  97.842
3.150  20.000  22.291  105.525
3.160  20.000  23.011  113.010
3.170  20.000  22.576  120.196
3.180  20.000  21.548  127.365
3.190  20.000  21.356  134.121
3.200  20.000  20.940  140.454
3.210  20.000  20.753  146.706
3.220  20.000  19.853  152.606
3.230  20.000  19.468  157.898
3.240  20.000  19.013  162.620
3.250  20.000  17.659  166.789
3.260  20.000  17.741  170.432
3.270  20.000  18.110  174.356
3.280  20.000  18.944  179.276
3.290  20.000  20.366  184.799
3.300  20.000  20.719  190.342
3.310  20.000  20.883  195.590
3.320  20.000  20.259  200.604
3.330  20.000  20.140  205.252
3.340  20.000  20.178  209.764
3.350  20.000  20.010  214.387
3.360  20.000  20.649  218.753
3.370  20.000  19.991  223.116
3.380  20.000  20.346  227.542
3.390  20.000  20.413  231.721
3.400  20.000  20.760  235.658
3.410  20.000  20.540  239.320
3.420  20.000  20.138  242.800
3.430  20.000  20.298  245.933
3.440  20.000  20.070  249.006
3.450  20.000  19.995  252.271
3.460  20.000  19.893  255.638
3.470  20.000  20.567  258.885
3.480  20.000  20.012  262.044
3.490  20.000  20.492  265.188
3.500  20.000  20.562  268.029
3.510  20.000  20.443  270.812
3.520  20.000  20.349  273.659
3.530  20.000  21.091  276.353
3.540  20.000  21.186  278.678
3.550  20.000  20.429  280.750
3.560  20.000  19.789  282.672
3.570  20.000  19.770  284.471
3.580  20.000  20.443  286.100
3.590  20.000  20.482  287.537
3.600  20.000  20.514  288.779
3.610  20.000  20.392  290.146
3.620  20.000  20.423  291.844
3.630  20.000  20.575  293.482
3.640  20.000  20.481  294.923
3.650  20.000  20.744  296.230
3.660  20.000  20.498  297.496
3.670  20.000  20.071  298.637
3.680  20.000  20.165  299.652
3.690  20.000  20.325  300.616
3.700  20.000  20.713  301.260
3.710  20.000  20.281  301.677
3.720  20.000  20.113  302.037
3.730  20.000  20.138  302.197
3.740  20.000  20.447  302.277
3.750  20.000  20.622  302.149
3.760  20.000  19.923  301.887
3.770  20.000  19.764  301.724
3.780  20.000  19.992  301.476
3.790  20.000  20.187  301.095
3.800  20.000  20.376  300.635
3.810  20.000  20.067  300.202
3.820  20.000  19.848  300.012
3.830  20.000  20.004  299.890
3.840  20.000  19.917  299.599
3.850  20.000  19.821  299.353
3.860  20.000  19.951  299.043
3.870  20.000  19.893  298.754
3.880  20.000  20.052  298.553
3.890  20.000  19.788  298.354
3.900  20.000  19.968  298.207
3.910  20.000  20.075  297.779
3.920  20.000  19.805  297.223
3.930  20.000  19.723  297.042
3.940  20.000  19.885  296.993
3.950  20.000  19.917  296.880
3.960  20.000  20.086  296.857
3.970  20.000  19.916  296.957
3.980  5.000  19.673  297.080
3.990  5.000  18.929  296.883
4.000  5.000  16.372  295.304
4.010  5.000  13.411  291.455
4.020  5.000  12.572  285.468
4.030  5.000  11.531  279.135
4.040  5.000  11.448  273.040
4.050  5.000  10.891  266.889
4.060  5.000  10.585  260.725
4.070  5.000  10.321  254.692
4.080  5.000  10.232  248.794
4.090  5.000  9.923  242.645
4.100  5.000  9.774  236.574
4.110  5.000  9.592  230.577
4.120  5.000  9.461  225.138
4.130  5.000  9.289  219.565
4.140  5.000  9.039  213.992
4.150  5.000  8.978  208.366
4.160  5.000  8.805  202.431
4.170  5.000  8.532  197.216
4.180  5.000  8.473  192.316
4.190  5.000  8.231  187.243
4.200  5.000  8.132  181.854
4.210  5.000  8.049  176.647
4.220  5.000  7.890  171.478
4.230  5.000  7.683  166.260
4.240  5.000  7.590  161.423
4.250  5.000  7.372  156.657
4.260  5.000  7.251  151.643
4.270  5.000  7.108  146.838
4.280  5.000  6.961  142.340
4.290  5.000  6.855  137.736
4.300  5.000  6.639  132.872
4.310  5.000  6.524  128.099
4.320  5.000  6.336  123.349
4.330  5.000  6.202  118.676
4.340  5.000  5.955  113.917
4.350  5.000  5.810  109.247
4.360  5.000  5.676  104.683
4.370  5.000  5.469  99.925
4.380  5.000  5.413  95.765
4.390  5.000  5.229  91.616
4.400  5.000  5.115  87.468
4.410  5.000  5.053  83.242
4.420  5.000  4.896  78.811
4.430  5.000  4.769  74.904
4.440  5.000  4.704  70.964
4.450  5.000  4.633  66.663
4.460  5.000  4.576  62.421
4.470  5.000  4.388  58.199
4.480  5.000  4.344  54.429
4.490  5.000  4.306  50.618
4.500  5.000  4.216  46.894
4.510  5.000  4.153  43.239
4.520  5.000  4.020  39.708
4.530  5.000  4.008  36.806
4.540  5.000  3.924  33.412
4.550  5.000  3.875  30.066
4.560  5.000  3.831  26.862
4.570  5.000  3.800  23.738
4.580  5.000  3.712  20.622
4.590  5.000  3.718  17.497
4.600  5.000  3.688  14.500
4.610  5.000  3.715  11.622
4.620  5.000  3.717  9.242
4.630  5.000  3.740  7.071
4.640  5.000  3.764  5.038
4.650  5.000  3.757  3.022
4.660  5.000  3.653  1.123
4.670  5.000  3.588  -0.800
4.680  5.000  3.591  -2.757
4.690  5.000  3.594  -4.573
4.700  5.000  3.719  -6.164
4.710  5.000  3.920  -7.452
4.720  5.000  3.993  -8.577
4.730  5.000  4.025  -9.753
4.740  5.000  4.053  -10.967
4.750  5.000  4.066  -12.232
4.760  5.000  3.926  -13.372
4.770  5.000  4.112  -14.034
4.780  5.000  4.279  -14.158
4.790  5.000  4.565  -14.220
4.800  5.000  4.340  -14.224
4.810  5.000  4.222  -13.990
4.820  5.000  4.196  -13.687
4.830  5.000  4.418  -12.963
4.840  5.000  4.623  -12.094
4.850  5.000  4.525  -11.405
4.860  5.000  4.610  -10.572
4.870  5.000  4.729  -9.757
4.880  5.000  4.730  -9.066
4.890  5.000  4.620  -8.381
4.900  5.000  4.632  -7.656
4.910  5.000  4.931  -6.958
4.920  5.000  4.802  -6.245
4.930  5.000  4.747  -5.473
4.940  5.000  4.812  -4.763
4.950  5.000  5.134  -4.267
4.960  5.000  5.052  -3.720
4.970  5.000  4.898  -2.966
4.980  5.000  5.285  -2.346
4.990  5.000  5.214  -1.878
5.000  5.000  5.024  -1.293
5.010  5.000  5.116  -0.559
5.020  5.000  5.126  0.060
5.030  5.000  5.243  0.572
5.040  5.000  5.233  1.143
5.050  5.000  5.355  1.836
5.060  5.000  5.464  2.396
5.070  5.000  5.355  2.885
5.080  5.000  5.518  3.422
5.090  5.000  5.306  4.011
5.100  5.000  5.197  4.626
5.110  5.000  5.322  5.005
5.120  5.000  5.375  5.312
5.130  5.000  5.461  5.657
5.140  5.000  5.279  6.093
5.150  5.000  5.229  6.402
5.160  5.000  5.342  6.450
5.170  5.000  5.264  6.432
5.180  5.000  5.234  6.504
5.190  5.000  5.286  6.545
5.200  5.000  5.234  6.285
5.210  5.000  5.243  5.874
5.220  5.000  5.188  5.436
5.230  5.000  5.190  4.926
5.240  5.000  5.119  4.306
5.250  5.000  5.184  3.680
5.260  5.000  5.021  2.977
5.270  5.000  5.019  2.071
5.280  5.000  4.998  1.268
5.290  5.000  4.988  0.373
5.300  5.000  4.991  -0.517
5.310  5.000  4.932  -1.106
5.320  5.000  4.961  -1.716
5.330  5.000  4.843  -2.483
5.340  5.000  4.928  -3.162
5.350  5.000  4.823  -3.622
5.360  5.000  4.744  -4.214
5.370  5.000  4.857  -4.823
5.380  5.000  4.887  -5.203
5.390  5.000  4.804  -5.312
5.400  5.000  4.626  -5.321
5.410  5.000  4.845  -5.376
5.420  5.000  5.000  -5.574
5.430  5.000  4.807  -5.887
5.440  5.000  4.976  -6.211
5.450  5.000  4.854  -6.536
5.460  5.000  4.776  -6.553
5.470  5.000  4.867  -6.395
5.480  5.000  4.855  -6.282
5.490  5.000  4.869  -6.155
5.500  5.000  4.913  -6.089
5.510  5.000  4.954  -6.007
5.520  5.000  4.875  -5.769
5.530  5.000  4.952  -5.366
5.540  5.000  4.978  -4.930
5.550  5.000  4.997  -4.350
5.560  5.000  4.801  -3.558
5.570  5.000  4.907  -2.880
5.580  5.000  5.057  -2.418
5.590  5.000  5.019  -2.154
5.600  5.000  5.222  -1.920
5.610  5.000  5.007  -1.572
5.620  5.000  5.152  -1.339
5.630  5.000  5.054  -1.245
5.640  5.000  5.031  -1.185
5.650  5.000  5.102  -1.104
5.660  5.000  5.099  -0.903
5.670  5.000  5.194  -0.884
5.680  5.000  5.184  -0.825
5.690  5.000  5.106  -0.549
5.700  5.000  4.963  -0.448
5.710  5.000  5.227  -0.399
5.720  5.000  5.049  -0.284
5.730  5.000  5.137  -0.151
5.740  5.000  5.107  -0.021
5.750  5.000  5.035  0.020
5.760  5.000  4.925  0.117
5.770  5.000  5.030  0.278
5.780  5.000  5.111  0.255
5.790  5.000  5.164  0.153
5.800  5.000  4.945  0.024
5.810  5.000  5.094  -0.254
5.820  5.000  5.008  -0.558
5.830  5.000  5.022  -0.886
5.840  5.000  5.014  -1.095
5.850  5.000  5.001  -1.315
5.860  5.000  5.046  -1.583
5.870  5.000  4.907  -1.690
5.880  5.000  4.895  -1.736
5.890  5.000  5.072  -1.959
5.900  5.000  4.944  -2.385
5.910  5.000  4.953  -2.675
5.920  5.000  4.920  -2.889
5.930  5.000  5.072  -3.289
5.940  5.000  4.941  -3.647
5.950  5.000  4.957  -3.875
5.960  5.000  4.866  -4.035
5.970  5.000  4.905  -4.139
5.980  5.000  4.898  -4.201
5.990  6.500  4.956  -4.271
6.000  8.000  4.908  -4.115
6.010  9.500  5.118  -3.641
6.020  11.000  5.702  -2.710
6.030  12.500  7.187  -0.764
6.040  14.000  8.766  2.286
6.050  15.500  9.378  6.852
6.060  17.000  12.130  12.330
6.070  18.500  14.403  18.547
6.080  20.000  15.958  26.210
6.090  20.000  17.938  34.418
6.100  20.000  20.195  42.344
6.110  20.000  21.083  50.676
6.120  20.000  21.414  59.860
6.130  20.000  20.702  69.227
6.140  20.000  22.273  77.858
6.150  20.000  22.533  85.993
6.160  20.000  22.777  94.206
6.170  20.000  22.133  102.521
6.180  20.000  22.485  110.516
6.190  20.000  21.643  117.913
6.200  20.000  21.594  125.101
6.210  20.000  21.855  131.958
6.220  20.000  20.321  138.570
6.230  20.000  20.259  144.702
6.240  20.000  19.745  149.916
6.250  20.000  19.188  154.321
6.260  20.000  17.415  158.205
6.270  20.000  17.235  162.212
6.280  20.000  18.144  166.883
6.290  20.000  19.515  172.273
6.300  20.000  20.930  177.871
6.310  20.000  21.083  183.389
6.320  20.000  20.437  188.795
6.330  20.000  20.397  193.536
6.340  20.000  20.079  198.086
6.350  20.000  20.028  202.969
6.360  20.000  20.035  207.969
6.370  20.000  20.138  212.651
6.380  20.000  20.766  216.876
6.390  20.000  20.759  221.008
6.400  20.000  20.201  225.105
6.410  20.000  20.344  228.937
6.420  20.000  20.494  232.626
6.430  20.000  20.252  236.215
6.440  20.000  20.002  239.693
6.450  20.000  19.811  243.217
6.460  20.000  20.224  246.576
6.470  20.000  20.821  249.626
6.480  20.000  20.566  252.596
6.490  20.000  20.351  255.590
6.500  20.000  19.865  258.484
6.510  20.000  20.909  261.366
6.520  20.000  20.341  264.204
6.530  20.000  21.095  266.707
6.540  20.000  21.022  268.980
6.550  20.000  20.448  271.010
6.560  20.000  19.777  272.630
6.570  20.000  20.116  274.178
6.580  20.000  20.458  275.810
6.590  20.000  20.485  277.511
6.600  20.000  20.012  279.207
6.610  20.000  19.903  280.878
6.620  20.000  20.274  282.353
6.630  20.000  20.851  283.584
6.640  20.000  20.386  284.813
6.650  20.000  20.512  286.195
6.660  20.000  20.836  287.656
6.670  20.000  20.430  288.972
6.680  20.000  20.702  290.028
6.690  20.000  19.506  291.202
6.700  20.000  20.103  292.299
6.710  20.000  20.346  293.054
6.720  20.000  20.589  293.876
6.730  20.000  20.280  294.610
6.740  20.000  20.182  294.985
6.750  20.000  20.185  295.185
6.760  20.000  20.169  295.401
6.770  20.000  20.432  295.421
6.780  20.000  20.330  295.345
6.790  20.000  19.757  295.340
6.800  20.000  20.066  295.102
6.810  20.000  20.202  294.788
6.820  20.000  20.340  294.587
6.830  20.000  19.730  294.484
6.840  20.000  20.036  294.337
6.850  20.000  20.138  294.006
6.860  20.000  20.007  293.671
6.870  20.000  19.995  293.425
6.880  20.000  20.065  293.196
6.890  20.000  19.691  292.917
6.900  20.000  19.725  292.771
6.910  20.000  19.657  292.893
6.920  20.000  20.016  292.979
6.930  20.000  20.097  292.973
6.940  20.000  19.706  293.028
6.950  20.000  19.814  293.121
6.960  20.000  19.796  293.237
6.970  20.000  20.214  293.350
6.980  20.000  20.074  293.429
6.990  5.000  19.605  293.686
7.000  5.000  19.105  293.733
7.010  5.000  16.162  292.280
7.020  5.000  13.560  287.913
7.030  5.000  12.539  281.127
7.040  5.000  11.533  274.882
7.050  5.000  11.486  268.742
7.060  5.000  10.879  262.472
7.070  5.000  10.467  257.063
7.080  5.000  10.390  251.331
7.090  5.000  10.211  245.192
7.100  5.000  10.032  239.330
7.110  5.000  9.857  233.847
7.120  5.000  9.672  228.036
7.130  5.000  9.479  222.482
7.140  5.000  9.350  216.863
7.150  5.000  9.133  211.068
7.160  5.000  8.985  205.518
7.170  5.000  8.778  199.855
7.180  5.000  8.612  194.613
7.190  5.000  8.425  189.288
7.200  5.000  8.262  184.061
7.210  5.000  8.074  178.952
7.220  5.000  8.003  173.783
7.230  5.000  7.862  168.987
7.240  5.000  7.727  163.932
7.250  5.000  7.557  158.839
7.260  5.000  7.402  154.046
7.270  5.000  7.238  149.437
7.280  5.000  7.121  144.516
7.290  5.000  6.989  139.165
7.300  5.000  6.829  134.138
7.310  5.000  6.724  129.371
7.320  5.000  6.519  124.830
7.330  5.000  6.399  120.549
7.340  5.000  6.267  115.973
7.350  5.000  6.178  111.096
7.360  5.000  6.049  106.455
7.370  5.000  5.959  101.994
7.380  5.000  5.820  97.651
7.390  5.000  5.649  93.542
7.400  5.000  5.507  89.162
7.410  5.000  5.348  84.820
7.420  5.000  5.249  80.616
7.430  5.000  5.161  76.483
7.440  5.000  5.075  72.595
7.450  5.000  4.944  68.767
7.460  5.000  4.791  65.065
7.470  5.000  4.670  61.127
7.480  5.000  4.547  57.192
7.490  5.000  4.491  53.610
7.500  5.000  4.416  50.162
7.510  5.000  4.374  46.436
7.520  5.000  4.297  42.394
7.530  5.000  4.213  38.808
7.540  5.000  4.168  35.563
7.550  5.000  4.054  32.031
7.560  5.000  4.023  28.577
7.570  5.000  3.927  25.589
7.580  5.000  3.807  22.829
7.590  5.000  3.775  20.154
7.600  5.000  3.768  17.372
7.610  5.000  3.666  14.592
7.620  5.000  3.589  11.664
7.630  5.000  3.521  8.813
7.640  5.000  3.522  6.474
7.650  5.000  3.547  4.354
7.660  5.000  3.635  2.347
7.670  5.000  3.597  0.258
7.680  5.000  3.523  -1.805
7.690  5.000  3.435  -3.676
7.700  5.000  3.402  -5.362
7.710  5.000  3.450  -6.766
7.720  5.000  3.654  -8.050
7.730  5.000  3.748  -9.068
7.740  5.000  3.980  -9.927
7.750  5.000  3.864  -10.793
7.760  5.000  3.812  -11.630
7.770  5.000  3.822  -12.396
7.780  5.000  3.970  -12.922
7.790  5.000  4.126  -13.041
7.800  5.000  4.426  -12.942
7.810  5.000  4.364  -12.801
7.820  5.000  4.164  -12.261
7.830  5.000  4.455  -11.519
7.840  5.000  4.429  -10.626
7.850  5.000  4.445  -9.688
7.860  5.000  4.534  -8.936
7.870  5.000  4.548  -8.246
7.880  5.000  4.500  -7.480
7.890  5.000  4.539  -6.570
7.900  5.000  4.418  -5.547
7.910  5.000  4.695  -4.587
7.920  5.000  4.941  -3.593
7.930  5.000  5.001  -2.431
7.940  5.000  4.920  -1.128
7.950  5.000  4.771  0.137
7.960  5.000  5.120  1.257
7.970  5.000  5.120  2.456
7.980  5.000  5.239  3.506
7.990  5.000  5.137  4.426
8.000  5.000  5.188  5.337
8.010  5.000  5.214  6.142
8.020  5.000  5.247  6.990
8.030  5.000  5.212  7.807
8.040  5.000  5.339  8.422
8.050  5.000  5.261  9.010
8.060  5.000  5.265  9.750
8.070  5.000  5.230  10.501
8.080  5.000  5.392  11.095
8.090  5.000  5.420  11.581
8.100  5.000  5.518  12.066
8.110  5.000  5.537  12.561
8.120  5.000  5.578  13.087
8.130  5.000  5.498  13.627
8.140  5.000  5.350  14.034
8.150  5.000  5.306  14.175
8.160  5.000  5.430  14.140
8.170  5.000  5.415  14.019
8.180  5.000  5.289  13.750
8.190  5.000  5.227  13.360
8.200  5.000  5.206  13.079
8.210  5.000  5.329  12.670
8.220  5.000  5.193  12.230
8.230  5.000  5.173  11.527
8.240  5.000  5.109  10.624
8.250  5.000  5.007  10.070
8.260  5.000  5.077  9.531
8.270  5.000  5.058  8.809
8.280  5.000  5.020  7.963
8.290  5.000  4.907  7.316
8.300  5.000  4.974  6.634
8.310  5.000  4.839  5.990
8.320  5.000  4.923  5.376
8.330  5.000  4.927  4.689
8.340  5.000  4.891  4.158
8.350  5.000  4.737  3.695
8.360  5.000  4.913  3.295
8.370  5.000  4.866  2.975
8.380  5.000  4.960  2.692
8.390  5.000  4.888  2.338
8.400  5.000  4.605  2.071
8.410  5.000  4.778  1.884
8.420  5.000  4.933  1.745
8.430  5.000  4.964  1.692
8.440  5.000  4.747  1.902
8.450  5.000  4.585  2.291
8.460  5.000  4.832  2.473
8.470  5.000  4.982  2.630
8.480  5.000  4.961  2.882
8.490  5.000  4.803  2.966
8.500  5.000  4.875  3.138
8.510  5.000  4.990  3.533
8.520  5.000  4.959  3.966
8.530  5.000  5.041  4.248
8.540  5.000  4.914  4.476
8.550  5.000  5.095  4.841
8.560  5.000  4.902  5.388
8.570  5.000  4.900  5.913
8.580  5.000  4.925  6.138
8.590  5.000  5.074  6.291
8.600  5.000  5.013  6.595
8.610  5.000  4.965  7.083
8.620  5.000  5.161  7.456
8.630  5.000  4.998  7.718
8.640  5.000  5.050  7.915
8.650  5.000  4.936  8.101
8.660  5.000  5.168  8.454
8.670  5.000  4.957  8.901
8.680  5.000  5.169  9.142
8.690  5.000  5.113  9.155
8.700  5.000  5.016  9.224
8.710  5.000  5.217  9.351
8.720  5.000  5.201  9.488
8.730  5.000  5.044  9.566
8.740  5.000  4.977  9.707
8.750  5.000  5.157  9.836
8.760  5.000  5.307  9.767
8.770  5.000  5.129  9.700
8.780  5.000  4.942  9.718
8.790  5.000  5.033  9.777
8.800  5.000  5.076  9.840
8.810  5.000  5.113  9.887
8.820  5.000  5.067  9.809
8.830  5.000  4.963  9.605
8.840  5.000  4.945  9.432
8.850  5.000  4.908  9.330
8.860  5.000  5.037  9.171
8.870  5.000  5.018  8.887
8.880  5.000  4.989  8.602
8.890  5.000  5.050  8.319
8.900  5.000  4.888  8.101
8.910  5.000  5.006  8.128
8.920  5.000  5.065  7.985
8.930  5.000  4.963  7.783
8.940  5.000  4.811  7.906
8.950  5.000  4.811  8.080
8.960  5.000  5.064  8.159
8.970  5.000  5.002  8.087
8.980  5.000  4.902  8.096
8.990  5.000  4.853  8.248
9.000  6.500  4.925  8.467
9.010  8.000  4.894  8.672
9.020  9.500  5.351  8.794
9.030  11.000  5.800  9.580
9.040  12.500  7.127  11.500
9.050  14.000  8.834  14.233
9.060  15.500  9.665  18.078
9.070  17.000  11.593  23.184
9.080  18.500  14.574  29.304
9.090  20.000  15.316  36.918
9.100  20.000  17.241  45.601
9.110  20.000  18.967  54.528
9.120  20.000  20.865  63.527
9.130  20.000  21.524  72.321
9.140  20.000  21.912  80.802
9.150  20.000  22.234  89.365
9.160  20.000  22.571  97.929
9.170  20.000  22.600  106.008
9.180  20.000  22.964  113.909
9.190  20.000  21.493  121.456
9.200  20.000  21.850  128.520
9.210  20.000  20.980  135.412
9.220  20.000  21.347  141.899
9.230  20.000  21.394  147.999
9.240  20.000  20.853  154.032
9.250  20.000  19.608  159.767
9.260  20.000  18.660  164.820
9.270  20.000  17.309  169.147
9.280  20.000  17.211  172.917
9.290  20.000  17.986  177.084
9.300  20.000  19.275  182.277
9.310  20.000  20.485  187.872
9.320  20.000  21.126  193.381
9.330  20.000  20.854  198.541
9.340  20.000  20.244  203.429
9.350  20.000  20.488  208.044
9.360  20.000  20.252  212.345
9.370  20.000  20.289  216.833
9.380  20.000  20.154  221.506
9.390  20.000  19.945  225.897
9.400  20.000  20.706  229.798
9.410  20.000  20.616  233.612
9.420  20.000  20.312  237.376
9.430  20.000  20.491  240.842
9.440  20.000  20.022  244.213
9.450  20.000  19.996  247.410
9.460  20.000  20.251  250.370
9.470  20.000  20.151  253.426
9.480  20.000  20.179  256.543
9.490  20.000  20.140  259.535
9.500  20.000  20.763  262.467
9.510  20.000  20.536  265.329
9.520  20.000  20.469  268.126
9.530  20.000  20.799  270.786
9.540  20.000  20.636  273.290
9.550  20.000  20.435  275.556
9.560  20.000  20.142  277.658
9.570  20.000  20.737  279.494
9.580  20.000  20.035  281.083
9.590  20.000  20.351  282.539
9.600  20.000  20.119  283.946
9.610  20.000  20.296  285.349
9.620  20.000  20.250  286.614
9.630  20.000  20.143  288.079
9.640  20.000  20.301  289.679
9.650  20.000  20.622  291.169
9.660  20.000  20.885  292.672
9.670  20.000  20.425  294.152
9.680  20.000  20.559  295.341
9.690  20.000  20.368  296.188
9.700  20.000  20.516  297.048
9.710  20.000  19.640  297.893
9.720  20.000  20.368  298.525
9.730  20.000  20.281  299.261
9.740  20.000  20.449  300.023
9.750  20.000  20.401  300.378
9.760  20.000  19.825  300.493
9.770  20.000  20.038  300.502
9.780  20.000  20.202  300.541
9.790  20.000  20.558  300.611
9.800  20.000  20.102  300.462
9.810  20.000  19.700  300.172
9.820  20.000  20.156  299.823
9.830  20.000  20.323  299.590
9.840  20.000  20.057  299.484
9.850  20.000  20.186  299.142
9.860  20.000  19.675  298.820
9.870  20.000  20.152  298.571
9.880  20.000  20.154  298.063
9.890  20.000  20.280  297.551
9.900  20.000  19.802  297.177
9.910  20.000  19.912  296.759
9.920  20.000  19.954  296.398
9.930  20.000  19.856  296.093
9.940  20.000  19.870  295.770
9.950  20.000  20.053  295.343
9.960  20.000  19.890  294.604
9.970  20.000  19.803  293.909
9.980  20.000  19.732  293.578
9.990  20.000  19.850  293.485
10.000  5.000  20.052  293.407
10.010  5.000  19.294  292.878
10.020  5.000  16.504  290.940
10.030  5.000  13.390  286.435
10.040  5.000  12.357  279.697
10.050  5.000  11.537  273.285
10.060  5.000  11.485  267.207
10.070  5.000  10.820  260.893
10.080  5.000  10.636  254.953
10.090  5.000  10.374  249.212
10.100  5.000  10.227  243.386
10.110  5.000  10.024  237.428
10.120  5.000  9.893  231.398
10.130  5.000  9.672  225.353
10.140  5.000  9.435  219.290
10.150  5.000  9.322  213.548
10.160  5.000  9.083  208.294
10.170  5.000  8.948  203.127
10.180  5.000  8.725  198.025
10.190  5.000  8.649  192.509
10.200  5.000  8.437  186.638
10.210  5.000  8.298  180.799
10.220  5.000  8.088  175.564
10.230  5.000  7.988  170.368
10.240  5.000  7.820  164.863
10.250  5.000  7.710  159.710
10.260  5.000  7.597  154.404
10.270  5.000  7.422  148.961
10.280  5.000  7.331  143.725
10.290  5.000  7.134  138.598
10.300  5.000  7.012  133.321
10.310  5.000  6.823  128.026
10.320  5.000  6.678  123.387
10.330  5.000  6.551  118.884
10.340  5.000  6.457  114.278
10.350  5.000  6.326  109.595
10.360  5.000  6.158  104.755
10.370  5.000  5.996  100.276
10.380  5.000  5.863  96.112
10.390  5.000  5.767  91.525
10.400  5.000  5.648  86.868
10.410  5.000  5.505  82.334
10.420  5.000  5.387  77.835
10.430  5.000  5.256  73.816
10.440  5.000  5.139  69.593
10.450  5.000  5.021  65.334
10.460  5.000  4.894  61.108
10.470  5.000  4.778  57.003
10.480  5.000  4.663  52.976
10.490  5.000  4.587  48.669
10.500  5.000  4.518  44.681
10.510  5.000  4.385  40.698
10.520  5.000  4.348  36.831
10.530  5.000  4.288  33.283
10.540  5.000  4.224  29.487
10.550  5.000  4.146  25.493
10.560  5.000  4.033  22.037
10.570  5.000  3.934  18.894
10.580  5.000  3.852  15.805
10.590  5.000  3.796  12.996
10.600  5.000  3.760  10.131
10.610  5.000  3.717  7.434
10.620  5.000  3.630  4.396
10.630  5.000  3.643  1.208
10.640  5.000  3.588  -1.374
10.650  5.000  3.586  -3.800
10.660  5.000  3.606  -6.102
10.670  5.000  3.608  -8.208
10.680  5.000  3.626  -10.327
10.690  5.000  3.555  -12.388
10.700  5.000  3.429  -14.361
10.710  5.000  3.383  -16.388
10.720  5.000  3.504  -18.175
10.730  5.000  3.681  -19.565
10.740  5.000  3.867  -20.658
10.750  5.000  3.870  -21.520
10.760  5.000  3.923  -22.581
10.770  5.000  3.813  -23.745
10.780  5.000  3.762  -24.654
10.790  5.000  4.143  -25.485
10.800  5.000  4.352  -26.009
10.810  5.000  4.362  -26.130
10.820  5.000  4.130  -26.093
10.830  5.000  4.190  -25.884
10.840  5.000  4.415  -25.321
10.850  5.000  4.385  -24.423
10.860  5.000  4.444  -23.463
10.870  5.000  4.299  -22.354
10.880  5.000  4.311  -21.213
10.890  5.000  4.422  -20.232
10.900  5.000  4.444  -19.295
10.910  5.000  4.592  -18.260
10.920  5.000  4.981  -17.297
10.930  5.000  5.053  -16.357
10.940  5.000  4.787  -15.118
10.950  5.000  4.956  -13.905
10.960  5.000  5.049  -12.925
10.970  5.000  5.000  -12.016
10.980  5.000  5.264  -11.098
10.990  5.000  5.105  -10.263
11.000  5.000  5.156  -9.441
11.010  5.000  5.014  -8.528
11.020  5.000  5.244  -7.826
11.030  5.000  5.358  -7.211
11.040  5.000  5.110  -6.401
11.050  5.000  5.413  -5.875
11.060  5.000  5.408  -5.692
11.070  5.000  5.513  -5.405
11.080  5.000  5.471  -5.021
11.090  5.000  5.566  -4.517
11.100  5.000  5.491  -4.028
11.110  5.000  5.572  -3.611
11.120  5.000  5.526  -3.289
11.130  5.000  5.468  -3.051
11.140  5.000  5.369  -2.648
11.150  5.000  5.221  -2.334
11.160  5.000  5.347  -2.205
11.170  5.000  5.440  -2.183
11.180  5.000  5.373  -2.316
11.190  5.000  5.189  -2.551
11.200  5.000  5.278  -3.060
11.210  5.000  5.345  -3.685
11.220  5.000  5.167  -4.336
11.230  5.000  5.104  -5.009
11.240  5.000  5.073  -5.618
11.250  5.000  5.133  -6.379
11.260  5.000  4.937  -7.122
11.270  5.000  4.972  -7.748
11.280  5.000  4.987  -8.534
11.290  5.000  4.944  -9.510
11.300  5.000  4.796  -10.326
11.310  5.000  4.918  -11.111
11.320  5.000  4.845  -11.792
11.330  5.000  5.026  -12.419
11.340  5.000  4.831  -13.188
11.350  5.000  4.746  -13.727
11.360  5.000  4.793  -14.024
11.370  5.000  4.780  -14.317
11.380  5.000  4.912  -14.582
11.390  5.000  4.796  -14.834
11.400  5.000  4.750  -14.935
11.410  5.000  4.807  -14.940
11.420  5.000  4.880  -15.002
11.430  5.000  4.894  -14.992
11.440  5.000  4.835  -14.982
11.450  5.000  4.757  -14.906
11.460  5.000  4.859  -14.824
11.470  5.000  5.055  -14.783
11.480  5.000  4.767  -14.752
11.490  5.000  4.831  -14.582
11.500  5.000  4.961  -14.166
11.510  5.000  4.902  -13.773
11.520  5.000  4.905  -13.527
11.530  5.000  4.969  -13.303
11.540  5.000  5.055  -13.071
11.550  5.000  5.023  -12.793
11.560  5.000  5.053  -12.599
11.570  5.000  5.056  -12.307
11.580  5.000  5.130  -12.057
11.590  5.000  5.002  -11.931
11.600  5.000  5.181  -11.700
11.610  5.000  5.059  -11.429
11.620  5.000  4.951  -11.196
11.630  5.000  5.091  -11.134
11.640  5.000  5.083  -10.931
11.650  5.000  5.103  -10.762
11.660  5.000  5.121  -10.624
11.670  5.000  4.971  -10.445
11.680  5.000  4.997  -10.439
11.690  5.000  5.142  -10.517
11.700  5.000  5.248  -10.535
11.710  5.000  5.071  -10.417
11.720  5.000  4.997  -10.408
11.730  5.000  5.076  -10.553
11.740  5.000  5.058  -10.557
11.750  5.000  5.095  -10.434
11.760  5.000  5.077  -10.395
11.770  5.000  5.215  -10.514
11.780  5.000  5.090  -10.750
11.790  5.000  4.954  -11.013
11.800  5.000  5.085  -11.248
11.810  5.000  5.089  -11.442
11.820  5.000  5.022  -11.528
11.830  5.000  4.960  -11.563
11.840  5.000  4.927  -11.744
11.850  5.000  5.018  -12.043
11.860  5.000  5.003  -12.462
11.870  5.000  4.905  -12.833
11.880  5.000  5.101  -13.046
11.890  5.000  4.896  -13.214
11.900  5.000  4.953  -13.416
11.910  5.000  4.831  -13.623
11.920  5.000  4.873  -13.718
11.930  5.000  4.849  -13.687
11.940  5.000  4.998  -13.650
11.950  5.000  4.882  -13.728
11.960  5.000  4.864  -13.799
11.970  5.000  5.018  -13.910
11.980  5.000  4.853  -14.008
11.990  5.000  4.818  -13.924
12.000  5.000  4.973  -13.680
12.010  6.500  4.823  -13.331
12.020  8.000  4.898  -12.856
12.030  9.500  5.326  -12.237
12.040  11.000  5.836  -11.071
12.050  12.500  7.303  -8.954
12.060  14.000  8.735  -5.812
12.070  15.500  9.469  -1.175
12.080  17.000  11.765  4.632
12.090  18.500  14.523  11.296
12.100  20.000  16.036  18.650
12.110  20.000  17.758  26.205
12.120  20.000  19.171  34.325
12.130  20.000  20.519  42.731
12.140  20.000  21.774  51.538
12.150  20.000  21.730  60.376
12.160  20.000  22.040  68.956
12.170  20.000  22.061  77.555
12.180  20.000  23.530  85.309
12.190  20.000  22.393  92.717
12.200  20.000  22.390  100.318
12.210  20.000  21.258  107.978
12.220  20.000  21.053  115.355
12.230  20.000  21.342  122.108
12.240  20.000  20.690  128.676
12.250  20.000  20.260  135.271
12.260  20.000  20.723  141.305
12.270  20.000  18.785  146.412
12.280  20.000  18.146  150.985
12.290  20.000  17.335  155.279
12.300  20.000  18.119  159.644
12.310  20.000  19.447  164.320
12.320  20.000  20.622  169.282
12.330  20.000  20.298  174.488
12.340  20.000  20.680  179.740
12.350  20.000  19.756  185.015
12.360  20.000  20.069  189.709
12.370  20.000  20.309  194.055
12.380  20.000  19.934  198.915
12.390  20.000  20.579  203.593
12.400  20.000  20.619  207.821
12.410  20.000  20.204  212.067
12.420  20.000  20.652  216.095
12.430  20.000  20.256  219.775
12.440  20.000  20.348  223.547
12.450  20.000  20.868  227.346
12.460  20.000  19.806  231.164
12.470  20.000  20.361  234.630
12.480  20.000  19.894  237.739
12.490  20.000  20.374  240.829
12.500  20.000  20.191  243.850
12.510  20.000  20.432  247.166
12.520  20.000  19.810  250.566
12.530  20.000  20.365  253.747
12.540  20.000  21.122  256.680
12.550  20.000  20.424  259.620
12.560  20.000  20.334  262.548
12.570  20.000  20.508  265.324
12.580  20.000  20.731  267.822
12.590  20.000  20.643  269.967
12.600  20.000  20.033  271.984
12.610  20.000  20.293  273.778
12.620  20.000  20.231  275.208
12.630  20.000  20.543  276.573
12.640  20.000  20.338  278.170
12.650  20.000  20.479  279.971
12.660  20.000  20.430  281.730
12.670  20.000  20.649  283.271
12.680  20.000  20.704  284.648
12.690  20.000  20.566  285.919
12.700  20.000  20.465  287.096
12.710  20.000  20.059  288.180
12.720  20.000  20.220  289.087
12.730  20.000  20.307  289.758
12.740  20.000  20.517  290.265
12.750  20.000  20.060  290.661
12.760  20.000  19.881  290.970
12.770  20.000  20.528  291.027
12.780  20.000  20.554  290.858
12.790  20.000  20.309  290.709
12.800  20.000  20.044  290.514
12.810  20.000  20.084  290.221
12.820  20.000  20.143  289.981
12.830  20.000  20.068  289.758
12.840  20.000  20.007  289.424
12.850  20.000  20.002  289.011
12.860  20.000  19.914  288.541
12.870  20.000  20.080  288.208
12.880  20.000  19.771  288.038
12.890  20.000  19.781  287.932
12.900  20.000  19.935  287.811
12.910  20.000  19.686  287.636
12.920  20.000  19.817  287.484
12.930  20.000  19.870  287.367
12.940  20.000  20.198  287.410
12.950  20.000  19.651  287.527
12.960  20.000  20.220  287.520
12.970  20.000  19.813  287.592
12.980  20.000  19.984  287.805
12.990  20.000  19.934  288.009
13.000  20.000  19.727  288.207
13.010  5.000  20.025  288.453
13.020  5.000  19.165  288.490
13.030  5.000  16.806  287.089
13.040  5.000  13.294  282.532
13.050  5.000  12.519  275.976
13.060  5.000  11.536  269.275
13.070  5.000  11.455  262.886
13.080  5.000  10.872  257.292
13.090  5.000  10.607  251.488
13.100  5.000  10.397  245.665
13.110  5.000  10.192  239.864
13.120  5.000  10.070  233.524
13.130  5.000  9.839  227.692
13.140  5.000  9.575  221.957
13.150  5.000  9.486  216.363
13.160  5.000  9.334  210.966
13.170  5.000  9.106  205.588
13.180  5.000  8.998  200.295
13.190  5.000  8.822  194.957
13.200  5.000  8.606  189.890
13.210  5.000  8.406  184.938
13.220  5.000  8.366  179.529
13.230  5.000  8.132  174.284
13.240  5.000  8.011  169.780
13.250  5.000  7.882  164.828
13.260  5.000  7.654  159.725
13.270  5.000  7.536  155.014
13.280  5.000  7.409  149.986
13.290  5.000  7.226  144.946
13.300  5.000  7.044  140.605
13.310  5.000  6.716  135.953
13.320  5.000  6.639  131.135
13.330  5.000  6.443  126.907
13.340  5.000  6.212  122.327
13.350  5.000  6.131  117.790
13.360  5.000  6.017  113.324
13.370  5.000  5.820  108.421
13.380  5.000  5.690  103.678
13.390  5.000  5.646  99.468
13.400  5.000  5.439  95.210
13.410  5.000  5.372  90.494
13.420  5.000  5.195  85.937
13.430  5.000  5.152  82.069
13.440  5.000  4.959  78.614
13.450  5.000  4.856  74.628
13.460  5.000  4.778  70.832
13.470  5.000  4.711  67.116
13.480  5.000  4.572  62.690
13.490  5.000  4.474  58.719
13.500  5.000  4.447  55.303
13.510  5.000  4.333  51.835
13.520  5.000  4.349  48.137
13.530  5.000  4.238  44.123
13.540  5.000  4.191  40.455
13.550  5.000  4.063  37.352
13.560  5.000  3.985  34.399
13.570  5.000  3.924  31.225
13.580  5.000  3.886  27.756
13.590  5.000  3.849  24.698
13.600  5.000  3.814  21.916
13.610  5.000  3.744  19.134
13.620  5.000  3.759  16.484
13.630  5.000  3.700  13.823
13.640  5.000  3.706  11.339
13.650  5.000  3.735  8.982
13.660  5.000  3.700  6.848
13.670  5.000  3.716  4.560
13.680  5.000  3.802  2.176
13.690  5.000  3.721  0.176
13.700  5.000  3.609  -1.736
13.710  5.000  3.571  -3.628
13.720  5.000  3.655  -5.394
13.730  5.000  3.797  -6.920
13.740  5.000  3.957  -8.227
13.750  5.000  4.054  -9.320
13.760  5.000  4.174  -10.270
13.770  5.000  4.093  -11.320
13.780  5.000  4.006  -12.393
13.790  5.000  3.932  -13.272
13.800  5.000  4.063  -13.974
13.810  5.000  4.121  -14.520
13.820  5.000  4.477  -14.703
13.830  5.000  4.399  -14.522
13.840  5.000  4.331  -14.278
13.850  5.000  4.290  -13.972
13.860  5.000  4.490  -13.363
13.870  5.000  4.515  -12.415
13.880  5.000  4.455  -11.425
13.890  5.000  4.545  -10.608
13.900  5.000  4.564  -9.770
13.910  5.000  4.752  -8.945
13.920  5.000  4.637  -8.183
13.930  5.000  4.697  -7.320
13.940  5.000  4.855  -6.530
13.950  5.000  4.868  -5.845
13.960  5.000  4.890  -5.003
13.970  5.000  4.860  -4.241
13.980  5.000  4.812  -3.646
13.990  5.000  5.248  -3.185
14.000  5.000  5.008  -2.600
14.010  5.000  4.919  -1.670
14.020  5.000  5.035  -0.921
14.030  5.000  5.109  -0.270
14.040  5.000  5.020  0.451
14.050  5.000  5.229  1.161
14.060  5.000  5.230  1.828
14.070  5.000  5.217  2.352
14.080  5.000  5.272  2.892
14.090  5.000  5.205  3.381
14.100  5.000  5.385  3.867
14.110  5.000  5.304  4.494
14.120  5.000  5.358  5.366
14.130  5.000  5.282  6.349
14.140  5.000  5.406  7.049
14.150  5.000  5.425  7.558
14.160  5.000  5.423  7.918
14.170  5.000  5.294  8.411
14.180  5.000  5.068  9.070
14.190  5.000  5.311  9.347
14.200  5.000  5.338  9.275
14.210  5.000  5.487  9.067
14.220  5.000  5.360  8.961
14.230  5.000  5.141  9.018
14.240  5.000  5.173  9.022
14.250  5.000  5.267  8.845
14.260  5.000  5.326  8.725
14.270  5.000  5.031  8.750
14.280  5.000  5.225  8.575
14.290  5.000  5.004  8.278
14.300  5.000  5.093  7.949
14.310  5.000  5.116  7.507
14.320  5.000  4.863  7.009
14.330  5.000  4.880  6.584
14.340  5.000  5.041  6.072
14.350  5.000  5.029  5.486
14.360  5.000  4.870  4.850
14.370  5.000  4.890  4.247
14.380  5.000  4.848  3.763
14.390  5.000  4.859  3.395
14.400  5.000  4.910  2.999
14.410  5.000  4.913  2.573
14.420  5.000  4.724  2.369
14.430  5.000  4.827  2.035
14.440  5.000  4.855  1.641
14.450  5.000  5.077  1.262
14.460  5.000  4.772  0.993
14.470  5.000  4.890  0.991
14.480  5.000  4.771  1.051
14.490  5.000  4.819  0.989
14.500  5.000  4.811  0.937
14.510  5.000  4.976  0.933
14.520  5.000  4.893  1.056
14.530  5.000  4.763  1.182
14.540  5.000  4.857  1.303
14.550  5.000  4.984  1.552
14.560  5.000  4.896  1.775
14.570  5.000  4.894  2.203
14.580  5.000  4.821  2.776
14.590  5.000  5.066  3.421
14.600  5.000  4.937  3.949
14.610  5.000  5.013  4.416
14.620  5.000  4.916  4.970
14.630  5.000  4.991  5.426
14.640  5.000  4.985  5.900
14.650  5.000  4.820  6.491
14.660  5.000  5.251  7.039
14.670  5.000  5.123  7.546
14.680  5.000  4.911  7.994
14.690  5.000  5.041  8.243
14.700  5.000  5.124  8.662
14.710  5.000  5.302  8.811
14.720  5.000  5.066  8.531
14.730  5.000  4.957  8.549
14.740  5.000  5.045  8.917
14.750  5.000  5.161  9.353
14.760  5.000  5.317  9.721
14.770  5.000  5.077  9.873
14.780  5.000  4.913  9.965
14.790  5.000  5.144  10.272
14.800  5.000  5.174  10.449
14.810  5.000  5.270  10.414
14.820  5.000  5.114  10.303
14.830  5.000  4.908  10.180
14.840  5.000  5.114  10.062
14.850  5.000  5.249  9.955
14.860  5.000  5.061  9.815
14.870  5.000  4.921  9.763
14.880  5.000  5.108  9.550
14.890  5.000  5.058  9.231
14.900  5.000  5.109  9.031
14.910  5.000  5.029  8.634
14.920  5.000  5.067  8.181
14.930  5.000  4.947  7.843
14.940  5.000  4.784  7.775
14.950  5.000  4.991  7.759
14.960  5.000  4.904  7.593
14.970  5.000  5.027  7.442
14.980  5.000  4.906  7.291
14.990  5.000  4.834  7.255
15.000  5.000  4.971  7.338
15.010  5.000  4.907  7.352
15.020  6.500  4.909  7.313
15.030  8.000  4.870  7.343
15.040  9.500  5.321  7.724
15.050  11.000  5.730  8.586
15.060  12.500  7.000  10.325
15.070  14.000  8.487  13.201
15.080  15.500  9.657  16.970
15.090  17.000  11.978  21.961
15.100  18.500  14.493  28.201
15.110  20.000  15.916  35.429
15.120  20.000  18.138  43.268
15.130  20.000  19.958  51.375
15.140  20.000  21.014  59.433
15.150  20.000  22.136  67.197
15.160  20.000  22.284  75.423
15.170  20.000  21.960  84.444
15.180  20.000  22.279  93.102
15.190  20.000  22.034  101.377
15.200  20.000  22.117  109.535
15.210  20.000  22.390  116.711
15.220  20.000  22.299  123.601
15.230  20.000  21.055  130.850
15.240  20.000  20.886  137.822
15.250  20.000  20.202  144.275
15.260  20.000  20.222  150.195
15.270  20.000  19.392  155.906
15.280  20.000  18.734  160.947
15.290  20.000  17.664  164.845
15.300  20.000  17.705  168.565
15.310  20.000  18.781  172.829
15.320  20.000  20.334  178.091
15.330  20.000  20.294  183.667
15.340  20.000  20.585  188.889
15.350  20.000  20.479  194.108
15.360  20.000  20.613  198.970
15.370  20.000  20.492  203.475
15.380  20.000  20.192  207.922
15.390  20.000  20.351  212.250
15.400  20.000  20.729  216.459
15.410  20.000  20.231  220.434
15.420  20.000  20.190  224.179
15.430  20.000  19.962  227.747
15.440  20.000  20.033  231.288
15.450  20.000  20.401  234.619
15.460  20.000  20.264  237.901
15.470  20.000  20.410  241.056
15.480  20.000  20.462  243.826
15.490  20.000  20.219  246.516
15.500  20.000  20.122  249.451
15.510  20.000  20.326  252.536
15.520  20.000  20.394  255.522
15.530  20.000  20.167  258.435
15.540  20.000  20.513  261.179
15.550  20.000  20.878  263.922
15.560  20.000  20.427  266.817
15.570  20.000  20.426  269.444
15.580  20.000  20.576  271.544
15.590  20.000  20.308  273.368
15.600  20.000  20.080  275.070
15.610  20.000  20.120  276.869
15.620  20.000  20.312  278.678
15.630  20.000  19.718  280.427
15.640  20.000  20.409  282.019
15.650  20.000  20.565  283.429
15.660  20.000  20.428  284.846
15.670  20.000  20.480  286.264
15.680  20.000  20.591  287.593
15.690  20.000  20.759  288.898
15.700  20.000  20.718  290.130
15.710  20.000  20.663  291.121
15.720  20.000  19.988  291.934
15.730  20.000  20.072  292.656
15.740  20.000  20.717  293.347
15.750  20.000  20.404  293.858
15.760  20.000  20.301  294.034
15.770  20.000  19.585  294.216
15.780  20.000  20.168  294.432
15.790  20.000  20.775  294.542
15.800  20.000  20.351  294.605
15.810  20.000  19.857  294.474
15.820  20.000  19.734  294.320
15.830  20.000  19.899  294.188
15.840  20.000  20.219  294.015
15.850  20.000  20.233  293.926
15.860  20.000  20.095  293.767
15.870  20.000  19.746  293.380
15.880  20.000  20.171  292.889
15.890  20.000  20.042  292.545
15.900  20.000  20.093  292.258
15.910  20.000  19.950  291.848
15.920  20.000  19.710  291.627
15.930  20.000  19.569  291.706
15.940  20.000  19.985  291.696
15.950  20.000  20.242  291.481
15.960  20.000  20.026  291.294
15.970  20.000  19.550  291.236
15.980  20.000  19.504  291.335
15.990  20.000  20.267  291.421
16.000  20.000  20.143  291.525
16.010  20.000  19.776  291.671
16.020  5.000  20.039  291.794
16.030  5.000  19.463  291.674
16.040  5.000  16.821  290.206
16.050  5.000  13.741  285.371
16.060  5.000  12.577  279.181
16.070  5.000  11.630  273.030
16.080  5.000  11.543  266.679
16.090  5.000  10.837  261.062
16.100  5.000  10.644  254.984
16.110  5.000  10.492  248.544
16.120  5.000  10.268  242.178
16.130  5.000  9.991  236.173
16.140  5.000  9.909  230.750
16.150  5.000  9.650  225.106
16.160  5.000  9.393  219.517
16.170  5.000  9.284  214.047
16.180  5.000  9.101  208.522
16.190  5.000  8.987  203.063
16.200  5.000  8.883  197.217
16.210  5.000  8.669  191.917
16.220  5.000  8.439  186.627
16.230  5.000  8.179  181.242
16.240  5.000  8.136  176.057
16.250  5.000  7.944  170.435
16.260  5.000  7.814  165.369
16.270  5.000  7.585  160.318
16.280  5.000  7.378  155.383
16.290  5.000  7.191  150.617
16.300  5.000  7.143  145.718
16.310  5.000  6.980  141.239
16.320  5.000  6.910  136.315
16.330  5.000  6.796  131.433
16.340  5.000  6.668  126.561
16.350  5.000  6.508  121.829
16.360  5.000  6.433  117.311
16.370  5.000  6.359  112.346
16.380  5.000  6.203  107.455
16.390  5.000  6.047  102.545
16.400  5.000  5.911  97.650
16.410  5.000  5.823  92.717
16.420  5.000  5.634  88.175
16.430  5.000  5.533  84.291
16.440  5.000  5.370  80.353
16.450  5.000  5.313  76.377
16.460  5.000  5.136  72.681
16.470  5.000  4.977  68.754
16.480  5.000  4.806  64.395
16.490  5.000  4.672  60.408
16.500  5.000  4.456  56.624
16.510  5.000  4.475  52.450
16.520  5.000  4.415  48.671
16.530  5.000  4.241  45.456
16.540  5.000  4.213  42.275
16.550  5.000  4.200  39.073
16.560  5.000  4.078  35.874
16.570  5.000  3.947  32.385
16.580  5.000  3.931  29.164
16.590  5.000  3.854  25.910
16.600  5.000  3.813  22.565
16.610  5.000  3.814  19.684
16.620  5.000  3.728  16.406
16.630  5.000  3.705  13.274
16.640  5.000  3.709  10.382
16.650  5.000  3.669  7.603
16.660  5.000  3.693  5.221
16.670  5.000  3.655  3.110
16.680  5.000  3.807  1.127
16.690  5.000  3.770  -1.068
16.700  5.000  3.677  -3.092
16.710  5.000  3.592  -5.127
16.720  5.000  3.585  -7.221
16.730  5.000  3.610  -9.067
16.740  5.000  3.725  -10.760
16.750  5.000  3.787  -12.175
16.760  5.000  3.962  -13.400
16.770  5.000  4.054  -14.565
16.780  5.000  4.060  -15.770
16.790  5.000  3.896  -16.823
16.800  5.000  3.950  -17.643
16.810  5.000  3.986  -18.348
16.820  5.000  4.210  -18.745
16.830  5.000  4.422  -18.831
16.840  5.000  4.406  -18.701
16.850  5.000  4.270  -18.309
16.860  5.000  4.351  -17.719
16.870  5.000  4.385  -17.109
16.880  5.000  4.697  -16.497
16.890  5.000  4.630  -15.730
16.900  5.000  4.469  -14.706
16.910  5.000  4.515  -13.671
16.920  5.000  4.636  -12.886
16.930  5.000  4.658  -12.256
16.940  5.000  4.750  -11.639
16.950  5.000  4.766  -10.899
16.960  5.000  4.753  -10.166
16.970  5.000  4.808  -9.408
16.980  5.000  4.907  -8.585
16.990  5.000  4.968  -7.784
17.000  5.000  4.909  -6.920
17.010  5.000  5.131  -6.224
17.020  5.000  5.066  -5.659
17.030  5.000  4.999  -4.990
17.040  5.000  5.112  -4.420
17.050  5.000  5.131  -3.828
17.060  5.000  5.253  -3.267
17.070  5.000  5.163  -2.837
17.080  5.000  5.213  -2.349
17.090  5.000  5.394  -1.845
17.100  5.000  5.394  -1.285
17.110  5.000  5.383  -0.628
17.120  5.000  5.281  -0.017
17.130  5.000  5.266  0.566
17.140  5.000  5.394  1.165
17.150  5.000  5.515  1.714
17.160  5.000  5.610  2.017
17.170  5.000  5.508  2.170
17.180  5.000  5.278  2.360
17.190  5.000  5.319  2.446
17.200  5.000  5.370  2.445
17.210  5.000  5.312  2.425
17.220  5.000  5.412  2.274
17.230  5.000  5.133  2.064
17.240  5.000  5.095  1.709
17.250  5.000  5.339  1.052
17.260  5.000  5.309  0.428
17.270  5.000  5.105  -0.256
17.280  5.000  5.095  -1.115
17.290  5.000  4.993  -1.826
17.300  5.000  5.192  -2.343
17.310  5.000  5.183  -2.837
17.320  5.000  4.836  -3.330
17.330  5.000  4.868  -3.915
17.340  5.000  4.857  -4.574
17.350  5.000  4.865  -5.226
17.360  5.000  5.062  -5.791
17.370  5.000  4.946  -6.214
17.380  5.000  4.863  -6.549
17.390  5.000  4.746  -7.102
17.400  5.000  4.887  -7.684
17.410  5.000  4.794  -8.236
17.420  5.000  4.874  -8.847
17.430  5.000  4.830  -9.285
17.440  5.000  4.758  -9.513
17.450  5.000  4.867  -9.608
17.460  5.000  4.776  -9.601
17.470  5.000  4.860  -9.393
17.480  5.000  4.795  -9.313
17.490  5.000  4.954  -9.485
17.500  5.000  4.814  -9.492
17.510  5.000  4.828  -9.344
17.520  5.000  4.906  -9.298
17.530  5.000  4.828  -9.066
17.540  5.000  4.925  -8.765
17.550  5.000  4.946  -8.609
17.560  5.000  4.899  -8.291
17.570  5.000  4.828  -7.807
17.580  5.000  5.124  -7.444
17.590  5.000  5.051  -7.208
17.600  5.000  5.129  -7.128
17.610  5.000  5.015  -7.062
17.620  5.000  5.165  -6.885
17.630  5.000  4.937  -6.649
17.640  5.000  5.097  -6.333
17.650  5.000  4.978  -6.252
17.660  5.000  5.160  -6.355
17.670  5.000  5.038  -6.429
17.680  5.000  5.034  -6.240
17.690  5.000  5.245  -6.002
17.700  5.000  5.154  -5.810
17.710  5.000  5.149  -5.640
17.720  5.000  5.047  -5.663
17.730  5.000  5.166  -5.871
17.740  5.000  5.159  -6.120
17.750  5.000  5.166  -6.064
17.760  5.000  4.965  -6.026
17.770  5.000  5.089  -6.111
17.780  5.000  5.049  -6.250
17.790  5.000  5.135  -6.461
17.800  5.000  5.082  -6.589
17.810  5.000  4.884  -6.688
17.820  5.000  5.027  -6.868
17.830  5.000  4.951  -7.210
17.840  5.000  4.980  -7.563
17.850  5.000  4.940  -7.671
17.860  5.000  4.934  -7.902
17.870  5.000  4.956  -8.334
17.880  5.000  4.924  -8.610
17.890  5.000  4.964  -8.816
17.900  5.000  4.912  -8.858
17.910  5.000  4.971  -8.870
17.920  5.000  4.988  -9.061
17.930  5.000  4.964  -9.104
17.940  5.000  5.043  -9.162
17.950  5.000  4.883  -9.287
17.960  5.000  4.919  -9.412
17.970  5.000  4.981  -9.550
17.980  5.000  4.833  -9.379
17.990  5.000  4.894  -9.233
18.000  5.000  4.958  -9.274
18.010  5.000  4.931  -9.281
18.020  5.000  4.784  -9.013
18.030  6.500  4.950  -8.605
18.040  8.000  4.965  -8.224
18.050  9.500  5.436  -7.765
18.060  11.000  5.930  -6.801
18.070  12.500  7.262  -4.906
18.080  14.000  8.867  -2.056
18.090  15.500  9.259  2.097
18.100  17.000  12.052  7.249
18.110  18.500  14.185  13.424
18.120  20.000  15.659  21.027
18.130  20.000  18.291  29.098
18.140  20.000  19.514  37.715
18.150  20.000  20.994  46.930
18.160  20.000  21.450  56.405
18.170  20.000  21.470  66.337
18.180  20.000  22.547  75.503
18.190  20.000  22.789  83.866
18.200  20.000  22.865  92.376
18.210  20.000  22.733  100.516
18.220  20.000  22.095  108.136
18.230  20.000  21.197  115.755
18.240  20.000  21.596  122.997
18.250  20.000  20.353  129.559
18.260  20.000  20.983  135.835
18.270  20.000  20.898  142.154
18.280  20.000  20.258  147.821
18.290  20.000  19.311  152.776
18.300  20.000  17.875  157.429
18.310  20.000  16.860  161.621
18.320  20.000  17.772  165.760
18.330  20.000  18.692  170.842
18.340  20.000  20.027  176.686
18.350  20.000  21.006  182.399
18.360  20.000  20.756  187.703
18.370  20.000  20.835  192.550
18.380  20.000  20.326  197.399
18.390  20.000  20.008  202.283
18.400  20.000  20.201  207.001
18.410  20.000  20.479  211.665
18.420  20.000  20.447  216.138
18.430  20.000  20.471  220.282
18.440  20.000  20.259  224.231
18.450  20.000  20.389  228.019
18.460  20.000  20.310  231.698
18.470  20.000  20.145  235.386
18.480  20.000  20.024  238.942
18.490  20.000  20.569  242.333
18.500  20.000  20.331  245.592
18.510  20.000  20.300  248.548
18.520  20.000  20.346  251.401
18.530  20.000  20.220  254.355
18.540  20.000  20.121  257.538
18.550  20.000  20.553  260.503
18.560  20.000  20.445  263.245
18.570  20.000  20.784  265.860
18.580  20.000  20.702  268.187
18.590  20.000  20.842  270.289
18.600  20.000  20.396  272.147
18.610  20.000  19.949  274.060
18.620  20.000  20.294  275.824
18.630  20.000  20.351  277.349
18.640  20.000  20.425  278.869
18.650  20.000  20.378  280.378
18.660  20.000  20.120  281.859
18.670  20.000  20.646  283.440
18.680  20.000  20.385  285.250
18.690  20.000  20.270  286.982
18.700  20.000  20.576  288.432
18.710  20.000  20.504  289.761
18.720  20.000  20.347  290.990
18.730  20.000  20.068  292.096
18.740  20.000  20.153  293.003
18.750  20.000  20.433  293.734
18.760  20.000  20.296  294.413
18.770  20.000  20.130  295.042
18.780  20.000  20.110  295.469
18.790  20.000  20.170  295.698
18.800  20.000  20.491  295.903
18.810  20.000  20.056  296.085
18.820  20.000  20.142  296.216
18.830  20.000  20.226  296.225
18.840  20.000  20.315  296.168
18.850  20.000  19.987  296.066
18.860  20.000  20.094  295.941
18.870  20.000  20.030  295.681
18.880  20.000  20.086  295.235
18.890  20.000  20.283  294.794
18.900  20.000  19.948  294.458
18.910  20.000  19.999  294.193
18.920  20.000  20.036  293.897
18.930  20.000  19.847  293.664
18.940  20.000  19.805  293.423
18.950  20.000  19.681  293.197
18.960  20.000  19.911  293.019
18.970  20.000  19.522  292.969
18.980  20.000  20.025  292.990
18.990  20.000  20.051  292.948
19.000  20.000  19.792  293.043
19.010  20.000  19.810  293.283
19.020  20.000  19.747  293.465
19.030  5.000  19.853  293.647
19.040  5.000  19.288  293.593
19.050  5.000  16.808  291.993
19.060  5.000  13.441  287.232
19.070  5.000  12.574  281.294
19.080  5.000  11.549  275.142
19.090  5.000  11.569  268.583
19.100  5.000  10.918  262.944
19.110  5.000  10.655  257.123
19.120  5.000  10.460  250.912
19.130  5.000  10.217  244.621
19.140  5.000  9.998  238.753
19.150  5.000  9.808  233.010
19.160  5.000  9.704  226.980
19.170  5.000  9.407  221.047
19.180  5.000  9.199  215.481
19.190  5.000  9.057  209.899
19.200  5.000  8.746  204.113
19.210  5.000  8.608  198.881
19.220  5.000  8.418  193.973
19.230  5.000  8.134  188.643
19.240  5.000  8.026  183.446
19.250  5.000  7.844  178.578
19.260  5.000  7.754  173.153
19.270  5.000  7.598  168.203
19.280  5.000  7.431  163.311
19.290  5.000  7.224  157.855
19.300  5.000  7.006  152.985
19.310  5.000  6.967  148.614
19.320  5.000  6.761  143.815
19.330  5.000  6.741  138.747
19.340  5.000  6.547  134.220
19.350  5.000  6.335  129.591
19.360  5.000  6.283  124.864
19.370  5.000  6.128  120.220
19.380  5.000  6.115  115.830
19.390  5.000  6.002  111.479
19.400  5.000  5.860  107.301
19.410  5.000  5.725  103.320
19.420  5.000  5.647  98.764
19.430  5.000  5.467  94.104
19.440  5.000  5.396  89.415
19.450  5.000  5.200  85.131
19.460  5.000  5.157  81.399
19.470  5.000  4.963  77.273
19.480  5.000  4.754  72.812
19.490  5.000  4.837  68.883
19.500  5.000  4.666  65.378
19.510  5.000  4.576  61.519
19.520  5.000  4.549  57.827
19.530  5.000  4.439  54.195
19.540  5.000  4.339  50.506
19.550  5.000  4.303  47.320
19.560  5.000  4.182  44.118
19.570  5.000  4.110  40.603
19.580  5.000  4.015  37.178
19.590  5.000  3.955  34.296
19.600  5.000  3.835  31.160
19.610  5.000  3.758  28.197
19.620  5.000  3.750  25.649
19.630  5.000  3.785  22.892
19.640  5.000  3.742  20.214
19.650  5.000  3.709  17.571
19.660  5.000  3.686  14.898
19.670  5.000  3.683  12.408
19.680  5.000  3.774  10.300
19.690  5.000  3.752  8.294
19.700  5.000  3.739  6.333
19.710  5.000  3.655  4.423
19.720  5.000  3.575  2.513
19.730  5.000  3.592  0.532
19.740  5.000  3.542  -1.239
19.750  5.000  3.672  -2.663
19.760  5.000  3.853  -4.009
19.770  5.000  3.977  -5.210
19.780  5.000  4.055  -6.309
19.790  5.000  4.080  -7.242
19.800  5.000  3.996  -8.195
19.810  5.000  3.958  -9.154
19.820  5.000  4.008  -9.849
19.830  5.000  4.332  -10.219
19.840  5.000  4.376  -10.209
19.850  5.000  4.284  -10.060
19.860  5.000  4.249  -9.916
19.870  5.000  4.401  -9.607
19.880  5.000  4.404  -8.958
19.890  5.000  4.491  -8.013
19.900  5.000  4.546  -7.040
19.910  5.000  4.431  -6.053
19.920  5.000  4.612  -5.175
19.930  5.000  4.650  -4.341
19.940  5.000  4.569  -3.419
19.950  5.000  4.714  -2.726
19.960  5.000  4.729  -2.025
19.970  5.000  4.661  -1.136
19.980  5.000  4.754  -0.331
19.990  5.000  5.004  0.377
20.000  5.000  5.051  1.074
20.010  5.000  5.104  1.737
20.020  5.000  5.135  2.367
20.030  5.000  5.126  3.055
20.040  5.000  4.920  3.954
20.050  5.000  4.948  4.974
20.060  5.000  5.104  5.950
20.070  5.000  5.404  6.656
20.080  5.000  5.029  7.255
20.090  5.000  5.377  7.918
20.100  5.000  5.099  8.522
20.110  5.000  5.194  9.159
20.120  5.000  5.310  9.750
20.130  5.000  5.227  10.337
20.140  5.000  5.482  10.797
20.150  5.000  5.447  11.232
20.160  5.000  5.397  11.803
20.170  5.000  5.363  12.461
20.180  5.000  5.545  13.216
20.190  5.000  5.292  13.951
20.200  5.000  5.244  14.506
20.210  5.000  5.375  14.827
20.220  5.000  5.295  15.023
20.230  5.000  5.451  15.240
20.240  5.000  5.186  15.584
20.250  5.000  5.244  15.720
20.260  5.000  5.287  15.587
20.270  5.000  5.374  15.431
20.280  5.000  5.298  15.143
20.290  5.000  5.057  14.826
20.300  5.000  5.082  14.541
20.310  5.000  5.136  14.088
20.320  5.000  5.074  13.601
20.330  5.000  5.119  12.988
20.340  5.000  5.003  12.381
20.350  5.000  4.916  11.905
20.360  5.000  5.021  11.311
20.370  5.000  4.903  10.635
20.380  5.000  4.980  9.994
20.390  5.000  4.956  9.264
20.400  5.000  4.800  8.494
20.410  5.000  4.810  7.928
20.420  5.000  4.768  7.495
20.430  5.000  4.851  7.093
20.440  5.000  4.805  6.700
20.450  5.000  4.756  6.680
20.460  5.000  4.801  6.802
20.470  5.000  4.764  6.948
20.480  5.000  4.878  7.071
20.490  5.000  4.931  6.953
20.500  5.000  4.950  6.745
20.510  5.000  4.785  6.724
20.520  5.000  4.831  6.966
20.530  5.000  4.830  7.310
20.540  5.000  4.836  7.575
20.550  5.000  4.921  7.811
20.560  5.000  4.918  8.207
20.570  5.000  4.811  8.573
20.580  5.000  4.852  8.982
20.590  5.000  5.106  9.465
20.600  5.000  5.092  9.881
20.610  5.000  5.050  10.293
20.620  5.000  4.937  10.685
20.630  5.000  4.998  10.988
20.640  5.000  4.997  11.253
20.650  5.000  5.021  11.394
20.660  5.000  5.137  11.552
20.670  5.000  5.020  11.805
20.680  5.000  5.128  11.927
20.690  5.000  4.999  11.960
20.700  5.000  4.968  12.278
20.710  5.000  5.165  12.556
20.720  5.000  5.185  12.659
20.730  5.000  5.077  12.791
20.740  5.000  4.980  12.767
20.750  5.000  5.098  12.782
20.760  5.000  5.195  12.767
20.770  5.000  4.963  12.754
20.780  5.000  5.163  12.847
20.790  5.000  5.180  12.883
20.800  5.000  5.184  12.875
20.810  5.000  4.945  12.964
20.820  5.000  4.980  13.002
20.830  5.000  5.188  12.977
20.840  5.000  5.055  13.053
20.850  5.000  5.069  12.979
20.860  5.000  4.936  12.849
20.870  5.000  4.992  12.836
20.880  5.000  5.032  12.722
20.890  5.000  4.957  12.646
20.900  5.000  4.980  12.653
20.910  5.000  4.919  12.551
20.920  5.000  4.936  12.444
20.930  5.000  5.024  12.417
20.940  5.000  5.042  12.482
20.950  5.000  4.884  12.451
20.960  5.000  4.998  12.184
20.970  5.000  4.961  12.009
20.980  5.000  4.926  11.976
20.990  5.000  5.041  11.940
21.000  5.000  4.822  11.939
21.010  5.000  4.859  11.948
21.020  5.000  4.978  11.897
21.030  5.000  4.968  12.031
21.040  6.500  4.829  12.369
21.050  8.000  4.928  12.669
21.060  9.500  5.286  12.965
21.070  11.000  5.883  13.667
21.080  12.500  7.533  15.269
21.090  14.000  8.740  18.077
21.100  15.500  9.120  22.204
21.110  17.000  11.797  27.198
21.120  18.500  14.814  33.064
21.130  20.000  15.967  40.319
21.140  20.000  18.169  48.116
21.150  20.000  19.278  56.010
21.160  20.000  21.085  64.327
21.170  20.000  21.528  73.342
21.180  20.000  22.330  82.347
21.190  20.000  22.060  90.890
21.200  20.000  22.411  99.696
21.210  20.000  23.173  108.218
21.220  20.000  22.408  116.091
21.230  20.000  22.078  123.095
21.240  20.000  22.093  129.425
21.250  20.000  21.339  136.196
21.260  20.000  21.161  142.987
21.270  20.000  20.782  149.418
21.280  20.000  20.259  155.597
21.290  20.000  20.051  160.992
21.300  20.000  18.533  166.012
21.310  20.000  17.824  170.179
