# covent_pc_3
# Captured 2020-06-19 23:00:15.021496 by unknown user
# Built at revision b0450af (dirty)
time(sec)  pc_setpoint  pressure  volume
0.000  5.000  3.468  -25.737
0.010  5.000  3.686  -25.403
0.020  5.000  4.256  -24.612
0.030  5.000  4.430  -23.569
0.040  5.000  3.902  -22.445
0.050  5.000  3.733  -21.250
0.060  5.000  3.863  -19.714
0.070  5.000  4.433  -17.639
0.080  5.000  5.113  -15.150
0.090  5.000  5.194  -12.772
0.100  5.000  4.778  -10.544
0.110  5.000  4.594  -8.088
0.120  5.000  4.874  -5.444
0.130  5.000  5.389  -3.025
0.140  5.000  5.492  -0.784
0.150  5.000  5.070  1.569
0.160  5.000  5.144  3.735
0.170  5.000  5.357  5.564
0.180  5.000  5.670  7.155
0.190  5.000  5.302  8.737
0.200  5.000  5.283  9.959
0.210  5.000  5.264  10.899
0.220  5.000  5.614  11.677
0.230  5.000  5.783  12.190
0.240  5.000  5.650  12.746
0.250  5.000  5.826  13.282
0.260  5.000  5.940  13.760
0.270  5.000  5.677  14.122
0.280  5.000  5.230  14.197
0.290  5.000  5.350  13.891
0.300  5.000  5.589  13.237
0.310  5.000  5.758  12.380
0.320  5.000  5.260  11.274
0.330  5.000  5.164  10.061
0.340  5.000  5.193  8.810
0.350  5.000  5.304  7.466
0.360  5.000  5.154  6.206
0.370  5.000  5.004  4.931
0.380  5.000  4.975  3.703
0.390  5.000  4.930  2.704
0.400  5.000  5.002  1.627
0.410  5.000  4.856  0.485
0.420  5.000  4.853  -0.489
0.430  5.000  4.762  -1.488
0.440  5.000  4.773  -2.741
0.450  5.000  4.753  -3.990
0.460  5.000  4.559  -5.093
0.470  5.000  4.675  -6.075
0.480  5.000  4.733  -6.912
0.490  5.000  4.722  -7.587
0.500  5.000  4.641  -7.970
0.510  5.000  4.514  -8.218
0.520  5.000  4.687  -8.384
0.530  5.000  4.887  -8.377
0.540  5.000  4.795  -8.187
0.550  5.000  4.626  -7.952
0.560  5.000  4.468  -7.508
0.570  5.000  4.809  -6.920
0.580  5.000  4.984  -6.303
0.590  5.000  4.891  -5.554
0.600  5.000  4.836  -4.849
0.610  5.000  4.770  -4.278
0.620  5.000  4.967  -3.689
0.630  5.000  4.917  -3.003
0.640  5.000  4.914  -2.166
0.650  5.000  5.073  -1.305
0.660  5.000  4.958  -0.451
0.670  5.000  4.966  0.393
0.680  5.000  5.282  1.186
0.690  5.000  5.103  1.902
0.700  5.000  5.389  2.436
0.710  5.000  5.426  2.909
0.720  5.000  5.339  3.476
0.730  5.000  5.087  4.057
0.740  5.000  5.203  4.459
0.750  5.000  5.185  4.809
0.760  5.000  5.246  4.970
0.770  5.000  5.376  4.978
0.780  5.000  5.185  4.985
0.790  5.000  5.182  4.785
0.800  5.000  5.162  4.610
0.810  5.000  5.117  4.346
0.820  5.000  5.092  3.806
0.830  5.000  4.989  3.214
0.840  5.000  5.095  2.474
0.850  5.000  5.043  1.698
0.860  5.000  5.061  1.087
0.870  5.000  4.865  0.564
0.880  5.000  5.073  -0.159
0.890  5.000  5.077  -0.857
0.900  5.000  4.948  -1.536
0.910  5.000  4.790  -2.225
0.920  5.000  4.866  -2.792
0.930  5.000  4.835  -3.367
0.940  5.000  5.015  -3.797
0.950  5.000  4.685  -4.066
0.960  5.000  4.772  -4.183
0.970  5.000  4.952  -4.413
0.980  5.000  4.832  -4.622
0.990  5.000  4.811  -4.681
1.000  5.000  4.876  -4.632
1.010  5.000  4.925  -4.618
1.020  5.000  4.949  -4.605
1.030  5.000  4.888  -4.444
1.040  5.000  4.781  -4.128
1.050  7.500  5.054  -3.730
1.060  10.000  5.000  -3.150
1.070  12.500  5.252  -1.776
1.080  15.000  7.993  0.386
1.090  17.500  10.665  3.428
1.100  20.000  11.612  8.358
1.110  22.500  11.372  15.979
1.120  25.000  12.551  25.494
1.130  27.500  14.379  35.234
1.140  30.000  14.894  45.173
1.150  30.000  15.186  55.539
1.160  30.000  16.035  65.579
1.170  30.000  14.670  76.854
1.180  30.000  15.536  88.693
1.190  30.000  16.656  99.138
1.200  30.000  16.867  109.799
1.210  30.000  17.120  120.664
1.220  30.000  17.297  130.906
1.230  30.000  18.820  140.702
1.240  30.000  18.647  149.909
1.250  30.000  19.778  158.755
1.260  30.000  19.306  167.532
1.270  30.000  19.473  176.689
1.280  30.000  20.014  186.476
1.290  30.000  20.256  195.792
1.300  30.000  20.438  204.114
1.310  30.000  20.825  212.479
1.320  30.000  21.748  220.930
1.330  30.000  21.352  229.216
1.340  30.000  22.342  237.642
1.350  30.000  22.047  246.072
1.360  30.000  22.559  254.468
1.370  30.000  23.497  262.363
1.380  30.000  23.481  269.772
1.390  30.000  23.547  277.472
1.400  30.000  24.622  284.967
1.410  30.000  24.352  292.170
1.420  30.000  24.317  299.793
1.430  30.000  25.439  307.399
1.440  30.000  25.257  314.837
1.450  30.000  25.472  322.044
1.460  30.000  26.311  328.807
1.470  30.000  26.402  335.604
1.480  30.000  26.171  342.639
1.490  30.000  26.773  349.436
1.500  30.000  27.329  356.124
1.510  30.000  26.860  363.157
1.520  30.000  27.205  370.235
1.530  30.000  28.111  376.965
1.540  30.000  28.030  383.557
1.550  30.000  28.112  390.085
1.560  30.000  28.445  396.359
1.570  30.000  29.009  402.552
1.580  30.000  29.398  408.727
1.590  30.000  29.362  414.941
1.600  30.000  29.770  421.156
1.610  30.000  30.192  427.095
1.620  30.000  30.219  432.693
1.630  30.000  30.712  438.073
1.640  30.000  30.509  443.610
1.650  30.000  31.303  449.111
1.660  30.000  31.838  454.024
1.670  30.000  31.191  458.963
1.680  30.000  31.350  464.069
1.690  30.000  31.612  468.962
1.700  30.000  31.631  473.574
1.710  30.000  30.985  478.258
1.720  30.000  31.252  482.933
1.730  30.000  31.712  486.836
1.740  30.000  31.167  490.265
1.750  30.000  31.674  493.506
1.760  30.000  31.570  496.437
1.770  30.000  32.026  499.171
1.780  30.000  31.117  501.538
1.790  30.000  30.216  503.354
1.800  30.000  29.895  504.552
1.810  30.000  29.700  504.958
1.820  30.000  28.956  504.350
1.830  30.000  30.089  502.965
1.840  30.000  30.590  501.460
1.850  30.000  31.085  499.817
1.860  30.000  30.104  497.807
1.870  30.000  29.455  495.464
1.880  30.000  29.811  493.229
1.890  30.000  29.924  491.213
1.900  30.000  30.256  489.257
1.910  30.000  29.802  487.319
1.920  30.000  29.373  485.304
1.930  30.000  29.591  483.369
1.940  30.000  29.814  481.688
1.950  30.000  30.144  480.280
1.960  30.000  29.531  478.916
1.970  30.000  29.219  477.670
1.980  30.000  29.590  476.793
1.990  30.000  29.889  476.286
2.000  30.000  29.847  475.915
2.010  30.000  29.152  475.594
2.020  30.000  28.924  475.374
2.030  30.000  29.212  475.211
2.040  30.000  29.667  475.215
2.050  5.000  29.995  475.409
2.060  5.000  29.759  475.627
2.070  5.000  26.253  474.606
2.080  5.000  21.522  470.368
2.090  5.000  20.057  463.976
2.100  5.000  19.566  455.895
2.110  5.000  21.191  447.362
2.120  5.000  20.824  439.087
2.130  5.000  20.472  430.416
2.140  5.000  19.823  421.938
2.150  5.000  19.395  413.452
2.160  5.000  19.246  404.990
2.170  5.000  18.656  396.503
2.180  5.000  18.436  388.651
2.190  5.000  18.070  380.698
2.200  5.000  17.807  373.012
2.210  5.000  17.545  365.412
2.220  5.000  17.072  356.873
2.230  5.000  16.847  349.099
2.240  5.000  16.413  342.036
2.250  5.000  16.252  335.091
2.260  5.000  15.826  327.968
2.270  5.000  15.559  320.185
2.280  5.000  15.279  312.941
2.290  5.000  15.031  305.725
2.300  5.000  14.793  298.076
2.310  5.000  14.618  291.354
2.320  5.000  14.183  284.561
2.330  5.000  13.919  277.100
2.340  5.000  13.636  270.360
2.350  5.000  13.376  263.780
2.360  5.000  13.157  256.545
2.370  5.000  12.886  249.915
2.380  5.000  12.729  244.054
2.390  5.000  12.322  237.524
2.400  5.000  12.169  230.573
2.410  5.000  11.962  223.625
2.420  5.000  11.801  217.350
2.430  5.000  11.442  211.396
2.440  5.000  11.235  205.350
2.450  5.000  11.033  199.176
2.460  5.000  10.790  193.167
2.470  5.000  10.520  187.757
2.480  5.000  10.314  181.854
2.490  5.000  10.198  175.549
2.500  5.000  9.964  169.823
2.510  5.000  9.648  164.073
2.520  5.000  9.471  158.296
2.530  5.000  9.296  152.638
2.540  5.000  9.016  147.031
2.550  5.000  8.925  141.443
2.560  5.000  8.642  135.778
2.570  5.000  8.509  130.725
2.580  5.000  8.267  125.759
2.590  5.000  8.098  120.598
2.600  5.000  7.945  115.651
2.610  5.000  7.781  110.570
2.620  5.000  7.565  105.539
2.630  5.000  7.323  100.514
2.640  5.000  7.242  95.303
2.650  5.000  7.055  90.358
2.660  5.000  6.751  85.302
2.670  5.000  6.637  80.278
2.680  5.000  6.529  75.380
2.690  5.000  6.342  70.523
2.700  5.000  6.249  66.045
2.710  5.000  6.014  61.583
2.720  5.000  5.862  56.987
2.730  5.000  5.652  52.407
2.740  5.000  5.500  48.091
2.750  5.000  5.315  44.286
2.760  5.000  5.162  40.176
2.770  5.000  5.057  36.070
2.780  5.000  4.851  32.031
2.790  5.000  4.729  27.622
2.800  5.000  4.638  23.277
2.810  5.000  4.539  19.088
2.820  5.000  4.384  15.426
2.830  5.000  4.273  11.903
2.840  5.000  4.183  7.994
2.850  5.000  4.065  4.468
2.860  5.000  3.999  1.429
2.870  5.000  3.801  -1.494
2.880  5.000  3.725  -4.273
2.890  5.000  3.707  -7.072
2.900  5.000  3.621  -9.746
2.910  5.000  3.592  -12.245
2.920  5.000  3.572  -14.690
2.930  5.000  3.641  -16.798
2.940  5.000  3.561  -18.660
2.950  5.000  3.416  -20.449
2.960  5.000  3.272  -22.167
2.970  5.000  3.339  -23.447
2.980  5.000  3.660  -24.385
2.990  5.000  3.830  -25.101
3.000  5.000  3.610  -25.590
3.010  5.000  3.466  -25.831
3.020  5.000  3.702  -25.393
3.030  5.000  4.317  -24.405
3.040  5.000  4.434  -23.264
3.050  5.000  3.929  -22.121
3.060  5.000  3.435  -20.756
3.070  5.000  4.062  -19.085
3.080  5.000  4.690  -17.031
3.090  5.000  5.172  -14.721
3.100  5.000  4.943  -12.398
3.110  5.000  4.619  -9.993
3.120  5.000  4.821  -7.484
3.130  5.000  4.993  -4.537
3.140  5.000  5.269  -1.505
3.150  5.000  5.186  1.306
3.160  5.000  5.085  4.106
3.170  5.000  5.358  6.659
3.180  5.000  5.650  8.768
3.190  5.000  5.472  10.484
3.200  5.000  5.264  11.929
3.210  5.000  5.351  13.141
3.220  5.000  5.534  14.199
3.230  5.000  5.596  14.970
3.240  5.000  5.680  15.351
3.250  5.000  5.818  15.758
3.260  5.000  5.819  16.425
3.270  5.000  5.953  16.989
3.280  5.000  5.650  17.264
3.290  5.000  5.145  17.192
3.300  5.000  5.179  16.904
3.310  5.000  5.447  16.481
3.320  5.000  5.720  15.852
3.330  5.000  5.522  14.842
3.340  5.000  5.128  13.614
3.350  5.000  5.117  12.485
3.360  5.000  5.259  11.334
3.370  5.000  5.303  10.076
3.380  5.000  5.133  8.870
3.390  5.000  5.071  7.694
3.400  5.000  4.975  6.452
3.410  5.000  4.807  5.369
3.420  5.000  4.849  4.134
3.430  5.000  4.888  2.794
3.440  5.000  4.712  1.705
3.450  5.000  4.776  0.596
3.460  5.000  4.628  -0.642
3.470  5.000  4.600  -1.692
3.480  5.000  4.591  -2.551
3.490  5.000  4.833  -3.477
3.500  5.000  4.846  -4.260
3.510  5.000  4.546  -4.734
3.520  5.000  4.549  -4.926
3.530  5.000  4.684  -4.925
3.540  5.000  4.843  -4.939
3.550  5.000  4.840  -4.897
3.560  5.000  4.602  -4.601
3.570  5.000  4.628  -4.038
3.580  5.000  4.905  -3.495
3.590  5.000  4.734  -2.800
3.600  5.000  4.787  -1.931
3.610  5.000  4.769  -1.133
3.620  5.000  4.878  -0.335
3.630  5.000  4.797  0.563
3.640  5.000  4.898  1.405
3.650  5.000  5.021  1.989
3.660  5.000  5.051  2.428
3.670  5.000  5.086  2.906
3.680  5.000  5.087  3.670
3.690  5.000  5.114  4.451
3.700  5.000  5.155  4.986
3.710  5.000  5.191  5.520
3.720  5.000  5.229  6.132
3.730  5.000  5.225  6.686
3.740  5.000  5.169  7.252
3.750  5.000  5.319  7.759
3.760  5.000  5.307  8.272
3.770  5.000  5.268  8.669
3.780  5.000  5.201  8.697
3.790  5.000  5.300  8.449
3.800  5.000  5.192  8.164
3.810  5.000  5.248  7.986
3.820  5.000  5.084  7.814
3.830  5.000  5.217  7.426
3.840  5.000  5.143  6.935
3.850  5.000  5.113  6.375
3.860  5.000  4.986  5.646
3.870  5.000  4.886  4.997
3.880  5.000  5.119  4.427
3.890  5.000  5.070  3.911
3.900  5.000  4.824  3.632
3.910  5.000  4.948  3.182
3.920  5.000  4.826  2.686
3.930  5.000  4.953  2.135
3.940  5.000  4.928  1.417
3.950  5.000  5.082  0.740
3.960  5.000  4.904  0.168
3.970  5.000  4.734  -0.158
3.980  5.000  4.799  -0.591
3.990  5.000  4.879  -0.955
4.000  5.000  4.865  -1.207
4.010  5.000  4.851  -1.387
4.020  5.000  4.720  -1.273
4.030  5.000  4.911  -1.070
4.040  5.000  4.784  -0.974
4.050  5.000  4.859  -0.767
4.060  7.500  4.637  -0.469
4.070  10.001  4.997  0.080
4.080  12.500  5.272  1.403
4.090  15.000  7.839  3.966
4.100  17.500  10.628  7.906
4.110  20.000  11.165  13.759
4.120  22.500  11.900  21.489
4.130  25.000  11.947  30.839
4.140  27.500  14.594  41.366
4.150  30.000  14.551  52.134
4.160  30.000  14.652  63.364
4.170  30.000  15.851  74.705
4.180  30.000  15.658  85.607
4.190  30.000  16.154  95.880
4.200  30.000  15.501  105.847
4.210  30.000  17.669  115.942
4.220  30.000  17.226  126.240
4.230  30.000  17.961  136.350
4.240  30.000  17.898  145.979
4.250  30.000  17.897  155.773
4.260  30.000  18.697  165.451
4.270  30.000  19.640  174.234
4.280  30.000  19.454  182.635
4.290  30.000  20.179  191.287
4.300  30.000  20.802  199.927
4.310  30.000  20.747  208.623
4.320  30.000  20.745  217.290
4.330  30.000  21.266  225.861
4.340  30.000  21.974  234.440
4.350  30.000  22.058  243.312
4.360  30.000  21.447  252.280
4.370  30.000  22.105  261.146
4.380  30.000  22.773  269.648
4.390  30.000  24.048  277.576
4.400  30.000  24.398  285.288
4.410  30.000  24.230  293.227
4.420  30.000  24.263  301.193
4.430  30.000  24.480  308.892
4.440  30.000  25.551  316.395
4.450  30.000  24.728  323.866
4.460  30.000  25.384  331.447
4.470  30.000  25.814  338.874
4.480  30.000  26.250  345.933
4.490  30.000  26.401  352.778
4.500  30.000  26.184  359.838
4.510  30.000  26.704  367.022
4.520  30.000  27.276  373.624
4.530  30.000  27.695  379.798
4.540  30.000  27.294  386.492
4.550  30.000  27.799  393.188
4.560  30.000  28.356  399.781
4.570  30.000  28.706  406.344
4.580  30.000  29.382  412.319
4.590  30.000  29.236  418.170
4.600  30.000  29.781  424.369
4.610  30.000  29.952  430.702
4.620  30.000  29.830  436.633
4.630  30.000  30.591  442.302
4.640  30.000  30.344  448.037
4.650  30.000  30.691  453.676
4.660  30.000  30.849  459.050
4.670  30.000  31.083  464.016
4.680  30.000  31.419  468.929
4.690  30.000  31.500  474.081
4.700  30.000  31.131  479.706
4.710  30.000  31.362  485.343
4.720  30.000  31.407  490.341
4.730  30.000  30.678  494.987
4.740  30.000  31.347  499.436
4.750  30.000  30.946  503.345
4.760  30.000  32.122  506.550
4.770  30.000  31.020  509.686
4.780  30.000  31.380  512.645
4.790  30.000  31.680  515.032
4.800  30.000  32.172  516.812
4.810  30.000  30.302  518.131
4.820  30.000  30.015  518.886
4.830  30.000  28.713  518.652
4.840  30.000  30.182  517.484
4.850  30.000  31.100  515.719
4.860  30.000  31.215  513.749
4.870  30.000  29.866  511.672
4.880  30.000  29.281  509.649
4.890  30.000  29.803  507.640
4.900  30.000  30.184  505.512
4.910  30.000  29.946  503.288
4.920  30.000  29.782  501.062
4.930  30.000  29.583  498.877
4.940  30.000  29.575  496.986
4.950  30.000  29.847  495.259
4.960  30.000  29.696  493.621
4.970  30.000  29.805  492.143
4.980  30.000  29.567  490.715
4.990  30.000  29.820  489.464
5.000  30.000  29.392  488.515
5.010  30.000  29.743  487.883
5.020  30.000  29.458  487.563
5.030  30.000  29.266  487.359
5.040  30.000  29.448  486.946
5.050  30.000  28.942  486.756
5.060  5.000  29.117  486.891
5.070  5.000  29.666  486.749
5.080  5.000  26.721  485.312
5.090  5.000  21.753  480.319
5.100  5.000  20.163  473.154
5.110  5.000  19.484  465.199
5.120  5.000  21.079  456.958
5.130  5.000  20.553  449.167
5.140  5.000  20.377  440.546
5.150  5.000  19.914  432.054
5.160  5.000  19.447  423.577
5.170  5.000  18.989  415.057
5.180  5.000  18.606  406.988
5.190  5.000  18.354  399.224
5.200  5.000  18.094  391.562
5.210  5.000  17.815  383.582
5.220  5.000  17.433  376.012
5.230  5.000  17.225  368.428
5.240  5.000  16.715  360.343
5.250  5.000  16.481  352.880
5.260  5.000  16.077  345.900
5.270  5.000  15.773  338.974
5.280  5.000  15.481  332.205
5.290  5.000  15.147  325.006
5.300  5.000  14.881  317.478
5.310  5.000  14.691  309.836
5.320  5.000  14.446  302.775
5.330  5.000  14.143  295.836
5.340  5.000  13.865  288.914
5.350  5.000  13.606  282.574
5.360  5.000  13.382  276.411
5.370  5.000  13.171  269.922
5.380  5.000  12.878  263.485
5.390  5.000  12.638  256.863
5.400  5.000  12.423  250.380
5.410  5.000  12.200  244.286
5.420  5.000  11.923  237.627
5.430  5.000  11.754  230.934
5.440  5.000  11.583  224.097
5.450  5.000  11.304  217.773
5.460  5.000  11.016  211.927
5.470  5.000  10.782  205.613
5.480  5.000  10.628  199.181
5.490  5.000  10.320  192.885
5.500  5.000  10.151  186.521
5.510  5.000  9.906  180.285
5.520  5.000  9.754  174.083
5.530  5.000  9.590  168.524
5.540  5.000  9.217  163.121
5.550  5.000  9.051  157.231
5.560  5.000  8.875  151.673
5.570  5.000  8.662  146.541
5.580  5.000  8.478  141.531
5.590  5.000  8.331  136.472
5.600  5.000  8.143  131.596
5.610  5.000  7.801  127.098
5.620  5.000  7.567  122.200
5.630  5.000  7.492  117.232
5.640  5.000  7.324  112.236
5.650  5.000  7.140  106.767
5.660  5.000  6.994  101.962
5.670  5.000  6.823  97.707
5.680  5.000  6.669  92.887
5.690  5.000  6.402  88.109
5.700  5.000  6.225  83.853
5.710  5.000  6.108  79.290
5.720  5.000  5.961  74.533
5.730  5.000  5.850  70.044
5.740  5.000  5.635  65.510
5.750  5.000  5.542  61.196
5.760  5.000  5.313  57.445
5.770  5.000  5.134  53.256
5.780  5.000  5.038  49.065
5.790  5.000  4.818  45.147
5.800  5.000  4.746  41.052
5.810  5.000  4.610  37.040
5.820  5.000  4.493  33.281
5.830  5.000  4.406  29.767
5.840  5.000  4.357  25.869
5.850  5.000  4.219  22.068
5.860  5.000  4.091  18.758
5.870  5.000  3.932  15.302
5.880  5.000  3.828  12.013
5.890  5.000  3.741  9.112
5.900  5.000  3.735  6.323
5.910  5.000  3.630  3.596
5.920  5.000  3.557  1.024
5.930  5.000  3.555  -1.507
5.940  5.000  3.592  -3.705
5.950  5.000  3.611  -5.544
5.960  5.000  3.495  -7.339
5.970  5.000  3.247  -9.095
5.980  5.000  3.320  -10.670
5.990  5.000  3.716  -11.744
6.000  5.000  3.806  -12.420
6.010  5.000  3.640  -12.920
6.020  5.000  3.405  -13.313
6.030  5.000  3.732  -13.149
6.040  5.000  4.407  -12.345
6.050  5.000  4.367  -11.153
6.060  5.000  3.791  -9.792
6.070  5.000  3.677  -8.773
6.080  5.000  3.862  -7.741
6.090  5.000  4.422  -5.946
6.100  5.000  5.280  -3.665
6.110  5.000  5.098  -1.371
6.120  5.000  4.280  1.038
6.130  5.000  4.561  3.467
6.140  5.000  5.392  5.833
6.150  5.000  5.287  8.443
6.160  5.000  5.489  11.049
6.170  5.000  5.321  13.376
6.180  5.000  5.120  15.654
6.190  5.000  5.332  18.008
6.200  5.000  5.431  20.119
6.210  5.000  5.488  21.832
6.220  5.000  5.320  23.227
6.230  5.000  5.391  24.288
6.240  5.000  5.559  24.995
6.250  5.000  5.717  25.471
6.260  5.000  5.825  25.910
6.270  5.000  5.841  26.423
6.280  5.000  5.969  26.836
6.290  5.000  5.714  26.986
6.300  5.000  5.253  26.998
6.310  5.000  5.099  26.918
6.320  5.000  5.629  26.499
6.330  5.000  5.708  25.676
6.340  5.000  5.386  24.633
6.350  5.000  5.065  23.431
6.360  5.000  5.151  22.263
6.370  5.000  5.288  21.231
6.380  5.000  5.277  20.224
6.390  5.000  5.154  18.998
6.400  5.000  5.018  17.688
6.410  5.000  4.907  16.498
6.420  5.000  4.907  15.153
6.430  5.000  4.923  13.795
6.440  5.000  4.846  12.636
6.450  5.000  4.782  11.676
6.460  5.000  4.677  10.716
6.470  5.000  4.624  9.680
6.480  5.000  4.552  8.676
6.490  5.000  4.768  7.656
6.500  5.000  4.785  6.971
6.510  5.000  4.731  6.380
6.520  5.000  4.686  5.769
6.530  5.000  4.659  5.226
6.540  5.000  4.588  4.966
6.550  5.000  4.751  5.118
6.560  5.000  4.867  5.352
6.570  5.000  4.657  5.721
6.580  5.000  4.497  6.272
6.590  5.000  4.614  6.976
6.600  5.000  4.990  7.723
6.610  5.000  4.983  8.639
6.620  5.000  4.622  9.739
6.630  5.000  4.694  10.796
6.640  5.000  4.607  11.736
6.650  5.000  4.988  12.495
6.660  5.000  4.752  13.330
6.670  5.000  5.124  14.046
6.680  5.000  5.044  14.587
6.690  5.000  5.227  15.217
6.700  5.000  4.919  15.935
6.710  5.000  5.121  16.638
6.720  5.000  5.134  17.305
6.730  5.000  5.202  18.098
6.740  5.000  5.244  18.717
6.750  5.000  5.188  19.250
6.760  5.000  5.218  19.926
6.770  5.000  5.282  20.589
6.780  5.000  5.133  21.062
6.790  5.000  5.285  21.249
6.800  5.000  5.363  21.392
6.810  5.000  5.297  21.669
6.820  5.000  5.165  21.810
6.830  5.000  5.166  21.713
6.840  5.000  5.312  21.430
6.850  5.000  5.260  21.301
6.860  5.000  5.141  21.090
6.870  5.000  5.162  20.602
6.880  5.000  5.169  20.108
6.890  5.000  5.188  19.580
6.900  5.000  5.195  18.863
6.910  5.000  4.991  17.943
6.920  5.000  4.921  17.247
6.930  5.000  5.007  16.538
6.940  5.000  5.011  15.650
6.950  5.000  4.870  14.921
6.960  5.000  4.807  14.291
6.970  5.000  4.829  13.717
6.980  5.000  4.902  13.307
6.990  5.000  4.760  12.926
7.000  5.000  4.782  12.451
7.010  5.000  4.797  11.970
7.020  5.000  4.971  11.772
7.030  5.000  4.789  11.851
7.040  5.000  4.673  11.919
7.050  5.000  4.834  12.087
7.060  5.000  4.926  12.302
7.070  7.500  4.952  12.524
7.080  10.001  4.753  13.122
7.090  12.500  5.204  14.428
7.100  15.000  7.933  16.616
7.110  17.500  10.563  19.807
7.120  20.000  11.548  24.714
7.130  22.500  11.837  31.787
7.140  25.000  11.647  41.195
7.150  27.501  13.947  51.379
7.160  30.000  14.269  62.037
7.170  30.000  15.299  73.275
7.180  30.000  15.021  84.223
7.190  30.000  16.244  95.145
7.200  30.000  15.629  105.871
7.210  30.000  16.810  116.218
7.220  30.000  17.095  126.573
7.230  30.000  17.365  136.827
7.240  30.000  18.061  146.165
7.250  30.000  17.872  155.657
7.260  30.000  19.189  165.550
7.270  30.000  19.072  175.104
7.280  30.000  18.681  184.336
7.290  30.000  20.497  193.171
7.300  30.000  19.175  202.607
7.310  30.000  20.021  212.106
7.320  30.000  21.291  220.438
7.330  30.000  21.042  228.697
7.340  30.000  20.571  237.270
7.350  30.000  21.646  245.934
7.360  30.000  21.826  254.534
7.370  30.000  21.915  262.961
7.380  30.000  22.511  271.074
7.390  30.000  23.626  278.711
7.400  30.000  22.978  286.764
7.410  30.000  23.266  294.984
7.420  30.000  23.998  302.679
7.430  30.000  23.892  310.459
7.440  30.000  24.092  318.343
7.450  30.000  25.820  325.204
7.460  30.000  24.886  331.926
7.470  30.000  25.092  339.131
7.480  30.000  26.083  345.871
7.490  30.000  25.743  352.858
7.500  30.000  25.981  360.064
7.510  30.000  26.514  367.258
7.520  30.000  26.843  374.271
7.530  30.000  27.395  380.848
7.540  30.000  27.648  387.167
7.550  30.000  27.915  393.599
7.560  30.000  27.832  400.281
7.570  30.000  29.083  406.397
7.580  30.000  28.521  412.279
7.590  30.000  28.927  418.819
7.600  30.000  28.913  425.394
7.610  30.000  29.180  431.326
7.620  30.000  29.931  437.109
7.630  30.000  29.977  443.098
7.640  30.000  30.231  449.016
7.650  30.000  30.520  454.608
7.660  30.000  30.475  459.966
7.670  30.000  30.607  465.568
7.680  30.000  31.290  470.938
7.690  30.000  31.614  475.906
7.700  30.000  31.381  480.921
7.710  30.000  31.335  486.048
7.720  30.000  31.893  490.926
7.730  30.000  31.166  495.265
7.740  30.000  31.317  499.671
7.750  30.000  30.975  503.983
7.760  30.000  31.931  507.640
7.770  30.000  31.274  511.009
7.780  30.000  30.930  514.573
7.790  30.000  30.833  517.971
7.800  30.000  31.577  520.800
7.810  30.000  31.376  523.159
7.820  30.000  30.391  525.017
7.830  30.000  30.608  525.809
7.840  30.000  30.032  525.248
7.850  30.000  29.490  523.785
7.860  30.000  30.410  521.816
7.870  30.000  31.000  519.769
7.880  30.000  30.436  517.653
7.890  30.000  30.028  515.382
7.900  30.000  29.871  513.006
7.910  30.000  29.799  510.596
7.920  30.000  29.753  508.249
7.930  30.000  29.795  505.881
7.940  30.000  29.736  503.713
7.950  30.000  29.344  501.651
7.960  30.000  29.764  499.709
7.970  30.000  29.597  498.131
7.980  30.000  29.319  496.709
7.990  30.000  29.958  495.494
8.000  30.000  29.267  494.587
8.010  30.000  29.874  493.846
8.020  30.000  29.276  493.205
8.030  30.000  29.791  492.653
8.040  30.000  29.290  492.273
8.050  30.000  29.233  491.972
8.060  30.000  29.044  491.647
8.070  5.000  29.248  491.485
8.080  5.000  30.270  491.395
8.090  5.000  26.754  490.222
8.100  5.000  21.871  485.925
8.110  5.000  19.895  479.278
8.120  5.000  19.380  471.212
8.130  5.000  20.974  462.824
8.140  5.000  20.750  454.486
8.150  5.000  20.287  445.983
8.160  5.000  19.800  438.206
8.170  5.000  19.481  429.839
8.180  5.000  18.900  421.175
8.190  5.000  18.521  412.632
8.200  5.000  18.239  404.090
8.210  5.000  17.986  395.542
8.220  5.000  17.721  387.575
8.230  5.000  17.319  380.374
8.240  5.000  17.026  372.586
8.250  5.000  16.800  364.248
8.260  5.000  16.375  356.634
8.270  5.000  16.122  349.439
8.280  5.000  15.869  342.232
8.290  5.000  15.584  334.817
8.300  5.000  15.295  327.631
8.310  5.000  14.905  320.445
8.320  5.000  14.757  313.341
8.330  5.000  14.469  306.360
8.340  5.000  14.326  298.994
8.350  5.000  14.038  292.471
8.360  5.000  14.001  285.414
8.370  5.000  13.544  278.474
8.380  5.000  13.245  271.692
8.390  5.000  12.956  264.223
8.400  5.000  12.734  257.666
8.410  5.000  12.464  251.325
8.420  5.000  12.215  244.506
8.430  5.000  12.020  237.948
8.440  5.000  11.832  231.541
8.450  5.000  11.580  225.294
8.460  5.000  11.218  219.207
8.470  5.000  11.038  212.829
8.480  5.000  10.879  206.301
8.490  5.000  10.628  199.734
8.500  5.000  10.344  193.420
8.510  5.000  10.272  187.142
8.520  5.000  10.051  181.096
8.530  5.000  9.719  175.468
8.540  5.000  9.634  169.759
8.550  5.000  9.384  164.275
8.560  5.000  9.106  158.643
8.570  5.000  8.890  152.632
8.580  5.000  8.713  147.141
8.590  5.000  8.602  141.621
8.600  5.000  8.474  136.136
8.610  5.000  8.232  131.155
8.620  5.000  7.951  126.274
8.630  5.000  7.778  120.763
8.640  5.000  7.579  115.443
8.650  5.000  7.335  110.811
8.660  5.000  7.103  105.785
8.670  5.000  7.011  100.896
8.680  5.000  6.861  96.255
8.690  5.000  6.615  91.321
8.700  5.000  6.423  86.596
8.710  5.000  6.250  81.858
8.720  5.000  6.059  76.865
8.730  5.000  5.940  72.170
8.740  5.000  5.827  67.482
8.750  5.000  5.622  62.779
8.760  5.000  5.411  58.196
8.770  5.000  5.324  53.839
8.780  5.000  5.156  49.770
8.790  5.000  4.990  45.543
8.800  5.000  4.838  41.394
8.810  5.000  4.794  37.689
8.820  5.000  4.677  34.008
8.830  5.000  4.462  30.146
8.840  5.000  4.423  26.171
8.850  5.000  4.281  22.185
8.860  5.000  4.199  18.543
8.870  5.000  4.092  15.300
8.880  5.000  3.935  12.150
8.890  5.000  3.831  9.202
8.900  5.000  3.735  6.458
8.910  5.000  3.714  3.534
8.920  5.000  3.619  0.671
8.930  5.000  3.551  -2.101
8.940  5.000  3.583  -4.667
8.950  5.000  3.599  -6.884
8.960  5.000  3.575  -8.941
8.970  5.000  3.481  -10.773
8.980  5.000  3.305  -12.568
8.990  5.000  3.383  -13.978
9.000  5.000  3.634  -14.913
9.010  5.000  3.916  -15.833
9.020  5.000  3.779  -16.852
9.030  5.000  3.433  -17.428
9.040  5.000  3.669  -17.200
9.050  5.000  4.268  -16.264
9.060  5.000  4.442  -15.019
9.070  5.000  4.037  -13.746
9.080  5.000  3.620  -12.567
9.090  5.000  3.645  -11.172
9.100  5.000  4.225  -9.072
9.110  5.000  5.150  -6.545
9.120  5.000  5.205  -4.262
9.130  5.000  5.006  -2.292
9.140  5.000  4.539  -0.043
9.150  5.000  5.023  2.177
9.160  5.000  5.324  4.338
9.170  5.000  5.473  6.686
9.180  5.000  5.106  8.977
9.190  5.000  5.356  11.080
9.200  5.000  5.309  12.801
9.210  5.000  5.579  14.227
9.220  5.000  5.443  15.550
9.230  5.000  5.248  16.708
9.240  5.000  5.457  17.387
9.250  5.000  5.593  17.826
9.260  5.000  5.848  18.330
9.270  5.000  5.691  18.821
9.280  5.000  5.761  19.373
9.290  5.000  5.811  19.718
9.300  5.000  5.587  19.732
9.310  5.000  5.201  19.434
9.320  5.000  5.157  18.935
9.330  5.000  5.455  18.452
9.340  5.000  5.623  17.751
9.350  5.000  5.358  16.804
9.360  5.000  5.028  15.800
9.370  5.000  4.955  14.887
9.380  5.000  5.166  13.938
9.390  5.000  5.278  12.682
9.400  5.000  5.082  11.309
9.410  5.000  4.995  10.069
9.420  5.000  5.015  8.674
9.430  5.000  4.917  7.278
9.440  5.000  4.820  6.205
9.450  5.000  4.858  5.130
9.460  5.000  4.808  3.991
9.470  5.000  4.756  3.025
9.480  5.000  4.674  2.158
9.490  5.000  4.769  1.261
9.500  5.000  4.686  0.545
9.510  5.000  4.793  -0.118
9.520  5.000  4.790  -0.793
9.530  5.000  4.725  -1.262
9.540  5.000  4.581  -1.513
9.550  5.000  4.778  -1.735
9.560  5.000  4.757  -1.718
9.570  5.000  4.852  -1.507
9.580  5.000  4.695  -1.266
9.590  5.000  4.558  -0.906
9.600  5.000  4.864  -0.588
9.610  5.000  4.764  0.015
9.620  5.000  5.011  0.803
9.630  5.000  4.825  1.407
9.640  5.000  4.866  1.909
9.650  5.000  4.929  2.533
9.660  5.000  4.897  3.193
9.670  5.000  4.997  3.648
9.680  5.000  4.974  4.136
9.690  5.000  5.209  4.592
9.700  5.000  4.943  5.135
9.710  5.000  5.194  5.845
9.720  5.000  5.055  6.401
9.730  5.000  5.321  6.775
9.740  5.000  5.212  7.187
9.750  5.000  4.949  7.773
9.760  5.000  5.163  8.146
9.770  5.000  5.234  8.347
9.780  5.000  5.249  8.618
9.790  5.000  5.190  8.929
9.800  5.000  5.211  9.111
9.810  5.000  5.289  9.053
9.820  5.000  5.294  8.935
9.830  5.000  5.248  8.836
9.840  5.000  5.059  8.768
9.850  5.000  5.046  8.564
9.860  5.000  5.109  8.251
9.870  5.000  5.198  7.850
9.880  5.000  5.245  7.162
9.890  5.000  5.101  6.424
9.900  5.000  5.065  5.644
9.910  5.000  4.964  4.811
9.920  5.000  5.030  4.166
9.930  5.000  4.953  3.296
9.940  5.000  4.884  2.379
9.950  5.000  4.930  1.701
9.960  5.000  4.901  1.044
9.970  5.000  4.902  0.444
9.980  5.000  4.815  -0.140
9.990  5.000  4.737  -0.503
10.000  5.000  4.737  -0.633
10.010  5.000  4.995  -0.787
10.020  5.000  4.866  -1.098
10.030  5.000  4.719  -1.192
10.040  5.000  4.839  -1.133
10.050  5.000  5.027  -1.118
10.060  5.000  4.963  -1.131
10.070  5.000  4.716  -0.993
10.080  7.501  4.714  -0.509
10.090  10.001  4.765  0.081
10.100  12.500  5.541  1.278
10.110  15.000  8.003  3.665
10.120  17.500  10.762  7.335
10.130  20.000  11.309  13.049
10.140  22.500  11.591  20.845
10.150  25.000  12.354  29.880
10.160  27.500  13.857  39.983
10.170  30.000  14.818  50.705
10.180  30.000  14.976  61.830
10.190  30.000  15.666  73.056
10.200  30.000  15.956  84.212
10.210  30.000  16.866  94.741
10.220  30.000  17.341  104.462
10.230  30.000  16.606  114.678
10.240  30.000  18.115  124.635
10.250  30.000  17.344  134.350
10.260  30.000  18.391  144.500
10.270  30.000  18.139  154.670
10.280  30.000  18.920  164.361
10.290  30.000  18.362  173.987
10.300  30.000  20.304  183.313
10.310  30.000  19.989  191.942
10.320  30.000  20.363  200.848
10.330  30.000  21.088  209.784
10.340  30.000  21.094  218.308
10.350  30.000  21.541  226.482
10.360  30.000  21.403  234.870
10.370  30.000  22.119  243.175
10.380  30.000  22.086  251.268
10.390  30.000  22.660  259.234
10.400  30.000  22.892  266.909
10.410  30.000  23.323  274.771
10.420  30.000  23.550  282.998
10.430  30.000  24.090  291.118
10.440  30.000  23.991  298.919
10.450  30.000  23.852  306.694
10.460  30.000  25.394  314.265
10.470  30.000  25.133  322.149
10.480  30.000  25.187  330.023
10.490  30.000  26.166  336.954
10.500  30.000  26.263  343.644
10.510  30.000  26.236  350.488
10.520  30.000  26.580  357.423
10.530  30.000  27.378  363.954
10.540  30.000  26.993  370.490
10.550  30.000  27.610  377.336
10.560  30.000  27.952  384.064
10.570  30.000  28.083  390.624
10.580  30.000  28.019  397.216
10.590  30.000  28.516  403.935
10.600  30.000  29.121  410.489
10.610  30.000  29.232  416.834
10.620  30.000  29.160  422.985
10.630  30.000  29.607  429.165
10.640  30.000  28.762  435.639
10.650  30.000  29.988  441.711
10.660  30.000  30.647  447.551
10.670  30.000  30.153  453.866
10.680  30.000  30.955  459.830
10.690  30.000  30.685  465.571
10.700  30.000  31.349  471.161
10.710  30.000  31.902  476.231
10.720  30.000  31.795  481.365
10.730  30.000  31.517  486.429
10.740  30.000  31.699  490.994
10.750  30.000  30.802  495.525
10.760  30.000  31.974  499.764
10.770  30.000  31.232  503.592
10.780  30.000  31.933  507.242
10.790  30.000  31.925  510.492
10.800  30.000  31.970  513.458
10.810  30.000  31.852  516.036
10.820  30.000  30.890  518.208
10.830  30.000  31.058  519.861
10.840  30.000  30.338  520.688
10.850  30.000  29.514  520.670
10.860  30.000  29.717  519.559
10.870  30.000  28.981  517.465
10.880  30.000  30.335  515.018
10.890  30.000  30.512  512.393
10.900  30.000  30.500  509.875
10.910  30.000  29.803  507.441
10.920  30.000  29.613  504.874
10.930  30.000  29.503  502.387
10.940  30.000  29.979  499.915
10.950  30.000  29.883  497.522
10.960  30.000  29.271  495.242
10.970  30.000  29.591  493.105
10.980  30.000  29.404  491.128
10.990  30.000  29.835  489.254
11.000  30.000  29.506  487.621
11.010  30.000  29.741  486.109
11.020  30.000  29.583  484.777
11.030  30.000  29.821  483.692
11.040  30.000  29.024  483.012
11.050  30.000  29.309  482.557
11.060  30.000  29.183  482.116
11.070  30.000  29.165  481.843
11.080  5.000  28.799  481.653
11.090  5.000  29.347  481.319
11.100  5.000  26.308  479.761
11.110  5.000  21.329  473.836
11.120  5.000  20.263  466.056
11.130  5.000  19.451  458.210
11.140  5.000  20.939  449.872
11.150  5.000  20.601  442.352
11.160  5.000  20.151  434.426
11.170  5.000  19.764  426.523
11.180  5.000  19.221  418.182
11.190  5.000  18.636  410.133
11.200  5.000  18.326  402.250
11.210  5.000  18.131  393.758
11.220  5.000  17.725  385.814
11.230  5.000  17.627  378.042
11.240  5.000  17.166  369.803
11.250  5.000  17.010  362.100
11.260  5.000  16.535  354.572
11.270  5.000  16.184  346.535
11.280  5.000  15.874  338.702
11.290  5.000  15.708  331.009
11.300  5.000  15.429  323.261
11.310  5.000  15.117  316.125
11.320  5.000  14.860  309.565
11.330  5.000  14.487  302.934
11.340  5.000  14.299  296.231
11.350  5.000  14.048  289.059
11.360  5.000  13.963  281.769
11.370  5.000  13.510  274.543
11.380  5.000  13.127  267.863
11.390  5.000  13.098  261.259
11.400  5.000  12.745  254.533
11.410  5.000  12.691  247.934
11.420  5.000  12.325  241.506
11.430  5.000  11.990  235.095
11.440  5.000  11.719  228.275
11.450  5.000  11.550  222.143
11.460  5.000  11.277  215.932
11.470  5.000  11.061  209.697
11.480  5.000  10.904  203.671
11.490  5.000  10.738  197.693
11.500  5.000  10.567  192.072
11.510  5.000  10.305  185.981
11.520  5.000  10.162  180.024
11.530  5.000  9.880  174.076
11.540  5.000  9.628  168.337
11.550  5.000  9.323  163.088
11.560  5.000  9.162  157.606
11.570  5.000  9.026  152.102
11.580  5.000  8.848  146.880
11.590  5.000  8.541  141.840
11.600  5.000  8.447  136.316
11.610  5.000  8.120  130.955
11.620  5.000  7.900  125.792
11.630  5.000  7.862  120.383
11.640  5.000  7.689  115.258
11.650  5.000  7.565  110.364
11.660  5.000  7.232  105.648
11.670  5.000  7.131  100.778
11.680  5.000  6.891  95.623
11.690  5.000  6.754  90.940
11.700  5.000  6.610  86.295
11.710  5.000  6.354  81.328
11.720  5.000  6.203  76.461
11.730  5.000  6.061  71.590
11.740  5.000  5.843  67.104
11.750  5.000  5.729  62.709
11.760  5.000  5.580  58.248
11.770  5.000  5.427  54.072
11.780  5.000  5.235  50.025
11.790  5.000  5.113  45.868
11.800  5.000  4.932  41.775
11.810  5.000  4.770  37.633
11.820  5.000  4.728  33.573
11.830  5.000  4.640  29.917
11.840  5.000  4.411  25.959
11.850  5.000  4.328  22.038
11.860  5.000  4.202  18.257
11.870  5.000  4.180  14.452
11.880  5.000  3.989  11.192
11.890  5.000  3.893  7.899
11.900  5.000  3.816  4.661
11.910  5.000  3.752  1.824
11.920  5.000  3.663  -0.877
11.930  5.000  3.613  -3.825
11.940  5.000  3.573  -6.659
11.950  5.000  3.620  -9.050
11.960  5.000  3.619  -11.327
11.970  5.000  3.518  -13.189
11.980  5.000  3.324  -15.117
11.990  5.000  3.262  -17.020
12.000  5.000  3.547  -18.436
12.010  5.000  3.790  -19.437
12.020  5.000  3.851  -20.242
12.030  5.000  3.676  -20.859
12.040  5.000  3.497  -21.170
12.050  5.000  3.922  -20.957
12.060  5.000  4.305  -19.961
12.070  5.000  4.336  -18.795
12.080  5.000  3.717  -17.572
12.090  5.000  3.766  -16.316
12.100  5.000  4.043  -15.073
12.110  5.000  4.770  -13.235
12.120  5.000  5.213  -11.009
12.130  5.000  4.824  -8.740
12.140  5.000  4.755  -6.377
12.150  5.000  4.700  -3.987
12.160  5.000  5.284  -1.820
12.170  5.000  5.386  0.314
12.180  5.000  5.051  2.645
12.190  5.000  5.066  4.945
12.200  5.000  5.365  6.993
12.210  5.000  5.630  8.835
12.220  5.000  5.554  10.409
12.230  5.000  4.957  11.705
12.240  5.000  5.406  12.924
12.250  5.000  5.673  13.879
12.260  5.000  5.896  14.475
12.270  5.000  5.435  15.098
12.280  5.000  5.855  15.653
12.290  5.000  5.787  16.134
12.300  5.000  5.841  16.496
12.310  5.000  5.511  16.408
12.320  5.000  5.342  16.124
12.330  5.000  5.215  15.747
12.340  5.000  5.554  15.301
12.350  5.000  5.502  14.670
12.360  5.000  5.334  13.901
12.370  5.000  5.095  12.977
12.380  5.000  5.182  11.815
12.390  5.000  5.274  10.418
12.400  5.000  5.190  9.060
12.410  5.000  5.141  7.847
12.420  5.000  4.932  6.600
12.430  5.000  5.012  5.371
12.440  5.000  4.937  3.998
12.450  5.000  4.853  2.758
12.460  5.000  4.720  1.761
12.470  5.000  4.780  0.752
12.480  5.000  4.600  -0.176
12.490  5.000  4.740  -0.926
12.500  5.000  4.580  -1.609
12.510  5.000  4.677  -2.253
12.520  5.000  4.778  -2.934
12.530  5.000  4.712  -3.494
12.540  5.000  4.633  -3.878
12.550  5.000  4.614  -4.053
12.560  5.000  4.742  -3.939
12.570  5.000  4.899  -3.854
12.580  5.000  4.668  -3.729
12.590  5.000  4.682  -3.511
12.600  5.000  4.681  -3.119
12.610  5.000  4.788  -2.556
12.620  5.000  4.936  -1.961
12.630  5.000  5.024  -1.364
12.640  5.000  4.886  -0.718
12.650  5.000  4.827  0.089
12.660  5.000  4.905  0.906
12.670  5.000  4.901  1.632
12.680  5.000  5.119  2.330
12.690  5.000  5.072  2.874
12.700  5.000  5.050  3.264
12.710  5.000  5.142  3.851
12.720  5.000  4.949  4.702
12.730  5.000  5.086  5.442
12.740  5.000  5.308  5.911
12.750  5.000  5.212  6.352
12.760  5.000  5.130  6.614
12.770  5.000  5.015  6.804
12.780  5.000  5.364  7.068
12.790  5.000  5.253  7.294
12.800  5.000  5.221  7.519
12.810  5.000  5.132  7.606
12.820  5.000  5.154  7.617
12.830  5.000  5.237  7.543
12.840  5.000  5.243  7.324
12.850  5.000  5.149  7.052
12.860  5.000  5.094  6.835
12.870  5.000  5.013  6.500
12.880  5.000  5.054  6.057
12.890  5.000  5.059  5.455
12.900  5.000  5.137  4.935
12.910  5.000  4.956  4.571
12.920  5.000  4.834  4.015
12.930  5.000  5.043  3.229
12.940  5.000  5.015  2.492
12.950  5.000  4.948  1.931
12.960  5.000  4.934  1.374
12.970  5.000  5.013  0.820
12.980  5.000  5.063  0.249
12.990  5.000  4.807  -0.102
13.000  5.000  4.863  -0.405
13.010  5.000  4.788  -0.777
13.020  5.000  4.895  -1.116
13.030  5.000  4.868  -1.460
13.040  5.000  4.925  -1.821
13.050  5.000  4.725  -1.774
13.060  5.000  4.804  -1.565
13.070  5.000  4.947  -1.655
13.080  5.000  4.987  -1.619
13.090  7.500  4.788  -1.346
13.100  10.001  4.907  -0.984
13.110  12.500  5.314  -0.109
13.120  15.000  8.149  1.696
13.130  17.500  10.743  4.598
13.140  20.000  11.506  9.746
13.150  22.500  11.818  17.053
13.160  25.000  11.947  25.991
13.170  27.500  14.232  35.776
13.180  30.000  14.010  47.205
13.190  30.000  16.169  58.967
13.200  30.000  15.667  69.294
13.210  30.000  16.102  79.629
13.220  30.000  17.097  89.489
13.230  30.000  17.318  99.622
13.240  30.000  16.225  110.786
13.250  30.000  18.064  121.529
13.260  30.000  17.738  131.306
13.270  30.000  17.581  140.873
13.280  30.000  18.597  150.495
13.290  30.000  19.197  160.077
13.300  30.000  19.501  169.676
13.310  30.000  19.734  179.133
13.320  30.000  20.601  188.697
13.330  30.000  19.787  198.467
13.340  30.000  20.724  207.364
13.350  30.000  21.354  215.548
13.360  30.000  21.140  224.105
13.370  30.000  21.747  232.735
13.380  30.000  22.294  240.933
13.390  30.000  22.238  249.054
13.400  30.000  22.492  257.289
13.410  30.000  23.005  265.374
13.420  30.000  23.655  273.317
13.430  30.000  23.488  281.203
13.440  30.000  23.972  288.987
13.450  30.000  24.707  296.509
13.460  30.000  24.331  303.738
13.470  30.000  25.420  311.178
13.480  30.000  25.205  318.994
13.490  30.000  25.474  326.790
13.500  30.000  26.185  334.035
13.510  30.000  26.678  340.750
13.520  30.000  26.964  347.639
13.530  30.000  26.818  354.506
13.540  30.000  26.527  361.222
13.550  30.000  27.202  367.808
13.560  30.000  27.583  374.588
13.570  30.000  28.170  381.583
13.580  30.000  28.262  388.220
13.590  30.000  27.986  395.088
13.600  30.000  28.471  402.164
13.610  30.000  28.932  408.906
13.620  30.000  29.124  415.179
13.630  30.000  30.274  420.828
13.640  30.000  29.939  426.650
13.650  30.000  29.562  432.897
13.660  30.000  30.207  439.026
13.670  30.000  29.984  445.105
13.680  30.000  30.826  451.000
13.690  30.000  30.599  456.836
13.700  30.000  31.435  462.448
13.710  30.000  31.159  467.991
13.720  30.000  31.354  473.427
13.730  30.000  32.125  478.249
13.740  30.000  31.898  482.909
13.750  30.000  31.336  487.668
13.760  30.000  31.056  492.313
13.770  30.000  31.467  496.572
13.780  30.000  31.341  500.368
13.790  30.000  31.446  503.918
13.800  30.000  31.730  507.106
13.810  30.000  32.548  509.898
13.820  30.000  31.899  512.576
13.830  30.000  31.036  514.853
13.840  30.000  30.591  516.630
13.850  30.000  30.544  517.861
13.860  30.000  30.065  518.346
13.870  30.000  29.989  517.781
13.880  30.000  28.917  515.949
13.890  30.000  29.846  513.361
13.900  30.000  30.165  510.689
13.910  30.000  30.015  508.078
13.920  30.000  30.540  505.287
13.930  30.000  29.870  502.543
13.940  30.000  29.485  500.054
13.950  30.000  29.719  497.594
13.960  30.000  29.534  495.241
13.970  30.000  29.776  492.894
13.980  30.000  29.357  490.517
13.990  30.000  29.646  488.421
14.000  30.000  29.370  486.631
14.010  30.000  29.366  485.255
14.020  30.000  29.712  484.235
14.030  30.000  29.580  483.448
14.040  30.000  29.432  482.708
14.050  30.000  29.315  482.050
14.060  30.000  29.385  481.626
14.070  30.000  29.194  481.289
14.080  30.000  29.409  481.030
14.090  5.000  29.281  480.978
14.100  5.000  29.842  480.766
14.110  5.000  26.623  479.195
14.120  5.000  22.001  473.965
14.130  5.000  20.295  466.884
14.140  5.000  19.573  459.008
14.150  5.000  20.869  450.595
14.160  5.000  20.646  442.402
14.170  5.000  20.188  434.173
14.180  5.000  19.635  426.004
14.190  5.000  19.310  417.199
14.200  5.000  19.026  408.826
14.210  5.000  18.512  400.591
14.220  5.000  18.335  391.953
14.230  5.000  17.886  383.766
14.240  5.000  17.478  376.516
14.250  5.000  17.150  369.631
14.260  5.000  17.026  362.411
14.270  5.000  16.837  355.194
14.280  5.000  16.534  347.573
14.290  5.000  16.203  339.730
14.300  5.000  15.722  332.752
14.310  5.000  15.532  325.912
14.320  5.000  15.408  318.465
14.330  5.000  14.900  311.104
14.340  5.000  14.664  303.791
14.350  5.000  14.273  296.761
14.360  5.000  14.189  290.035
14.370  5.000  13.920  282.607
14.380  5.000  13.513  275.647
14.390  5.000  13.467  268.784
14.400  5.000  13.171  261.571
14.410  5.000  12.988  255.013
14.420  5.000  12.797  248.328
14.430  5.000  12.427  241.751
14.440  5.000  12.076  235.457
14.450  5.000  11.853  228.927
14.460  5.000  11.627  222.861
14.470  5.000  11.448  216.414
14.480  5.000  11.302  210.118
14.490  5.000  10.997  203.914
14.500  5.000  10.685  197.846
14.510  5.000  10.452  192.203
14.520  5.000  10.164  185.987
14.530  5.000  10.083  180.298
14.540  5.000  9.912  174.502
14.550  5.000  9.843  168.673
14.560  5.000  9.513  162.883
14.570  5.000  9.218  157.257
14.580  5.000  9.066  151.855
14.590  5.000  8.816  145.950
14.600  5.000  8.631  140.218
14.610  5.000  8.467  135.030
14.620  5.000  8.222  129.723
14.630  5.000  8.058  124.021
14.640  5.000  7.909  118.472
14.650  5.000  7.744  112.892
14.660  5.000  7.432  107.674
14.670  5.000  7.344  102.480
14.680  5.000  7.164  97.583
14.690  5.000  7.044  93.319
14.700  5.000  6.800  88.531
14.710  5.000  6.650  83.790
14.720  5.000  6.422  79.128
14.730  5.000  6.220  74.146
14.740  5.000  6.043  69.620
14.750  5.000  5.904  65.095
14.760  5.000  5.855  60.654
14.770  5.000  5.641  56.266
14.780  5.000  5.493  52.000
14.790  5.000  5.330  48.154
14.800  5.000  5.148  44.169
14.810  5.000  5.013  39.925
14.820  5.000  4.826  35.591
14.830  5.000  4.708  31.619
14.840  5.000  4.604  27.586
14.850  5.000  4.523  23.301
14.860  5.000  4.364  19.417
14.870  5.000  4.323  15.874
14.880  5.000  4.187  12.572
14.890  5.000  4.080  9.145
14.900  5.000  3.959  5.691
14.910  5.000  3.824  2.647
14.920  5.000  3.717  -0.274
14.930  5.000  3.660  -2.993
14.940  5.000  3.641  -5.674
14.950  5.000  3.525  -8.454
14.960  5.000  3.553  -10.878
14.970  5.000  3.621  -12.960
14.980  5.000  3.587  -14.902
14.990  5.000  3.436  -16.787
15.000  5.000  3.239  -18.602
15.010  5.000  3.381  -20.078
15.020  5.000  3.644  -21.191
15.030  5.000  3.923  -22.126
15.040  5.000  3.628  -22.985
15.050  5.000  3.514  -23.421
15.060  5.000  3.679  -22.886
15.070  5.000  4.141  -21.649
15.080  5.000  4.124  -20.334
15.090  5.000  3.761  -19.035
15.100  5.000  3.711  -17.721
15.110  5.000  4.011  -16.117
15.120  5.000  5.087  -14.073
15.130  5.000  5.253  -11.877
15.140  5.000  4.899  -9.646
15.150  5.000  4.549  -7.268
15.160  5.000  4.754  -4.766
15.170  5.000  5.432  -2.305
15.180  5.000  5.550  -0.187
15.190  5.000  5.164  1.720
15.200  5.000  5.014  3.642
15.210  5.000  5.504  5.371
15.220  5.000  5.579  6.929
15.230  5.000  5.507  8.240
15.240  5.000  4.882  9.599
15.250  5.000  5.475  10.740
15.260  5.000  5.849  11.314
15.270  5.000  5.755  11.684
15.280  5.000  5.645  11.939
15.290  5.000  6.033  12.133
15.300  5.000  5.834  12.426
15.310  5.000  5.348  12.842
15.320  5.000  5.110  13.083
15.330  5.000  5.289  13.124
15.340  5.000  5.646  12.832
15.350  5.000  5.584  11.968
15.360  5.000  5.138  10.779
15.370  5.000  5.013  9.555
15.380  5.000  5.177  8.471
15.390  5.000  5.299  7.423
15.400  5.000  5.159  6.202
15.410  5.000  5.055  5.013
15.420  5.000  5.004  4.027
15.430  5.000  4.939  3.030
15.440  5.000  4.852  1.887
15.450  5.000  4.846  0.654
15.460  5.000  4.892  -0.500
15.470  5.000  4.794  -1.549
15.480  5.000  4.770  -2.419
15.490  5.000  4.716  -3.244
15.500  5.000  4.765  -4.101
15.510  5.000  4.775  -4.817
15.520  5.000  4.604  -5.418
15.530  5.000  4.728  -5.738
15.540  5.000  4.713  -6.110
15.550  5.000  4.723  -6.391
15.560  5.000  4.756  -6.284
15.570  5.000  4.650  -5.991
15.580  5.000  4.916  -5.731
15.590  5.000  4.795  -5.514
15.600  5.000  4.888  -5.305
15.610  5.000  4.823  -4.944
15.620  5.000  4.874  -4.413
15.630  5.000  4.837  -3.938
15.640  5.000  4.837  -3.318
15.650  5.000  4.785  -2.594
15.660  5.000  5.070  -1.773
15.670  5.000  4.790  -0.847
15.680  5.000  5.090  -0.108
15.690  5.000  4.965  0.596
15.700  5.000  5.202  1.252
15.710  5.000  5.182  1.719
15.720  5.000  5.059  2.328
15.730  5.000  5.052  3.198
15.740  5.000  5.100  4.028
15.750  5.000  5.217  4.670
15.760  5.000  5.300  5.190
15.770  5.000  5.331  5.509
15.780  5.000  5.110  5.666
15.790  5.000  5.144  5.799
15.800  5.000  5.231  5.886
15.810  5.000  5.345  5.890
15.820  5.000  5.182  5.822
15.830  5.000  5.091  5.646
15.840  5.000  5.151  5.371
15.850  5.000  5.235  4.961
15.860  5.000  5.118  4.584
15.870  5.000  4.928  4.265
15.880  5.000  5.052  3.781
15.890  5.000  5.118  3.443
15.900  5.000  4.990  2.910
15.910  5.000  5.003  2.033
15.920  5.000  4.968  1.241
15.930  5.000  4.970  0.619
15.940  5.000  5.014  0.101
15.950  5.000  4.803  -0.332
15.960  5.000  4.875  -0.638
15.970  5.000  4.871  -1.082
15.980  5.000  4.919  -1.598
15.990  5.000  4.846  -2.080
16.000  5.000  4.876  -2.426
16.010  5.000  4.809  -2.601
16.020  5.000  4.878  -2.570
16.030  5.000  4.938  -2.553
16.040  5.000  4.825  -2.402
16.050  5.000  4.860  -2.145
16.060  5.000  4.699  -1.921
16.070  5.000  4.897  -1.694
16.080  5.000  4.909  -1.401
16.090  5.000  4.833  -0.994
16.100  7.500  4.893  -0.582
16.110  10.000  4.891  -0.042
16.120  12.500  5.524  0.771
16.130  15.000  7.968  2.681
16.140  17.500  10.948  6.255
16.150  20.000  11.372  11.715
16.160  22.501  11.795  18.953
16.170  25.000  12.827  27.478
16.180  27.500  13.820  37.735
16.190  30.000  14.589  49.293
16.200  30.000  14.623  60.966
16.210  30.000  14.830  71.924
16.220  30.000  16.211  82.605
16.230  30.000  16.734  93.193
16.240  30.000  17.049  103.494
16.250  30.000  17.025  113.650
16.260  30.000  17.881  123.319
16.270  30.000  17.084  133.822
16.280  30.000  17.602  144.901
16.290  30.000  18.629  154.984
16.300  30.000  18.846  164.704
16.310  30.000  19.533  174.393
16.320  30.000  19.143  183.701
16.330  30.000  20.024  192.531
16.340  30.000  21.133  200.950
16.350  30.000  20.409  209.312
16.360  30.000  21.559  217.704
16.370  30.000  21.230  226.468
16.380  30.000  21.962  235.034
16.390  30.000  22.383  242.937
16.400  30.000  22.249  251.124
16.410  30.000  23.234  259.575
16.420  30.000  22.635  267.622
16.430  30.000  23.537  275.238
16.440  30.000  23.624  282.993
16.450  30.000  23.714  290.847
16.460  30.000  23.887  298.615
16.470  30.000  24.604  306.412
16.480  30.000  25.259  313.666
16.490  30.000  25.424  320.888
16.500  30.000  25.916  328.238
16.510  30.000  25.780  335.554
16.520  30.000  25.953  342.776
16.530  30.000  26.445  349.676
16.540  30.000  26.734  356.467
16.550  30.000  27.329  363.092
16.560  30.000  27.448  369.850
16.570  30.000  27.305  376.847
16.580  30.000  27.942  383.402
16.590  30.000  28.254  389.800
16.600  30.000  27.855  396.604
16.610  30.000  28.080  403.235
16.620  30.000  29.355  409.369
16.630  30.000  29.463  415.321
16.640  30.000  29.322  421.380
16.650  30.000  29.731  427.411
16.660  30.000  30.446  433.151
16.670  30.000  29.872  438.933
16.680  30.000  30.719  444.592
16.690  30.000  30.795  449.911
16.700  30.000  31.250  454.924
16.710  30.000  31.441  459.957
16.720  30.000  30.952  465.516
16.730  30.000  31.530  470.833
16.740  30.000  32.012  475.283
16.750  30.000  31.002  479.624
16.760  30.000  30.976  484.379
16.770  30.000  31.258  489.092
16.780  30.000  31.532  493.280
16.790  30.000  31.685  496.920
16.800  30.000  31.514  500.277
16.810  30.000  31.887  503.348
16.820  30.000  32.076  506.174
16.830  30.000  31.274  508.670
16.840  30.000  30.614  510.734
16.850  30.000  30.455  512.079
16.860  30.000  30.089  512.539
16.870  30.000  29.113  512.007
16.880  30.000  29.372  510.159
16.890  30.000  30.119  507.719
16.900  30.000  30.693  505.374
16.910  30.000  30.867  503.052
16.920  30.000  29.688  500.821
16.930  30.000  29.667  498.527
16.940  30.000  29.689  496.218
16.950  30.000  29.785  493.983
16.960  30.000  29.772  491.868
16.970  30.000  29.534  489.995
16.980  30.000  29.388  488.233
16.990  30.000  29.801  486.545
17.000  30.000  29.713  485.150
17.010  30.000  29.484  484.117
17.020  30.000  29.476  483.156
17.030  30.000  29.447  482.348
17.040  30.000  29.560  481.692
17.050  30.000  29.638  481.158
17.060  30.000  29.175  480.851
17.070  30.000  29.251  480.555
17.080  30.000  29.170  480.301
17.090  30.000  29.691  480.396
17.100  5.000  29.957  480.838
17.110  5.000  29.897  481.200
17.120  5.000  25.953  480.350
17.130  5.000  21.818  475.930
17.140  5.000  19.984  468.787
17.150  5.000  19.534  460.635
17.160  5.000  21.166  452.385
17.170  5.000  20.815  443.859
17.180  5.000  20.332  434.721
17.190  5.000  19.823  426.015
17.200  5.000  19.382  417.342
17.210  5.000  18.938  409.361
17.220  5.000  18.502  402.305
17.230  5.000  18.321  394.637
17.240  5.000  17.912  386.151
17.250  5.000  17.583  377.735
17.260  5.000  17.412  369.932
17.270  5.000  17.235  362.261
17.280  5.000  16.787  354.261
17.290  5.000  16.453  346.832
17.300  5.000  16.093  339.325
17.310  5.000  15.880  331.909
17.320  5.000  15.571  325.070
17.330  5.000  15.332  317.792
17.340  5.000  14.976  310.472
17.350  5.000  14.626  303.547
17.360  5.000  14.431  296.536
17.370  5.000  14.234  289.336
17.380  5.000  13.884  282.598
17.390  5.000  13.556  275.746
17.400  5.000  13.552  268.325
17.410  5.000  13.278  261.396
17.420  5.000  13.017  255.083
17.430  5.000  12.759  248.623
17.440  5.000  12.409  242.306
17.450  5.000  12.079  235.724
17.460  5.000  11.900  229.290
17.470  5.000  11.769  223.028
17.480  5.000  11.672  216.142
17.490  5.000  11.316  209.942
17.500  5.000  10.996  204.339
17.510  5.000  10.802  198.722
17.520  5.000  10.584  192.782
17.530  5.000  10.377  186.492
17.540  5.000  10.178  180.722
17.550  5.000  9.803  174.764
17.560  5.000  9.691  168.991
17.570  5.000  9.501  163.482
17.580  5.000  9.244  157.746
17.590  5.000  9.094  152.335
17.600  5.000  8.843  147.123
17.610  5.000  8.692  141.727
17.620  5.000  8.534  135.859
17.630  5.000  8.259  130.484
17.640  5.000  8.087  125.611
17.650  5.000  7.849  120.331
17.660  5.000  7.737  115.171
17.670  5.000  7.513  110.107
17.680  5.000  7.399  105.071
17.690  5.000  7.218  100.507
17.700  5.000  6.966  96.130
17.710  5.000  6.800  91.401
17.720  5.000  6.693  86.128
17.730  5.000  6.522  81.236
17.740  5.000  6.342  76.514
17.750  5.000  6.131  72.007
17.760  5.000  6.000  67.495
17.770  5.000  5.931  62.641
17.780  5.000  5.755  57.996
17.790  5.000  5.493  53.456
17.800  5.000  5.370  48.963
17.810  5.000  5.191  44.394
17.820  5.000  5.117  40.152
17.830  5.000  4.900  36.067
17.840  5.000  4.752  31.834
17.850  5.000  4.662  27.911
17.860  5.000  4.555  23.859
17.870  5.000  4.446  19.863
17.880  5.000  4.304  16.110
17.890  5.000  4.199  12.325
17.900  5.000  4.087  8.951
17.910  5.000  3.941  5.867
17.920  5.000  3.846  2.824
17.930  5.000  3.759  -0.065
17.940  5.000  3.718  -2.863
17.950  5.000  3.629  -5.578
17.960  5.000  3.600  -8.247
17.970  5.000  3.531  -10.749
17.980  5.000  3.666  -12.863
17.990  5.000  3.580  -14.809
18.000  5.000  3.536  -16.642
18.010  5.000  3.274  -18.291
18.020  5.000  3.268  -19.647
18.030  5.000  3.585  -20.722
18.040  5.000  3.862  -21.695
18.050  5.000  3.727  -22.530
18.060  5.000  3.386  -22.892
18.070  5.000  3.664  -22.614
18.080  5.000  4.100  -21.825
18.090  5.000  4.555  -20.777
18.100  5.000  3.901  -19.531
18.110  5.000  3.622  -18.026
18.120  5.000  3.863  -16.283
18.130  5.000  4.634  -14.260
18.140  5.000  5.204  -11.897
18.150  5.000  4.878  -9.440
18.160  5.000  4.479  -6.991
18.170  5.000  4.733  -4.485
18.180  5.000  5.354  -2.054
18.190  5.000  5.404  0.300
18.200  5.000  5.233  2.669
18.210  5.000  5.078  4.952
18.220  5.000  5.199  7.145
18.230  5.000  5.632  9.333
18.240  5.000  5.483  11.199
18.250  5.000  5.265  12.742
18.260  5.000  5.280  14.077
18.270  5.000  5.520  15.093
18.280  5.000  5.691  15.777
18.290  5.000  5.737  16.424
18.300  5.000  5.777  17.092
18.310  5.000  5.875  17.585
18.320  5.000  5.763  18.106
18.330  5.000  5.403  18.354
18.340  5.000  5.188  18.368
18.350  5.000  5.258  18.336
18.360  5.000  5.603  18.001
18.370  5.000  5.612  17.318
18.380  5.000  5.292  16.377
18.390  5.000  4.905  15.414
18.400  5.000  5.048  14.464
18.410  5.000  5.341  13.415
18.420  5.000  5.144  12.319
18.430  5.000  5.016  11.350
18.440  5.000  4.887  10.268
18.450  5.000  4.907  9.153
18.460  5.000  4.914  8.137
18.470  5.000  4.771  7.161
18.480  5.000  4.792  6.115
18.490  5.000  4.807  5.049
18.500  5.000  4.825  4.094
18.510  5.000  4.710  3.118
18.520  5.000  4.671  2.341
18.530  5.000  4.869  1.685
18.540  5.000  4.801  1.020
18.550  5.000  4.649  0.602
18.560  5.000  4.653  0.210
18.570  5.000  4.789  -0.052
18.580  5.000  4.795  -0.039
18.590  5.000  4.736  0.156
18.600  5.000  4.626  0.420
18.610  5.000  4.890  0.512
18.620  5.000  4.787  0.876
18.630  5.000  4.821  1.539
18.640  5.000  4.766  2.367
18.650  5.000  4.790  3.192
18.660  5.000  5.024  3.678
18.670  5.000  4.951  4.071
18.680  5.000  4.874  4.610
18.690  5.000  4.918  5.331
18.700  5.000  5.177  6.112
18.710  5.000  5.053  6.732
18.720  5.000  5.062  7.306
18.730  5.000  5.144  7.993
18.740  5.000  5.152  8.567
18.750  5.000  5.312  8.963
18.760  5.000  5.167  9.253
18.770  5.000  5.239  9.428
18.780  5.000  5.198  9.580
18.790  5.000  5.168  9.728
18.800  5.000  5.026  9.928
18.810  5.000  5.331  10.191
18.820  5.000  5.167  10.322
18.830  5.000  5.164  10.400
18.840  5.000  5.042  10.542
18.850  5.000  5.099  10.443
18.860  5.000  5.181  9.955
18.870  5.000  5.208  9.527
18.880  5.000  5.064  9.278
18.890  5.000  4.952  9.028
18.900  5.000  5.057  8.789
18.910  5.000  5.045  8.483
18.920  5.000  5.173  8.027
18.930  5.000  4.999  7.529
18.940  5.000  5.043  6.948
18.950  5.000  4.960  6.416
18.960  5.000  4.924  6.068
18.970  5.000  4.915  5.637
18.980  5.000  4.888  4.975
18.990  5.000  4.914  4.325
19.000  5.000  4.843  3.720
19.010  5.000  4.913  3.350
19.020  5.000  4.775  3.219
19.030  5.000  4.836  3.054
19.040  5.000  4.864  3.029
19.050  5.000  4.799  3.179
19.060  5.000  4.843  3.237
19.070  5.000  4.804  3.131
19.080  5.000  4.836  3.091
19.090  5.000  5.015  3.190
19.100  5.000  4.905  3.402
19.110  7.499  5.061  3.562
19.120  9.999  4.839  3.784
19.130  12.500  5.215  4.796
19.140  14.999  8.031  6.743
19.150  17.499  11.052  9.753
19.160  19.999  11.337  15.136
19.170  22.499  12.049  22.489
19.180  24.999  12.345  31.155
19.190  27.499  14.230  41.032
19.200  29.999  14.213  52.012
19.210  30.000  14.739  63.373
19.220  30.000  15.847  74.194
19.230  30.000  16.226  84.761
19.240  30.000  17.002  95.040
19.250  30.000  16.771  105.702
19.260  30.000  17.556  116.094
19.270  30.000  18.148  125.364
19.280  30.000  17.566  135.407
19.290  30.000  17.782  145.833
19.300  30.000  18.218  155.566
19.310  30.000  19.516  164.794
19.320  30.000  18.737  173.507
19.330  30.000  19.746  183.166
19.340  30.000  19.859  192.795
19.350  30.000  20.912  201.266
19.360  30.000  21.257  209.638
19.370  30.000  20.689  218.266
19.380  30.000  21.807  226.588
19.390  30.000  21.842  234.725
19.400  30.000  22.182  242.960
19.410  30.000  22.030  251.097
19.420  30.000  22.375  259.358
19.430  30.000  23.177  267.320
19.440  30.000  23.492  275.213
19.450  30.000  23.571  283.072
19.460  30.000  24.228  290.560
19.470  30.000  24.672  297.975
19.480  30.000  25.323  305.084
19.490  30.000  25.100  312.148
19.500  30.000  24.935  319.627
19.510  30.000  24.829  327.304
19.520  30.000  25.196  335.311
19.530  30.000  26.595  342.798
19.540  30.000  26.238  349.757
19.550  30.000  26.361  356.611
19.560  30.000  27.163  363.059
19.570  30.000  27.190  369.616
19.580  30.000  27.453  376.421
19.590  30.000  27.907  383.377
19.600  30.000  28.201  390.004
19.610  30.000  28.087  396.578
19.620  30.000  29.182  403.230
19.630  30.000  28.646  409.857
19.640  30.000  29.304  416.160
19.650  30.000  29.308  422.124
19.660  30.000  29.332  427.902
19.670  30.000  30.055  433.470
19.680  30.000  30.423  439.244
19.690  30.000  30.298  445.020
19.700  30.000  30.664  450.480
19.710  30.000  31.279  455.884
19.720  30.000  30.203  461.498
19.730  30.000  31.746  466.805
19.740  30.000  31.542  471.835
19.750  30.000  31.970  476.745
19.760  30.000  31.103  481.698
19.770  30.000  31.096  486.739
19.780  30.000  31.703  491.388
19.790  30.000  30.610  495.859
19.800  30.000  31.800  499.758
19.810  30.000  31.308  503.164
19.820  30.000  31.847  506.305
19.830  30.000  32.128  509.011
19.840  30.000  31.429  511.549
19.850  30.000  31.062  513.574
19.860  30.000  30.477  514.715
19.870  30.000  30.226  514.931
19.880  30.000  28.682  514.330
19.890  30.000  29.375  512.880
19.900  30.000  30.624  511.017
19.910  30.000  31.371  508.821
19.920  30.000  30.509  506.381
19.930  30.000  29.664  503.985
19.940  30.000  29.635  501.592
19.950  30.000  29.959  499.209
19.960  30.000  29.892  496.740
19.970  30.000  29.546  494.331
19.980  30.000  29.574  492.136
19.990  30.000  29.449  490.225
20.000  30.000  30.035  488.513
20.010  30.000  29.625  486.854
20.020  30.000  29.714  485.255
20.030  30.000  29.397  483.844
20.040  30.000  29.420  482.704
20.050  30.000  29.904  481.802
20.060  30.000  30.070  481.112
20.070  30.000  28.929  480.691
20.080  30.000  28.985  480.437
20.090  30.000  29.163  480.221
20.100  30.000  29.453  480.150
20.110  5.000  29.719  480.267
20.120  5.000  29.684  480.328
20.130  5.000  26.162  479.241
20.140  5.000  21.316  474.671
20.150  5.000  19.945  467.869
20.160  5.000  19.306  459.956
20.170  5.000  21.080  451.609
20.180  5.000  20.783  443.235
20.190  5.000  20.484  434.446
20.200  5.000  19.898  426.371
20.210  5.000  19.663  418.544
20.220  5.000  18.916  410.497
20.230  5.000  18.514  402.103
20.240  5.000  18.195  394.212
20.250  5.000  17.860  386.459
20.260  5.000  17.763  378.222
20.270  5.000  17.383  370.177
20.280  5.000  17.021  362.917
20.290  5.000  16.573  355.387
20.300  5.000  16.466  347.767
20.310  5.000  16.079  340.912
20.320  5.000  15.689  333.567
20.330  5.000  15.563  326.216
20.340  5.000  15.124  319.293
20.350  5.000  14.935  311.881
20.360  5.000  14.724  304.611
20.370  5.000  14.394  297.882
20.380  5.000  14.321  290.657
20.390  5.000  13.840  283.473
20.400  5.000  13.709  277.066
20.410  5.000  13.426  270.843
20.420  5.000  13.235  264.552
20.430  5.000  12.971  258.479
20.440  5.000  12.832  251.821
20.450  5.000  12.673  245.092
20.460  5.000  12.218  239.138
20.470  5.000  11.874  232.685
20.480  5.000  11.852  226.308
20.490  5.000  11.475  220.575
20.500  5.000  11.248  214.573
20.510  5.000  11.089  208.392
20.520  5.000  10.708  202.514
20.530  5.000  10.502  196.399
20.540  5.000  10.330  189.969
20.550  5.000  10.147  183.612
20.560  5.000  9.890  177.661
20.570  5.000  9.624  172.287
20.580  5.000  9.488  166.957
20.590  5.000  9.230  161.180
20.600  5.000  8.963  155.663
20.610  5.000  8.869  150.256
20.620  5.000  8.714  144.682
20.630  5.000  8.545  139.280
20.640  5.000  8.225  133.713
20.650  5.000  8.099  128.467
20.660  5.000  7.802  123.198
20.670  5.000  7.653  118.017
20.680  5.000  7.532  112.845
20.690  5.000  7.382  107.292
20.700  5.000  7.130  102.264
20.710  5.000  7.060  97.235
20.720  5.000  6.837  92.181
20.730  5.000  6.589  87.658
20.740  5.000  6.389  83.259
20.750  5.000  6.212  79.024
20.760  5.000  6.050  74.517
20.770  5.000  5.956  69.876
20.780  5.000  5.766  65.353
20.790  5.000  5.561  60.861
20.800  5.000  5.411  56.697
20.810  5.000  5.240  52.722
20.820  5.000  5.116  48.825
20.830  5.000  4.943  44.754
20.840  5.000  4.846  40.692
20.850  5.000  4.735  36.869
20.860  5.000  4.602  32.896
20.870  5.000  4.464  29.150
20.880  5.000  4.351  25.388
20.890  5.000  4.309  21.341
20.900  5.000  4.194  17.649
20.910  5.000  3.999  14.302
20.920  5.000  3.898  10.947
20.930  5.000  3.830  7.737
20.940  5.000  3.753  4.939
20.950  5.000  3.679  2.224
20.960  5.000  3.602  -0.491
20.970  5.000  3.551  -3.318
20.980  5.000  3.581  -5.980
20.990  5.000  3.627  -8.183
21.000  5.000  3.550  -10.168
21.010  5.000  3.361  -12.083
21.020  5.000  3.267  -13.902
21.030  5.000  3.400  -15.377
21.040  5.000  3.764  -16.395
21.050  5.000  3.840  -17.137
21.060  5.000  3.658  -17.903
21.070  5.000  3.527  -18.257
21.080  5.000  3.872  -17.949
21.090  5.000  4.278  -16.989
21.100  5.000  4.206  -15.671
21.110  5.000  3.830  -14.426
21.120  5.000  3.709  -13.145
21.130  5.000  3.768  -11.561
21.140  5.000  4.873  -9.524
21.150  5.000  5.233  -7.127
21.160  5.000  4.670  -4.416
21.170  5.000  4.680  -1.723
21.180  5.000  4.813  0.861
21.190  5.000  5.503  3.393
21.200  5.000  5.256  5.891
21.210  5.000  5.273  8.258
21.220  5.000  5.112  10.367
21.230  5.000  5.433  12.508
21.240  5.000  5.442  14.570
21.250  5.000  5.514  16.285
21.260  5.000  5.316  17.770
21.270  5.000  5.418  18.808
21.280  5.000  5.503  19.486
21.290  5.000  5.566  20.180
21.300  5.000  5.718  20.719
21.310  5.000  5.940  21.180
