time(sec)  pressure
0.000  11.025
0.010  11.265
0.020  10.972
0.030  10.669
0.040  10.668
0.050  10.923
0.060  11.264
0.070  11.156
0.080  10.934
0.090  11.107
0.100  10.957
0.110  10.921
0.120  11.174
0.130  11.284
0.140  10.986
0.150  10.999
0.160  10.855
0.170  10.940
0.180  11.159
0.190  11.042
0.200  11.176
0.210  11.256
0.220  11.057
0.230  10.955
0.240  10.911
0.250  11.026
0.260  11.190
0.270  10.970
0.280  10.976
0.290  11.104
0.300  11.032
0.310  10.926
0.320  11.100
0.330  11.177
0.340  10.963
0.350  10.876
0.360  11.066
0.370  11.372
0.380  11.204
0.390  10.913
0.400  10.858
0.410  11.103
0.420  11.198
0.430  11.137
0.440  10.993
0.450  10.992
0.460  10.891
0.470  11.033
0.480  10.974
0.490  10.875
0.500  10.914
0.510  10.850
0.520  10.969
0.530  11.054
0.540  11.307
0.550  11.217
0.560  10.996
0.570  10.997
0.580  11.020
0.590  10.975
0.600  11.117
0.610  11.149
0.620  10.987
0.630  10.911
0.640  11.098
0.650  11.054
0.660  11.127
0.670  10.790
0.680  10.911
0.690  10.936
0.700  11.016
0.710  11.025
0.720  11.016
0.730  11.137
0.740  11.051
0.750  10.712
0.760  10.869
0.770  11.158
0.780  11.061
0.790  11.135
0.800  11.051
0.810  10.845
0.820  11.122
0.830  11.109
0.840  11.242
0.850  11.215
0.860  10.751
0.870  10.911
0.880  10.890
0.890  11.045
0.900  10.922
0.910  11.036
0.920  11.056
0.930  10.805
0.940  10.968
0.950  11.010
0.960  10.990
0.970  11.107
0.980  10.818
0.990  10.798
1.000  10.977
1.010  11.130
1.020  11.108
1.030  11.264
1.040  11.131
1.050  10.810
1.060  10.967
1.070  10.933
1.080  11.103
1.090  11.110
1.100  11.149
1.110  10.910
1.120  10.849
1.130  11.085
1.140  11.028
1.150  11.029
1.160  10.919
1.170  11.281
1.180  11.116
1.190  11.017
1.200  11.155
1.210  11.148
1.220  10.917
1.230  10.731
1.240  11.099
1.250  11.207
1.260  11.078
1.270  11.229
1.280  11.148
1.290  10.901
1.300  11.168
1.310  11.088
1.320  11.086
1.330  11.045
1.340  10.948
1.350  10.905
1.360  11.078
1.370  11.076
1.380  11.106
1.390  11.215
1.400  11.029
1.410  11.041
1.420  11.054
1.430  11.123
1.440  11.017
1.450  11.035
1.460  11.046
1.470  11.164
1.480  11.124
1.490  11.035
1.500  11.074
1.510  11.075
1.520  10.950
1.530  11.179
1.540  11.094
1.550  10.909
1.560  11.048
1.570  11.149
1.580  10.918
1.590  10.982
1.600  11.035
1.610  11.294
1.620  11.203
1.630  10.964
1.640  10.859
1.650  10.933
1.660  10.968
1.670  10.958
1.680  11.090
1.690  11.147
1.700  10.896
1.710  10.887
1.720  11.236
1.730  11.221
1.740  11.072
1.750  11.009
1.760  10.876
1.770  10.902
1.780  11.086
1.790  11.345
1.800  11.346
1.810  10.947
1.820  10.848
1.830  11.164
1.840  11.262
1.850  11.200
1.860  11.159
1.870  11.091
1.880  11.023
1.890  11.037
1.900  11.009
1.910  11.060
1.920  11.042
1.930  10.948
1.940  10.920
1.950  10.850
1.960  10.986
1.970  10.895
1.980  11.063
1.990  11.246
2.000  11.145
2.010  10.852
2.020  10.833
2.030  10.935
2.040  11.213
2.050  11.019
2.060  10.979
2.070  10.926
2.080  10.895
2.090  11.154
2.100  11.152
2.110  11.004
2.120  11.179
2.130  10.938
2.140  10.809
2.150  11.075
2.160  11.364
2.170  11.133
2.180  11.080
2.190  11.033
2.200  10.948
2.210  10.972
2.220  11.084
2.230  10.986
2.240  11.004
2.250  10.937
2.260  11.051
2.270  11.059
2.280  11.016
2.290  10.919
2.300  11.033
2.310  11.171
2.320  11.133
2.330  10.872
2.340  10.988
2.350  11.121
2.360  10.991
2.370  11.056
2.380  11.000
2.390  11.111
2.400  11.124
2.410  10.918
2.420  11.146
2.430  11.265
2.440  11.146
2.450  11.065
2.460  11.103
2.470  11.143
2.480  11.043
2.490  11.051
2.500  10.957
2.510  10.921
2.520  11.281
2.530  11.071
2.540  11.146
2.550  10.951
2.560  11.132
2.570  11.056
2.580  10.925
2.590  11.037
2.600  11.061
2.610  11.049
2.620  11.097
2.630  11.064
2.640  11.108
2.650  11.190
2.660  10.976
2.670  10.922
2.680  11.051
2.690  11.012
2.700  11.095
2.710  10.963
2.720  11.176
2.730  10.978
2.740  11.179
2.750  11.082
2.760  10.981
2.770  11.034
2.780  11.098
2.790  10.911
2.800  10.905
2.810  11.192
2.820  10.974
2.830  11.105
2.840  11.218
2.850  11.213
2.860  11.141
2.870  11.158
2.880  11.069
2.890  10.988
2.900  10.678
2.910  10.904
2.920  11.168
2.930  11.072
2.940  11.041
2.950  10.868
2.960  11.016
2.970  11.053
2.980  11.103
2.990  11.299
3.000  11.140
3.010  10.924
3.020  10.934
3.030  11.007
3.040  10.975
3.050  10.706
3.060  10.991
3.070  11.164
3.080  11.178
3.090  11.186
3.100  10.915
3.110  10.941
3.120  11.084
3.130  11.138
3.140  11.054
3.150  10.931
3.160  11.103
3.170  11.191
3.180  10.984
3.190  10.899
3.200  11.055
3.210  11.172
3.220  11.189
3.230  11.193
3.240  11.031
3.250  10.717
3.260  10.951
3.270  11.133
3.280  11.072
3.290  10.923
3.300  11.103
3.310  10.924
3.320  11.101
3.330  11.013
3.340  10.861
3.350  10.877
3.360  11.000
3.370  11.084
3.380  11.086
3.390  10.884
3.400  11.231
3.410  10.899
3.420  11.059
3.430  11.134
3.440  11.143
3.450  11.109
3.460  11.094
3.470  11.060
3.480  10.893
3.490  11.011
3.500  11.148
3.510  11.209
3.520  11.038
3.530  10.897
3.540  10.677
3.550  10.931
3.560  11.132
3.570  11.252
3.580  11.000
3.590  10.952
3.600  11.069
3.610  11.080
3.620  11.201
3.630  11.226
3.640  10.910
3.650  10.977
3.660  11.016
3.670  11.035
3.680  10.970
3.690  11.021
3.700  11.007
3.710  10.880
3.720  11.114
3.730  10.984
3.740  11.071
3.750  11.003
3.760  10.960
3.770  11.057
3.780  11.307
3.790  11.161
3.800  10.831
3.810  10.996
3.820  11.088
3.830  11.134
3.840  10.986
3.850  10.916
3.860  10.886
3.870  11.017
3.880  11.223
3.890  11.256
3.900  11.142
3.910  10.815
3.920  10.926
3.930  11.069
3.940  10.919
3.950  11.092
3.960  10.790
3.970  10.820
3.980  11.058
3.990  11.337
4.000  11.095
4.010  10.821
4.020  10.858
4.030  10.955
4.040  11.137
4.050  11.098
4.060  11.252
4.070  10.991
4.080  11.046
4.090  11.001
4.100  10.887
4.110  10.889
4.120  11.167
4.130  11.077
4.140  10.967
4.150  10.899
4.160  11.138
4.170  11.093
4.180  10.962
4.190  10.914
4.200  11.091
4.210  11.113
4.220  10.938
4.230  10.873
4.240  10.799
4.250  10.923
4.260  11.073
4.270  10.907
4.280  10.724
4.290  11.019
4.300  11.204
4.310  10.920
4.320  11.000
4.330  11.193
4.340  11.118
4.350  10.775
4.360  10.714
4.370  11.041
4.380  11.073
4.390  11.055
4.400  11.038
4.410  10.851
4.420  10.987
4.430  11.085
4.440  10.986
4.450  11.158
4.460  11.023
4.470  10.930
4.480  10.742
4.490  10.825
4.500  11.036
4.510  11.154
4.520  10.967
4.530  10.889
4.540  10.960
4.550  11.062
4.560  10.832
4.570  10.758
4.580  10.885
4.590  11.133
4.600  11.300
4.610  10.971
4.620  10.765
4.630  10.835
4.640  11.151
4.650  11.085
4.660  10.934
4.670  10.917
4.680  10.977
4.690  10.861
4.700  11.036
4.710  10.957
4.720  11.035
4.730  10.841
4.740  10.768
4.750  10.893
4.760  11.033
4.770  11.000
4.780  10.657
4.790  11.020
4.800  11.177
4.810  10.969
4.820  10.925
4.830  10.800
4.840  11.127
4.850  11.222
4.860  11.064
4.870  10.924
4.880  10.879
4.890  11.003
4.900  10.898
4.910  11.041
4.920  11.084
4.930  11.073
4.940  10.700
4.950  10.904
4.960  11.016
4.970  10.994
4.980  10.878
4.990  11.127
5.000  11.011
5.010  10.996
5.020  10.950
5.030  11.018
5.040  11.009
5.050  11.010
5.060  11.130
5.070  10.972
5.080  10.956
5.090  10.844
5.100  10.925
5.110  10.993
5.120  10.951
5.130  11.045
5.140  11.106
5.150  10.983
5.160  10.861
5.170  10.805
5.180  11.021
5.190  11.104
5.200  11.114
5.210  11.040
5.220  10.828
5.230  11.032
5.240  11.105
5.250  11.029
5.260  10.949
5.270  10.957
5.280  11.132
5.290  11.222
5.300  11.024
5.310  10.951
5.320  11.038
5.330  11.061
5.340  10.909
5.350  11.005
5.360  11.120
5.370  11.167
5.380  10.975
5.390  10.839
5.400  10.843
5.410  11.067
5.420  11.048
5.430  10.821
5.440  10.826
5.450  10.984
5.460  11.094
5.470  11.115
5.480  11.153
5.490  10.990
5.500  10.939
5.510  10.989
5.520  11.004
5.530  11.010
5.540  11.153
5.550  10.878
5.560  11.116
5.570  10.900
5.580  10.823
5.590  10.981
5.600  11.007
5.610  11.039
5.620  10.950
5.630  10.994
5.640  10.876
5.650  11.008
5.660  11.144
5.670  11.136
5.680  10.920
5.690  10.899
5.700  11.082
5.710  11.171
5.720  11.039
5.730  11.011
5.740  10.901
5.750  10.759
5.760  10.989
5.770  11.306
5.780  10.889
5.790  10.870
5.800  10.807
5.810  11.071
5.820  11.389
5.830  11.125
5.840  10.958
5.850  10.958
5.860  10.951
5.870  11.006
5.880  11.143
5.890  11.150
5.900  11.174
5.910  11.117
5.920  10.917
5.930  11.259
5.940  11.179
5.950  11.038
5.960  10.829
5.970  10.846
5.980  11.312
5.990  11.117
6.000  10.902
6.010  10.870
6.020  11.162
6.030  11.221
6.040  11.198
6.050  11.087
6.060  10.887
6.070  11.027
6.080  11.011
6.090  10.979
6.100  11.151
6.110  11.135
6.120  10.868
6.130  10.938
6.140  11.093
6.150  10.896
6.160  10.827
6.170  10.977
6.180  11.220
6.190  11.220
6.200  10.861
6.210  11.068
6.220  11.232
6.230  11.271
6.240  10.984
6.250  10.852
6.260  10.830
6.270  11.122
6.280  11.071
6.290  11.153
6.300  10.947
6.310  11.029
6.320  10.803
6.330  10.999
6.340  11.141
6.350  11.032
6.360  11.033
6.370  11.014
6.380  10.991
6.390  11.033
6.400  11.170
6.410  11.126
6.420  10.861
6.430  10.865
6.440  11.078
6.450  11.013
