time(sec)  pressure
0.000  12.649
0.010  12.634
0.020  12.652
0.030  12.548
0.040  12.696
0.050  12.830
0.060  12.880
0.070  12.821
0.080  12.678
0.090  12.666
0.100  12.725
0.110  12.522
0.120  12.698
0.130  12.837
0.140  12.882
0.150  12.867
0.160  12.638
0.170  12.619
0.180  12.644
0.190  12.986
0.200  13.039
0.210  12.703
0.220  12.416
0.230  12.646
0.240  12.894
0.250  12.682
0.260  12.643
0.270  12.913
0.280  12.837
0.290  12.951
0.300  12.715
0.310  12.893
0.320  12.871
0.330  12.756
0.340  12.656
0.350  12.836
0.360  12.979
0.370  12.812
0.380  12.575
0.390  12.644
0.400  12.956
0.410  12.757
0.420  12.863
0.430  12.648
0.440  12.683
0.450  12.821
0.460  12.655
0.470  12.721
0.480  12.583
0.490  12.350
0.500  12.802
0.510  12.640
0.520  12.722
0.530  12.639
0.540  12.838
0.550  12.744
0.560  12.719
0.570  12.603
0.580  13.052
0.590  13.123
0.600  12.692
0.610  12.527
0.620  12.845
0.630  12.912
0.640  12.889
0.650  12.878
0.660  12.972
0.670  12.626
0.680  12.709
0.690  12.877
0.700  12.643
0.710  12.501
0.720  12.817
0.730  12.766
0.740  12.677
0.750  12.806
0.760  12.829
0.770  12.774
0.780  12.706
0.790  12.631
0.800  12.744
0.810  12.715
0.820  12.770
0.830  12.697
0.840  12.619
0.850  12.569
0.860  12.716
0.870  13.086
0.880  12.851
0.890  12.715
0.900  12.598
0.910  12.539
0.920  12.703
0.930  13.029
0.940  12.875
0.950  12.648
0.960  12.975
0.970  12.624
0.980  12.698
0.990  12.640
1.000  12.574
1.010  12.869
1.020  12.995
1.030  12.649
1.040  12.694
1.050  12.513
1.060  12.700
1.070  12.773
1.080  12.743
1.090  12.640
1.100  12.779
1.110  12.827
1.120  12.644
1.130  12.839
1.140  12.745
1.150  12.755
1.160  12.688
1.170  12.683
1.180  12.702
1.190  12.865
1.200  12.961
1.210  12.734
1.220  12.722
1.230  12.695
1.240  12.819
1.250  12.685
1.260  12.784
1.270  12.727
1.280  12.543
1.290  12.815
1.300  12.994
1.310  12.987
1.320  12.579
1.330  12.523
1.340  12.752
1.350  13.132
1.360  12.875
1.370  12.834
1.380  12.523
1.390  12.645
1.400  12.755
1.410  12.865
1.420  12.828
1.430  12.698
1.440  12.825
1.450  12.672
1.460  12.758
1.470  12.825
1.480  12.624
1.490  12.612
1.500  12.614
1.510  12.847
1.520  12.980
1.530  12.850
1.540  12.542
1.550  12.456
1.560  12.738
1.570  12.867
1.580  12.703
1.590  12.727
1.600  12.784
1.610  12.911
1.620  12.917
1.630  12.911
1.640  12.911
1.650  12.754
1.660  12.773
1.670  12.734
1.680  12.776
1.690  13.041
1.700  12.857
1.710  12.697
1.720  12.651
1.730  12.647
1.740  12.950
1.750  12.837
1.760  12.969
1.770  13.111
1.780  12.809
1.790  12.823
1.800  12.815
1.810  12.593
1.820  12.627
1.830  12.612
1.840  12.729
1.850  12.995
1.860  12.779
1.870  12.712
1.880  12.786
1.890  12.607
1.900  12.674
1.910  12.885
1.920  12.828
1.930  13.014
1.940  12.845
1.950  12.904
1.960  12.858
1.970  12.668
1.980  12.836
1.990  12.756
2.000  12.932
2.010  12.660
2.020  12.621
2.030  12.998
2.040  12.945
2.050  12.801
2.060  12.955
2.070  12.658
2.080  12.721
2.090  12.936
2.100  12.968
2.110  12.808
2.120  12.757
2.130  12.409
2.140  12.558
2.150  12.807
2.160  12.841
2.170  12.979
2.180  12.932
2.190  12.699
2.200  12.682
2.210  12.984
2.220  13.049
2.230  12.701
2.240  12.789
2.250  12.879
2.260  12.783
2.270  12.682
2.280  12.627
2.290  12.894
2.300  12.949
2.310  12.794
2.320  12.655
2.330  12.668
2.340  13.005
2.350  12.761
2.360  12.721
2.370  12.494
2.380  12.980
2.390  12.952
2.400  12.976
2.410  12.667
2.420  12.539
2.430  12.645
2.440  12.834
2.450  13.168
2.460  12.894
2.470  12.321
2.480  12.724
2.490  12.598
2.500  12.917
2.510  12.917
2.520  12.824
2.530  12.811
2.540  12.711
2.550  12.781
2.560  12.665
2.570  12.791
2.580  12.692
2.590  12.733
2.600  12.834
2.610  12.862
2.620  12.843
2.630  12.790
2.640  12.706
2.650  12.763
2.660  12.903
2.670  12.892
2.680  12.744
2.690  12.684
2.700  12.561
2.710  12.638
2.720  12.935
2.730  12.991
2.740  12.760
2.750  12.915
2.760  12.896
2.770  12.748
2.780  12.663
2.790  12.621
2.800  12.589
2.810  12.648
2.820  12.722
2.830  12.595
2.840  12.678
2.850  12.744
2.860  12.946
2.870  12.766
2.880  12.727
2.890  12.829
2.900  12.723
2.910  13.097
2.920  12.729
2.930  12.735
2.940  12.600
2.950  12.750
2.960  12.835
2.970  12.982
2.980  12.939
2.990  12.908
3.000  12.884
3.010  12.714
3.020  12.860
3.030  12.772
3.040  12.501
3.050  12.660
3.060  12.644
3.070  12.613
3.080  12.612
3.090  12.807
3.100  12.827
3.110  12.759
3.120  12.589
3.130  12.510
3.140  12.837
3.150  12.993
3.160  12.940
3.170  12.627
3.180  12.529
3.190  12.609
3.200  12.837
3.210  12.842
3.220  12.554
3.230  12.719
3.240  12.858
3.250  12.639
3.260  12.701
3.270  12.788
3.280  12.909
3.290  12.793
3.300  12.683
3.310  12.646
3.320  12.863
3.330  13.015
3.340  12.853
3.350  12.725
3.360  12.576
3.370  12.728
3.380  12.751
3.390  12.953
3.400  12.820
3.410  12.458
3.420  12.604
3.430  12.750
3.440  12.806
3.450  12.638
3.460  12.397
3.470  12.910
3.480  12.957
3.490  12.978
3.500  12.553
3.510  12.642
3.520  12.749
3.530  12.725
3.540  12.983
3.550  12.870
3.560  12.533
3.570  12.747
3.580  12.792
3.590  12.869
3.600  12.661
3.610  12.590
3.620  12.535
3.630  12.788
3.640  12.811
3.650  13.006
3.660  12.875
3.670  12.745
3.680  12.573
3.690  12.752
3.700  12.729
3.710  12.918
3.720  12.952
3.730  12.662
3.740  12.563
3.750  12.719
3.760  12.749
3.770  12.731
3.780  12.853
3.790  12.550
3.800  12.917
3.810  12.864
3.820  12.548
3.830  12.717
3.840  12.779
3.850  12.923
3.860  12.827
3.870  12.676
3.880  12.829
3.890  12.812
3.900  12.737
3.910  12.910
3.920  12.577
3.930  12.594
3.940  12.903
3.950  12.786
3.960  12.870
3.970  12.640
3.980  12.893
3.990  12.722
4.000  12.964
4.010  12.823
4.020  12.783
4.030  12.685
4.040  12.542
4.050  12.902
4.060  12.979
4.070  12.658
4.080  12.703
4.090  12.956
4.100  12.798
4.110  12.815
4.120  12.641
4.130  12.846
4.140  12.856
4.150  12.693
4.160  12.824
4.170  12.789
4.180  13.008
4.190  12.841
4.200  12.714
4.210  12.608
4.220  13.055
4.230  12.963
4.240  12.857
4.250  12.769
4.260  12.637
4.270  12.848
4.280  12.742
4.290  12.809
4.300  12.947
4.310  12.659
4.320  12.496
4.330  12.673
4.340  12.737
4.350  12.752
4.360  12.968
4.370  12.608
4.380  12.606
4.390  12.899
4.400  13.086
4.410  12.820
4.420  12.646
4.430  12.721
4.440  12.853
4.450  12.988
4.460  12.734
4.470  12.575
4.480  12.687
4.490  12.795
4.500  12.939
4.510  12.924
4.520  12.661
4.530  12.706
4.540  12.659
4.550  12.825
4.560  12.681
4.570  12.588
4.580  12.603
4.590  12.718
4.600  12.804
4.610  12.902
4.620  12.854
4.630  12.559
4.640  12.863
4.650  12.884
4.660  12.906
4.670  12.743
4.680  12.951
4.690  12.796
4.700  12.679
4.710  12.631
4.720  12.698
4.730  12.855
4.740  12.862
4.750  12.569
4.760  12.667
4.770  12.715
4.780  12.680
4.790  12.801
4.800  12.784
4.810  12.709
4.820  12.925
4.830  12.649
4.840  12.747
4.850  12.819
4.860  12.650
4.870  12.877
4.880  12.835
4.890  12.751
4.900  12.581
4.910  12.679
4.920  12.915
4.930  12.641
4.940  12.815
4.950  12.731
4.960  12.870
4.970  13.004
4.980  12.942
4.990  12.756
5.000  12.766
5.010  12.824
5.020  12.953
5.030  12.778
5.040  12.744
5.050  12.574
5.060  12.752
5.070  12.967
5.080  12.999
5.090  12.909
5.100  12.594
5.110  12.916
5.120  12.742
5.130  12.744
5.140  12.782
5.150  12.928
5.160  12.766
5.170  12.459
5.180  12.814
5.190  13.157
5.200  12.876
5.210  12.554
5.220  12.664
5.230  12.576
5.240  12.994
5.250  12.878
5.260  12.830
5.270  12.691
5.280  12.795
5.290  12.828
5.300  12.982
5.310  12.986
5.320  12.907
5.330  12.430
5.340  12.887
5.350  13.047
5.360  12.654
5.370  12.694
5.380  12.751
5.390  12.847
5.400  12.830
5.410  12.728
5.420  12.965
5.430  12.898
5.440  12.625
5.450  12.617
5.460  12.865
5.470  12.875
5.480  12.851
5.490  12.650
5.500  12.727
5.510  12.838
5.520  12.711
5.530  12.576
5.540  12.708
5.550  12.938
5.560  12.985
5.570  12.979
5.580  12.730
5.590  12.704
5.600  12.519
5.610  12.574
5.620  12.703
5.630  12.979
5.640  12.671
5.650  12.804
5.660  12.728
5.670  12.652
5.680  12.991
5.690  12.783
5.700  12.516
5.710  12.950
5.720  13.064
5.730  13.113
5.740  12.844
5.750  12.983
5.760  12.858
5.770  12.656
5.780  12.799
5.790  12.804
5.800  12.655
5.810  12.456
5.820  12.996
5.830  13.093
5.840  12.919
5.850  12.701
5.860  12.677
5.870  12.922
5.880  12.993
5.890  12.780
5.900  12.698
5.910  12.652
5.920  12.661
5.930  12.849
5.940  13.028
5.950  12.539
5.960  12.726
5.970  12.926
5.980  12.685
5.990  12.725
6.000  12.767
6.010  12.668
6.020  12.752
6.030  12.939
6.040  12.909
6.050  12.584
6.060  12.439
6.070  12.556
6.080  12.874
6.090  12.975
6.100  13.135
6.110  12.678
6.120  12.717
6.130  12.640
6.140  12.895
6.150  12.932
6.160  12.629
6.170  12.502
6.180  12.746
6.190  12.773
6.200  12.896
6.210  12.942
6.220  12.816
6.230  12.661
6.240  12.884
6.250  12.787
6.260  12.749
6.270  12.723
6.280  12.860
6.290  12.842
6.300  12.905
6.310  12.685
6.320  12.666
6.330  12.770
6.340  12.738
6.350  12.832
6.360  12.785
6.370  12.689
6.380  12.720
6.390  12.872
6.400  12.798
6.410  12.770
6.420  12.672
6.430  12.898
