time(sec)  pressure
0.000  28.231
0.010  28.570
0.020  28.048
0.030  27.637
0.040  27.795
0.050  28.331
0.060  28.495
0.070  27.821
0.080  28.025
0.090  28.106
0.100  28.204
0.110  27.907
0.120  28.091
0.130  28.428
0.140  28.189
0.150  27.650
0.160  27.334
0.170  27.974
0.180  28.411
0.190  28.156
0.200  27.866
0.210  27.784
0.220  27.621
0.230  27.392
0.240  27.692
0.250  28.020
0.260  28.112
0.270  27.581
0.280  27.639
0.290  28.358
0.300  28.006
0.310  28.354
0.320  27.708
0.330  27.945
0.340  27.997
0.350  28.124
0.360  28.047
0.370  27.951
0.380  27.700
0.390  28.049
0.400  27.867
0.410  27.794
0.420  27.967
0.430  27.827
0.440  28.084
0.450  27.946
0.460  27.824
0.470  28.410
0.480  28.015
0.490  28.091
0.500  27.710
0.510  27.499
0.520  28.410
0.530  28.454
0.540  28.149
0.550  27.640
0.560  27.822
0.570  28.271
0.580  28.166
0.590  27.963
0.600  27.947
0.610  27.821
0.620  27.275
0.630  28.294
0.640  28.304
0.650  27.747
0.660  27.494
0.670  27.604
0.680  28.061
0.690  28.041
0.700  27.593
0.710  27.844
0.720  28.144
0.730  27.837
0.740  28.023
0.750  28.365
0.760  27.786
0.770  27.568
0.780  27.626
0.790  27.689
0.800  27.737
0.810  28.436
0.820  28.108
0.830  27.935
0.840  28.106
0.850  27.655
0.860  27.557
0.870  28.286
0.880  28.600
0.890  27.650
0.900  27.782
0.910  28.228
0.920  28.037
0.930  28.275
0.940  28.107
0.950  28.302
0.960  28.192
0.970  27.624
0.980  27.711
0.990  28.070
1.000  27.878
1.010  28.012
1.020  27.668
1.030  28.466
1.040  28.217
1.050  27.855
1.060  28.405
1.070  27.752
1.080  28.042
1.090  28.351
1.100  27.876
1.110  27.910
1.120  27.923
1.130  28.055
1.140  27.505
1.150  28.122
1.160  27.895
1.170  27.882
1.180  27.709
1.190  28.447
1.200  28.518
1.210  28.216
1.220  27.893
1.230  27.421
1.240  27.929
1.250  28.019
1.260  28.198
1.270  28.494
1.280  28.195
1.290  27.982
1.300  28.054
1.310  28.204
1.320  27.714
1.330  28.324
1.340  28.052
1.350  28.150
1.360  27.944
1.370  27.987
1.380  28.279
1.390  27.910
1.400  28.063
1.410  28.028
1.420  28.112
1.430  27.954
1.440  27.595
1.450  27.615
1.460  28.358
1.470  28.188
1.480  27.928
1.490  27.647
1.500  28.338
1.510  27.940
1.520  28.347
1.530  28.005
1.540  27.668
1.550  27.912
1.560  28.010
1.570  27.988
1.580  27.828
1.590  27.973
1.600  28.180
1.610  28.154
1.620  27.679
1.630  27.972
1.640  28.097
1.650  27.893
1.660  28.376
1.670  27.844
1.680  27.727
1.690  28.041
1.700  27.988
1.710  28.383
1.720  28.324
1.730  28.183
1.740  28.022
1.750  27.750
1.760  28.077
1.770  28.235
1.780  27.765
1.790  27.501
1.800  27.986
1.810  28.445
1.820  27.944
1.830  27.417
1.840  27.553
1.850  28.661
1.860  28.006
1.870  27.699
1.880  27.781
1.890  27.680
1.900  27.866
1.910  28.336
1.920  27.557
1.930  27.945
1.940  27.922
1.950  28.230
1.960  28.258
1.970  28.151
1.980  27.628
1.990  27.567
2.000  27.800
2.010  27.815
2.020  28.259
2.030  28.001
2.040  27.630
2.050  27.810
2.060  27.938
2.070  27.965
2.080  27.325
2.090  27.651
2.100  27.776
2.110  28.001
2.120  27.989
2.130  28.109
2.140  28.689
2.150  27.926
2.160  27.879
2.170  28.260
2.180  27.889
2.190  27.636
2.200  28.182
2.210  28.313
2.220  28.008
2.230  27.852
2.240  27.867
2.250  28.069
2.260  28.483
2.270  28.081
2.280  27.659
2.290  27.750
2.300  28.135
2.310  28.160
2.320  27.767
2.330  27.907
2.340  28.040
2.350  27.815
2.360  28.679
2.370  27.881
2.380  27.560
2.390  27.674
2.400  28.151
2.410  27.957
2.420  28.037
2.430  28.120
2.440  27.923
2.450  27.640
2.460  27.983
2.470  28.134
2.480  27.803
2.490  27.970
2.500  27.862
2.510  27.288
2.520  28.138
2.530  27.775
2.540  28.217
2.550  27.572
2.560  27.652
2.570  27.909
2.580  28.427
2.590  28.282
2.600  28.092
2.610  27.231
2.620  27.149
2.630  28.095
2.640  28.112
2.650  28.369
2.660  27.769
2.670  27.257
2.680  28.235
2.690  28.707
2.700  27.867
2.710  28.023
2.720  27.575
2.730  27.286
2.740  28.209
2.750  28.316
2.760  27.948
2.770  28.017
2.780  27.818
2.790  27.939
2.800  28.447
2.810  28.434
2.820  27.576
2.830  27.558
2.840  27.977
2.850  27.841
2.860  27.627
2.870  27.794
2.880  28.192
2.890  28.072
2.900  27.702
2.910  27.814
2.920  27.802
2.930  27.600
2.940  27.219
2.950  27.767
2.960  28.466
2.970  28.103
2.980  27.854
2.990  27.280
3.000  27.274
3.010  27.709
3.020  28.376
3.030  27.321
3.040  28.046
3.050  27.844
3.060  28.292
3.070  27.915
3.080  28.385
3.090  28.138
3.100  27.982
3.110  27.740
3.120  27.902
3.130  28.087
3.140  27.638
3.150  27.717
3.160  27.908
3.170  27.635
3.180  28.077
3.190  27.554
3.200  28.003
3.210  28.134
3.220  27.784
3.230  27.795
3.240  27.900
3.250  28.145
3.260  27.939
3.270  28.132
3.280  28.142
3.290  27.416
3.300  27.792
3.310  27.692
3.320  28.152
3.330  28.225
3.340  28.200
3.350  27.945
3.360  27.460
3.370  27.905
3.380  27.960
3.390  27.961
3.400  28.081
3.410  27.967
3.420  28.223
3.430  28.014
3.440  27.741
3.450  27.991
3.460  28.183
3.470  27.594
3.480  27.671
3.490  27.621
3.500  27.517
3.510  28.312
3.520  27.802
3.530  27.473
3.540  27.592
3.550  28.532
3.560  28.183
3.570  28.157
3.580  27.812
3.590  28.260
3.600  28.286
3.610  27.583
3.620  28.053
3.630  28.375
3.640  27.919
3.650  27.923
3.660  27.764
3.670  28.038
3.680  28.326
3.690  27.524
3.700  27.846
3.710  28.201
3.720  28.020
3.730  28.225
3.740  28.183
3.750  27.334
3.760  27.229
3.770  27.855
3.780  27.682
3.790  28.260
3.800  27.792
3.810  27.594
3.820  28.260
3.830  27.736
3.840  27.611
3.850  28.016
3.860  27.899
3.870  27.524
3.880  27.875
3.890  28.232
3.900  28.166
3.910  28.089
3.920  27.544
3.930  27.822
3.940  28.667
3.950  28.427
3.960  27.816
3.970  27.337
3.980  28.000
3.990  27.888
4.000  27.831
4.010  28.222
4.020  27.662
4.030  28.152
4.040  27.733
4.050  27.535
4.060  27.691
4.070  27.825
4.080  28.223
4.090  27.922
4.100  28.481
4.110  27.827
4.120  27.732
4.130  28.208
4.140  27.757
4.150  27.653
4.160  27.801
4.170  28.027
4.180  28.314
4.190  28.184
4.200  27.334
4.210  27.954
4.220  28.049
4.230  28.426
4.240  28.182
4.250  27.913
4.260  27.043
4.270  27.648
4.280  28.208
4.290  28.560
4.300  28.226
4.310  27.810
4.320  27.491
4.330  27.500
4.340  28.010
4.350  28.071
4.360  27.882
4.370  28.039
4.380  27.779
4.390  27.929
4.400  28.680
4.410  27.892
4.420  27.631
4.430  27.880
4.440  27.948
4.450  28.091
4.460  27.961
4.470  27.525
4.480  27.777
4.490  27.709
4.500  28.592
4.510  28.333
4.520  27.799
4.530  27.307
4.540  27.367
4.550  28.343
4.560  28.277
4.570  28.180
4.580  27.922
4.590  27.458
4.600  27.835
4.610  27.700
4.620  27.966
4.630  27.778
4.640  28.011
4.650  27.951
4.660  28.199
4.670  28.047
4.680  28.239
4.690  27.829
4.700  27.857
4.710  28.553
4.720  28.190
4.730  28.269
4.740  27.877
4.750  27.856
4.760  28.016
4.770  27.679
4.780  27.743
4.790  27.980
4.800  27.836
4.810  27.541
4.820  27.834
4.830  28.126
4.840  28.254
4.850  28.149
4.860  27.452
4.870  27.207
4.880  27.961
4.890  27.936
4.900  27.908
4.910  27.327
4.920  27.557
4.930  28.370
4.940  27.636
4.950  27.775
4.960  28.275
4.970  28.452
4.980  27.570
4.990  27.939
5.000  28.312
5.010  28.012
5.020  28.169
5.030  27.536
5.040  27.645
5.050  28.327
5.060  28.211
5.070  27.474
5.080  27.511
5.090  27.569
5.100  27.643
5.110  27.654
5.120  27.851
5.130  27.888
5.140  28.056
5.150  27.793
5.160  28.226
5.170  27.510
5.180  28.067
5.190  27.971
5.200  27.770
5.210  27.931
5.220  28.243
5.230  28.219
5.240  28.135
5.250  27.668
5.260  27.465
5.270  27.915
5.280  28.149
5.290  27.952
5.300  28.068
5.310  27.733
5.320  27.478
5.330  27.696
5.340  27.850
5.350  27.863
5.360  27.592
5.370  27.774
5.380  28.201
5.390  27.552
5.400  27.652
5.410  27.859
5.420  28.037
5.430  27.879
5.440  27.689
5.450  27.734
5.460  28.175
5.470  27.690
5.480  28.097
5.490  27.963
5.500  28.128
5.510  27.887
5.520  28.232
5.530  27.860
5.540  27.165
5.550  27.645
5.560  28.323
5.570  28.130
5.580  27.380
5.590  27.433
5.600  27.585
5.610  27.559
5.620  28.316
5.630  28.043
5.640  27.422
5.650  27.614
5.660  27.267
5.670  27.918
5.680  27.853
5.690  27.792
5.700  27.305
5.710  27.587
5.720  27.441
5.730  27.625
5.740  28.273
5.750  28.073
5.760  28.184
5.770  27.783
5.780  27.045
5.790  27.641
5.800  28.563
5.810  27.897
5.820  27.698
5.830  27.187
5.840  27.819
5.850  28.091
5.860  28.644
5.870  28.010
5.880  27.528
5.890  27.723
5.900  27.824
5.910  27.626
5.920  27.795
5.930  28.176
5.940  27.989
5.950  27.611
5.960  27.765
5.970  27.533
5.980  27.342
5.990  27.994
6.000  28.035
6.010  27.555
6.020  28.083
6.030  28.053
6.040  27.668
6.050  27.421
6.060  28.037
6.070  28.311
6.080  28.321
6.090  27.634
6.100  27.851
6.110  27.521
6.120  27.571
6.130  28.012
6.140  28.253
6.150  28.372
6.160  27.527
6.170  27.161
6.180  27.665
6.190  27.987
6.200  27.736
6.210  27.925
6.220  27.707
6.230  27.674
6.240  27.562
6.250  27.663
6.260  28.133
6.270  28.029
6.280  27.762
6.290  27.676
6.300  27.466
6.310  28.000
6.320  27.896
6.330  28.024
6.340  27.579
6.350  28.205
6.360  27.957
6.370  27.380
6.380  27.636
6.390  27.735
6.400  27.989
6.410  28.056
6.420  28.295
6.430  28.320
