time(sec)  pressure
0.000  0.011
0.010  0.009
0.020  0.009
0.030  0.009
0.040  0.010
0.050  0.017
0.060  0.003
0.070  0.011
0.080  0.015
0.090  0.014
0.100  0.016
0.110  0.011
0.120  0.011
0.130  0.008
0.140  0.017
0.150  0.011
0.160  0.015
0.170  0.012
0.180  0.011
0.190  0.014
0.200  0.012
0.210  0.008
0.220  0.008
0.230  0.011
0.240  0.006
0.250  0.004
0.260  0.005
0.270  0.011
0.280  0.005
0.290  0.014
0.300  0.002
0.310  0.011
0.320  0.009
0.330  0.013
0.340  0.011
0.350  0.005
0.360  0.004
0.370  0.006
0.380  0.007
0.390  0.005
0.400  0.004
0.410  0.006
0.420  0.012
0.430  0.006
0.440  0.008
0.450  0.013
0.460  0.010
0.470  0.012
0.480  0.009
0.490  0.013
0.500  0.004
0.510  0.008
0.520  0.005
0.530  0.010
0.540  0.000
0.550  0.003
0.560  0.003
0.570  0.010
0.580  0.001
0.590  0.005
0.600  0.007
0.610  0.001
0.620  0.005
0.630  0.008
0.640  0.010
0.650  0.006
0.660  0.010
0.670  0.005
0.680  0.012
0.690  0.003
0.700  0.007
0.710  0.004
0.720  0.008
0.730  0.007
0.740  0.007
0.750  0.003
0.760  0.010
0.770  0.004
0.780  0.011
0.790  0.006
0.800  0.003
0.810  0.015
0.820  0.004
0.830  0.013
0.840  0.005
0.850  0.009
0.860  0.007
0.870  0.007
0.880  0.006
0.890  0.009
0.900  0.007
0.910  0.004
0.920  0.016
0.930  0.007
0.940  0.015
0.950  0.017
0.960  0.013
0.970  0.011
0.980  0.011
0.990  0.011
1.000  0.006
1.010  0.010
1.020  0.008
1.030  0.008
1.040  0.005
1.050  0.012
1.060  0.008
1.070  0.002
1.080  0.007
1.090  0.008
1.100  0.010
1.110  0.007
1.120  0.006
1.130  0.006
1.140  0.005
1.150  0.012
1.160  0.004
1.170  0.004
1.180  0.011
1.190  0.005
1.200  0.009
1.210  0.006
1.220  0.006
1.230  0.007
1.240  0.010
1.250  0.008
1.260  0.005
1.270  0.008
1.280  0.003
1.290  0.004
1.300  0.005
1.310  0.004
1.320  0.004
1.330  0.012
1.340  0.007
1.350  0.005
1.360  0.013
1.370  0.014
1.380  0.008
1.390  0.006
1.400  0.009
1.410  0.010
1.420  0.010
1.430  0.007
1.440  0.008
1.450  0.006
1.460  0.001
1.470  0.007
1.480  0.010
1.490  0.013
1.500  0.009
1.510  0.011
1.520  0.006
1.530  0.008
1.540  0.003
1.550  0.003
1.560  0.010
1.570  0.002
1.580  0.007
1.590  0.011
1.600  0.011
1.610  0.013
1.620  0.013
1.630  0.012
1.640  0.004
1.650  0.004
1.660  0.013
1.670  0.003
1.680  0.009
1.690  0.007
1.700  0.005
1.710  0.004
1.720  0.010
1.730  0.011
1.740  0.008
1.750  0.003
1.760  0.016
1.770  0.008
1.780  0.005
1.790  0.007
1.800  0.006
1.810  0.014
1.820  0.015
1.830  0.007
1.840  0.009
1.850  0.007
1.860  0.005
1.870  0.005
1.880  0.017
1.890  0.010
1.900  0.010
1.910  0.012
1.920  0.007
1.930  0.006
1.940  0.004
1.950  0.007
1.960  0.009
1.970  0.008
1.980  0.009
1.990  0.005
2.000  0.004
2.010  0.008
2.020  0.009
2.030  0.003
2.040  0.009
2.050  0.003
2.060  0.012
2.070  0.007
2.080  0.007
2.090  0.005
2.100  0.011
2.110  0.005
2.120  0.008
2.130  0.009
2.140  0.010
2.150  0.006
2.160  0.003
2.170  0.012
2.180  0.010
2.190  0.008
2.200  0.009
2.210  0.004
2.220  0.005
2.230  0.009
2.240  0.012
2.250  0.009
2.260  0.011
2.270  0.006
2.280  0.009
2.290  0.004
2.300  0.009
2.310  0.008
2.320  0.010
2.330  0.011
2.340  0.004
2.350  0.006
2.360  0.015
2.370  0.002
2.380  0.003
2.390  0.012
2.400  0.006
2.410  0.011
2.420  0.005
2.430  0.005
2.440  0.007
2.450  0.013
2.460  0.012
2.470  0.007
2.480  0.003
2.490  0.008
2.500  0.015
2.510  0.010
2.520  0.007
2.530  0.010
2.540  0.008
2.550  0.007
2.560  0.006
2.570  0.008
2.580  0.012
2.590  0.012
2.600  0.006
2.610  0.007
2.620  0.007
2.630  0.016
2.640  0.011
2.650  0.007
2.660  0.004
2.670  0.011
2.680  0.011
2.690  0.015
2.700  0.012
2.710  0.010
2.720  0.014
2.730  0.009
2.740  0.008
2.750  0.011
2.760  0.008
2.770  0.010
2.780  0.012
2.790  0.017
2.800  0.011
2.810  0.010
2.820  0.010
2.830  0.007
2.840  0.003
2.850  0.004
2.860  0.010
2.870  0.010
2.880  0.010
2.890  0.010
2.900  0.004
2.910  0.012
2.920  0.010
2.930  0.004
2.940  0.015
2.950  0.010
2.960  0.009
2.970  0.014
2.980  0.006
2.990  0.011
3.000  0.006
3.010  0.009
3.020  0.012
3.030  0.010
3.040  0.004
3.050  0.006
3.060  0.012
3.070  0.002
3.080  0.007
3.090  0.010
3.100  0.004
3.110  0.001
3.120  0.003
3.130  0.003
3.140  0.002
3.150  0.002
3.160  0.001
3.170  0.002
3.180  -0.000
3.190  0.001
3.200  -0.001
3.210  -0.004
3.220  -0.006
3.230  -0.004
3.240  -0.003
3.250  0.000
3.260  -0.002
3.270  -0.002
3.280  0.003
3.290  -0.005
3.300  -0.007
3.310  0.001
3.320  0.004
3.330  -0.003
3.340  -0.004
3.350  0.002
3.360  0.001
3.370  0.004
3.380  -0.002
3.390  0.007
3.400  -0.001
3.410  -0.002
3.420  0.003
3.430  0.001
3.440  0.001
3.450  0.003
3.460  -0.003
3.470  0.006
3.480  -0.002
3.490  0.001
3.500  -0.003
3.510  -0.000
3.520  -0.003
3.530  -0.005
3.540  -0.005
3.550  -0.002
3.560  -0.003
3.570  -0.002
3.580  -0.003
3.590  0.001
3.600  0.000
3.610  -0.002
3.620  -0.001
3.630  -0.003
3.640  -0.002
3.650  0.004
3.660  -0.001
3.670  0.001
3.680  0.001
3.690  0.000
3.700  -0.002
3.710  -0.000
3.720  0.010
3.730  0.005
3.740  0.009
3.750  0.010
3.760  0.010
3.770  0.009
3.780  0.002
3.790  0.008
3.800  0.010
3.810  0.001
3.820  0.012
3.830  0.008
3.840  0.011
3.850  0.011
3.860  0.008
3.870  0.012
3.880  0.007
3.890  0.004
3.900  0.015
3.910  0.008
3.920  0.010
3.930  0.010
3.940  0.007
3.950  0.006
3.960  0.012
3.970  0.008
3.980  0.008
3.990  0.009
4.000  0.004
4.010  0.017
4.020  0.011
4.030  0.013
4.040  0.009
4.050  0.011
4.060  0.013
4.070  0.010
4.080  0.009
4.090  0.011
4.100  0.009
4.110  0.003
4.120  0.010
4.130  0.009
4.140  0.009
4.150  0.008
4.160  0.006
4.170  0.010
4.180  0.009
4.190  0.006
4.200  0.007
4.210  0.007
4.220  0.004
4.230  0.009
4.240  0.005
4.250  0.012
4.260  0.004
4.270  0.008
4.280  0.009
4.290  0.010
4.300  0.008
4.310  0.017
4.320  0.015
4.330  0.010
4.340  0.008
4.350  0.006
4.360  0.014
4.370  0.006
4.380  0.008
4.390  0.011
4.400  0.007
4.410  0.005
4.420  0.009
4.430  0.005
4.440  0.007
4.450  0.010
4.460  0.008
4.470  0.009
4.480  0.012
4.490  0.011
4.500  0.006
4.510  0.002
4.520  0.009
4.530  0.013
4.540  0.011
4.550  0.013
4.560  0.001
4.570  0.009
4.580  0.014
4.590  0.011
4.600  0.013
4.610  0.001
4.620  0.001
4.630  0.010
4.640  0.014
4.650  0.007
4.660  0.018
4.670  0.016
4.680  0.020
4.690  0.007
4.700  0.012
4.710  0.013
4.720  0.007
4.730  0.012
4.740  0.009
4.750  0.013
4.760  0.021
4.770  0.006
4.780  0.015
4.790  0.011
4.800  0.016
4.810  0.014
4.820  0.013
4.830  0.015
4.840  0.012
4.850  0.012
4.860  0.017
4.870  0.014
4.880  0.010
4.890  0.008
4.900  0.008
4.910  0.009
4.920  0.012
4.930  0.012
4.940  0.012
4.950  0.012
4.960  0.015
4.970  0.010
4.980  0.011
4.990  0.010
5.000  0.009
5.010  0.009
5.020  0.015
5.030  0.011
5.040  0.021
5.050  0.008
5.060  0.015
5.070  0.009
5.080  0.013
5.090  0.006
5.100  0.009
5.110  0.012
5.120  0.015
5.130  0.013
5.140  0.008
5.150  0.013
5.160  0.012
5.170  0.015
5.180  0.018
5.190  0.017
5.200  0.018
5.210  0.022
5.220  0.013
5.230  0.009
5.240  0.016
5.250  0.004
5.260  0.011
5.270  0.015
5.280  0.012
5.290  0.013
5.300  0.016
5.310  0.015
5.320  0.016
5.330  0.017
5.340  0.018
5.350  0.015
5.360  0.010
5.370  0.012
5.380  0.010
5.390  0.010
5.400  0.010
5.410  0.008
5.420  0.008
5.430  0.013
5.440  0.012
5.450  0.011
5.460  0.015
5.470  0.014
5.480  0.009
5.490  0.008
5.500  0.018
5.510  0.007
5.520  0.013
5.530  0.011
5.540  0.010
5.550  0.017
5.560  0.011
5.570  0.013
5.580  0.015
5.590  0.014
5.600  0.009
5.610  0.014
5.620  0.009
5.630  0.014
5.640  0.015
5.650  0.012
5.660  0.013
5.670  0.010
5.680  0.015
5.690  0.005
5.700  0.016
5.710  0.012
5.720  0.018
5.730  0.013
5.740  0.015
5.750  0.018
5.760  0.016
5.770  0.018
5.780  0.015
5.790  0.013
5.800  0.009
5.810  0.013
5.820  0.015
5.830  0.013
5.840  0.009
5.850  0.022
5.860  0.005
5.870  0.009
5.880  0.013
5.890  0.006
5.900  0.014
5.910  0.010
5.920  0.010
5.930  0.019
5.940  0.015
5.950  0.009
5.960  0.008
5.970  0.016
5.980  0.013
5.990  0.011
6.000  0.010
6.010  0.010
6.020  0.018
6.030  0.015
6.040  0.015
6.050  0.011
6.060  0.009
6.070  0.012
6.080  0.008
6.090  0.010
6.100  0.009
6.110  0.013
6.120  0.015
6.130  0.011
6.140  0.018
6.150  0.016
6.160  0.009
6.170  0.010
6.180  0.006
6.190  0.008
6.200  0.015
6.210  0.016
6.220  0.013
6.230  0.018
6.240  0.010
6.250  0.012
6.260  0.006
6.270  0.011
6.280  0.010
6.290  0.006
6.300  0.008
6.310  0.006
6.320  0.002
6.330  0.013
6.340  0.010
6.350  0.015
6.360  0.007
6.370  0.007
6.380  0.007
6.390  0.014
6.400  0.018
6.410  0.014
6.420  0.014
