time(sec)  pressure
0.000  21.006
0.010  21.091
0.020  21.281
0.030  21.266
0.040  20.978
0.050  21.092
0.060  21.154
0.070  21.119
0.080  21.127
0.090  21.159
0.100  21.666
0.110  21.421
0.120  21.173
0.130  20.635
0.140  20.647
0.150  21.347
0.160  21.280
0.170  21.101
0.180  21.286
0.190  21.079
0.200  21.103
0.210  20.963
0.220  21.071
0.230  21.327
0.240  21.015
0.250  20.823
0.260  21.082
0.270  20.967
0.280  21.347
0.290  21.270
0.300  20.960
0.310  20.805
0.320  21.060
0.330  21.624
0.340  21.051
0.350  20.719
0.360  21.344
0.370  21.319
0.380  21.250
0.390  20.670
0.400  20.882
0.410  21.496
0.420  21.357
0.430  21.290
0.440  21.023
0.450  21.222
0.460  20.967
0.470  21.260
0.480  21.112
0.490  21.243
0.500  21.181
0.510  21.349
0.520  21.151
0.530  20.669
0.540  20.740
0.550  20.908
0.560  21.084
0.570  21.126
0.580  21.556
0.590  20.927
0.600  21.009
0.610  21.026
0.620  21.459
0.630  21.303
0.640  21.191
0.650  21.046
0.660  21.210
0.670  20.898
0.680  21.140
0.690  21.045
0.700  20.987
0.710  21.197
0.720  21.528
0.730  21.036
0.740  20.876
0.750  21.495
0.760  21.413
0.770  20.809
0.780  20.920
0.790  21.037
0.800  21.279
0.810  21.067
0.820  21.261
0.830  20.873
0.840  21.150
0.850  21.176
0.860  21.003
0.870  20.764
0.880  21.092
0.890  21.608
0.900  21.313
0.910  20.911
0.920  20.673
0.930  21.001
0.940  20.883
0.950  21.172
0.960  21.622
0.970  21.193
0.980  21.097
0.990  21.260
1.000  21.171
1.010  21.466
1.020  21.363
1.030  21.246
1.040  21.189
1.050  21.003
1.060  20.870
1.070  20.882
1.080  21.072
1.090  21.403
1.100  21.507
1.110  21.261
1.120  20.658
1.130  20.880
1.140  21.341
1.150  21.340
1.160  21.473
1.170  20.857
1.180  21.397
1.190  21.281
1.200  21.228
1.210  20.860
1.220  21.162
1.230  21.437
1.240  20.924
1.250  20.794
1.260  20.981
1.270  21.430
1.280  21.229
1.290  21.064
1.300  20.986
1.310  21.200
1.320  21.267
1.330  21.103
1.340  20.839
1.350  21.243
1.360  21.658
1.370  21.161
1.380  21.187
1.390  20.964
1.400  20.816
1.410  21.173
1.420  20.948
1.430  20.997
1.440  21.382
1.450  21.244
1.460  20.949
1.470  21.296
1.480  20.969
1.490  20.767
1.500  21.052
1.510  20.858
1.520  20.897
1.530  21.239
1.540  20.799
1.550  21.009
1.560  21.260
1.570  21.107
1.580  21.340
1.590  20.964
1.600  20.946
1.610  20.781
1.620  20.643
1.630  20.878
1.640  21.202
1.650  21.393
1.660  21.529
1.670  21.087
1.680  20.761
1.690  20.754
1.700  20.612
1.710  21.181
1.720  21.589
1.730  21.252
1.740  20.862
1.750  20.945
1.760  21.323
1.770  21.197
1.780  21.175
1.790  21.080
1.800  21.198
1.810  21.235
1.820  21.279
1.830  21.389
1.840  21.013
1.850  21.172
1.860  21.567
1.870  21.332
1.880  20.647
1.890  20.492
1.900  21.088
1.910  21.354
1.920  21.243
1.930  21.111
1.940  20.959
1.950  20.985
1.960  20.823
1.970  21.263
1.980  21.192
1.990  21.222
2.000  21.188
2.010  20.991
2.020  21.190
2.030  21.166
2.040  21.254
2.050  21.207
2.060  21.084
2.070  21.300
2.080  21.555
2.090  21.313
2.100  21.170
2.110  20.997
2.120  20.795
2.130  21.179
2.140  20.979
2.150  20.776
2.160  21.047
2.170  21.220
2.180  21.049
2.190  21.330
2.200  21.050
2.210  21.661
2.220  21.280
2.230  20.855
2.240  21.011
2.250  21.251
2.260  21.105
2.270  21.361
2.280  21.199
2.290  21.163
2.300  20.964
2.310  20.908
2.320  21.165
2.330  21.292
2.340  20.722
2.350  20.855
2.360  21.177
2.370  21.150
2.380  20.933
2.390  20.610
2.400  21.330
2.410  21.503
2.420  21.046
2.430  21.125
2.440  20.880
2.450  20.913
2.460  20.797
2.470  20.753
2.480  20.747
2.490  21.064
2.500  21.007
2.510  21.055
2.520  20.994
2.530  20.815
2.540  20.992
2.550  21.113
2.560  20.783
2.570  20.673
2.580  20.911
2.590  21.313
2.600  21.081
2.610  20.792
2.620  20.878
2.630  21.051
2.640  20.835
2.650  21.140
2.660  21.222
2.670  20.583
2.680  21.271
2.690  21.356
2.700  21.177
2.710  20.954
2.720  21.384
2.730  21.036
2.740  20.499
2.750  20.698
2.760  21.359
2.770  21.005
2.780  21.312
2.790  20.947
2.800  21.045
2.810  21.226
2.820  21.253
2.830  21.274
2.840  20.983
2.850  21.100
2.860  21.381
2.870  21.230
2.880  21.131
2.890  20.924
2.900  20.602
2.910  21.523
2.920  21.478
2.930  20.503
2.940  20.761
2.950  21.216
2.960  21.408
2.970  21.012
2.980  21.149
2.990  21.620
3.000  21.179
3.010  21.020
3.020  21.523
3.030  21.309
3.040  20.770
3.050  21.010
3.060  20.861
3.070  21.524
3.080  21.011
3.090  20.759
3.100  20.922
3.110  21.060
3.120  21.041
3.130  21.268
3.140  21.045
3.150  20.691
3.160  21.047
3.170  21.173
3.180  21.363
3.190  21.193
3.200  20.760
3.210  20.982
3.220  20.982
3.230  21.351
3.240  21.103
3.250  21.441
3.260  21.173
3.270  20.761
3.280  20.769
3.290  21.064
3.300  21.222
3.310  20.916
3.320  20.874
3.330  20.988
3.340  21.074
3.350  21.305
3.360  20.743
3.370  20.922
3.380  21.037
3.390  21.072
3.400  21.454
3.410  21.233
3.420  20.958
3.430  21.118
3.440  21.146
3.450  20.775
3.460  20.753
3.470  21.048
3.480  21.159
3.490  21.096
3.500  20.864
3.510  20.887
3.520  21.254
3.530  21.189
3.540  21.059
3.550  20.971
3.560  20.775
3.570  20.675
3.580  21.084
3.590  21.296
3.600  20.974
3.610  20.621
3.620  20.889
3.630  21.291
3.640  21.304
3.650  21.300
3.660  21.000
3.670  21.253
3.680  20.637
3.690  21.013
3.700  21.014
3.710  21.176
3.720  21.115
3.730  21.133
3.740  21.030
3.750  21.263
3.760  20.986
3.770  20.954
3.780  21.039
3.790  21.319
3.800  21.436
3.810  20.934
3.820  20.509
3.830  21.257
3.840  21.076
3.850  20.951
3.860  21.009
3.870  21.055
3.880  20.806
3.890  20.398
3.900  21.109
3.910  21.310
3.920  21.088
3.930  20.875
3.940  21.117
3.950  21.461
3.960  21.296
3.970  21.096
3.980  20.742
3.990  20.990
4.000  21.006
4.010  20.966
4.020  21.300
4.030  21.100
4.040  21.087
4.050  21.239
4.060  21.047
4.070  21.026
4.080  21.301
4.090  21.349
4.100  21.449
4.110  20.752
4.120  20.469
4.130  20.916
4.140  21.479
4.150  21.363
4.160  20.842
4.170  20.607
4.180  20.982
4.190  21.090
4.200  21.113
4.210  21.076
4.220  20.818
4.230  21.185
4.240  21.651
4.250  20.933
4.260  20.757
4.270  21.068
4.280  21.411
4.290  20.960
4.300  20.697
4.310  21.205
4.320  21.374
4.330  21.216
4.340  21.093
4.350  20.920
4.360  20.709
4.370  21.228
4.380  21.588
4.390  21.154
4.400  20.827
4.410  20.836
4.420  20.728
4.430  21.397
4.440  21.388
4.450  21.604
4.460  21.075
4.470  20.814
4.480  20.992
4.490  21.351
4.500  21.179
4.510  20.752
4.520  20.915
4.530  21.324
4.540  21.623
4.550  20.923
4.560  21.045
4.570  20.968
4.580  20.945
4.590  21.309
4.600  20.991
4.610  20.959
4.620  21.053
4.630  21.012
4.640  21.108
4.650  21.225
4.660  21.107
4.670  21.112
4.680  21.185
4.690  21.045
4.700  20.995
4.710  21.298
4.720  21.364
4.730  20.929
4.740  20.818
4.750  20.853
4.760  20.973
4.770  20.866
4.780  20.480
4.790  20.964
4.800  21.669
4.810  21.245
4.820  21.143
4.830  21.081
4.840  21.002
4.850  21.072
4.860  21.306
4.870  21.199
4.880  20.677
4.890  20.301
4.900  20.932
4.910  20.851
4.920  21.082
4.930  21.061
4.940  20.972
4.950  21.344
4.960  21.349
4.970  20.992
4.980  20.964
4.990  20.777
5.000  20.927
5.010  20.960
5.020  20.815
5.030  21.260
5.040  20.811
5.050  20.689
5.060  21.210
5.070  21.066
5.080  20.896
5.090  20.939
5.100  20.911
5.110  21.023
5.120  20.979
5.130  20.887
5.140  21.552
5.150  21.341
5.160  20.544
5.170  20.541
5.180  20.850
5.190  21.278
5.200  20.815
5.210  21.126
5.220  21.300
5.230  21.281
5.240  20.660
5.250  20.806
5.260  21.064
5.270  21.292
5.280  21.068
5.290  20.802
5.300  20.975
5.310  21.149
5.320  20.957
5.330  20.981
5.340  20.926
5.350  20.630
5.360  20.788
5.370  20.834
5.380  20.804
5.390  20.663
5.400  21.260
5.410  21.142
5.420  21.168
5.430  20.920
5.440  20.704
5.450  20.934
5.460  20.859
5.470  21.181
5.480  20.974
5.490  20.951
5.500  20.894
5.510  20.852
5.520  20.790
5.530  21.206
5.540  20.937
5.550  21.244
5.560  21.216
5.570  20.857
5.580  21.142
5.590  21.412
5.600  21.138
5.610  20.742
5.620  20.589
5.630  20.822
5.640  21.131
5.650  21.058
5.660  21.078
5.670  21.155
5.680  21.284
5.690  20.665
5.700  20.877
5.710  20.925
5.720  20.815
5.730  21.515
5.740  21.162
5.750  21.107
5.760  21.130
5.770  20.912
5.780  20.917
5.790  20.975
5.800  20.957
5.810  20.863
5.820  20.705
5.830  20.539
5.840  20.913
5.850  21.426
5.860  20.961
5.870  21.084
5.880  21.208
5.890  21.176
5.900  21.081
5.910  20.919
5.920  21.051
5.930  20.774
5.940  20.902
5.950  21.319
5.960  21.177
5.970  20.947
5.980  21.418
5.990  21.060
6.000  21.263
6.010  20.862
6.020  21.297
6.030  21.352
6.040  21.104
6.050  21.187
6.060  20.681
6.070  20.879
6.080  21.087
6.090  21.326
6.100  21.760
6.110  21.310
6.120  21.007
6.130  20.927
6.140  20.954
6.150  21.183
6.160  21.292
6.170  20.724
6.180  20.694
6.190  20.473
6.200  20.880
6.210  21.102
6.220  21.272
6.230  21.402
6.240  20.891
6.250  21.041
6.260  20.965
6.270  20.774
6.280  20.851
6.290  21.382
6.300  21.334
6.310  20.791
6.320  21.098
6.330  20.747
6.340  21.080
6.350  21.282
6.360  21.046
6.370  20.707
6.380  21.054
6.390  21.185
6.400  21.432
6.410  20.970
6.420  21.164
6.430  21.172
