time(sec)  pressure
0.000  38.366
0.010  38.542
0.020  38.250
0.030  38.562
0.040  38.586
0.050  37.913
0.060  38.545
0.070  38.272
0.080  38.255
0.090  38.541
0.100  38.178
0.110  38.291
0.120  38.270
0.130  38.515
0.140  38.674
0.150  38.125
0.160  38.094
0.170  38.043
0.180  38.038
0.190  38.692
0.200  38.545
0.210  38.366
0.220  38.341
0.230  38.091
0.240  38.396
0.250  38.618
0.260  38.209
0.270  38.528
0.280  37.547
0.290  38.500
0.300  38.400
0.310  38.418
0.320  38.525
0.330  38.493
0.340  38.281
0.350  38.254
0.360  38.478
0.370  38.143
0.380  38.569
0.390  38.592
0.400  38.304
0.410  38.099
0.420  38.418
0.430  38.554
0.440  38.392
0.450  38.605
0.460  38.067
0.470  38.097
0.480  38.175
0.490  38.635
0.500  38.704
0.510  38.258
0.520  37.609
0.530  38.631
0.540  38.575
0.550  38.024
0.560  38.567
0.570  38.720
0.580  38.252
0.590  38.078
0.600  38.460
0.610  38.232
0.620  38.395
0.630  38.396
0.640  38.505
0.650  38.255
0.660  38.257
0.670  38.667
0.680  38.132
0.690  38.543
0.700  37.928
0.710  38.151
0.720  38.512
0.730  38.615
0.740  38.420
0.750  38.161
0.760  38.149
0.770  38.532
0.780  38.620
0.790  38.330
0.800  38.298
0.810  38.285
0.820  38.158
0.830  38.109
0.840  38.346
0.850  38.302
0.860  38.099
0.870  38.468
0.880  38.611
0.890  38.434
0.900  38.488
0.910  38.520
0.920  38.523
0.930  38.400
0.940  38.593
0.950  38.086
0.960  38.389
0.970  37.991
0.980  38.385
0.990  38.313
1.000  38.327
1.010  38.296
1.020  38.518
1.030  38.342
1.040  38.574
1.050  38.326
1.060  38.045
1.070  38.479
1.080  38.685
1.090  38.404
1.100  38.114
1.110  38.605
1.120  38.023
1.130  38.273
1.140  38.200
1.150  38.145
1.160  38.097
1.170  38.426
1.180  38.393
1.190  38.416
1.200  38.145
1.210  38.620
1.220  38.384
1.230  38.256
1.240  38.507
1.250  38.570
1.260  38.341
1.270  38.264
1.280  38.543
1.290  38.424
1.300  38.628
1.310  38.660
1.320  38.391
1.330  38.227
1.340  38.545
1.350  38.494
1.360  38.538
1.370  37.664
1.380  38.242
1.390  38.637
1.400  38.345
1.410  38.137
1.420  37.450
1.430  37.882
1.440  38.608
1.450  38.709
1.460  38.498
1.470  38.507
1.480  37.842
1.490  38.644
1.500  38.682
1.510  38.517
1.520  37.742
1.530  37.969
1.540  38.130
1.550  38.620
1.560  38.686
1.570  38.478
1.580  38.080
1.590  37.994
1.600  38.069
1.610  38.536
1.620  38.398
1.630  38.003
1.640  37.579
1.650  37.732
1.660  38.674
1.670  38.482
1.680  38.174
1.690  37.858
1.700  37.861
1.710  38.525
1.720  38.480
1.730  37.836
1.740  38.536
1.750  38.544
1.760  38.092
1.770  38.624
1.780  38.359
1.790  38.181
1.800  38.244
1.810  38.597
1.820  38.113
1.830  38.031
1.840  38.431
1.850  38.465
1.860  38.399
1.870  38.601
1.880  38.519
1.890  38.187
1.900  38.040
1.910  38.459
1.920  38.595
1.930  38.548
1.940  38.344
1.950  38.255
1.960  38.430
1.970  38.616
1.980  37.989
1.990  37.836
2.000  37.999
2.010  38.449
2.020  38.636
2.030  38.207
2.040  38.173
2.050  38.505
2.060  38.162
2.070  38.303
2.080  38.146
2.090  38.388
2.100  38.460
2.110  38.424
2.120  38.291
2.130  38.260
2.140  38.025
2.150  38.265
2.160  38.580
2.170  38.480
2.180  38.463
2.190  38.531
2.200  38.632
2.210  38.531
2.220  37.633
2.230  37.574
2.240  38.560
2.250  38.546
2.260  38.495
2.270  37.965
2.280  37.909
2.290  38.487
2.300  38.662
2.310  38.406
2.320  38.539
2.330  38.282
2.340  37.620
2.350  38.048
2.360  38.424
2.370  38.639
2.380  38.623
2.390  38.248
2.400  38.396
2.410  38.018
2.420  38.403
2.430  38.627
2.440  38.127
2.450  38.028
2.460  38.225
2.470  38.613
2.480  38.351
2.490  38.293
2.500  38.448
2.510  38.576
2.520  38.231
2.530  38.308
2.540  38.450
2.550  38.483
2.560  38.064
2.570  38.425
2.580  38.608
2.590  38.231
2.600  37.869
2.610  38.170
2.620  38.582
2.630  38.475
2.640  38.468
2.650  38.078
2.660  38.314
2.670  37.985
2.680  38.546
2.690  38.646
2.700  38.443
2.710  37.904
2.720  38.555
2.730  38.572
2.740  38.464
2.750  38.561
2.760  38.423
2.770  38.320
2.780  38.002
2.790  38.398
2.800  38.432
2.810  38.333
2.820  38.383
2.830  38.060
2.840  38.620
2.850  38.593
2.860  37.834
2.870  38.335
2.880  38.210
2.890  38.516
2.900  38.700
2.910  38.571
2.920  37.868
2.930  38.314
2.940  38.562
2.950  38.422
2.960  37.900
2.970  38.389
2.980  38.386
2.990  38.524
3.000  38.655
3.010  38.526
3.020  38.173
3.030  38.241
3.040  38.431
3.050  38.143
3.060  38.609
3.070  38.603
3.080  38.516
3.090  38.420
3.100  38.403
3.110  38.544
3.120  38.492
3.130  38.374
3.140  37.768
3.150  37.885
3.160  38.650
3.170  38.257
3.180  38.081
3.190  38.302
3.200  38.133
3.210  38.334
3.220  38.495
3.230  38.457
3.240  37.770
3.250  38.173
3.260  38.436
3.270  38.489
3.280  38.589
3.290  38.594
3.300  38.260
3.310  38.158
3.320  38.238
3.330  38.373
3.340  38.435
3.350  37.931
3.360  38.200
3.370  38.513
3.380  38.312
3.390  38.271
3.400  37.922
3.410  38.370
3.420  38.392
3.430  38.462
3.440  37.910
3.450  37.744
3.460  38.419
3.470  38.510
3.480  38.536
3.490  38.393
3.500  38.019
3.510  38.124
3.520  38.248
3.530  38.475
3.540  38.259
3.550  38.504
3.560  38.039
3.570  38.302
3.580  38.517
3.590  38.306
3.600  38.283
3.610  38.248
3.620  37.877
3.630  37.897
3.640  38.421
3.650  38.209
3.660  38.481
3.670  38.489
3.680  38.617
3.690  38.418
3.700  37.862
3.710  38.111
3.720  38.536
3.730  38.379
3.740  38.121
3.750  38.236
3.760  37.773
3.770  38.045
3.780  38.600
3.790  38.705
3.800  38.427
3.810  37.675
3.820  38.042
3.830  38.593
3.840  38.548
3.850  38.179
3.860  37.706
3.870  38.270
3.880  38.020
3.890  38.535
3.900  38.478
3.910  38.255
3.920  37.885
3.930  38.521
3.940  38.560
3.950  38.284
3.960  38.693
3.970  38.511
3.980  38.257
3.990  37.817
4.000  38.379
4.010  38.554
4.020  38.663
4.030  38.417
4.040  38.590
4.050  38.076
4.060  38.266
4.070  38.378
4.080  38.578
4.090  38.459
4.100  38.009
4.110  38.022
4.120  38.397
4.130  38.172
4.140  38.502
4.150  38.192
4.160  38.615
4.170  38.589
4.180  38.476
4.190  38.501
4.200  38.640
4.210  38.424
4.220  38.314
4.230  38.322
4.240  38.250
4.250  38.246
4.260  38.313
4.270  38.240
4.280  38.281
4.290  38.302
4.300  38.030
4.310  38.238
4.320  38.442
4.330  38.205
4.340  38.051
4.350  37.958
4.360  38.200
4.370  38.576
4.380  38.448
4.390  38.076
4.400  38.159
4.410  38.093
4.420  38.326
4.430  38.423
4.440  38.194
4.450  38.401
4.460  38.322
4.470  38.006
4.480  38.113
4.490  38.210
4.500  38.383
4.510  38.629
4.520  38.305
4.530  38.278
4.540  38.081
4.550  38.465
4.560  38.372
4.570  38.305
4.580  38.481
4.590  38.549
4.600  38.526
4.610  38.099
4.620  38.163
4.630  38.210
4.640  38.259
4.650  38.309
4.660  38.165
4.670  37.905
4.680  38.132
4.690  38.345
4.700  38.180
4.710  38.126
4.720  38.280
4.730  38.399
4.740  38.634
4.750  38.276
4.760  38.086
4.770  38.095
4.780  37.585
4.790  38.203
4.800  38.341
4.810  38.122
4.820  38.414
4.830  37.802
4.840  37.880
4.850  38.503
4.860  38.468
4.870  38.289
4.880  38.099
4.890  37.946
4.900  38.453
4.910  37.527
4.920  38.451
4.930  38.658
4.940  38.104
4.950  38.009
4.960  37.818
4.970  37.983
4.980  38.630
4.990  38.594
5.000  38.173
5.010  38.366
5.020  38.385
5.030  38.166
5.040  37.491
5.050  38.522
5.060  38.670
5.070  38.695
5.080  38.616
5.090  38.439
5.100  37.648
5.110  38.606
5.120  38.414
5.130  38.061
5.140  38.225
5.150  38.184
5.160  38.693
5.170  38.227
5.180  37.731
5.190  38.310
5.200  38.401
5.210  38.232
5.220  38.228
5.230  38.510
5.240  38.200
5.250  38.246
5.260  38.410
5.270  38.309
5.280  38.696
5.290  38.563
5.300  38.501
5.310  38.291
5.320  38.128
5.330  38.482
5.340  38.690
5.350  38.711
5.360  38.451
5.370  38.047
5.380  37.925
5.390  38.554
5.400  38.450
5.410  37.780
5.420  38.184
5.430  38.166
5.440  38.252
5.450  38.257
5.460  38.502
5.470  38.586
5.480  38.575
5.490  38.118
5.500  38.000
5.510  38.136
5.520  38.502
5.530  38.394
5.540  38.101
5.550  38.128
5.560  38.236
5.570  38.005
5.580  38.487
5.590  38.536
5.600  38.499
5.610  38.062
5.620  38.107
5.630  38.621
5.640  38.374
5.650  38.393
5.660  38.494
5.670  38.633
5.680  38.328
5.690  38.384
5.700  37.970
5.710  38.075
5.720  38.538
5.730  38.057
5.740  38.017
5.750  38.501
5.760  38.677
5.770  37.864
5.780  38.021
5.790  38.299
5.800  38.188
5.810  38.265
5.820  38.183
5.830  38.550
5.840  38.370
5.850  38.184
5.860  38.378
5.870  38.312
5.880  38.152
5.890  38.368
5.900  38.202
5.910  38.597
5.920  38.333
5.930  38.476
5.940  38.392
5.950  37.793
5.960  38.258
5.970  38.558
5.980  38.438
5.990  38.311
6.000  38.327
6.010  37.984
6.020  38.527
6.030  38.624
6.040  38.621
6.050  38.077
6.060  38.021
6.070  38.648
6.080  38.714
6.090  38.679
6.100  38.108
6.110  37.941
6.120  37.739
6.130  38.477
6.140  38.657
6.150  38.704
6.160  38.456
6.170  38.255
6.180  38.162
6.190  38.698
6.200  38.661
6.210  38.267
6.220  38.452
6.230  38.456
6.240  38.650
6.250  38.606
6.260  37.893
6.270  38.562
6.280  38.561
6.290  38.385
6.300  38.333
6.310  38.153
6.320  38.581
6.330  38.500
6.340  38.439
6.350  38.546
6.360  38.297
6.370  38.371
6.380  38.153
6.390  38.425
6.400  38.133
6.410  38.567
6.420  38.638
6.430  38.541
