time(sec)  pressure
0.000  15.866
0.010  15.885
0.020  16.019
0.030  15.647
0.040  15.525
0.050  15.639
0.060  15.719
0.070  16.131
0.080  15.660
0.090  15.666
0.100  15.981
0.110  16.061
0.120  15.957
0.130  15.743
0.140  15.961
0.150  15.869
0.160  15.749
0.170  15.692
0.180  15.826
0.190  15.907
0.200  15.773
0.210  15.798
0.220  15.659
0.230  15.821
0.240  15.752
0.250  16.046
0.260  16.032
0.270  15.900
0.280  15.773
0.290  15.905
0.300  15.853
0.310  15.783
0.320  15.756
0.330  15.831
0.340  15.866
0.350  16.009
0.360  15.917
0.370  15.907
0.380  15.821
0.390  15.884
0.400  16.015
0.410  15.860
0.420  15.590
0.430  15.530
0.440  15.557
0.450  15.643
0.460  15.862
0.470  15.956
0.480  15.849
0.490  15.820
0.500  15.853
0.510  16.056
0.520  15.661
0.530  15.599
0.540  15.744
0.550  15.755
0.560  15.908
0.570  15.730
0.580  15.879
0.590  15.685
0.600  15.688
0.610  15.960
0.620  15.757
0.630  15.691
0.640  15.818
0.650  15.809
0.660  15.756
0.670  15.936
0.680  15.836
0.690  15.693
0.700  15.679
0.710  15.769
0.720  15.803
0.730  15.739
0.740  15.686
0.750  15.741
0.760  15.839
0.770  16.025
0.780  16.013
0.790  15.484
0.800  15.547
0.810  15.952
0.820  15.792
0.830  15.640
0.840  15.786
0.850  15.892
0.860  15.791
0.870  15.713
0.880  15.748
0.890  15.738
0.900  15.827
0.910  15.728
0.920  15.869
0.930  15.970
0.940  15.980
0.950  15.836
0.960  15.469
0.970  15.595
0.980  15.879
0.990  15.695
1.000  15.763
1.010  15.695
1.020  15.699
1.030  16.028
1.040  15.840
1.050  15.708
1.060  15.843
1.070  15.863
1.080  15.908
1.090  15.768
1.100  15.912
1.110  15.649
1.120  15.888
1.130  15.889
1.140  15.884
1.150  15.767
1.160  15.923
1.170  16.076
1.180  15.781
1.190  15.804
1.200  15.984
1.210  15.864
1.220  15.941
1.230  15.735
1.240  15.795
1.250  15.848
1.260  16.060
1.270  15.743
1.280  16.081
1.290  16.149
1.300  15.750
1.310  15.637
1.320  15.733
1.330  15.869
1.340  15.889
1.350  15.940
1.360  15.912
1.370  15.735
1.380  15.825
1.390  15.721
1.400  15.906
1.410  15.915
1.420  15.731
1.430  15.442
1.440  15.771
1.450  16.001
1.460  16.066
1.470  15.880
1.480  15.503
1.490  15.421
1.500  16.145
1.510  16.097
1.520  15.783
1.530  15.784
1.540  15.698
1.550  15.641
1.560  15.918
1.570  16.135
1.580  16.018
1.590  15.995
1.600  15.618
1.610  15.799
1.620  15.526
1.630  15.622
1.640  16.054
1.650  16.010
1.660  15.790
1.670  15.602
1.680  15.675
1.690  15.971
1.700  15.755
1.710  15.719
1.720  15.996
1.730  16.006
1.740  15.683
1.750  15.836
1.760  16.225
1.770  15.869
1.780  15.756
1.790  15.943
1.800  15.875
1.810  15.905
1.820  15.845
1.830  15.532
1.840  15.681
1.850  16.046
1.860  15.630
1.870  15.471
1.880  15.857
1.890  16.159
1.900  15.867
1.910  15.921
1.920  15.718
1.930  15.738
1.940  16.078
1.950  15.963
1.960  15.749
1.970  15.528
1.980  15.995
1.990  15.938
2.000  15.726
2.010  15.650
2.020  15.702
2.030  15.711
2.040  15.896
2.050  15.952
2.060  15.938
2.070  15.895
2.080  15.748
2.090  15.756
2.100  15.904
2.110  16.096
2.120  16.177
2.130  16.020
2.140  15.777
2.150  15.552
2.160  15.697
2.170  15.918
2.180  16.163
2.190  15.931
2.200  15.817
2.210  15.757
2.220  15.848
2.230  16.068
2.240  16.184
2.250  15.695
2.260  15.724
2.270  16.045
2.280  15.572
2.290  15.935
2.300  16.298
2.310  15.783
2.320  15.758
2.330  15.834
2.340  16.020
2.350  16.032
2.360  15.805
2.370  15.801
2.380  15.680
2.390  15.893
2.400  15.783
2.410  15.993
2.420  16.178
2.430  15.764
2.440  15.598
2.450  16.135
2.460  15.916
2.470  16.024
2.480  15.897
2.490  15.671
2.500  15.789
2.510  16.255
2.520  15.880
2.530  15.656
2.540  15.993
2.550  15.987
2.560  16.002
2.570  15.797
2.580  15.900
2.590  16.102
2.600  16.192
2.610  15.983
2.620  15.740
2.630  16.007
2.640  15.753
2.650  15.727
2.660  16.013
2.670  15.889
2.680  15.795
2.690  15.840
2.700  16.042
2.710  16.008
2.720  15.864
2.730  15.395
2.740  15.827
2.750  16.139
2.760  15.927
2.770  15.730
2.780  15.917
2.790  15.798
2.800  15.693
2.810  15.843
2.820  15.845
2.830  15.995
2.840  15.892
2.850  15.810
2.860  15.634
2.870  15.619
2.880  15.891
2.890  16.178
2.900  15.821
2.910  15.511
2.920  15.751
2.930  15.953
2.940  15.777
2.950  15.990
2.960  16.018
2.970  15.803
2.980  15.960
2.990  15.978
3.000  15.904
3.010  15.747
3.020  15.910
3.030  16.165
3.040  15.592
3.050  15.579
3.060  15.932
3.070  16.047
3.080  15.789
3.090  15.719
3.100  15.848
3.110  15.979
3.120  16.199
3.130  16.176
3.140  15.553
3.150  15.339
3.160  15.881
3.170  16.026
3.180  16.195
3.190  16.105
3.200  15.818
3.210  15.429
3.220  15.462
3.230  15.638
3.240  15.961
3.250  16.253
3.260  15.825
3.270  15.662
3.280  15.829
3.290  15.839
3.300  15.656
3.310  15.944
3.320  15.810
3.330  16.129
3.340  16.031
3.350  16.035
3.360  15.922
3.370  15.927
3.380  15.952
3.390  15.785
3.400  15.866
3.410  16.102
3.420  15.761
3.430  15.669
3.440  15.778
3.450  15.583
3.460  15.840
3.470  15.979
3.480  16.064
3.490  16.018
3.500  15.829
3.510  15.827
3.520  15.815
3.530  16.052
3.540  15.699
3.550  15.718
3.560  15.955
3.570  16.040
3.580  15.831
3.590  15.689
3.600  15.771
3.610  16.049
3.620  16.129
3.630  16.003
3.640  15.598
3.650  15.894
3.660  15.744
3.670  15.567
3.680  15.848
3.690  15.945
3.700  16.012
3.710  16.235
3.720  15.958
3.730  15.694
3.740  15.652
3.750  16.021
3.760  15.933
3.770  15.779
3.780  15.559
3.790  15.673
3.800  15.661
3.810  16.187
3.820  16.200
3.830  15.859
3.840  15.741
3.850  15.794
3.860  15.962
3.870  16.040
3.880  16.215
3.890  15.662
3.900  15.564
3.910  15.552
3.920  16.004
3.930  16.058
3.940  15.705
3.950  15.736
3.960  15.945
3.970  15.824
3.980  15.841
3.990  15.789
4.000  15.962
4.010  16.091
4.020  16.082
4.030  15.851
4.040  15.746
4.050  15.932
4.060  16.078
4.070  15.874
4.080  15.844
4.090  15.775
4.100  15.756
4.110  15.934
4.120  16.045
4.130  16.023
4.140  15.999
4.150  15.848
4.160  15.807
4.170  15.979
4.180  15.862
4.190  15.848
4.200  15.740
4.210  16.164
4.220  15.870
4.230  16.024
4.240  15.960
4.250  15.939
4.260  15.915
4.270  15.832
4.280  15.987
4.290  15.944
4.300  15.778
4.310  15.835
4.320  16.188
4.330  16.057
4.340  15.730
4.350  15.837
4.360  16.019
4.370  16.026
4.380  16.063
4.390  15.865
4.400  15.703
4.410  15.518
4.420  15.844
4.430  15.791
4.440  15.995
4.450  16.065
4.460  16.001
4.470  15.860
4.480  15.845
4.490  15.688
4.500  15.690
4.510  16.154
4.520  15.966
4.530  15.837
4.540  15.672
4.550  15.993
4.560  16.236
4.570  15.896
4.580  15.529
4.590  15.829
4.600  16.150
4.610  16.186
4.620  16.181
4.630  16.030
4.640  15.806
4.650  15.905
4.660  15.867
4.670  16.228
4.680  15.683
4.690  15.602
4.700  15.956
4.710  16.436
4.720  15.833
4.730  15.756
4.740  16.130
4.750  16.045
4.760  15.891
4.770  15.664
4.780  15.703
4.790  15.938
4.800  16.003
4.810  15.966
4.820  15.899
4.830  15.914
4.840  15.715
4.850  15.973
4.860  15.829
4.870  16.206
4.880  15.941
4.890  15.852
4.900  15.707
4.910  15.589
4.920  16.013
4.930  15.933
4.940  15.837
4.950  15.697
4.960  15.979
4.970  15.899
4.980  15.741
4.990  15.828
5.000  15.823
5.010  15.733
5.020  16.057
5.030  16.075
5.040  15.963
5.050  15.891
5.060  15.772
5.070  15.783
5.080  15.860
5.090  15.861
5.100  15.809
5.110  15.798
5.120  15.672
5.130  15.848
5.140  15.976
5.150  15.772
5.160  15.799
5.170  16.120
5.180  15.931
5.190  15.747
5.200  15.933
5.210  16.059
5.220  15.978
5.230  15.595
5.240  15.870
5.250  15.966
5.260  15.700
5.270  16.041
5.280  15.747
5.290  15.872
5.300  16.010
5.310  15.758
5.320  15.738
5.330  15.643
5.340  15.726
5.350  15.768
5.360  15.896
5.370  15.871
5.380  16.129
5.390  16.004
5.400  15.888
5.410  15.827
5.420  15.661
5.430  15.494
5.440  15.630
5.450  15.822
5.460  16.344
5.470  16.113
5.480  15.707
5.490  15.832
5.500  15.885
5.510  15.837
5.520  15.895
5.530  15.907
5.540  15.903
5.550  16.215
5.560  15.606
5.570  15.616
5.580  15.703
5.590  16.029
5.600  15.986
5.610  16.027
5.620  15.656
5.630  15.650
5.640  15.757
5.650  15.883
5.660  16.127
5.670  16.069
5.680  15.785
5.690  15.643
5.700  15.694
5.710  16.093
5.720  16.210
5.730  15.928
5.740  15.677
5.750  15.453
5.760  15.907
5.770  15.733
5.780  16.116
5.790  16.247
5.800  15.634
5.810  15.566
5.820  15.823
5.830  15.896
5.840  16.149
5.850  15.846
5.860  15.734
5.870  16.044
5.880  16.120
5.890  16.031
5.900  15.902
5.910  15.965
5.920  16.188
5.930  15.728
5.940  15.441
5.950  15.797
5.960  16.149
5.970  16.023
5.980  15.971
5.990  15.476
6.000  15.851
6.010  15.971
6.020  15.798
6.030  15.908
6.040  15.995
6.050  16.027
6.060  15.801
6.070  15.729
6.080  16.240
6.090  16.079
6.100  15.870
6.110  15.861
6.120  15.902
6.130  15.640
6.140  15.946
6.150  15.856
6.160  15.966
6.170  15.919
6.180  15.655
6.190  15.718
6.200  15.666
6.210  16.070
6.220  15.944
6.230  15.938
6.240  15.835
6.250  15.759
6.260  15.910
6.270  15.731
6.280  15.837
6.290  15.798
6.300  15.927
6.310  16.219
6.320  15.741
6.330  15.837
6.340  15.508
6.350  15.585
6.360  16.190
6.370  16.184
6.380  15.987
6.390  15.917
6.400  15.853
6.410  15.812
6.420  15.926
6.430  16.214
6.440  15.874
6.450  16.053
6.460  15.890
