time(sec)  pressure
0.000  26.897
0.010  27.572
0.020  27.221
0.030  27.208
0.040  27.456
0.050  26.902
0.060  27.168
0.070  27.152
0.080  26.662
0.090  27.069
0.100  26.937
0.110  26.729
0.120  27.224
0.130  27.174
0.140  27.064
0.150  26.665
0.160  26.883
0.170  27.195
0.180  27.173
0.190  26.812
0.200  26.683
0.210  27.233
0.220  27.157
0.230  27.127
0.240  27.046
0.250  26.908
0.260  27.296
0.270  26.925
0.280  26.813
0.290  27.010
0.300  26.783
0.310  27.420
0.320  27.212
0.330  27.669
0.340  26.884
0.350  26.726
0.360  26.724
0.370  26.750
0.380  26.942
0.390  26.571
0.400  26.959
0.410  26.730
0.420  26.674
0.430  26.755
0.440  26.821
0.450  27.088
0.460  26.947
0.470  26.773
0.480  27.232
0.490  27.034
0.500  26.710
0.510  26.931
0.520  27.261
0.530  27.052
0.540  26.623
0.550  26.932
0.560  27.195
0.570  27.016
0.580  27.526
0.590  27.172
0.600  26.958
0.610  26.385
0.620  26.726
0.630  27.300
0.640  27.328
0.650  27.009
0.660  26.922
0.670  26.687
0.680  26.684
0.690  26.670
0.700  26.787
0.710  27.042
0.720  27.033
0.730  26.997
0.740  27.144
0.750  26.608
0.760  26.428
0.770  26.992
0.780  27.065
0.790  27.172
0.800  27.030
0.810  26.801
0.820  27.004
0.830  26.572
0.840  27.010
0.850  27.370
0.860  26.824
0.870  26.477
0.880  26.669
0.890  26.869
0.900  26.992
0.910  27.098
0.920  26.442
0.930  26.467
0.940  26.780
0.950  26.984
0.960  27.384
0.970  26.751
0.980  26.402
0.990  26.376
1.000  26.723
1.010  27.084
1.020  27.474
1.030  27.113
1.040  26.353
1.050  26.271
1.060  26.526
1.070  27.103
1.080  26.945
1.090  26.981
1.100  26.818
1.110  27.281
1.120  26.821
1.130  26.653
1.140  26.591
1.150  26.977
1.160  26.877
1.170  26.960
1.180  26.802
1.190  26.482
1.200  26.207
1.210  26.419
1.220  27.347
1.230  27.441
1.240  26.884
1.250  26.751
1.260  26.692
1.270  26.875
1.280  26.938
1.290  26.638
1.300  27.041
1.310  26.953
1.320  27.469
1.330  26.813
1.340  26.728
1.350  27.034
1.360  26.985
1.370  26.661
1.380  26.367
1.390  27.125
1.400  26.815
1.410  27.112
1.420  26.995
1.430  27.061
1.440  27.009
1.450  26.692
1.460  27.269
1.470  27.291
1.480  27.235
1.490  27.268
1.500  26.644
1.510  26.562
1.520  27.052
1.530  26.979
1.540  26.878
1.550  27.039
1.560  26.887
1.570  26.969
1.580  26.856
1.590  26.925
1.600  26.834
1.610  27.149
1.620  26.740
1.630  26.637
1.640  27.142
1.650  27.245
1.660  26.798
1.670  27.016
1.680  27.369
1.690  26.995
1.700  26.563
1.710  26.799
1.720  27.045
1.730  26.805
1.740  26.401
1.750  26.854
1.760  27.449
1.770  26.894
1.780  26.587
1.790  26.864
1.800  26.738
1.810  26.863
1.820  26.851
1.830  26.786
1.840  27.507
1.850  27.040
1.860  26.770
1.870  27.206
1.880  27.016
1.890  26.925
1.900  27.087
1.910  26.647
1.920  26.491
1.930  26.673
1.940  26.938
1.950  27.016
1.960  26.730
1.970  26.917
1.980  26.813
1.990  26.347
2.000  26.450
2.010  27.144
2.020  27.230
2.030  26.644
2.040  26.740
2.050  26.760
2.060  26.993
2.070  27.126
2.080  27.118
2.090  26.690
2.100  26.367
2.110  27.039
2.120  26.959
2.130  27.181
2.140  26.961
2.150  26.718
2.160  26.827
2.170  27.362
2.180  27.329
2.190  26.939
2.200  26.923
2.210  26.729
2.220  26.971
2.230  26.718
2.240  26.597
2.250  27.216
2.260  27.575
2.270  27.074
2.280  26.811
2.290  26.827
2.300  26.657
2.310  26.691
2.320  27.270
2.330  27.491
2.340  26.618
2.350  26.727
2.360  26.414
2.370  27.289
2.380  26.883
2.390  26.902
2.400  26.733
2.410  26.996
2.420  27.434
2.430  27.130
2.440  26.518
2.450  26.800
2.460  27.118
2.470  26.821
2.480  27.274
2.490  27.373
2.500  26.986
2.510  26.867
2.520  26.596
2.530  27.018
2.540  27.109
2.550  26.947
2.560  26.619
2.570  26.825
2.580  27.108
2.590  27.346
2.600  26.879
2.610  26.521
2.620  27.216
2.630  26.971
2.640  26.769
2.650  26.999
2.660  27.523
2.670  27.535
2.680  27.032
2.690  27.191
2.700  27.103
2.710  26.394
2.720  27.035
2.730  27.064
2.740  27.306
2.750  27.426
2.760  27.202
2.770  26.631
2.780  26.557
2.790  27.186
2.800  27.074
2.810  26.875
2.820  26.552
2.830  26.966
2.840  26.816
2.850  27.312
2.860  27.059
2.870  26.846
2.880  26.746
2.890  27.094
2.900  27.065
2.910  26.912
2.920  26.975
2.930  27.494
2.940  26.770
2.950  27.053
2.960  26.917
2.970  27.368
2.980  27.153
2.990  26.928
3.000  27.453
3.010  27.247
3.020  26.839
3.030  27.161
3.040  27.234
3.050  26.850
3.060  26.970
3.070  27.038
3.080  26.760
3.090  27.593
3.100  27.124
3.110  26.836
3.120  26.793
3.130  27.339
3.140  27.183
3.150  26.831
3.160  26.666
3.170  26.597
3.180  27.296
3.190  26.274
3.200  26.951
3.210  27.027
3.220  27.192
3.230  26.687
3.240  26.901
3.250  27.301
3.260  27.456
3.270  27.036
3.280  26.527
3.290  26.906
3.300  26.890
3.310  26.787
3.320  27.318
3.330  27.218
3.340  26.955
3.350  26.803
3.360  26.650
3.370  27.011
3.380  26.684
3.390  27.222
3.400  27.222
3.410  27.078
3.420  27.118
3.430  26.652
3.440  26.764
3.450  27.218
3.460  27.268
3.470  27.222
3.480  27.036
3.490  27.348
3.500  27.024
3.510  27.049
3.520  27.059
3.530  27.036
3.540  26.938
3.550  26.877
3.560  27.111
3.570  26.865
3.580  26.624
3.590  27.166
3.600  27.242
3.610  27.213
3.620  27.007
3.630  27.128
3.640  27.382
3.650  26.767
3.660  26.794
3.670  26.721
3.680  26.942
3.690  26.561
3.700  27.223
3.710  27.030
3.720  26.660
3.730  27.184
3.740  26.934
3.750  26.753
3.760  27.394
3.770  27.627
3.780  27.211
3.790  26.533
3.800  26.684
3.810  27.240
3.820  27.300
3.830  27.631
3.840  27.495
3.850  26.766
3.860  26.394
3.870  26.716
3.880  26.678
3.890  26.919
3.900  27.348
3.910  26.680
3.920  26.853
3.930  27.117
3.940  27.263
3.950  27.611
3.960  26.955
3.970  26.932
3.980  26.688
3.990  27.632
4.000  27.453
4.010  26.682
4.020  26.818
4.030  26.729
4.040  26.537
4.050  26.868
4.060  26.915
4.070  27.045
4.080  27.378
4.090  27.421
4.100  27.388
4.110  26.862
4.120  27.264
4.130  26.550
4.140  27.294
4.150  27.242
4.160  26.981
4.170  26.672
4.180  27.320
4.190  26.761
4.200  26.905
4.210  26.949
4.220  26.532
4.230  26.806
4.240  27.434
4.250  27.199
4.260  27.243
4.270  27.073
4.280  26.571
4.290  26.889
4.300  27.435
4.310  27.266
4.320  27.065
4.330  26.703
4.340  26.822
4.350  26.912
4.360  27.173
4.370  26.938
4.380  26.918
4.390  27.060
4.400  27.002
4.410  26.791
4.420  26.550
4.430  26.393
4.440  27.511
4.450  27.021
4.460  26.928
4.470  26.608
4.480  26.983
4.490  27.333
4.500  27.151
4.510  26.712
4.520  26.408
4.530  26.480
4.540  26.904
4.550  26.840
4.560  26.824
4.570  26.955
4.580  26.584
4.590  26.351
4.600  27.184
4.610  27.124
4.620  27.196
4.630  26.986
4.640  26.664
4.650  26.901
4.660  26.549
4.670  27.332
4.680  27.551
4.690  27.025
4.700  27.629
4.710  26.995
4.720  26.747
4.730  26.975
4.740  27.091
4.750  27.331
4.760  26.908
4.770  26.973
4.780  27.181
4.790  26.949
4.800  27.076
4.810  26.832
4.820  27.467
4.830  27.656
4.840  27.234
4.850  26.824
4.860  26.954
4.870  27.169
4.880  27.363
4.890  26.698
4.900  27.204
4.910  27.217
4.920  27.128
4.930  26.981
4.940  26.932
4.950  26.840
4.960  27.458
4.970  26.917
4.980  27.241
4.990  26.762
5.000  26.595
5.010  26.843
5.020  26.723
5.030  27.350
5.040  27.324
5.050  27.754
5.060  27.195
5.070  26.490
5.080  26.658
5.090  26.911
5.100  27.186
5.110  27.358
5.120  26.946
5.130  27.157
5.140  27.209
5.150  27.066
5.160  26.448
5.170  26.975
5.180  27.251
5.190  27.487
5.200  27.211
5.210  26.664
5.220  26.658
5.230  26.896
5.240  27.010
5.250  27.230
5.260  27.267
5.270  27.344
5.280  27.058
5.290  27.046
5.300  26.971
5.310  26.986
5.320  27.500
5.330  27.726
5.340  27.074
5.350  26.819
5.360  27.470
5.370  26.839
5.380  27.223
5.390  27.426
5.400  26.494
5.410  27.156
5.420  26.997
5.430  26.797
5.440  26.830
5.450  27.079
5.460  26.360
5.470  26.977
5.480  26.947
5.490  27.405
5.500  26.774
5.510  26.778
5.520  27.011
5.530  27.221
5.540  26.884
5.550  26.881
5.560  26.674
5.570  27.273
5.580  27.015
5.590  26.563
5.600  26.532
5.610  27.362
5.620  26.934
5.630  26.533
5.640  26.767
5.650  26.725
5.660  27.072
5.670  26.601
5.680  26.936
5.690  26.840
5.700  27.131
5.710  27.167
5.720  27.175
5.730  26.854
5.740  26.714
5.750  26.799
5.760  27.065
5.770  27.122
5.780  26.666
5.790  27.004
5.800  27.035
5.810  26.677
5.820  27.282
5.830  27.118
5.840  26.978
5.850  27.019
5.860  26.850
5.870  26.565
5.880  27.194
5.890  27.048
5.900  27.222
5.910  27.181
5.920  27.049
5.930  27.102
5.940  27.368
5.950  27.079
5.960  26.817
5.970  27.125
5.980  27.323
5.990  27.012
6.000  27.003
6.010  27.020
6.020  27.142
6.030  26.981
6.040  26.754
6.050  27.300
6.060  27.328
6.070  26.936
6.080  27.218
6.090  26.702
6.100  26.565
6.110  27.282
6.120  26.822
6.130  26.782
6.140  26.705
6.150  26.957
6.160  27.079
6.170  27.207
6.180  27.066
6.190  26.874
6.200  26.542
6.210  27.027
6.220  27.119
6.230  27.476
6.240  26.991
6.250  27.179
6.260  27.355
6.270  26.863
6.280  27.241
6.290  27.372
6.300  26.995
6.310  26.589
6.320  26.940
6.330  27.309
6.340  27.640
6.350  27.020
6.360  26.447
6.370  27.184
6.380  27.074
6.390  26.710
6.400  27.444
6.410  26.769
6.420  26.642
6.430  27.211
6.440  26.797
6.450  26.527
6.460  26.754
6.470  27.398
6.480  27.200
6.490  26.922
6.500  26.440
6.510  26.927
6.520  26.820
6.530  27.029
6.540  27.040
6.550  26.998
6.560  27.093
6.570  26.773
6.580  26.782
6.590  26.830
6.600  27.288
6.610  27.078
6.620  26.912
6.630  26.759
6.640  26.908
