time(sec)  pressure
0.000  22.521
0.010  22.146
0.020  22.124
0.030  22.498
0.040  22.601
0.050  22.345
0.060  22.537
0.070  22.857
0.080  22.429
0.090  22.358
0.100  22.387
0.110  22.632
0.120  22.700
0.130  22.252
0.140  22.270
0.150  23.027
0.160  22.687
0.170  22.397
0.180  22.824
0.190  22.397
0.200  22.509
0.210  22.639
0.220  22.304
0.230  22.696
0.240  22.384
0.250  22.467
0.260  22.613
0.270  22.116
0.280  22.661
0.290  22.818
0.300  22.774
0.310  22.431
0.320  22.076
0.330  22.656
0.340  22.773
0.350  22.621
0.360  22.523
0.370  22.499
0.380  22.323
0.390  22.626
0.400  22.395
0.410  22.629
0.420  22.607
0.430  22.745
0.440  22.148
0.450  22.260
0.460  22.360
0.470  22.311
0.480  22.860
0.490  22.369
0.500  22.020
0.510  22.277
0.520  22.295
0.530  22.700
0.540  22.683
0.550  22.284
0.560  22.322
0.570  22.432
0.580  22.615
0.590  22.728
0.600  22.920
0.610  22.480
0.620  22.573
0.630  22.525
0.640  22.325
0.650  22.237
0.660  22.298
0.670  22.675
0.680  22.787
0.690  22.051
0.700  22.021
0.710  22.403
0.720  22.819
0.730  22.822
0.740  22.411
0.750  22.065
0.760  22.061
0.770  22.321
0.780  22.794
0.790  22.478
0.800  22.201
0.810  22.218
0.820  22.313
0.830  22.280
0.840  22.645
0.850  22.449
0.860  22.439
0.870  22.596
0.880  22.621
0.890  22.402
0.900  22.117
0.910  22.522
0.920  22.597
0.930  22.509
0.940  22.767
0.950  22.462
0.960  22.177
0.970  22.243
0.980  22.579
0.990  22.659
1.000  22.310
1.010  22.370
1.020  22.412
1.030  22.352
1.040  22.684
1.050  22.398
1.060  22.367
1.070  22.201
1.080  22.344
1.090  22.727
1.100  22.589
1.110  22.667
1.120  22.739
1.130  22.313
1.140  22.040
1.150  22.555
1.160  22.280
1.170  22.111
1.180  22.448
1.190  22.469
1.200  22.588
1.210  22.474
1.220  22.515
1.230  22.202
1.240  22.007
1.250  22.546
1.260  22.405
1.270  22.531
1.280  22.571
1.290  22.490
1.300  22.075
1.310  21.987
1.320  22.745
1.330  22.896
1.340  22.290
1.350  22.236
1.360  22.693
1.370  22.647
1.380  22.735
1.390  22.113
1.400  22.155
1.410  22.321
1.420  22.741
1.430  22.458
1.440  21.913
1.450  22.656
1.460  22.993
1.470  22.398
1.480  22.360
1.490  22.448
1.500  22.607
1.510  22.529
1.520  22.627
1.530  22.571
1.540  22.740
1.550  22.440
1.560  22.303
1.570  22.486
1.580  22.839
1.590  22.331
1.600  22.107
1.610  22.569
1.620  22.284
1.630  22.728
1.640  22.748
1.650  22.316
1.660  22.171
1.670  22.330
1.680  22.545
1.690  22.882
1.700  22.273
1.710  22.118
1.720  22.336
1.730  22.108
1.740  22.504
1.750  22.608
1.760  22.504
1.770  22.463
1.780  22.402
1.790  22.068
1.800  22.484
1.810  22.583
1.820  22.599
1.830  22.172
1.840  22.344
1.850  22.006
1.860  22.319
1.870  22.155
1.880  22.399
1.890  22.207
1.900  22.432
1.910  22.410
1.920  22.655
1.930  22.911
1.940  22.525
1.950  22.418
1.960  22.433
1.970  22.441
1.980  22.305
1.990  22.744
2.000  22.496
2.010  22.501
2.020  22.544
2.030  22.488
2.040  22.484
2.050  22.267
2.060  22.415
2.070  22.684
2.080  22.712
2.090  22.521
2.100  22.252
2.110  22.511
2.120  22.508
2.130  22.299
2.140  22.456
2.150  22.470
2.160  22.166
2.170  22.441
2.180  22.447
2.190  22.224
2.200  22.309
2.210  22.296
2.220  22.454
2.230  22.561
2.240  22.462
2.250  22.109
2.260  22.469
2.270  22.073
2.280  22.466
2.290  22.513
2.300  22.635
2.310  22.089
2.320  22.288
2.330  22.645
2.340  22.499
2.350  22.246
2.360  22.235
2.370  22.397
2.380  22.409
2.390  22.551
2.400  22.725
2.410  22.757
2.420  22.506
2.430  22.705
2.440  22.152
2.450  22.200
2.460  22.604
2.470  22.887
2.480  22.631
2.490  22.332
2.500  21.899
2.510  22.251
2.520  22.836
2.530  22.963
2.540  22.457
2.550  22.058
2.560  22.158
2.570  22.239
2.580  22.544
2.590  22.674
2.600  22.522
2.610  22.208
2.620  21.904
2.630  22.424
2.640  22.740
2.650  22.075
2.660  22.275
2.670  22.600
2.680  22.721
2.690  22.473
2.700  22.176
2.710  22.224
2.720  22.338
2.730  22.214
2.740  22.442
2.750  22.333
2.760  22.152
2.770  22.007
2.780  22.577
2.790  22.839
2.800  22.241
2.810  22.192
2.820  22.523
2.830  22.369
2.840  22.085
2.850  22.509
2.860  22.831
2.870  22.412
2.880  22.319
2.890  22.337
2.900  22.694
2.910  22.637
2.920  22.579
2.930  22.021
2.940  22.041
2.950  22.198
2.960  22.653
2.970  22.427
2.980  22.608
2.990  22.358
3.000  22.087
3.010  22.481
3.020  22.424
3.030  22.420
3.040  22.529
3.050  22.556
3.060  22.256
3.070  22.182
3.080  22.215
3.090  22.440
3.100  22.271
3.110  22.292
3.120  22.343
3.130  22.449
3.140  22.614
3.150  22.639
3.160  22.243
3.170  22.051
3.180  22.524
3.190  22.211
3.200  22.842
3.210  22.619
3.220  21.801
3.230  22.129
3.240  22.509
3.250  22.357
3.260  22.311
3.270  22.123
3.280  22.114
3.290  22.301
3.300  22.250
3.310  22.338
3.320  22.848
3.330  22.323
3.340  21.957
3.350  22.315
3.360  22.417
3.370  22.060
3.380  22.373
3.390  22.455
3.400  22.651
3.410  22.423
3.420  22.295
3.430  22.408
3.440  22.173
3.450  22.464
3.460  22.464
3.470  22.523
3.480  22.238
3.490  22.451
3.500  22.598
3.510  22.543
3.520  22.325
3.530  22.648
3.540  22.856
3.550  22.448
3.560  22.025
3.570  22.377
3.580  22.500
3.590  22.291
3.600  22.532
3.610  22.687
3.620  22.279
3.630  22.559
3.640  22.028
3.650  22.145
3.660  22.576
3.670  22.389
3.680  22.689
3.690  22.366
3.700  22.181
3.710  22.324
3.720  22.464
3.730  22.794
3.740  22.883
3.750  22.958
3.760  22.299
3.770  22.379
3.780  21.885
3.790  22.854
3.800  22.551
3.810  22.195
3.820  22.568
3.830  22.588
3.840  21.893
3.850  22.453
3.860  22.787
3.870  22.472
3.880  22.631
3.890  22.523
3.900  22.540
3.910  22.403
3.920  21.908
3.930  22.359
3.940  22.733
3.950  22.839
3.960  21.852
3.970  22.104
3.980  22.170
3.990  22.340
4.000  22.504
4.010  22.220
4.020  22.554
4.030  22.677
4.040  22.376
4.050  22.439
4.060  22.405
4.070  22.631
4.080  23.050
4.090  22.922
4.100  22.300
4.110  22.250
4.120  22.571
4.130  22.785
4.140  22.607
4.150  22.919
4.160  22.250
4.170  22.166
4.180  22.633
4.190  22.362
4.200  22.482
4.210  22.619
4.220  22.598
4.230  22.334
4.240  21.882
4.250  22.427
4.260  22.524
4.270  22.039
4.280  22.537
4.290  22.536
4.300  22.516
4.310  22.361
4.320  22.648
4.330  22.511
4.340  22.864
4.350  22.252
4.360  22.388
4.370  22.652
4.380  22.345
4.390  22.507
4.400  22.641
4.410  22.241
4.420  22.358
4.430  22.453
4.440  22.139
4.450  22.266
4.460  22.793
4.470  22.903
4.480  22.173
4.490  22.447
4.500  22.679
4.510  22.329
4.520  22.821
4.530  22.830
4.540  21.934
4.550  22.391
4.560  22.400
4.570  22.634
4.580  22.739
4.590  22.321
4.600  22.322
4.610  22.723
4.620  22.439
4.630  22.351
4.640  22.670
4.650  22.009
4.660  22.539
4.670  22.240
4.680  22.233
4.690  22.862
4.700  22.836
4.710  22.753
4.720  22.341
4.730  21.857
4.740  22.036
4.750  22.201
4.760  22.630
4.770  22.880
4.780  22.599
4.790  22.639
4.800  21.991
4.810  22.307
4.820  22.267
4.830  22.494
4.840  22.611
4.850  22.067
4.860  22.217
4.870  22.469
4.880  22.293
4.890  22.489
4.900  22.576
4.910  22.491
4.920  22.363
4.930  22.540
4.940  22.397
4.950  22.662
4.960  22.867
4.970  22.600
4.980  22.176
4.990  22.354
5.000  22.662
5.010  22.308
5.020  22.566
5.030  22.305
5.040  22.223
5.050  22.825
5.060  22.755
5.070  22.379
5.080  22.305
5.090  22.369
5.100  21.891
5.110  22.293
5.120  22.855
5.130  22.937
5.140  22.641
5.150  22.394
5.160  22.572
5.170  22.760
5.180  22.356
5.190  22.801
5.200  22.875
5.210  22.312
5.220  22.355
5.230  22.318
5.240  22.784
5.250  22.536
5.260  22.002
5.270  22.753
5.280  22.502
5.290  22.182
5.300  22.501
5.310  22.682
5.320  22.466
5.330  22.319
5.340  22.185
5.350  22.304
5.360  22.652
5.370  22.407
5.380  22.244
5.390  22.555
5.400  22.377
5.410  22.569
5.420  22.296
5.430  22.757
5.440  22.523
5.450  22.119
5.460  22.315
5.470  21.990
5.480  22.435
5.490  22.621
5.500  22.471
5.510  22.175
5.520  22.581
5.530  22.426
5.540  22.438
5.550  22.405
5.560  22.654
5.570  22.445
5.580  22.810
5.590  22.317
5.600  22.173
5.610  22.343
5.620  22.557
5.630  22.606
5.640  22.459
5.650  22.638
5.660  22.544
5.670  22.057
5.680  22.918
5.690  22.561
5.700  22.556
5.710  22.224
5.720  22.935
5.730  22.561
5.740  22.007
5.750  21.918
5.760  22.457
5.770  23.346
5.780  22.653
5.790  22.260
5.800  22.444
5.810  22.336
5.820  22.555
5.830  22.695
5.840  22.647
5.850  22.545
5.860  22.338
5.870  22.169
5.880  22.850
5.890  22.875
5.900  22.658
5.910  22.844
5.920  22.265
5.930  22.391
5.940  22.282
5.950  22.534
5.960  22.594
5.970  22.141
5.980  22.831
5.990  22.545
6.000  22.711
6.010  22.717
6.020  22.551
6.030  22.602
6.040  22.363
6.050  22.182
6.060  22.209
6.070  22.259
6.080  22.461
6.090  22.491
6.100  22.427
6.110  22.463
6.120  22.795
6.130  22.126
6.140  22.606
6.150  22.532
6.160  22.799
6.170  22.421
6.180  22.318
6.190  22.608
6.200  22.559
6.210  21.954
6.220  22.450
6.230  22.711
6.240  22.629
6.250  22.462
6.260  22.217
6.270  22.161
6.280  22.250
6.290  22.588
6.300  22.658
6.310  22.438
6.320  22.713
6.330  22.294
6.340  21.966
6.350  22.089
6.360  22.487
6.370  22.625
6.380  22.210
6.390  22.477
6.400  22.462
6.410  22.364
6.420  22.482
6.430  22.342
