time(sec)  pressure
0.000  38.735
0.010  38.736
0.020  38.738
0.030  38.739
0.040  38.735
0.050  38.736
0.060  38.740
0.070  38.738
0.080  38.738
0.090  38.740
0.100  38.736
0.110  38.740
0.120  38.737
0.130  38.743
0.140  38.738
0.150  38.710
0.160  38.686
0.170  38.687
0.180  38.680
0.190  38.679
0.200  38.682
0.210  38.683
0.220  38.682
0.230  38.683
0.240  38.679
0.250  38.683
0.260  38.679
0.270  38.681
0.280  38.682
0.290  38.680
0.300  38.683
0.310  38.682
0.320  38.685
0.330  38.684
0.340  38.680
0.350  38.684
0.360  38.684
0.370  38.684
0.380  38.686
0.390  38.680
0.400  38.684
0.410  38.685
0.420  38.684
0.430  38.683
0.440  38.683
0.450  38.686
0.460  38.686
0.470  38.683
0.480  38.683
0.490  38.679
0.500  38.683
0.510  38.680
0.520  38.683
0.530  38.680
0.540  38.681
0.550  38.684
0.560  38.685
0.570  38.683
0.580  38.682
0.590  38.684
0.600  38.687
0.610  38.685
0.620  38.684
0.630  38.681
0.640  38.685
0.650  38.690
0.660  38.689
0.670  38.685
0.680  38.680
0.690  38.682
0.700  38.686
0.710  38.712
0.720  38.710
0.730  38.739
0.740  38.738
0.750  38.742
0.760  38.737
0.770  38.739
0.780  38.737
0.790  38.737
0.800  38.741
0.810  38.739
0.820  38.739
0.830  38.738
0.840  38.738
0.850  38.740
0.860  38.741
0.870  38.739
0.880  38.740
0.890  38.737
0.900  38.742
0.910  38.739
0.920  38.740
0.930  38.735
0.940  38.738
0.950  38.739
0.960  38.739
0.970  38.737
0.980  38.735
0.990  38.737
1.000  38.738
1.010  38.739
1.020  38.741
1.030  38.737
1.040  38.738
1.050  38.740
1.060  38.740
1.070  38.742
1.080  38.741
1.090  38.740
1.100  38.740
1.110  38.742
1.120  38.742
1.130  38.737
1.140  38.736
1.150  38.736
1.160  38.741
1.170  38.742
1.180  38.736
1.190  38.739
1.200  38.739
1.210  38.738
1.220  38.740
1.230  38.739
1.240  38.740
1.250  38.738
1.260  38.741
1.270  38.741
1.280  38.741
1.290  38.740
1.300  38.739
1.310  38.735
1.320  38.739
1.330  38.740
1.340  38.742
1.350  38.739
1.360  38.739
1.370  38.740
1.380  38.741
1.390  38.741
1.400  38.742
1.410  38.741
1.420  38.736
1.430  38.736
1.440  38.743
1.450  38.744
1.460  38.744
1.470  38.738
1.480  38.738
1.490  38.739
1.500  38.743
1.510  38.739
1.520  38.740
1.530  38.742
1.540  38.740
1.550  38.739
1.560  38.740
1.570  38.741
1.580  38.742
1.590  38.740
1.600  38.738
1.610  38.741
1.620  38.741
1.630  38.742
1.640  38.743
1.650  38.745
1.660  38.750
1.670  38.755
1.680  38.749
1.690  38.757
1.700  38.753
1.710  38.750
1.720  38.749
1.730  38.756
1.740  38.756
1.750  38.754
1.760  38.753
1.770  38.749
1.780  38.753
1.790  38.754
1.800  38.757
1.810  38.756
1.820  38.752
1.830  38.750
1.840  38.750
1.850  38.753
1.860  38.755
1.870  38.755
1.880  38.755
1.890  38.749
1.900  38.749
1.910  38.754
1.920  38.751
1.930  38.749
1.940  38.753
1.950  38.756
1.960  38.754
1.970  38.751
1.980  38.754
1.990  38.753
2.000  38.753
2.010  38.749
2.020  38.749
2.030  38.752
2.040  38.752
2.050  38.753
2.060  38.749
2.070  38.749
2.080  38.750
2.090  38.752
2.100  38.756
2.110  38.754
2.120  38.752
2.130  38.750
2.140  38.750
2.150  38.754
2.160  38.753
2.170  38.751
2.180  38.749
2.190  38.751
2.200  38.753
2.210  38.753
2.220  38.749
2.230  38.753
2.240  38.753
2.250  38.747
2.260  38.750
2.270  38.752
2.280  38.749
2.290  38.754
2.300  38.750
2.310  38.751
2.320  38.753
2.330  38.752
2.340  38.752
2.350  38.753
2.360  38.751
2.370  38.749
2.380  38.752
2.390  38.750
2.400  38.751
2.410  38.752
2.420  38.749
2.430  38.748
2.440  38.749
2.450  38.755
2.460  38.755
2.470  38.750
2.480  38.752
2.490  38.747
2.500  38.749
2.510  38.748
2.520  38.756
2.530  38.753
2.540  38.750
2.550  38.750
2.560  38.750
2.570  38.749
2.580  38.754
2.590  38.756
2.600  38.755
2.610  38.752
2.620  38.750
2.630  38.752
2.640  38.752
2.650  38.755
2.660  38.751
2.670  38.748
2.680  38.747
2.690  38.754
2.700  38.753
2.710  38.754
2.720  38.750
2.730  38.751
2.740  38.755
2.750  38.753
2.760  38.753
2.770  38.753
2.780  38.750
2.790  38.752
2.800  38.756
2.810  38.755
2.820  38.755
2.830  38.751
2.840  38.753
2.850  38.756
2.860  38.753
2.870  38.753
2.880  38.752
2.890  38.751
2.900  38.750
2.910  38.754
2.920  38.752
2.930  38.749
2.940  38.750
2.950  38.748
2.960  38.751
2.970  38.753
2.980  38.750
2.990  38.751
3.000  38.754
3.010  38.749
3.020  38.751
3.030  38.756
3.040  38.751
3.050  38.751
3.060  38.750
3.070  38.751
3.080  38.751
3.090  38.754
3.100  38.754
3.110  38.755
3.120  38.754
3.130  38.750
3.140  38.751
3.150  38.753
3.160  38.752
3.170  38.755
3.180  38.750
3.190  38.749
3.200  38.754
3.210  38.755
3.220  38.752
3.230  38.751
3.240  38.752
3.250  38.753
3.260  38.753
3.270  38.755
3.280  38.752
3.290  38.753
3.300  38.757
3.310  38.753
3.320  38.757
3.330  38.751
3.340  38.752
3.350  38.755
3.360  38.750
3.370  38.753
3.380  38.748
3.390  38.748
3.400  38.754
3.410  38.754
3.420  38.752
3.430  38.750
3.440  38.751
3.450  38.751
3.460  38.754
3.470  38.747
3.480  38.752
3.490  38.749
3.500  38.749
3.510  38.752
3.520  38.753
3.530  38.751
3.540  38.751
3.550  38.750
3.560  38.749
3.570  38.752
3.580  38.751
3.590  38.755
3.600  38.747
3.610  38.750
3.620  38.751
3.630  38.754
3.640  38.750
3.650  38.752
3.660  38.750
3.670  38.751
3.680  38.751
3.690  38.754
3.700  38.750
3.710  38.751
3.720  38.749
3.730  38.752
3.740  38.754
3.750  38.753
3.760  38.748
3.770  38.747
3.780  38.749
3.790  38.752
3.800  38.752
3.810  38.749
3.820  38.751
3.830  38.746
3.840  38.751
3.850  38.753
3.860  38.753
3.870  38.753
3.880  38.751
3.890  38.753
3.900  38.755
3.910  38.754
3.920  38.751
3.930  38.747
3.940  38.748
3.950  38.749
3.960  38.752
3.970  38.751
3.980  38.752
3.990  38.750
4.000  38.751
4.010  38.756
4.020  38.752
4.030  38.753
4.040  38.751
4.050  38.750
4.060  38.753
4.070  38.751
4.080  38.750
4.090  38.744
4.100  38.750
4.110  38.753
4.120  38.751
4.130  38.748
4.140  38.743
4.150  38.751
4.160  38.751
4.170  38.753
4.180  38.747
4.190  38.753
4.200  38.752
4.210  38.753
4.220  38.750
4.230  38.751
4.240  38.752
4.250  38.753
4.260  38.754
4.270  38.751
4.280  38.752
4.290  38.755
4.300  38.751
4.310  38.753
4.320  38.750
4.330  38.752
4.340  38.755
4.350  38.749
4.360  38.751
4.370  38.749
4.380  38.755
4.390  38.750
4.400  38.753
4.410  38.749
4.420  38.753
4.430  38.752
4.440  38.752
4.450  38.750
4.460  38.751
4.470  38.749
4.480  38.756
4.490  38.752
4.500  38.751
4.510  38.746
4.520  38.749
4.530  38.750
4.540  38.750
4.550  38.751
4.560  38.749
4.570  38.751
4.580  38.756
4.590  38.752
4.600  38.750
4.610  38.748
4.620  38.751
4.630  38.756
4.640  38.749
4.650  38.752
4.660  38.750
4.670  38.753
4.680  38.751
4.690  38.752
4.700  38.749
4.710  38.747
4.720  38.748
4.730  38.753
4.740  38.752
4.750  38.753
4.760  38.749
4.770  38.752
4.780  38.751
4.790  38.750
4.800  38.749
4.810  38.748
4.820  38.753
4.830  38.750
4.840  38.753
4.850  38.749
4.860  38.752
4.870  38.752
4.880  38.756
4.890  38.751
4.900  38.750
4.910  38.751
4.920  38.754
4.930  38.749
4.940  38.751
4.950  38.754
4.960  38.751
4.970  38.750
4.980  38.753
4.990  38.755
5.000  38.754
5.010  38.748
5.020  38.755
5.030  38.755
5.040  38.750
5.050  38.746
5.060  38.732
5.070  38.738
5.080  38.736
5.090  38.738
5.100  38.734
5.110  38.737
5.120  38.740
5.130  38.742
5.140  38.728
5.150  38.741
5.160  38.712
5.170  38.741
5.180  38.707
5.190  38.742
5.200  38.740
5.210  38.740
5.220  38.739
5.230  38.739
5.240  38.744
5.250  38.740
5.260  38.740
5.270  38.742
5.280  38.741
5.290  38.728
5.300  38.741
5.310  38.730
5.320  38.740
5.330  38.715
5.340  38.742
5.350  38.740
5.360  38.737
5.370  38.743
5.380  38.745
5.390  38.740
5.400  38.718
5.410  38.742
5.420  38.742
5.430  38.743
5.440  38.740
5.450  38.741
5.460  38.723
5.470  38.736
5.480  38.735
5.490  38.743
5.500  38.710
5.510  38.736
5.520  38.732
5.530  38.741
5.540  38.736
5.550  38.732
5.560  38.738
5.570  38.733
5.580  38.739
5.590  38.741
5.600  38.736
5.610  38.738
5.620  38.740
5.630  38.737
5.640  38.736
5.650  38.736
5.660  38.739
5.670  38.738
5.680  38.735
5.690  38.740
5.700  38.740
5.710  38.741
5.720  38.735
5.730  38.736
5.740  38.742
5.750  38.740
5.760  38.739
5.770  38.738
5.780  38.738
5.790  38.742
5.800  38.743
5.810  38.741
5.820  38.738
5.830  38.738
5.840  38.743
5.850  38.740
5.860  38.743
5.870  38.737
5.880  38.738
5.890  38.738
5.900  38.739
5.910  38.740
5.920  38.741
5.930  38.735
5.940  38.741
5.950  38.739
5.960  38.738
5.970  38.735
5.980  38.737
5.990  38.739
6.000  38.739
6.010  38.738
6.020  38.735
6.030  38.735
6.040  38.736
6.050  38.739
6.060  38.738
6.070  38.735
6.080  38.739
6.090  38.741
6.100  38.740
6.110  38.740
6.120  38.737
6.130  38.740
6.140  38.738
6.150  38.739
6.160  38.737
6.170  38.737
6.180  38.738
6.190  38.739
6.200  38.738
6.210  38.741
6.220  38.737
6.230  38.742
6.240  38.740
6.250  38.740
6.260  38.739
6.270  38.739
6.280  38.742
6.290  38.742
6.300  38.740
6.310  38.737
6.320  38.738
6.330  38.738
6.340  38.739
6.350  38.738
6.360  38.739
6.370  38.740
6.380  38.741
6.390  38.738
6.400  38.736
6.410  38.736
6.420  38.739
6.430  38.738
6.440  38.740
6.450  38.741
6.460  38.738
6.470  38.738
6.480  38.742
6.490  38.740
6.500  38.738
6.510  38.738
6.520  38.739
6.530  38.743
6.540  38.740
6.550  38.741
6.560  38.738
6.570  38.740
6.580  38.742
6.590  38.741
6.600  38.739
6.610  38.738
6.620  38.739
6.630  38.744
6.640  38.736
