time(sec)  pressure
0.000  17.888
0.010  17.963
0.020  17.857
0.030  17.865
0.040  17.845
0.050  17.450
0.060  17.642
0.070  17.814
0.080  17.886
0.090  17.627
0.100  17.459
0.110  17.546
0.120  18.104
0.130  18.110
0.140  17.392
0.150  17.494
0.160  17.641
0.170  18.014
0.180  17.836
0.190  17.711
0.200  17.648
0.210  17.896
0.220  17.608
0.230  17.695
0.240  17.734
0.250  18.112
0.260  17.788
0.270  17.488
0.280  17.650
0.290  18.183
0.300  17.867
0.310  17.798
0.320  17.831
0.330  17.721
0.340  17.743
0.350  17.603
0.360  17.920
0.370  18.072
0.380  17.918
0.390  17.653
0.400  17.928
0.410  17.980
0.420  17.839
0.430  17.631
0.440  17.994
0.450  17.624
0.460  17.307
0.470  17.410
0.480  17.843
0.490  17.970
0.500  17.949
0.510  17.601
0.520  17.406
0.530  17.567
0.540  17.876
0.550  18.152
0.560  18.162
0.570  17.684
0.580  17.539
0.590  17.573
0.600  17.845
0.610  17.911
0.620  17.695
0.630  17.757
0.640  17.594
0.650  17.577
0.660  17.806
0.670  17.702
0.680  17.563
0.690  17.822
0.700  17.862
0.710  17.590
0.720  17.852
0.730  17.973
0.740  17.548
0.750  17.629
0.760  17.907
0.770  18.026
0.780  17.969
0.790  17.328
0.800  17.486
0.810  18.405
0.820  17.922
0.830  17.691
0.840  17.391
0.850  17.765
0.860  17.767
0.870  17.959
0.880  18.068
0.890  17.894
0.900  17.712
0.910  17.877
0.920  17.937
0.930  17.993
0.940  17.540
0.950  17.701
0.960  17.922
0.970  18.080
0.980  17.814
0.990  17.740
1.000  17.797
1.010  18.017
1.020  17.854
1.030  17.740
1.040  17.576
1.050  17.794
1.060  18.007
1.070  17.674
1.080  17.421
1.090  17.377
1.100  17.833
1.110  17.965
1.120  17.950
1.130  17.665
1.140  17.685
1.150  17.653
1.160  17.511
1.170  17.621
1.180  18.030
1.190  18.056
1.200  17.760
1.210  17.503
1.220  17.561
1.230  17.740
1.240  17.952
1.250  17.559
1.260  17.519
1.270  17.986
1.280  17.946
1.290  17.579
1.300  17.797
1.310  17.950
1.320  17.579
1.330  17.827
1.340  17.847
1.350  17.795
1.360  17.780
1.370  17.738
1.380  17.583
1.390  17.807
1.400  17.760
1.410  17.589
1.420  17.810
1.430  18.009
1.440  17.871
1.450  17.494
1.460  17.764
1.470  18.018
1.480  17.814
1.490  17.462
1.500  17.688
1.510  17.785
1.520  17.693
1.530  17.853
1.540  18.154
1.550  17.730
1.560  17.700
1.570  17.536
1.580  17.740
1.590  17.961
1.600  17.625
1.610  17.415
1.620  17.641
1.630  17.978
1.640  17.736
1.650  17.520
1.660  17.616
1.670  17.762
1.680  17.612
1.690  17.955
1.700  17.977
1.710  17.816
1.720  17.783
1.730  17.874
1.740  17.918
1.750  17.750
1.760  17.552
1.770  17.598
1.780  17.597
1.790  17.525
1.800  17.995
1.810  17.650
1.820  17.592
1.830  17.905
1.840  17.900
1.850  17.518
1.860  17.206
1.870  17.533
1.880  18.094
1.890  17.936
1.900  17.722
1.910  17.776
1.920  17.781
1.930  17.860
1.940  17.705
1.950  17.877
1.960  17.614
1.970  17.607
1.980  17.621
1.990  17.729
2.000  17.970
2.010  17.733
2.020  17.711
2.030  17.797
2.040  17.825
2.050  17.932
2.060  17.990
2.070  17.762
2.080  17.497
2.090  17.689
2.100  17.771
2.110  17.865
2.120  17.534
2.130  17.745
2.140  17.713
2.150  17.393
2.160  17.576
2.170  17.743
2.180  17.767
2.190  17.598
2.200  17.654
2.210  17.374
2.220  17.650
2.230  17.521
2.240  17.909
2.250  18.097
2.260  17.683
2.270  17.484
2.280  17.785
2.290  17.915
2.300  17.861
2.310  17.623
2.320  17.896
2.330  18.002
2.340  17.709
2.350  17.592
2.360  17.709
2.370  17.808
2.380  17.609
2.390  17.808
2.400  17.785
2.410  17.716
2.420  17.431
2.430  17.408
2.440  17.904
2.450  17.749
2.460  17.926
2.470  17.718
2.480  17.544
2.490  17.731
2.500  18.003
2.510  17.649
2.520  17.227
2.530  17.441
2.540  17.753
2.550  18.076
2.560  18.010
2.570  17.577
2.580  17.171
2.590  17.489
2.600  17.953
2.610  18.064
2.620  17.939
2.630  17.788
2.640  17.560
2.650  17.466
2.660  17.712
2.670  17.734
2.680  18.173
2.690  17.915
2.700  17.352
2.710  17.389
2.720  18.157
2.730  18.231
2.740  17.930
2.750  17.258
2.760  17.596
2.770  17.948
2.780  17.876
2.790  17.890
2.800  17.829
2.810  17.741
2.820  17.667
2.830  17.725
2.840  17.461
2.850  17.640
2.860  17.740
2.870  17.849
2.880  17.605
2.890  17.924
2.900  17.525
2.910  17.517
2.920  17.864
2.930  17.912
2.940  17.879
2.950  17.712
2.960  17.278
2.970  17.570
2.980  17.837
2.990  18.022
3.000  18.018
3.010  17.897
3.020  17.568
3.030  17.226
3.040  17.551
3.050  17.891
3.060  17.905
3.070  17.774
3.080  17.764
3.090  17.700
3.100  17.645
3.110  17.869
3.120  17.866
3.130  17.757
3.140  17.687
3.150  17.723
3.160  17.672
3.170  17.781
3.180  17.820
3.190  17.798
3.200  17.528
3.210  17.667
3.220  17.901
3.230  18.012
3.240  17.984
3.250  17.766
3.260  17.634
3.270  17.614
3.280  17.657
3.290  17.565
3.300  17.742
3.310  17.579
3.320  17.580
3.330  17.726
3.340  17.461
3.350  18.131
3.360  18.103
3.370  17.768
3.380  17.532
3.390  17.521
3.400  17.687
3.410  17.706
3.420  17.974
3.430  17.889
3.440  17.772
3.450  17.993
3.460  17.514
3.470  17.611
3.480  17.924
3.490  17.634
3.500  17.519
3.510  17.481
3.520  17.750
3.530  18.106
3.540  18.052
3.550  17.876
3.560  17.557
3.570  17.607
3.580  17.834
3.590  17.656
3.600  17.492
3.610  17.614
3.620  17.624
3.630  17.824
3.640  18.369
3.650  17.860
3.660  17.723
3.670  17.537
3.680  17.919
3.690  17.948
3.700  17.585
3.710  17.939
3.720  17.492
3.730  17.825
3.740  17.907
3.750  17.442
3.760  17.749
3.770  18.012
3.780  18.121
3.790  18.064
3.800  17.867
3.810  17.202
3.820  17.433
3.830  17.598
3.840  17.934
3.850  17.778
3.860  17.326
3.870  17.633
3.880  17.734
3.890  17.680
3.900  17.375
3.910  17.739
3.920  17.957
3.930  17.579
3.940  17.524
3.950  17.719
3.960  17.885
3.970  17.728
3.980  17.454
3.990  17.628
4.000  17.632
4.010  17.589
4.020  17.831
4.030  18.099
4.040  17.939
4.050  17.314
4.060  17.805
4.070  17.897
4.080  17.653
4.090  17.670
4.100  17.566
4.110  17.473
4.120  17.850
4.130  17.922
4.140  17.531
4.150  17.692
4.160  17.860
4.170  17.776
4.180  17.617
4.190  17.695
4.200  17.328
4.210  17.603
4.220  17.854
4.230  17.896
4.240  17.898
4.250  17.803
4.260  17.533
4.270  17.380
4.280  17.464
4.290  17.541
4.300  17.660
4.310  17.900
4.320  18.382
4.330  18.057
4.340  17.334
4.350  17.249
4.360  17.398
4.370  17.919
4.380  17.708
4.390  17.570
4.400  17.371
4.410  17.544
4.420  17.804
4.430  18.082
4.440  17.814
4.450  17.339
4.460  17.491
4.470  17.551
4.480  17.492
4.490  17.976
4.500  17.610
4.510  17.624
4.520  17.643
4.530  17.621
4.540  17.835
4.550  17.861
4.560  17.527
4.570  17.706
4.580  17.708
4.590  17.404
4.600  17.837
4.610  17.708
4.620  17.810
4.630  17.537
4.640  17.862
4.650  17.881
4.660  17.574
4.670  17.628
4.680  17.298
4.690  17.817
4.700  17.472
4.710  17.829
4.720  17.689
4.730  17.663
4.740  17.916
4.750  17.714
4.760  17.694
4.770  17.683
4.780  17.882
4.790  17.534
4.800  17.287
4.810  17.822
4.820  18.054
4.830  17.372
4.840  17.699
4.850  17.596
4.860  17.683
4.870  17.343
4.880  17.731
4.890  17.875
4.900  17.495
4.910  17.450
4.920  17.875
4.930  18.096
4.940  17.944
4.950  17.764
4.960  17.436
4.970  17.804
4.980  17.471
4.990  17.615
5.000  18.185
5.010  17.790
5.020  17.792
5.030  17.508
5.040  17.798
5.050  17.692
5.060  17.525
5.070  18.077
5.080  17.992
5.090  17.805
5.100  17.687
5.110  17.569
5.120  17.844
5.130  17.770
5.140  17.765
5.150  17.857
5.160  17.450
5.170  17.436
5.180  17.657
5.190  17.920
5.200  17.829
5.210  17.647
5.220  17.980
5.230  17.463
5.240  17.814
5.250  18.068
5.260  17.910
5.270  17.696
5.280  17.407
5.290  17.722
5.300  17.639
5.310  17.820
5.320  17.525
5.330  17.407
5.340  17.810
5.350  17.730
5.360  17.593
5.370  17.576
5.380  17.799
5.390  17.753
5.400  17.533
5.410  17.473
5.420  17.769
5.430  17.828
5.440  17.429
5.450  17.446
5.460  17.893
5.470  17.764
5.480  17.860
5.490  17.562
5.500  17.529
5.510  17.672
5.520  18.068
5.530  17.926
5.540  17.810
5.550  17.558
5.560  17.499
5.570  17.867
5.580  17.679
5.590  17.715
5.600  17.800
5.610  17.647
5.620  17.375
5.630  17.814
5.640  17.920
5.650  17.940
5.660  17.685
5.670  17.494
5.680  17.747
5.690  17.760
5.700  17.579
5.710  18.172
5.720  17.830
5.730  17.558
5.740  17.454
5.750  17.640
5.760  17.981
5.770  17.550
5.780  17.592
5.790  17.514
5.800  17.769
5.810  18.006
5.820  17.917
5.830  17.649
5.840  17.561
5.850  17.853
5.860  17.725
5.870  17.753
5.880  17.726
5.890  17.654
5.900  17.980
5.910  17.996
5.920  17.779
5.930  17.937
5.940  17.598
5.950  17.767
5.960  17.632
5.970  17.669
5.980  17.886
5.990  17.907
6.000  17.911
6.010  18.003
6.020  17.974
6.030  17.604
6.040  17.518
6.050  17.973
6.060  18.267
6.070  17.417
6.080  17.668
6.090  17.856
6.100  17.763
6.110  17.883
6.120  17.791
6.130  17.577
6.140  17.743
6.150  17.500
6.160  17.813
6.170  17.650
6.180  17.746
6.190  17.833
6.200  17.598
6.210  17.984
6.220  17.942
6.230  17.800
6.240  17.934
6.250  17.671
6.260  17.725
6.270  17.739
6.280  17.698
6.290  17.950
6.300  17.657
6.310  17.558
6.320  17.563
6.330  17.943
6.340  17.995
6.350  17.694
6.360  17.891
6.370  17.785
6.380  17.705
6.390  17.917
6.400  17.915
6.410  17.748
6.420  17.589
6.430  17.776
