time(sec)  pressure
0.000  9.752
0.010  9.585
0.020  9.548
0.030  9.723
0.040  9.733
0.050  9.805
0.060  9.796
0.070  9.590
0.080  9.564
0.090  9.752
0.100  9.909
0.110  9.693
0.120  9.654
0.130  9.633
0.140  9.689
0.150  9.494
0.160  9.608
0.170  9.620
0.180  9.480
0.190  9.630
0.200  9.796
0.210  9.760
0.220  9.752
0.230  9.594
0.240  9.538
0.250  9.479
0.260  9.787
0.270  9.838
0.280  9.840
0.290  9.686
0.300  9.578
0.310  9.715
0.320  9.948
0.330  9.818
0.340  9.601
0.350  9.511
0.360  9.818
0.370  9.842
0.380  9.740
0.390  9.731
0.400  9.690
0.410  9.608
0.420  9.723
0.430  9.558
0.440  9.671
0.450  9.733
0.460  9.842
0.470  9.721
0.480  9.583
0.490  9.607
0.500  9.733
0.510  9.802
0.520  9.797
0.530  9.649
0.540  9.853
0.550  9.876
0.560  9.705
0.570  9.640
0.580  9.697
0.590  9.754
0.600  9.923
0.610  9.538
0.620  9.761
0.630  9.869
0.640  9.658
0.650  9.773
0.660  9.754
0.670  9.719
0.680  9.490
0.690  9.671
0.700  9.627
0.710  9.710
0.720  9.586
0.730  9.573
0.740  9.742
0.750  9.896
0.760  9.602
0.770  9.504
0.780  9.753
0.790  9.930
0.800  9.703
0.810  9.589
0.820  9.652
0.830  9.610
0.840  9.729
0.850  9.917
0.860  9.920
0.870  9.757
0.880  9.554
0.890  9.721
0.900  9.637
0.910  9.754
0.920  9.662
0.930  9.686
0.940  9.616
0.950  9.720
0.960  9.646
0.970  9.623
0.980  9.832
0.990  9.897
1.000  9.860
1.010  9.682
1.020  9.595
1.030  9.648
1.040  9.700
1.050  9.781
1.060  9.751
1.070  9.803
1.080  9.724
1.090  9.630
1.100  9.514
1.110  9.497
1.120  9.890
1.130  9.787
1.140  9.693
1.150  9.735
1.160  9.866
1.170  9.606
1.180  9.554
1.190  9.720
1.200  9.961
1.210  9.679
1.220  9.564
1.230  9.724
1.240  9.841
1.250  9.776
1.260  9.759
1.270  9.915
1.280  9.804
1.290  9.846
1.300  9.752
1.310  9.762
1.320  9.873
1.330  9.736
1.340  9.614
1.350  9.769
1.360  9.785
1.370  9.563
1.380  9.560
1.390  9.616
1.400  9.769
1.410  9.758
1.420  9.690
1.430  9.645
1.440  9.854
1.450  9.697
1.460  9.655
1.470  9.635
1.480  9.697
1.490  9.686
1.500  9.550
1.510  9.833
1.520  9.794
1.530  9.866
1.540  9.786
1.550  9.657
1.560  9.694
1.570  9.778
1.580  9.955
1.590  9.892
1.600  9.557
1.610  9.522
1.620  9.755
1.630  9.871
1.640  9.717
1.650  9.771
1.660  9.961
1.670  9.719
1.680  9.483
1.690  9.738
1.700  9.868
1.710  9.790
1.720  9.553
1.730  9.760
1.740  9.876
1.750  9.814
1.760  9.670
1.770  9.662
1.780  9.630
1.790  9.754
1.800  9.697
1.810  9.883
1.820  9.778
1.830  9.612
1.840  9.541
1.850  9.770
1.860  9.963
1.870  9.752
1.880  9.686
1.890  9.681
1.900  9.804
1.910  9.826
1.920  9.797
1.930  9.734
1.940  9.728
1.950  9.687
1.960  9.588
1.970  9.723
1.980  9.837
1.990  9.750
2.000  9.754
2.010  9.804
2.020  9.851
2.030  9.802
2.040  9.804
2.050  9.460
2.060  9.605
2.070  9.770
2.080  9.712
2.090  9.856
2.100  9.648
2.110  9.800
2.120  9.803
2.130  9.672
2.140  9.716
2.150  9.779
2.160  9.691
2.170  9.727
2.180  9.798
2.190  9.749
2.200  9.637
2.210  9.668
2.220  9.745
2.230  9.844
2.240  9.563
2.250  9.607
2.260  9.730
2.270  9.871
2.280  9.473
2.290  9.775
2.300  9.983
2.310  9.655
2.320  9.521
2.330  9.674
2.340  9.855
2.350  9.799
2.360  9.910
2.370  9.798
2.380  9.583
2.390  9.551
2.400  9.770
2.410  9.935
2.420  9.676
2.430  9.606
2.440  9.819
2.450  9.784
2.460  9.690
2.470  9.722
2.480  9.703
2.490  9.737
2.500  9.690
2.510  9.824
2.520  9.745
2.530  9.554
2.540  9.744
2.550  9.821
2.560  9.947
2.570  9.845
2.580  9.779
2.590  9.711
2.600  9.753
2.610  9.847
2.620  9.616
2.630  9.862
2.640  9.582
2.650  9.766
2.660  9.820
2.670  9.720
2.680  9.560
2.690  9.545
2.700  9.664
2.710  9.707
2.720  9.688
2.730  9.840
2.740  9.632
2.750  9.599
2.760  9.678
2.770  9.885
2.780  9.752
2.790  9.501
2.800  9.681
2.810  9.803
2.820  9.542
2.830  9.571
2.840  9.653
2.850  9.820
2.860  9.860
2.870  9.761
2.880  9.760
2.890  9.709
2.900  9.670
2.910  9.627
2.920  9.643
2.930  9.724
2.940  9.824
2.950  9.688
2.960  9.510
2.970  9.753
2.980  9.907
2.990  9.726
3.000  9.685
3.010  9.839
3.020  9.859
3.030  9.724
3.040  9.862
3.050  9.717
3.060  9.775
3.070  9.724
3.080  9.757
3.090  9.947
3.100  9.772
3.110  9.543
3.120  9.410
3.130  9.806
3.140  10.053
3.150  9.736
3.160  9.740
3.170  9.706
3.180  9.738
3.190  9.664
3.200  9.646
3.210  9.667
3.220  9.952
3.230  9.815
3.240  9.652
3.250  9.697
3.260  9.698
3.270  9.765
3.280  9.724
3.290  9.840
3.300  9.643
3.310  9.731
3.320  9.762
3.330  9.816
3.340  9.645
3.350  9.654
3.360  9.643
3.370  9.657
3.380  9.730
3.390  9.804
3.400  9.754
3.410  9.691
3.420  9.717
3.430  9.543
3.440  9.736
3.450  9.914
3.460  9.870
3.470  9.700
3.480  9.616
3.490  9.779
3.500  9.796
3.510  9.724
3.520  9.665
3.530  9.668
3.540  9.765
3.550  9.670
3.560  9.679
3.570  9.532
3.580  9.791
3.590  9.735
3.600  9.652
3.610  9.514
3.620  9.788
3.630  9.802
3.640  9.544
3.650  9.705
3.660  9.879
3.670  9.795
3.680  9.712
3.690  9.540
3.700  9.846
3.710  9.637
3.720  9.473
3.730  9.727
3.740  9.837
3.750  9.793
3.760  9.690
3.770  9.558
3.780  9.773
3.790  9.748
3.800  9.596
3.810  9.737
3.820  10.001
3.830  9.844
3.840  9.684
3.850  9.619
3.860  9.814
3.870  9.832
3.880  9.817
3.890  9.600
3.900  9.566
3.910  9.728
3.920  9.691
3.930  9.918
3.940  9.794
3.950  9.700
3.960  9.666
3.970  9.574
3.980  9.775
3.990  9.727
4.000  9.754
4.010  9.627
4.020  9.748
4.030  9.846
4.040  9.667
4.050  9.733
4.060  9.794
4.070  9.613
4.080  9.640
4.090  9.791
4.100  9.783
4.110  9.613
4.120  9.797
4.130  9.809
4.140  9.563
4.150  9.700
4.160  9.815
4.170  9.725
4.180  9.727
4.190  9.964
4.200  9.715
4.210  9.511
4.220  9.629
4.230  9.608
4.240  9.779
4.250  9.911
4.260  9.652
4.270  9.556
4.280  9.641
4.290  9.797
4.300  9.976
4.310  9.871
4.320  9.565
4.330  9.448
4.340  9.561
4.350  9.764
4.360  9.868
4.370  9.689
4.380  9.645
4.390  9.628
4.400  9.742
4.410  9.712
4.420  9.623
4.430  9.704
4.440  9.748
4.450  9.572
4.460  9.808
4.470  9.634
4.480  9.683
4.490  9.736
4.500  9.736
4.510  9.671
4.520  9.893
4.530  9.766
4.540  9.586
4.550  9.424
4.560  9.665
4.570  9.829
4.580  9.879
4.590  9.831
4.600  9.708
4.610  9.719
4.620  9.540
4.630  9.685
4.640  9.625
4.650  9.741
4.660  9.556
4.670  9.764
4.680  9.782
4.690  9.861
4.700  9.828
4.710  9.647
4.720  9.552
4.730  9.551
4.740  9.734
4.750  9.903
4.760  9.850
4.770  9.573
4.780  9.548
4.790  9.700
4.800  9.654
4.810  9.735
4.820  9.845
4.830  9.736
4.840  9.647
4.850  9.566
4.860  9.628
4.870  9.605
4.880  9.833
4.890  9.559
4.900  9.720
4.910  9.782
4.920  9.676
4.930  9.575
4.940  9.861
4.950  9.854
4.960  9.722
4.970  9.731
4.980  9.671
4.990  9.834
5.000  9.803
5.010  9.822
5.020  9.696
5.030  9.543
5.040  9.654
5.050  9.817
5.060  9.700
5.070  9.709
5.080  9.758
5.090  9.718
5.100  9.686
5.110  9.589
5.120  9.749
5.130  9.970
5.140  9.778
5.150  9.493
5.160  9.574
5.170  9.674
5.180  9.721
5.190  9.857
5.200  9.858
5.210  9.654
5.220  9.602
5.230  9.693
5.240  9.651
5.250  9.700
5.260  9.691
5.270  9.842
5.280  9.724
5.290  9.666
5.300  9.684
5.310  9.701
5.320  9.817
5.330  9.775
5.340  9.977
5.350  9.711
5.360  9.713
5.370  9.941
5.380  9.916
5.390  9.845
5.400  9.634
5.410  9.650
5.420  9.829
5.430  9.887
5.440  9.796
5.450  9.639
5.460  9.705
5.470  9.576
5.480  9.845
5.490  10.033
5.500  9.851
5.510  9.475
5.520  9.436
5.530  9.692
5.540  9.820
5.550  9.794
5.560  9.752
5.570  9.722
5.580  9.901
5.590  9.646
5.600  9.697
5.610  9.813
5.620  9.785
5.630  9.603
5.640  9.611
5.650  9.689
5.660  9.701
5.670  9.898
5.680  9.807
5.690  9.608
5.700  9.783
5.710  9.759
5.720  9.781
5.730  9.589
5.740  9.632
5.750  9.818
5.760  9.810
5.770  9.678
5.780  9.594
5.790  9.656
5.800  9.929
5.810  9.894
5.820  9.817
5.830  9.663
5.840  9.798
5.850  9.666
5.860  9.625
5.870  9.738
5.880  9.566
5.890  9.753
5.900  9.619
5.910  9.789
5.920  9.817
5.930  9.592
5.940  9.595
5.950  9.736
5.960  9.637
5.970  9.590
5.980  9.869
5.990  9.614
6.000  9.798
6.010  9.730
6.020  9.717
6.030  9.740
6.040  9.815
6.050  9.753
6.060  9.818
6.070  9.670
6.080  9.582
6.090  9.519
6.100  9.719
6.110  9.762
6.120  9.577
6.130  9.698
6.140  9.796
6.150  9.815
6.160  9.895
6.170  9.882
6.180  9.668
6.190  9.897
