time(sec)  pressure
0.000  13.193
0.010  13.251
0.020  13.477
0.030  13.592
0.040  13.816
0.050  13.814
0.060  13.405
0.070  13.118
0.080  13.226
0.090  13.579
0.100  13.635
0.110  13.515
0.120  13.198
0.130  13.325
0.140  13.483
0.150  13.323
0.160  13.237
0.170  13.486
0.180  13.794
0.190  13.609
0.200  13.244
0.210  13.362
0.220  13.335
0.230  13.215
0.240  13.651
0.250  13.480
0.260  13.438
0.270  13.452
0.280  13.374
0.290  13.576
0.300  13.570
0.310  13.715
0.320  13.273
0.330  13.315
0.340  13.500
0.350  13.384
0.360  13.450
0.370  13.338
0.380  13.386
0.390  13.485
0.400  13.681
0.410  13.533
0.420  13.631
0.430  13.521
0.440  13.249
0.450  13.677
0.460  13.539
0.470  13.466
0.480  13.571
0.490  13.582
0.500  13.388
0.510  13.401
0.520  13.356
0.530  13.405
0.540  13.359
0.550  13.430
0.560  13.540
0.570  13.562
0.580  13.753
0.590  13.474
0.600  13.489
0.610  13.462
0.620  13.182
0.630  13.505
0.640  13.572
0.650  13.645
0.660  13.360
0.670  13.303
0.680  13.669
0.690  13.668
0.700  13.472
0.710  13.303
0.720  13.560
0.730  13.470
0.740  13.458
0.750  13.346
0.760  13.470
0.770  13.407
0.780  13.446
0.790  13.560
0.800  13.527
0.810  13.484
0.820  13.527
0.830  13.522
0.840  13.369
0.850  13.450
0.860  13.235
0.870  13.347
0.880  13.463
0.890  13.771
0.900  13.335
0.910  13.368
0.920  13.429
0.930  13.472
0.940  13.342
0.950  13.322
0.960  13.326
0.970  13.256
0.980  13.392
0.990  13.459
1.000  13.528
1.010  13.352
1.020  13.245
1.030  13.585
1.040  13.566
1.050  13.186
1.060  13.558
1.070  13.457
1.080  13.463
1.090  13.697
1.100  13.546
1.110  13.561
1.120  13.506
1.130  13.459
1.140  13.434
1.150  13.299
1.160  13.697
1.170  13.615
1.180  13.512
1.190  13.572
1.200  13.351
1.210  13.605
1.220  13.477
1.230  13.545
1.240  13.565
1.250  13.614
1.260  13.462
1.270  13.360
1.280  13.605
1.290  13.596
1.300  13.430
1.310  13.226
1.320  13.177
1.330  13.331
1.340  13.430
1.350  13.304
1.360  13.454
1.370  13.303
1.380  13.538
1.390  13.483
1.400  13.351
1.410  13.474
1.420  13.516
1.430  13.500
1.440  13.682
1.450  13.418
1.460  13.520
1.470  13.312
1.480  13.388
1.490  13.329
1.500  13.510
1.510  13.692
1.520  13.429
1.530  13.223
1.540  13.257
1.550  13.646
1.560  13.588
1.570  13.294
1.580  13.452
1.590  13.470
1.600  13.691
1.610  13.505
1.620  13.440
1.630  13.439
1.640  13.338
1.650  13.413
1.660  13.391
1.670  13.245
1.680  13.519
1.690  13.431
1.700  13.277
1.710  13.428
1.720  13.435
1.730  13.463
1.740  13.629
1.750  13.571
1.760  13.420
1.770  13.431
1.780  13.399
1.790  13.482
1.800  13.373
1.810  13.435
1.820  13.613
1.830  13.524
1.840  13.258
1.850  13.357
1.860  13.617
1.870  13.440
1.880  13.527
1.890  13.501
1.900  13.417
1.910  13.346
1.920  13.310
1.930  13.573
1.940  13.687
1.950  13.542
1.960  13.690
1.970  13.361
1.980  13.384
1.990  13.550
2.000  13.503
2.010  13.214
2.020  13.340
2.030  13.530
2.040  13.620
2.050  13.565
2.060  13.527
2.070  13.368
2.080  13.555
2.090  13.654
2.100  13.474
2.110  13.324
2.120  13.667
2.130  13.751
2.140  13.752
2.150  13.589
2.160  13.558
2.170  13.672
2.180  13.507
2.190  13.574
2.200  13.379
2.210  13.438
2.220  13.551
2.230  13.772
2.240  13.652
2.250  13.506
2.260  13.593
2.270  13.524
2.280  13.598
2.290  13.566
2.300  13.453
2.310  13.375
2.320  13.238
2.330  13.401
2.340  13.391
2.350  13.720
2.360  13.731
2.370  13.574
2.380  13.479
2.390  13.577
2.400  13.470
2.410  13.729
2.420  13.663
2.430  13.453
2.440  13.355
2.450  13.425
2.460  13.363
2.470  13.526
2.480  13.586
2.490  13.418
2.500  13.441
2.510  13.557
2.520  13.647
2.530  13.510
2.540  13.510
2.550  13.492
2.560  13.500
2.570  13.637
2.580  13.581
2.590  13.531
2.600  13.440
2.610  13.371
2.620  13.261
2.630  13.528
2.640  13.524
2.650  13.611
2.660  13.593
2.670  13.323
2.680  13.493
2.690  13.389
2.700  13.518
2.710  13.656
2.720  13.490
2.730  13.485
2.740  13.670
2.750  13.857
2.760  13.562
2.770  13.602
2.780  13.783
2.790  13.671
2.800  13.215
2.810  13.262
2.820  13.638
2.830  13.680
2.840  13.623
2.850  13.597
2.860  13.849
2.870  13.584
2.880  13.648
2.890  13.449
2.900  13.733
2.910  13.516
2.920  13.335
2.930  13.565
2.940  13.406
2.950  13.529
2.960  13.629
2.970  13.531
2.980  13.369
2.990  13.411
3.000  13.264
3.010  13.520
3.020  13.675
3.030  13.505
3.040  13.464
3.050  13.277
3.060  13.351
3.070  13.544
3.080  13.654
3.090  13.570
3.100  13.387
3.110  13.546
3.120  13.549
3.130  13.395
3.140  13.323
3.150  13.642
3.160  13.543
3.170  13.438
3.180  13.309
3.190  13.464
3.200  13.437
3.210  13.587
3.220  13.605
3.230  13.702
3.240  13.652
3.250  13.663
3.260  13.204
3.270  13.206
3.280  13.506
3.290  13.608
3.300  13.464
3.310  13.457
3.320  13.581
3.330  13.590
3.340  13.274
3.350  13.247
3.360  13.459
3.370  13.413
3.380  13.438
3.390  13.859
3.400  13.715
3.410  13.392
3.420  13.254
3.430  13.379
3.440  13.609
3.450  13.714
3.460  13.332
3.470  13.392
3.480  13.431
3.490  13.516
3.500  13.647
3.510  13.539
3.520  13.412
3.530  13.511
3.540  13.704
3.550  13.747
3.560  13.511
3.570  13.241
3.580  13.409
3.590  13.745
3.600  13.434
3.610  13.069
3.620  13.236
3.630  13.476
3.640  13.500
3.650  13.590
3.660  13.619
3.670  13.526
3.680  13.372
3.690  13.153
3.700  13.545
3.710  13.623
3.720  13.485
3.730  13.342
3.740  13.326
3.750  13.560
3.760  13.567
3.770  13.691
3.780  13.568
3.790  13.571
3.800  13.375
3.810  13.532
3.820  13.534
3.830  13.470
3.840  13.600
3.850  13.485
3.860  13.498
3.870  13.525
3.880  13.678
3.890  13.475
3.900  13.490
3.910  13.277
3.920  13.495
3.930  13.569
3.940  13.465
3.950  13.556
3.960  13.327
3.970  13.477
3.980  13.534
3.990  13.243
4.000  13.300
4.010  13.736
4.020  13.951
4.030  13.371
4.040  13.577
4.050  13.716
4.060  13.532
4.070  13.190
4.080  13.364
4.090  13.487
4.100  13.728
4.110  13.628
4.120  13.478
4.130  13.572
4.140  13.448
4.150  13.367
4.160  13.833
4.170  13.561
4.180  13.146
4.190  13.195
4.200  13.525
4.210  13.535
4.220  13.339
4.230  13.597
4.240  13.674
4.250  13.427
4.260  13.433
4.270  13.431
4.280  13.634
4.290  13.635
4.300  13.392
4.310  13.189
4.320  13.379
4.330  13.564
4.340  13.633
4.350  13.559
4.360  13.524
4.370  13.333
4.380  13.619
4.390  13.346
4.400  13.382
4.410  13.388
4.420  13.511
4.430  13.332
4.440  13.219
4.450  13.206
4.460  13.443
4.470  13.450
4.480  13.476
4.490  13.282
4.500  13.476
4.510  13.642
4.520  13.521
4.530  13.498
4.540  13.237
4.550  13.420
4.560  13.475
4.570  13.385
4.580  13.557
4.590  13.469
4.600  13.252
4.610  13.440
4.620  13.492
4.630  13.419
4.640  13.298
4.650  13.246
4.660  13.347
4.670  13.470
4.680  13.551
4.690  13.413
4.700  13.408
4.710  13.599
4.720  13.551
4.730  13.303
4.740  13.209
4.750  13.469
4.760  13.659
4.770  13.531
4.780  13.336
4.790  13.571
4.800  13.666
4.810  13.736
4.820  13.315
4.830  13.468
4.840  13.757
4.850  13.627
4.860  13.434
4.870  13.401
4.880  13.535
4.890  13.673
4.900  13.507
4.910  13.319
4.920  13.510
4.930  13.712
4.940  13.664
4.950  13.477
4.960  13.344
4.970  13.581
4.980  13.764
4.990  13.261
5.000  13.507
5.010  13.539
5.020  13.355
5.030  13.410
5.040  13.557
5.050  13.744
5.060  13.758
5.070  13.421
5.080  13.367
5.090  13.428
5.100  13.362
5.110  13.617
5.120  13.637
5.130  13.500
5.140  13.322
5.150  13.316
5.160  13.567
5.170  13.568
5.180  13.838
5.190  13.419
5.200  13.130
5.210  13.643
5.220  13.583
5.230  13.471
5.240  13.478
5.250  13.658
5.260  13.519
5.270  13.580
5.280  13.395
5.290  13.661
5.300  13.519
5.310  13.227
5.320  13.192
5.330  13.805
5.340  13.597
5.350  13.627
5.360  13.236
5.370  13.571
5.380  13.505
5.390  13.598
5.400  13.559
5.410  13.287
5.420  13.327
5.430  13.634
5.440  13.614
5.450  13.697
5.460  13.460
5.470  13.115
5.480  13.194
5.490  13.732
5.500  13.765
5.510  13.413
5.520  13.389
5.530  13.485
5.540  13.602
5.550  13.446
5.560  13.586
5.570  13.581
5.580  13.349
5.590  13.662
5.600  13.718
5.610  13.447
5.620  13.283
5.630  13.432
5.640  13.847
5.650  13.790
5.660  13.303
5.670  13.173
5.680  13.377
5.690  13.484
5.700  13.629
5.710  13.603
5.720  13.600
5.730  13.449
5.740  13.332
5.750  13.362
5.760  13.458
5.770  13.618
5.780  13.630
5.790  13.590
5.800  13.199
5.810  13.439
5.820  13.532
5.830  13.754
5.840  13.402
5.850  13.389
5.860  13.539
5.870  13.506
5.880  13.505
5.890  13.376
5.900  13.588
5.910  13.576
5.920  13.682
5.930  13.588
5.940  13.477
5.950  13.277
5.960  13.293
5.970  13.429
5.980  13.509
5.990  13.509
6.000  13.364
6.010  13.268
6.020  13.468
6.030  13.741
6.040  13.491
6.050  13.416
6.060  13.524
6.070  13.595
6.080  13.736
6.090  13.442
6.100  13.510
6.110  13.865
6.120  13.628
6.130  13.375
6.140  13.611
6.150  13.558
6.160  13.779
6.170  13.488
6.180  13.362
6.190  13.493
6.200  13.742
6.210  13.652
6.220  13.579
6.230  13.363
6.240  13.529
6.250  13.590
6.260  13.731
6.270  13.660
6.280  13.687
6.290  13.556
6.300  13.469
6.310  13.436
6.320  13.365
6.330  13.636
6.340  13.548
6.350  13.461
6.360  13.558
6.370  13.629
6.380  13.543
6.390  13.478
6.400  13.721
6.410  13.450
6.420  13.287
6.430  13.631
6.440  13.418
6.450  13.299
