time(sec)  pressure
0.000  3.694
0.010  3.682
0.020  3.780
0.030  3.785
0.040  3.756
0.050  3.727
0.060  3.780
0.070  3.796
0.080  3.850
0.090  3.784
0.100  3.680
0.110  3.722
0.120  3.821
0.130  3.818
0.140  3.793
0.150  3.609
0.160  3.759
0.170  3.797
0.180  3.747
0.190  3.728
0.200  3.767
0.210  3.762
0.220  3.789
0.230  3.777
0.240  3.782
0.250  3.757
0.260  3.733
0.270  3.818
0.280  3.819
0.290  3.768
0.300  3.749
0.310  3.752
0.320  3.797
0.330  3.823
0.340  3.796
0.350  3.845
0.360  3.839
0.370  3.784
0.380  3.731
0.390  3.743
0.400  3.765
0.410  3.835
0.420  3.898
0.430  3.809
0.440  3.738
0.450  3.777
0.460  3.838
0.470  3.785
0.480  3.772
0.490  3.806
0.500  3.864
0.510  3.755
0.520  3.711
0.530  3.839
0.540  3.904
0.550  3.768
0.560  3.745
0.570  3.820
0.580  3.895
0.590  3.799
0.600  3.719
0.610  3.743
0.620  3.854
0.630  3.884
0.640  3.808
0.650  3.764
0.660  3.839
0.670  3.814
0.680  3.755
0.690  3.827
0.700  3.892
0.710  3.840
0.720  3.833
0.730  3.798
0.740  3.745
0.750  3.772
0.760  3.835
0.770  3.850
0.780  3.827
0.790  3.749
0.800  3.874
0.810  3.819
0.820  3.837
0.830  3.809
0.840  3.826
0.850  3.815
0.860  3.843
0.870  3.787
0.880  3.765
0.890  3.875
0.900  3.852
0.910  3.768
0.920  3.696
0.930  3.857
0.940  3.869
0.950  3.899
0.960  3.814
0.970  3.781
0.980  3.864
0.990  3.859
1.000  3.848
1.010  3.772
1.020  3.850
1.030  3.911
1.040  3.829
1.050  3.803
1.060  3.845
1.070  3.846
1.080  3.847
1.090  3.873
1.100  3.840
1.110  3.890
1.120  3.918
1.130  3.817
1.140  3.817
1.150  3.900
1.160  3.874
1.170  3.876
1.180  3.837
1.190  3.807
1.200  3.807
1.210  3.841
1.220  3.918
1.230  3.823
1.240  3.856
1.250  3.826
1.260  3.790
1.270  3.886
1.280  3.911
1.290  3.826
1.300  3.808
1.310  3.808
1.320  3.838
1.330  3.879
1.340  3.952
1.350  3.877
1.360  3.840
1.370  3.936
1.380  3.867
1.390  3.798
1.400  3.773
1.410  3.949
1.420  3.937
1.430  3.861
1.440  3.801
1.450  3.878
1.460  3.861
1.470  3.830
1.480  3.923
1.490  3.862
1.500  3.821
1.510  3.840
1.520  3.865
1.530  3.827
1.540  3.858
1.550  3.878
1.560  3.882
1.570  3.830
1.580  3.867
1.590  3.920
1.600  3.940
1.610  3.924
1.620  3.806
1.630  3.866
1.640  3.925
1.650  3.923
1.660  3.764
1.670  3.800
1.680  3.907
1.690  3.976
1.700  3.903
1.710  3.845
1.720  3.810
1.730  3.814
1.740  3.864
1.750  3.922
1.760  3.917
1.770  3.933
1.780  3.843
1.790  3.760
1.800  3.827
1.810  3.955
1.820  3.966
1.830  3.885
1.840  3.765
1.850  3.781
1.860  3.851
1.870  3.885
1.880  3.973
1.890  3.870
1.900  3.833
1.910  3.889
1.920  3.874
1.930  3.907
1.940  3.963
1.950  3.852
1.960  3.769
1.970  3.819
1.980  3.925
1.990  4.010
2.000  3.910
2.010  3.905
2.020  3.859
2.030  3.854
2.040  3.848
2.050  3.878
2.060  3.926
2.070  3.851
2.080  3.837
2.090  3.886
2.100  3.975
2.110  3.923
2.120  3.842
2.130  3.787
2.140  3.870
2.150  3.922
2.160  3.912
2.170  3.863
2.180  3.842
2.190  3.859
2.200  3.851
2.210  3.920
2.220  3.930
2.230  3.853
2.240  3.854
2.250  3.789
2.260  3.854
2.270  3.831
2.280  4.040
2.290  3.935
2.300  3.878
2.310  3.842
2.320  3.885
2.330  3.917
2.340  3.815
2.350  3.826
2.360  3.872
2.370  3.920
2.380  3.939
2.390  3.889
2.400  3.873
2.410  3.921
2.420  3.966
2.430  3.922
2.440  3.841
2.450  3.917
2.460  3.904
2.470  3.896
2.480  3.881
2.490  3.938
2.500  3.895
2.510  3.920
2.520  3.843
2.530  3.882
2.540  3.869
2.550  3.907
2.560  3.873
2.570  3.868
2.580  3.835
2.590  3.854
2.600  3.938
2.610  3.923
2.620  3.868
2.630  3.866
2.640  3.928
2.650  3.921
2.660  3.834
2.670  3.872
2.680  3.909
2.690  4.002
2.700  3.947
2.710  3.932
2.720  3.910
2.730  3.916
2.740  3.839
2.750  3.815
2.760  3.948
2.770  3.938
2.780  3.894
2.790  3.865
2.800  3.930
2.810  3.849
2.820  3.841
2.830  3.890
2.840  3.959
2.850  3.920
2.860  3.876
2.870  3.850
2.880  3.935
2.890  3.978
2.900  3.885
2.910  3.855
2.920  3.961
2.930  3.882
2.940  3.894
2.950  3.762
2.960  3.860
2.970  3.920
2.980  3.931
2.990  3.848
3.000  3.835
3.010  3.926
3.020  3.950
3.030  3.970
3.040  3.909
3.050  3.732
3.060  3.881
3.070  4.029
3.080  3.958
3.090  3.838
3.100  3.926
3.110  3.952
3.120  3.921
3.130  3.874
3.140  3.941
3.150  3.965
3.160  3.877
3.170  3.771
3.180  3.884
3.190  3.986
3.200  3.909
3.210  3.852
3.220  3.881
3.230  3.923
3.240  3.859
3.250  3.841
3.260  3.938
3.270  3.972
3.280  3.840
3.290  3.827
3.300  3.895
3.310  3.969
3.320  4.004
3.330  3.856
3.340  3.862
3.350  3.906
3.360  3.942
3.370  3.928
3.380  3.932
3.390  3.820
3.400  3.850
3.410  3.824
3.420  3.887
3.430  3.892
3.440  3.869
3.450  3.917
3.460  3.831
3.470  3.819
3.480  3.838
3.490  3.880
3.500  3.968
3.510  3.921
3.520  3.919
3.530  3.802
3.540  3.933
3.550  3.955
3.560  3.948
3.570  3.804
3.580  3.847
3.590  3.862
3.600  3.902
3.610  3.896
3.620  3.911
3.630  3.866
3.640  3.910
3.650  3.968
3.660  3.945
3.670  3.917
3.680  3.883
3.690  3.828
3.700  3.833
3.710  3.968
3.720  3.986
3.730  3.967
3.740  3.920
3.750  3.895
3.760  3.809
3.770  3.947
3.780  3.911
3.790  3.917
3.800  3.894
3.810  3.939
3.820  3.879
3.830  3.827
3.840  3.885
3.850  3.909
3.860  3.932
3.870  3.988
3.880  3.927
3.890  3.872
3.900  3.892
3.910  3.902
3.920  3.880
3.930  3.833
3.940  3.969
3.950  3.944
3.960  3.975
3.970  3.913
3.980  3.908
3.990  3.900
4.000  3.851
4.010  3.850
4.020  3.955
4.030  4.005
4.040  3.866
4.050  3.807
4.060  3.867
4.070  3.860
4.080  3.913
4.090  3.853
4.100  3.883
4.110  3.892
4.120  3.897
4.130  3.998
4.140  3.937
4.150  3.896
4.160  3.903
4.170  3.924
4.180  3.927
4.190  3.856
4.200  3.812
4.210  3.851
4.220  3.987
4.230  3.992
4.240  3.884
4.250  3.883
4.260  3.928
4.270  3.988
4.280  3.865
4.290  3.853
4.300  3.948
4.310  3.961
4.320  3.851
4.330  3.878
4.340  3.883
4.350  3.883
4.360  3.860
4.370  3.921
4.380  4.031
4.390  3.911
4.400  3.910
4.410  3.794
4.420  3.871
4.430  3.923
4.440  4.003
4.450  4.032
4.460  3.832
4.470  3.828
4.480  3.851
4.490  3.915
4.500  3.912
4.510  3.897
4.520  3.889
4.530  3.915
4.540  3.934
4.550  3.913
4.560  3.908
4.570  3.974
4.580  3.924
4.590  3.831
4.600  3.984
4.610  4.017
4.620  3.922
4.630  3.862
4.640  3.895
4.650  3.900
4.660  3.861
4.670  3.879
4.680  3.920
4.690  4.008
4.700  3.954
4.710  3.932
4.720  3.905
4.730  3.899
4.740  3.887
4.750  3.941
4.760  3.970
4.770  3.932
4.780  3.905
4.790  3.821
4.800  3.865
4.810  3.977
4.820  3.968
4.830  3.877
4.840  3.814
4.850  3.910
4.860  3.910
4.870  3.946
4.880  3.953
4.890  3.952
4.900  3.927
4.910  3.888
4.920  3.816
4.930  3.880
4.940  3.953
4.950  3.953
4.960  3.943
4.970  3.955
4.980  4.004
4.990  3.896
5.000  3.838
5.010  3.916
5.020  3.994
5.030  3.942
5.040  3.905
5.050  3.899
5.060  3.952
5.070  4.019
5.080  3.940
5.090  3.828
5.100  3.883
5.110  3.930
5.120  3.900
5.130  3.971
5.140  3.969
5.150  3.924
5.160  3.869
5.170  3.907
5.180  3.918
5.190  3.844
5.200  3.898
5.210  3.903
5.220  3.939
5.230  3.992
5.240  3.991
5.250  3.843
5.260  3.749
5.270  3.828
5.280  3.980
5.290  3.988
5.300  3.942
5.310  3.887
5.320  3.917
5.330  3.853
5.340  3.903
5.350  3.963
5.360  4.030
5.370  3.882
5.380  3.869
5.390  3.890
5.400  3.896
5.410  3.943
5.420  3.886
5.430  3.926
5.440  3.898
5.450  3.850
5.460  3.831
5.470  4.002
5.480  3.976
5.490  3.889
5.500  3.976
5.510  3.937
5.520  3.896
5.530  3.819
5.540  3.916
5.550  4.023
5.560  3.927
5.570  3.948
5.580  3.956
5.590  3.971
5.600  3.932
5.610  3.914
5.620  3.933
5.630  3.910
5.640  3.923
5.650  3.959
5.660  3.845
5.670  3.830
5.680  3.934
5.690  3.944
5.700  3.795
5.710  3.905
5.720  4.067
5.730  4.041
5.740  3.866
5.750  3.791
5.760  3.935
5.770  3.993
5.780  3.898
5.790  3.915
5.800  3.910
5.810  3.854
5.820  3.875
5.830  3.915
5.840  3.968
5.850  3.938
5.860  3.819
5.870  3.830
5.880  3.891
5.890  4.004
5.900  3.896
5.910  3.794
5.920  3.882
5.930  3.962
5.940  3.892
5.950  3.845
5.960  3.947
5.970  3.928
5.980  3.892
5.990  3.855
6.000  3.806
6.010  3.895
6.020  3.933
6.030  3.891
6.040  3.884
6.050  3.956
6.060  3.919
6.070  3.944
6.080  3.844
6.090  3.935
6.100  3.984
6.110  3.925
6.120  3.866
6.130  3.816
6.140  3.874
6.150  3.855
6.160  3.848
6.170  3.866
6.180  3.874
6.190  3.924
