time(sec)  pressure
0.000  9.433
0.010  9.338
0.020  9.252
0.030  9.014
0.040  9.246
0.050  9.543
0.060  9.384
0.070  9.151
0.080  9.062
0.090  9.262
0.100  9.249
0.110  9.388
0.120  9.318
0.130  9.226
0.140  9.253
0.150  9.103
0.160  9.199
0.170  9.278
0.180  9.241
0.190  9.249
0.200  9.304
0.210  9.438
0.220  9.249
0.230  9.128
0.240  9.005
0.250  9.206
0.260  9.392
0.270  9.423
0.280  9.255
0.290  9.214
0.300  9.199
0.310  9.292
0.320  9.161
0.330  9.245
0.340  9.352
0.350  9.159
0.360  9.128
0.370  9.254
0.380  9.242
0.390  9.344
0.400  9.181
0.410  9.093
0.420  9.213
0.430  9.113
0.440  9.319
0.450  9.379
0.460  9.397
0.470  9.121
0.480  9.117
0.490  9.414
0.500  8.992
0.510  9.110
0.520  9.281
0.530  9.502
0.540  9.351
0.550  9.001
0.560  9.093
0.570  9.350
0.580  9.310
0.590  9.243
0.600  9.267
0.610  9.163
0.620  9.352
0.630  9.276
0.640  9.296
0.650  9.297
0.660  9.274
0.670  9.127
0.680  9.038
0.690  9.106
0.700  9.452
0.710  9.418
0.720  9.119
0.730  9.212
0.740  9.176
0.750  9.368
0.760  9.284
0.770  9.225
0.780  9.272
0.790  9.257
0.800  9.294
0.810  9.058
0.820  9.238
0.830  9.484
0.840  9.270
0.850  9.163
0.860  9.081
0.870  9.229
0.880  9.472
0.890  9.282
0.900  8.963
0.910  8.949
0.920  9.299
0.930  9.282
0.940  9.176
0.950  9.258
0.960  9.337
0.970  9.310
0.980  9.086
0.990  9.236
1.000  9.317
1.010  9.264
1.020  9.108
1.030  9.285
1.040  9.319
1.050  9.255
1.060  9.066
1.070  9.182
1.080  9.183
1.090  9.104
1.100  9.196
1.110  9.188
1.120  9.078
1.130  8.957
1.140  9.127
1.150  9.266
1.160  9.244
1.170  9.260
1.180  9.193
1.190  9.182
1.200  9.105
1.210  9.173
1.220  9.146
1.230  9.231
1.240  9.393
1.250  9.281
1.260  9.057
1.270  9.149
1.280  9.087
1.290  9.286
1.300  9.283
1.310  9.299
1.320  9.228
1.330  9.190
1.340  9.070
1.350  9.144
1.360  9.337
1.370  9.239
1.380  9.326
1.390  9.284
1.400  9.253
1.410  9.171
1.420  9.196
1.430  9.394
1.440  9.209
1.450  9.171
1.460  9.217
1.470  9.184
1.480  9.157
1.490  9.085
1.500  9.188
1.510  9.305
1.520  9.239
1.530  9.202
1.540  9.026
1.550  9.215
1.560  9.260
1.570  9.285
1.580  9.286
1.590  9.126
1.600  9.244
1.610  9.250
1.620  9.077
1.630  9.290
1.640  9.255
1.650  9.034
1.660  9.157
1.670  9.342
1.680  9.314
1.690  9.266
1.700  9.142
1.710  9.316
1.720  9.240
1.730  9.303
1.740  9.297
1.750  9.416
1.760  9.184
1.770  9.045
1.780  9.083
1.790  9.347
1.800  9.248
1.810  9.104
1.820  9.353
1.830  9.298
1.840  9.252
1.850  9.172
1.860  9.001
1.870  9.281
1.880  9.283
1.890  9.233
1.900  9.305
1.910  9.194
1.920  9.310
1.930  9.295
1.940  9.120
1.950  9.336
1.960  9.408
1.970  9.270
1.980  9.179
1.990  9.136
2.000  9.161
2.010  9.366
2.020  9.135
2.030  9.153
2.040  9.247
2.050  9.271
2.060  8.983
2.070  9.043
2.080  9.303
2.090  9.263
2.100  9.173
2.110  9.145
2.120  9.293
2.130  9.433
2.140  9.280
2.150  9.058
2.160  9.154
2.170  9.278
2.180  9.379
2.190  9.434
2.200  9.306
2.210  9.238
2.220  9.090
2.230  9.116
2.240  9.312
2.250  9.288
2.260  9.118
2.270  9.266
2.280  9.416
2.290  9.164
2.300  9.137
2.310  9.387
2.320  9.220
2.330  9.210
2.340  9.161
2.350  9.427
2.360  9.254
2.370  9.220
2.380  9.135
2.390  9.191
2.400  9.268
2.410  9.357
2.420  9.320
2.430  9.277
2.440  9.067
2.450  9.164
2.460  9.115
2.470  9.230
2.480  9.329
2.490  9.039
2.500  9.062
2.510  9.264
2.520  9.229
2.530  9.540
2.540  9.418
2.550  9.204
2.560  9.210
2.570  9.297
2.580  9.253
2.590  9.302
2.600  9.298
2.610  9.320
2.620  9.240
2.630  9.331
2.640  9.355
2.650  9.097
2.660  9.170
2.670  9.354
2.680  9.120
2.690  9.294
2.700  9.191
2.710  9.106
2.720  9.267
2.730  9.185
2.740  9.473
2.750  9.155
2.760  9.087
2.770  9.234
2.780  9.459
2.790  9.329
2.800  9.213
2.810  9.203
2.820  9.248
2.830  9.360
2.840  9.408
2.850  9.052
2.860  9.335
2.870  9.304
2.880  9.167
2.890  9.226
2.900  9.315
2.910  9.264
2.920  9.273
2.930  9.243
2.940  8.906
2.950  9.232
2.960  9.168
2.970  9.304
2.980  9.376
2.990  9.125
3.000  9.227
3.010  9.297
3.020  9.358
3.030  9.289
3.040  9.367
3.050  9.309
3.060  9.255
3.070  9.291
3.080  9.136
3.090  9.077
3.100  9.167
3.110  9.375
3.120  9.506
3.130  9.360
3.140  9.150
3.150  9.096
3.160  9.155
3.170  9.324
3.180  9.430
3.190  9.341
3.200  9.245
3.210  9.058
3.220  9.340
3.230  9.478
3.240  9.408
3.250  9.213
3.260  9.167
3.270  9.163
3.280  9.357
3.290  9.291
3.300  9.235
3.310  9.409
3.320  9.304
3.330  9.244
3.340  9.116
3.350  9.259
3.360  9.204
3.370  9.079
3.380  9.214
3.390  9.344
3.400  9.149
3.410  9.102
3.420  9.183
3.430  9.238
3.440  9.274
3.450  9.203
3.460  9.402
3.470  9.380
3.480  9.058
3.490  9.202
3.500  9.449
3.510  9.389
3.520  9.187
3.530  9.176
3.540  9.364
3.550  9.228
3.560  9.101
3.570  9.106
3.580  9.155
3.590  9.252
3.600  9.407
3.610  9.265
3.620  9.269
3.630  9.076
3.640  9.194
3.650  9.074
3.660  9.333
3.670  9.408
3.680  9.334
3.690  9.252
3.700  9.312
3.710  9.203
3.720  9.264
3.730  9.232
3.740  9.283
3.750  9.244
3.760  9.245
3.770  9.229
3.780  9.280
3.790  9.397
3.800  9.235
3.810  9.166
3.820  9.196
3.830  9.263
3.840  9.232
3.850  9.420
3.860  9.303
3.870  9.077
3.880  9.124
3.890  9.216
3.900  9.227
3.910  9.232
3.920  9.230
3.930  9.109
3.940  9.151
3.950  9.297
3.960  9.254
3.970  9.276
3.980  9.291
3.990  9.077
4.000  9.161
4.010  9.268
4.020  9.199
4.030  9.368
4.040  9.391
4.050  9.113
4.060  9.092
4.070  9.164
4.080  9.386
4.090  9.355
4.100  9.287
4.110  9.213
4.120  9.232
4.130  9.237
4.140  9.254
4.150  9.182
4.160  9.169
4.170  9.158
4.180  9.165
4.190  9.158
4.200  9.296
4.210  9.219
4.220  9.214
4.230  9.140
4.240  9.122
4.250  9.105
4.260  9.152
4.270  9.454
4.280  9.312
4.290  9.157
4.300  9.138
4.310  9.161
4.320  9.285
4.330  9.347
4.340  9.352
4.350  9.205
4.360  9.122
4.370  9.166
4.380  9.013
4.390  9.088
4.400  9.329
4.410  9.264
4.420  9.022
4.430  9.064
4.440  9.151
4.450  9.153
4.460  9.143
4.470  9.347
4.480  9.235
4.490  9.168
4.500  9.430
4.510  9.176
4.520  9.131
4.530  9.229
4.540  9.320
4.550  9.140
4.560  9.248
4.570  9.222
4.580  9.385
4.590  9.400
4.600  9.231
4.610  9.067
4.620  9.021
4.630  9.179
4.640  9.233
4.650  9.336
4.660  9.285
4.670  9.236
4.680  9.222
4.690  9.149
4.700  9.292
4.710  9.335
4.720  9.232
4.730  8.992
4.740  9.267
4.750  9.532
4.760  9.441
4.770  9.182
4.780  9.072
4.790  9.078
4.800  9.290
4.810  9.266
4.820  9.223
4.830  9.155
4.840  9.136
4.850  9.190
4.860  9.047
4.870  9.215
4.880  9.228
4.890  9.321
4.900  9.228
4.910  8.995
4.920  9.094
4.930  9.210
4.940  9.198
4.950  9.373
4.960  9.209
4.970  9.148
4.980  9.080
4.990  9.163
5.000  9.170
5.010  9.238
5.020  9.226
5.030  9.318
5.040  9.224
5.050  9.111
5.060  9.346
5.070  9.127
5.080  9.261
5.090  9.174
5.100  9.206
5.110  9.255
5.120  9.265
5.130  9.548
5.140  9.198
5.150  9.090
5.160  9.210
5.170  9.280
5.180  9.162
5.190  9.176
5.200  9.202
5.210  9.101
5.220  9.175
5.230  9.304
5.240  9.288
5.250  9.085
5.260  9.177
5.270  9.309
5.280  9.554
5.290  9.343
5.300  9.244
5.310  9.280
5.320  9.153
5.330  9.233
5.340  9.143
5.350  9.239
5.360  9.225
5.370  9.214
5.380  9.119
5.390  9.062
5.400  9.098
5.410  9.089
5.420  9.044
5.430  9.236
5.440  9.302
5.450  9.234
5.460  9.060
5.470  9.294
5.480  9.257
5.490  9.096
5.500  9.037
5.510  9.113
5.520  9.336
5.530  9.107
5.540  9.076
5.550  8.969
5.560  8.999
5.570  9.122
5.580  9.444
5.590  9.231
5.600  9.073
5.610  9.159
5.620  9.157
5.630  9.407
5.640  9.271
5.650  9.181
5.660  9.141
5.670  9.310
5.680  9.251
5.690  9.157
5.700  9.231
5.710  9.165
5.720  9.249
5.730  9.145
5.740  9.172
5.750  9.165
5.760  9.301
5.770  9.184
5.780  9.011
5.790  9.198
5.800  9.249
5.810  9.147
5.820  8.972
5.830  9.065
5.840  9.291
5.850  9.269
5.860  9.309
5.870  9.135
5.880  9.178
5.890  9.294
5.900  9.052
5.910  9.225
5.920  9.270
5.930  9.351
5.940  9.177
5.950  9.153
5.960  9.130
5.970  8.978
5.980  9.267
5.990  9.108
6.000  9.307
6.010  9.478
6.020  9.214
6.030  8.941
6.040  9.207
6.050  9.260
6.060  9.218
6.070  9.298
6.080  9.099
6.090  9.116
6.100  9.211
6.110  9.096
6.120  9.013
6.130  9.163
6.140  9.240
6.150  9.203
6.160  9.259
6.170  9.239
6.180  9.206
6.190  8.925
6.200  9.202
6.210  9.345
6.220  9.210
6.230  9.104
6.240  9.185
6.250  9.255
6.260  9.242
6.270  9.266
6.280  9.071
6.290  9.272
6.300  9.242
6.310  9.185
6.320  9.133
6.330  9.064
6.340  9.200
6.350  9.231
6.360  9.100
6.370  9.133
6.380  9.191
6.390  9.335
6.400  9.228
6.410  9.271
6.420  9.059
6.430  9.048
6.440  9.109
6.450  9.249
