time(sec)  pressure
0.000  10.771
0.010  10.410
0.020  10.376
0.030  10.355
0.040  10.413
0.050  10.419
0.060  10.242
0.070  10.589
0.080  10.561
0.090  10.245
0.100  10.210
0.110  10.352
0.120  10.749
0.130  10.569
0.140  10.453
0.150  10.561
0.160  10.460
0.170  10.181
0.180  10.435
0.190  10.628
0.200  10.433
0.210  10.359
0.220  10.391
0.230  10.561
0.240  10.633
0.250  10.569
0.260  10.557
0.270  10.283
0.280  10.466
0.290  10.430
0.300  10.547
0.310  10.548
0.320  10.340
0.330  10.271
0.340  10.561
0.350  10.599
0.360  10.302
0.370  10.337
0.380  10.501
0.390  10.660
0.400  10.476
0.410  10.446
0.420  10.348
0.430  10.258
0.440  10.271
0.450  10.650
0.460  10.495
0.470  10.434
0.480  10.424
0.490  10.482
0.500  10.443
0.510  10.419
0.520  10.218
0.530  10.317
0.540  10.537
0.550  10.514
0.560  10.338
0.570  10.469
0.580  10.369
0.590  10.375
0.600  10.539
0.610  10.592
0.620  10.432
0.630  10.433
0.640  10.462
0.650  10.469
0.660  10.549
0.670  10.569
0.680  10.509
0.690  10.410
0.700  10.617
0.710  10.414
0.720  10.383
0.730  10.438
0.740  10.663
0.750  10.401
0.760  10.450
0.770  10.425
0.780  10.565
0.790  10.499
0.800  10.426
0.810  10.197
0.820  10.391
0.830  10.590
0.840  10.499
0.850  10.578
0.860  10.451
0.870  10.445
0.880  10.384
0.890  10.432
0.900  10.632
0.910  10.544
0.920  10.439
0.930  10.246
0.940  10.327
0.950  10.487
0.960  10.258
0.970  10.398
0.980  10.299
0.990  10.255
1.000  10.353
1.010  10.540
1.020  10.587
1.030  10.525
1.040  10.288
1.050  10.304
1.060  10.490
1.070  10.343
1.080  10.573
1.090  10.642
1.100  10.598
1.110  10.518
1.120  10.422
1.130  10.321
1.140  10.386
1.150  10.457
1.160  10.549
1.170  10.808
1.180  10.406
1.190  10.209
1.200  10.402
1.210  10.407
1.220  10.470
1.230  10.471
1.240  10.499
1.250  10.409
1.260  10.363
1.270  10.497
1.280  10.540
1.290  10.367
1.300  10.282
1.310  10.304
1.320  10.365
1.330  10.384
1.340  10.516
1.350  10.572
1.360  10.507
1.370  10.549
1.380  10.537
1.390  10.416
1.400  10.406
1.410  10.427
1.420  10.431
1.430  10.610
1.440  10.294
1.450  10.450
1.460  10.512
1.470  10.667
1.480  10.619
1.490  10.491
1.500  10.240
1.510  10.505
1.520  10.676
1.530  10.547
1.540  10.509
1.550  10.447
1.560  10.486
1.570  10.357
1.580  10.447
1.590  10.489
1.600  10.447
1.610  10.634
1.620  10.447
1.630  10.338
1.640  10.508
1.650  10.402
1.660  10.545
1.670  10.489
1.680  10.358
1.690  10.356
1.700  10.499
1.710  10.462
1.720  10.639
1.730  10.454
1.740  10.476
1.750  10.502
1.760  10.484
1.770  10.407
1.780  10.485
1.790  10.440
1.800  10.322
1.810  10.381
1.820  10.560
1.830  10.555
1.840  10.464
1.850  10.419
1.860  10.515
1.870  10.359
1.880  10.320
1.890  10.458
1.900  10.302
1.910  10.597
1.920  10.515
1.930  10.427
1.940  10.322
1.950  10.090
1.960  10.358
1.970  10.543
1.980  10.391
1.990  10.323
2.000  10.420
2.010  10.719
2.020  10.537
2.030  10.283
2.040  10.231
2.050  10.454
2.060  10.503
2.070  10.598
2.080  10.467
2.090  10.180
2.100  10.312
2.110  10.320
2.120  10.457
2.130  10.603
2.140  10.409
2.150  10.431
2.160  10.413
2.170  10.481
2.180  10.433
2.190  10.479
2.200  10.446
2.210  10.567
2.220  10.340
2.230  10.273
2.240  10.332
2.250  10.447
2.260  10.446
2.270  10.427
2.280  10.349
2.290  10.429
2.300  10.477
2.310  10.477
2.320  10.577
2.330  10.318
2.340  10.352
2.350  10.449
2.360  10.495
2.370  10.558
2.380  10.362
2.390  10.243
2.400  10.504
2.410  10.398
2.420  10.451
2.430  10.327
2.440  10.118
2.450  10.355
2.460  10.614
2.470  10.660
2.480  10.422
2.490  10.294
2.500  10.415
2.510  10.523
2.520  10.526
2.530  10.463
2.540  10.299
2.550  10.456
2.560  10.354
2.570  10.239
2.580  10.364
2.590  10.398
2.600  10.382
2.610  10.328
2.620  10.540
2.630  10.447
2.640  10.372
2.650  10.365
2.660  10.327
2.670  10.598
2.680  10.574
2.690  10.517
2.700  10.362
2.710  10.480
2.720  10.311
2.730  10.356
2.740  10.559
2.750  10.504
2.760  10.482
2.770  10.364
2.780  10.443
2.790  10.528
2.800  10.300
2.810  10.331
2.820  10.463
2.830  10.346
2.840  10.244
2.850  10.411
2.860  10.618
2.870  10.253
2.880  10.374
2.890  10.229
2.900  10.317
2.910  10.562
2.920  10.417
2.930  10.591
2.940  10.189
2.950  10.269
2.960  10.617
2.970  10.491
2.980  10.390
2.990  10.660
3.000  10.534
3.010  10.316
3.020  10.334
3.030  10.301
3.040  10.473
3.050  10.470
3.060  10.472
3.070  10.461
3.080  10.389
3.090  10.434
3.100  10.562
3.110  10.553
3.120  10.455
3.130  10.499
3.140  10.401
3.150  10.478
3.160  10.331
3.170  10.330
3.180  10.411
3.190  10.492
3.200  10.241
3.210  10.387
3.220  10.709
3.230  10.581
3.240  10.521
3.250  10.499
3.260  10.360
3.270  10.319
3.280  10.299
3.290  10.488
3.300  10.579
3.310  10.303
3.320  10.337
3.330  10.630
3.340  10.577
3.350  10.573
3.360  10.607
3.370  10.364
3.380  10.444
3.390  10.454
3.400  10.295
3.410  10.524
3.420  10.311
3.430  10.511
3.440  10.503
3.450  10.672
3.460  10.381
3.470  10.348
3.480  10.525
3.490  10.560
3.500  10.426
3.510  10.489
3.520  10.348
3.530  10.526
3.540  10.673
3.550  10.221
3.560  10.272
3.570  10.696
3.580  10.436
3.590  10.580
3.600  10.391
3.610  10.478
3.620  10.339
3.630  10.260
3.640  10.609
3.650  10.540
3.660  10.361
3.670  10.338
3.680  10.371
3.690  10.321
3.700  10.413
3.710  10.718
3.720  10.624
3.730  10.397
3.740  10.409
3.750  10.311
3.760  10.466
3.770  10.523
3.780  10.416
3.790  10.556
3.800  10.358
3.810  10.481
3.820  10.563
3.830  10.349
3.840  10.311
3.850  10.423
3.860  10.635
3.870  10.451
3.880  10.511
3.890  10.474
3.900  10.353
3.910  10.381
3.920  10.373
3.930  10.507
3.940  10.511
3.950  10.463
3.960  10.547
3.970  10.455
3.980  10.614
3.990  10.588
4.000  10.411
4.010  10.452
4.020  10.398
4.030  10.549
4.040  10.481
4.050  10.609
4.060  10.592
4.070  10.514
4.080  10.471
4.090  10.506
4.100  10.224
4.110  10.400
4.120  10.522
4.130  10.653
4.140  10.389
4.150  10.448
4.160  10.403
4.170  10.523
4.180  10.583
4.190  10.471
4.200  10.215
4.210  10.316
4.220  10.581
4.230  10.608
4.240  10.587
4.250  10.326
4.260  10.204
4.270  10.465
4.280  10.557
4.290  10.465
4.300  10.430
4.310  10.558
4.320  10.456
4.330  10.550
4.340  10.520
4.350  10.618
4.360  10.431
4.370  10.373
4.380  10.424
4.390  10.383
4.400  10.400
4.410  10.688
4.420  10.790
4.430  10.457
4.440  10.276
4.450  10.487
4.460  10.567
4.470  10.635
4.480  10.541
4.490  10.447
4.500  10.488
4.510  10.387
4.520  10.447
4.530  10.607
4.540  10.673
4.550  10.450
4.560  10.388
4.570  10.671
4.580  10.698
4.590  10.540
4.600  10.618
4.610  10.469
4.620  10.399
4.630  10.556
4.640  10.696
4.650  10.585
4.660  10.495
4.670  10.629
4.680  10.591
4.690  10.326
4.700  10.473
4.710  10.788
4.720  10.584
4.730  10.461
4.740  10.474
4.750  10.330
4.760  10.431
4.770  10.497
4.780  10.639
4.790  10.550
4.800  10.292
4.810  10.450
4.820  10.592
4.830  10.527
4.840  10.532
4.850  10.534
4.860  10.529
4.870  10.355
4.880  10.363
4.890  10.431
4.900  10.497
4.910  10.678
4.920  10.441
4.930  10.306
4.940  10.465
4.950  10.408
4.960  10.574
4.970  10.552
4.980  10.323
4.990  10.399
5.000  10.620
5.010  10.651
5.020  10.354
5.030  10.391
5.040  10.501
5.050  10.532
5.060  10.478
5.070  10.389
5.080  10.369
5.090  10.682
5.100  10.662
5.110  10.454
5.120  10.371
5.130  10.318
5.140  10.259
5.150  10.560
5.160  10.411
5.170  10.455
5.180  10.588
5.190  10.496
5.200  10.516
5.210  10.315
5.220  10.378
5.230  10.426
5.240  10.433
5.250  10.486
5.260  10.533
5.270  10.702
5.280  10.361
5.290  10.167
5.300  10.364
5.310  10.712
5.320  10.507
5.330  10.662
5.340  10.654
5.350  10.484
5.360  10.249
5.370  10.307
5.380  10.630
5.390  10.603
5.400  10.471
5.410  10.413
5.420  10.449
5.430  10.484
5.440  10.601
5.450  10.547
5.460  10.681
5.470  10.458
5.480  10.556
5.490  10.503
5.500  10.383
5.510  10.421
5.520  10.467
5.530  10.296
5.540  10.507
5.550  10.437
5.560  10.628
5.570  10.566
5.580  10.340
5.590  10.338
5.600  10.323
5.610  10.478
5.620  10.444
5.630  10.748
5.640  10.474
5.650  10.298
5.660  10.568
5.670  10.513
5.680  10.606
5.690  10.386
5.700  10.366
5.710  10.463
5.720  10.430
5.730  10.521
5.740  10.602
5.750  10.645
5.760  10.407
5.770  10.465
5.780  10.476
5.790  10.384
5.800  10.202
5.810  10.353
5.820  10.540
5.830  10.427
5.840  10.444
5.850  10.456
5.860  10.531
5.870  10.440
5.880  10.374
5.890  10.595
5.900  10.644
5.910  10.439
5.920  10.105
5.930  10.280
5.940  10.502
5.950  10.598
5.960  10.450
5.970  10.501
5.980  10.363
5.990  10.509
6.000  10.519
6.010  10.635
6.020  10.574
6.030  10.384
6.040  10.403
6.050  10.350
6.060  10.657
6.070  10.625
6.080  10.514
6.090  10.387
6.100  10.402
6.110  10.438
6.120  10.582
6.130  10.450
6.140  10.358
6.150  10.312
6.160  10.407
6.170  10.465
6.180  10.602
6.190  10.437
