# covent_pc_4
# Captured 2020-06-19 00:23:21.140408 by unknown user
# Built at revision 5aae642 (dirty)
time(sec)  pc_setpoint  pressure  volume
0.000  10.000  15.807  398.101
0.010  10.000  15.756  389.392
0.020  10.000  15.430  380.812
0.030  10.000  15.143  372.161
0.040  10.000  14.922  364.084
0.050  10.000  14.897  356.115
0.060  10.000  14.594  347.808
0.070  10.000  14.196  339.660
0.080  10.000  13.984  332.020
0.090  10.000  13.785  324.231
0.100  10.000  13.548  316.589
0.110  10.000  13.319  308.686
0.120  10.000  13.210  300.653
0.130  10.000  12.941  293.136
0.140  10.000  12.786  285.406
0.150  10.000  12.575  277.839
0.160  10.000  12.271  270.796
0.170  10.000  12.009  263.690
0.180  10.000  11.756  256.709
0.190  10.000  11.587  249.316
0.200  10.000  11.416  241.997
0.210  10.000  11.284  234.728
0.220  10.000  11.099  227.431
0.230  10.000  10.884  220.526
0.240  10.000  10.756  213.726
0.250  10.000  10.594  207.303
0.260  10.000  10.308  200.809
0.270  10.000  10.161  194.257
0.280  10.000  10.062  187.878
0.290  10.000  9.781  181.279
0.300  10.000  9.775  174.767
0.310  10.000  9.460  168.516
0.320  10.000  9.405  162.291
0.330  10.000  9.336  155.813
0.340  10.000  9.313  149.224
0.350  10.000  9.218  143.122
0.360  10.000  9.053  137.422
0.370  10.000  9.030  131.799
0.380  10.000  9.089  126.357
0.390  10.000  9.106  121.055
0.400  10.000  9.004  115.736
0.410  10.000  9.033  110.170
0.420  10.000  9.170  104.601
0.430  10.000  9.126  99.568
0.440  10.000  9.328  94.811
0.450  10.000  9.207  90.319
0.460  10.000  9.164  85.845
0.470  10.000  9.177  81.134
0.480  10.000  9.221  76.657
0.490  10.000  9.110  72.415
0.500  10.000  9.163  68.356
0.510  10.000  9.427  64.662
0.520  10.000  9.542  61.182
0.530  10.000  9.568  57.934
0.540  10.000  9.611  54.749
0.550  10.000  9.430  51.687
0.560  10.000  9.222  48.773
0.570  10.000  9.123  45.803
0.580  10.000  9.199  43.000
0.590  10.000  9.056  40.223
0.600  10.000  9.439  37.611
0.610  10.000  10.237  35.547
0.620  10.000  10.061  33.696
0.630  10.000  9.890  31.760
0.640  10.000  9.781  29.691
0.650  10.000  9.893  27.718
0.660  10.000  9.929  25.971
0.670  10.000  9.763  24.276
0.680  10.000  9.855  22.765
0.690  10.000  9.909  21.246
0.700  10.000  9.893  19.575
0.710  10.000  10.004  18.107
0.720  10.000  9.808  16.818
0.730  10.000  9.820  15.542
0.740  10.000  9.798  14.380
0.750  10.000  9.988  13.352
0.760  10.000  9.967  12.376
0.770  10.000  9.831  11.355
0.780  10.000  9.928  10.234
0.790  10.000  9.755  9.171
0.800  10.000  9.664  8.287
0.810  10.000  9.814  7.436
0.820  10.000  9.799  6.418
0.830  10.000  9.643  5.511
0.840  10.000  9.803  4.644
0.850  10.000  9.665  3.635
0.860  10.000  9.598  2.889
0.870  10.000  9.617  2.310
0.880  10.000  9.701  1.690
0.890  10.000  10.028  1.210
0.900  10.000  10.139  0.761
0.910  10.000  9.632  0.491
0.920  10.000  9.555  0.611
0.930  10.000  9.614  1.020
0.940  10.000  10.253  1.533
0.950  10.000  10.282  1.783
0.960  10.000  9.716  1.974
0.970  10.000  9.693  2.403
0.980  10.000  9.879  2.931
0.990  10.000  10.399  3.523
1.000  10.000  10.418  4.029
1.010  10.000  9.833  4.364
1.020  10.000  9.668  4.390
1.030  10.000  10.027  4.364
1.040  10.000  10.450  4.542
1.050  10.000  10.271  4.839
1.060  10.000  9.701  5.198
1.070  10.000  9.471  5.582
1.080  10.000  10.248  5.913
1.090  10.000  10.742  6.058
1.100  10.000  10.129  6.113
1.110  10.000  9.428  6.058
1.120  10.000  9.521  6.107
1.130  10.000  10.460  6.463
1.140  10.000  10.702  6.858
1.150  10.000  9.927  6.872
1.160  10.000  9.500  6.503
1.170  10.000  9.767  6.279
1.180  10.000  10.353  6.392
1.190  10.000  10.458  6.423
1.200  10.000  10.007  6.218
1.210  10.000  9.456  5.846
1.220  10.000  9.798  5.597
1.230  10.000  10.330  5.616
1.240  10.000  10.551  5.468
1.250  10.000  9.780  5.093
1.260  10.000  9.458  4.707
1.270  10.000  9.807  4.438
1.280  10.000  10.562  4.416
1.290  10.000  10.435  4.414
1.300  10.000  9.628  4.304
1.310  10.000  9.272  4.192
1.320  10.000  9.884  4.223
1.330  10.000  10.751  4.460
1.340  10.000  10.686  4.457
1.350  10.000  9.590  4.090
1.360  10.000  9.201  3.655
1.370  10.000  9.735  3.655
1.380  10.000  10.459  4.065
1.390  10.000  10.627  4.129
1.400  10.000  9.578  3.844
1.410  10.000  9.100  3.862
1.420  10.000  9.797  4.215
1.430  10.000  10.785  4.715
1.440  10.000  10.794  5.048
1.450  10.000  9.589  4.977
1.460  10.000  9.090  4.733
1.470  10.000  9.828  4.733
1.480  10.000  10.868  5.139
1.490  10.000  10.859  5.348
1.500  10.000  9.555  5.011
1.510  10.000  8.711  4.631
1.520  10.000  9.895  4.752
1.530  10.000  11.068  5.068
1.540  10.000  11.115  5.034
1.550  10.000  9.574  4.485
1.560  10.000  8.556  4.011
1.570  10.000  9.625  4.118
1.580  10.000  11.066  4.728
1.590  10.000  11.343  5.141
1.600  10.000  9.647  4.838
1.610  10.000  8.688  4.348
1.620  10.000  9.376  4.265
1.630  10.000  10.967  4.693
1.640  10.000  11.252  5.015
1.650  10.000  9.758  4.543
1.660  10.000  8.708  3.737
1.670  10.000  9.271  3.417
1.680  10.000  10.794  3.745
1.690  10.000  11.185  3.995
1.700  10.000  9.964  3.599
1.710  10.000  8.626  2.971
1.720  10.000  9.272  2.665
1.730  10.000  10.879  3.050
1.740  10.000  11.525  3.420
1.750  10.000  9.763  3.323
1.760  10.000  8.529  3.102
1.770  10.000  9.034  3.193
1.780  10.000  11.118  3.856
1.790  10.000  11.376  4.431
1.800  10.000  9.943  4.275
1.810  10.000  8.540  3.739
1.820  10.000  9.014  3.491
1.830  10.000  10.926  3.854
1.840  10.000  11.617  4.308
1.850  10.000  10.140  4.169
1.860  10.000  8.577  3.714
1.870  10.000  8.861  3.397
1.880  10.000  10.929  3.579
1.890  10.000  11.678  3.930
1.900  10.000  10.201  3.903
1.910  12.500  8.824  3.654
1.920  15.000  8.690  3.742
1.930  17.500  12.685  4.541
1.940  20.000  17.053  6.638
1.950  22.500  17.952  10.827
1.960  25.000  20.783  16.988
1.970  27.500  22.155  24.472
1.980  30.000  24.697  33.569
1.990  32.500  27.223  43.253
2.000  35.000  29.217  52.292
2.010  35.000  29.457  61.472
2.020  35.000  30.299  70.919
2.030  35.000  30.518  79.976
2.040  35.000  30.522  89.110
2.050  35.000  31.414  97.997
2.060  35.000  31.530  106.429
2.070  35.000  31.581  115.276
2.080  35.000  31.900  124.552
2.090  35.000  32.380  133.503
2.100  35.000  32.149  142.169
2.110  35.000  33.122  150.673
2.120  35.000  32.165  158.787
2.130  35.000  32.713  167.137
2.140  35.000  33.231  175.589
2.150  35.000  34.097  183.744
2.160  35.000  34.296  191.357
2.170  35.000  33.618  199.417
2.180  35.000  34.428  207.951
2.190  35.000  33.711  216.034
2.200  35.000  34.896  223.640
2.210  35.000  34.694  231.678
2.220  35.000  34.655  240.093
2.230  35.000  35.333  247.955
2.240  35.000  35.409  255.707
2.250  35.000  35.686  263.309
2.260  35.000  35.938  270.444
2.270  35.000  36.776  277.266
2.280  35.000  35.698  284.021
2.290  35.000  35.189  290.878
2.300  35.000  35.843  297.606
2.310  35.000  35.110  304.142
2.320  35.000  35.144  310.223
2.330  35.000  35.418  315.937
2.340  35.000  34.960  321.931
2.350  35.000  34.684  328.407
2.360  35.000  35.263  334.495
2.370  35.000  35.249  339.866
2.380  35.000  34.734  345.061
2.390  35.000  34.314  350.287
2.400  35.000  34.903  355.214
2.410  35.000  34.894  359.882
2.420  35.000  35.661  364.603
2.430  35.000  34.758  369.303
2.440  35.000  35.552  373.844
2.450  35.000  34.789  378.438
2.460  35.000  35.581  382.934
2.470  35.000  35.139  387.180
2.480  35.000  35.509  391.630
2.490  35.000  35.283  395.641
2.500  35.000  34.839  399.369
2.510  35.000  34.983  403.454
2.520  35.000  34.853  407.599
2.530  35.000  35.194  411.576
2.540  35.000  35.480  415.287
2.550  35.000  35.751  418.899
2.560  35.000  36.092  422.429
2.570  35.000  35.087  425.753
2.580  35.000  35.148  428.894
2.590  35.000  35.278  431.946
2.600  35.000  35.368  434.923
2.610  35.000  34.785  437.550
2.620  35.000  35.278  439.982
2.630  35.000  35.084  442.450
2.640  35.000  35.284  444.667
2.650  35.000  35.060  446.508
2.660  35.000  35.301  448.301
2.670  35.000  35.493  450.100
2.680  35.000  34.291  451.810
2.690  35.000  35.430  453.463
2.700  35.000  35.294  455.165
2.710  35.000  35.011  456.857
2.720  35.000  34.942  458.341
2.730  35.000  35.387  459.844
2.740  35.000  35.232  461.291
2.750  35.000  35.193  462.513
2.760  35.000  34.903  463.786
2.770  35.000  34.898  465.152
2.780  35.000  35.754  466.397
2.790  35.000  34.614  467.697
2.800  35.000  34.770  468.936
2.810  35.000  35.543  469.918
2.820  35.000  35.201  470.785
2.830  35.000  35.100  471.322
2.840  35.000  34.883  471.773
2.850  35.000  35.193  472.420
2.860  35.000  35.085  473.090
2.870  35.000  35.030  473.786
2.880  35.000  35.194  474.255
2.890  35.000  35.333  474.511
2.900  35.000  34.794  474.802
2.910  10.000  34.646  474.968
2.920  10.000  34.568  474.847
2.930  10.000  31.751  473.154
2.940  10.000  25.415  467.344
2.950  10.000  22.187  459.138
2.960  10.000  19.159  449.785
2.970  10.000  18.058  440.019
2.980  10.000  17.092  431.049
2.990  10.000  16.803  421.731
3.000  10.000  16.404  412.654
3.010  10.000  16.040  404.264
3.020  10.000  15.754  396.115
3.030  10.000  15.331  387.326
3.040  10.000  15.226  378.724
3.050  10.000  15.044  370.596
3.060  10.000  14.661  362.571
3.070  10.000  14.558  354.561
3.080  10.000  14.260  346.011
3.090  10.000  14.151  337.808
3.100  10.000  13.842  329.709
3.110  10.000  13.583  321.757
3.120  10.000  13.392  313.681
3.130  10.000  13.219  305.701
3.140  10.000  12.905  298.113
3.150  10.000  12.772  290.233
3.160  10.000  12.579  282.800
3.170  10.000  12.367  275.066
3.180  10.000  12.083  267.531
3.190  10.000  11.924  260.096
3.200  10.000  11.749  252.542
3.210  10.000  11.526  245.519
3.220  10.000  11.263  238.637
3.230  10.000  11.075  231.801
3.240  10.000  10.966  224.501
3.250  10.000  10.710  217.353
3.260  10.000  10.584  210.954
3.270  10.000  10.355  204.034
3.280  10.000  10.175  197.024
3.290  10.000  10.025  190.633
3.300  10.000  9.796  184.316
3.310  10.000  9.634  178.072
3.320  10.000  9.497  171.439
3.330  10.000  9.477  164.861
3.340  10.000  9.425  158.296
3.350  10.000  9.539  151.807
3.360  10.000  9.182  145.860
3.370  10.000  9.067  139.649
3.380  10.000  8.971  133.624
3.390  10.000  9.060  128.167
3.400  10.000  9.106  122.801
3.410  10.000  8.973  117.570
3.420  10.000  8.930  112.235
3.430  10.000  8.925  107.131
3.440  10.000  8.884  102.437
3.450  10.000  9.067  97.884
3.460  10.000  8.997  93.565
3.470  10.000  8.916  89.285
3.480  10.000  9.187  85.070
3.490  10.000  9.127  80.896
3.500  10.000  9.271  76.852
3.510  10.000  9.453  73.091
3.520  10.000  9.604  69.536
3.530  10.000  9.778  66.060
3.540  10.000  9.613  62.737
3.550  10.000  9.452  59.755
3.560  10.000  9.395  56.705
3.570  10.000  9.428  53.289
3.580  10.000  9.171  49.912
3.590  10.000  9.353  46.832
3.600  10.000  9.365  44.032
3.610  10.000  9.496  41.518
3.620  10.000  9.747  39.238
3.630  10.000  10.159  37.268
3.640  10.000  10.150  35.351
3.650  10.000  10.008  33.234
3.660  10.000  9.693  31.242
3.670  10.000  9.711  29.333
3.680  10.000  9.970  27.509
3.690  10.000  10.034  25.749
3.700  10.000  9.889  23.937
3.710  10.000  9.824  22.434
3.720  10.000  9.915  20.924
3.730  10.000  9.809  19.434
3.740  10.000  9.776  18.172
3.750  10.000  10.050  16.725
3.760  10.000  9.740  15.249
3.770  10.000  9.933  14.102
3.780  10.000  9.735  13.163
3.790  10.000  10.157  12.116
3.800  10.000  9.787  11.223
3.810  10.000  9.795  10.597
3.820  10.000  9.794  9.968
3.830  10.000  9.721  9.232
3.840  10.000  9.584  8.268
3.850  10.000  9.629  7.319
3.860  10.000  9.529  6.607
3.870  10.000  9.650  5.772
3.880  10.000  9.500  4.849
3.890  10.000  9.883  4.147
3.900  10.000  10.132  3.529
3.910  10.000  9.807  3.146
3.920  10.000  9.649  3.011
3.930  10.000  9.718  2.898
3.940  10.000  10.004  2.879
3.950  10.000  10.152  3.256
3.960  10.000  9.790  3.777
3.970  10.000  9.708  4.169
3.980  10.000  9.898  4.671
3.990  10.000  10.410  5.152
4.000  10.000  10.234  5.436
4.010  10.000  9.870  5.693
4.020  10.000  9.734  5.907
4.030  10.000  10.032  6.088
4.040  10.000  10.469  6.350
4.050  10.000  10.185  6.479
4.060  10.000  9.756  6.505
4.070  10.000  9.765  6.527
4.080  10.000  10.249  6.668
4.090  10.000  10.264  6.724
4.100  10.000  10.354  6.427
4.110  10.000  9.697  6.222
4.120  10.000  9.493  6.266
4.130  10.000  9.956  6.458
4.140  10.000  10.611  6.743
4.150  10.000  10.342  6.748
4.160  10.000  9.441  6.402
4.170  10.000  9.305  6.296
4.180  10.000  10.347  6.600
4.190  10.000  11.020  6.645
4.200  10.000  10.237  6.388
4.210  10.000  9.218  5.907
4.220  10.000  9.075  5.529
4.230  10.000  10.565  5.493
4.240  10.000  11.151  5.531
4.250  10.000  10.374  5.351
4.260  10.000  8.720  5.006
4.270  10.000  9.105  4.662
4.280  10.000  10.720  4.539
4.290  10.000  11.335  4.574
4.300  10.000  10.300  4.150
4.310  10.000  8.864  3.491
4.320  10.000  8.965  2.983
4.330  10.000  10.484  3.000
4.340  10.000  11.044  3.342
4.350  10.000  10.344  3.212
4.360  10.000  8.965  2.522
4.370  10.000  8.950  1.923
4.380  10.000  10.444  1.879
4.390  10.000  11.012  2.081
4.400  10.000  10.285  1.738
4.410  10.000  9.012  1.080
4.420  10.000  8.878  0.949
4.430  10.000  10.591  1.323
4.440  10.000  11.298  1.670
4.450  10.000  10.485  1.483
4.460  10.000  8.845  0.997
4.470  10.000  8.798  0.774
4.480  10.000  10.509  1.114
4.490  10.000  11.452  1.676
4.500  10.000  10.424  1.709
4.510  10.000  8.901  1.155
4.520  10.000  8.641  0.830
4.530  10.000  10.850  1.075
4.540  10.000  11.664  1.230
4.550  10.000  10.599  1.002
4.560  10.000  8.665  0.628
4.570  10.000  8.591  0.433
4.580  10.000  10.319  0.594
4.590  10.000  11.415  0.817
4.600  10.000  10.943  0.684
4.610  10.000  9.019  0.112
4.620  10.000  8.647  -0.430
4.630  10.000  9.688  -0.436
4.640  10.000  11.064  -0.038
4.650  10.000  11.011  0.053
4.660  10.000  9.357  -0.423
4.670  10.000  8.442  -0.798
4.680  10.000  9.714  -0.620
4.690  10.000  11.424  -0.217
4.700  10.000  11.226  -0.096
4.710  10.000  9.145  -0.295
4.720  10.000  8.466  -0.507
4.730  10.000  9.796  -0.441
4.740  10.000  11.611  -0.054
4.750  10.000  11.435  0.170
4.760  10.000  9.337  -0.203
4.770  10.000  8.353  -0.719
4.780  10.000  9.442  -0.892
4.790  10.000  11.109  -0.645
4.800  10.000  11.320  -0.466
4.810  10.000  9.582  -0.847
4.820  10.000  8.594  -1.350
4.830  10.000  9.120  -1.465
4.840  10.000  11.143  -1.021
4.850  10.000  11.617  -0.506
4.860  10.000  9.611  -0.503
4.870  10.000  8.522  -0.796
4.880  10.000  8.903  -0.745
4.890  10.000  11.235  -0.253
4.900  10.000  11.502  0.244
4.910  10.000  10.058  0.128
4.920  12.500  8.508  -0.429
4.930  15.000  8.815  -0.463
4.940  17.500  12.871  0.555
4.950  20.000  17.507  3.043
4.960  22.500  17.751  7.626
4.970  25.000  19.974  14.450
4.980  27.500  22.052  22.425
4.990  30.000  24.072  31.637
5.000  32.500  27.837  41.359
5.010  35.000  28.961  50.596
5.020  35.000  29.282  60.276
5.030  35.000  30.967  70.017
5.040  35.000  31.076  78.983
5.050  35.000  31.136  88.019
5.060  35.000  31.397  97.330
5.070  35.000  31.185  106.699
5.080  35.000  31.748  116.028
5.090  35.000  32.035  124.701
5.100  35.000  32.515  133.313
5.110  35.000  32.713  142.146
5.120  35.000  32.782  150.762
5.130  35.000  32.408  159.670
5.140  35.000  33.790  168.150
5.150  35.000  33.231  175.948
5.160  35.000  33.238  184.264
5.170  35.000  34.204  192.587
5.180  35.000  33.737  200.679
5.190  35.000  33.964  208.860
5.200  35.000  33.534  217.337
5.210  35.000  34.724  225.559
5.220  35.000  35.395  233.244
5.230  35.000  35.435  240.588
5.240  35.000  35.089  247.883
5.250  35.000  34.214  256.099
5.260  35.000  35.252  264.398
5.270  35.000  35.864  271.538
5.280  35.000  36.155  278.152
5.290  35.000  35.618  285.012
5.300  35.000  36.072  292.135
5.310  35.000  36.493  299.214
5.320  35.000  36.153  305.514
5.330  35.000  34.489  311.281
5.340  35.000  35.657  317.042
5.350  35.000  34.743  322.928
5.360  35.000  34.868  329.010
5.370  35.000  35.501  334.618
5.380  35.000  35.049  339.847
5.390  35.000  34.923  345.231
5.400  35.000  34.698  350.860
5.410  35.000  34.401  356.427
5.420  35.000  34.951  361.358
5.430  35.000  34.755  365.996
5.440  35.000  35.396  370.801
5.450  35.000  35.198  375.482
5.460  35.000  34.951  380.122
5.470  35.000  35.176  384.889
5.480  35.000  34.847  389.658
5.490  35.000  35.831  394.037
5.500  35.000  35.253  398.137
5.510  35.000  35.119  402.242
5.520  35.000  35.614  406.009
5.530  35.000  35.916  409.532
5.540  35.000  35.427  413.207
5.550  35.000  35.006  416.520
5.560  35.000  34.876  419.542
5.570  35.000  35.218  422.604
5.580  35.000  35.182  425.566
5.590  35.000  35.002  428.746
5.600  35.000  35.583  431.746
5.610  35.000  34.944  434.709
5.620  35.000  35.541  437.654
5.630  35.000  35.451  440.089
5.640  35.000  34.805  442.269
5.650  35.000  35.014  444.445
5.660  35.000  35.029  446.612
5.670  35.000  35.492  448.625
5.680  35.000  35.298  450.521
5.690  35.000  35.121  452.108
5.700  35.000  34.647  453.614
5.710  35.000  34.900  455.417
5.720  35.000  35.335  457.381
5.730  35.000  34.837  459.265
5.740  35.000  35.765  460.819
5.750  35.000  34.715  462.242
5.760  35.000  35.894  463.390
5.770  35.000  34.688  464.446
5.780  35.000  34.974  465.825
5.790  35.000  34.542  467.232
5.800  35.000  35.996  468.412
5.810  35.000  34.781  469.504
5.820  35.000  34.979  470.582
5.830  35.000  35.113  471.603
5.840  35.000  35.864  472.512
5.850  35.000  35.189  473.192
5.860  35.000  34.488  473.651
5.870  35.000  35.182  473.844
5.880  35.000  35.626  473.967
5.890  35.000  35.402  473.938
5.900  35.000  34.287  473.615
5.910  35.000  34.103  473.332
5.920  10.000  36.008  473.469
5.930  10.000  35.165  473.751
5.940  10.000  31.645  472.694
5.950  10.000  25.029  467.910
5.960  10.000  22.043  459.033
5.970  10.000  18.904  449.487
5.980  10.000  18.394  441.051
5.990  10.000  17.122  432.783
6.000  10.000  16.948  424.475
6.010  10.000  16.532  415.699
6.020  10.000  16.153  406.932
6.030  10.000  15.803  398.285
6.040  10.000  15.498  389.660
6.050  10.000  15.353  381.600
6.060  10.000  15.019  373.270
6.070  10.000  14.929  364.746
6.080  10.000  14.725  356.621
6.090  10.000  14.377  348.774
6.100  10.000  14.291  341.153
6.110  10.000  14.064  333.109
6.120  10.000  13.645  325.146
6.130  10.000  13.550  317.656
6.140  10.000  13.180  310.271
6.150  10.000  13.093  302.479
6.160  10.000  12.937  294.153
6.170  10.000  12.725  286.358
6.180  10.000  12.440  278.471
6.190  10.000  12.258  270.912
6.200  10.000  12.100  263.482
6.210  10.000  11.818  255.744
6.220  10.000  11.677  248.732
6.230  10.000  11.421  241.866
6.240  10.000  11.175  234.939
6.250  10.000  11.097  227.793
6.260  10.000  10.858  220.861
6.270  10.000  10.740  214.364
6.280  10.000  10.407  207.725
6.290  10.000  10.258  201.014
6.300  10.000  10.157  194.283
6.310  10.000  9.920  187.579
6.320  10.000  9.749  180.967
6.330  10.000  9.653  174.508
6.340  10.000  9.514  167.751
6.350  10.000  9.474  161.162
6.360  10.000  9.333  155.132
6.370  10.000  9.332  148.664
6.380  10.000  9.139  142.273
6.390  10.000  9.043  136.453
6.400  10.000  9.029  130.329
6.410  10.000  9.034  124.403
6.420  10.000  9.062  119.104
6.430  10.000  8.953  113.835
6.440  10.000  8.969  108.651
6.450  10.000  9.007  103.654
6.460  10.000  9.073  98.912
6.470  10.000  9.230  94.323
6.480  10.000  9.205  89.867
6.490  10.000  9.110  85.291
6.500  10.000  9.122  80.789
6.510  10.000  8.979  76.533
6.520  10.000  9.040  72.414
6.530  10.000  9.254  68.644
6.540  10.000  9.545  65.281
6.550  10.000  9.515  62.216
6.560  10.000  9.504  59.145
6.570  10.000  9.391  55.978
6.580  10.000  9.383  52.855
6.590  10.000  9.300  49.684
6.600  10.000  9.173  46.573
6.610  10.000  9.418  43.821
6.620  10.000  9.682  41.258
6.630  10.000  10.113  38.904
6.640  10.000  10.138  36.652
6.650  10.000  9.682  34.491
6.660  10.000  9.742  32.512
6.670  10.000  9.860  30.645
6.680  10.000  9.880  28.933
6.690  10.000  9.813  27.291
6.700  10.000  9.999  25.647
6.710  10.000  9.919  23.997
6.720  10.000  9.971  22.499
6.730  10.000  9.853  21.079
6.740  10.000  9.697  19.640
6.750  10.000  9.920  18.462
6.760  10.000  10.180  17.360
6.770  10.000  9.976  16.145
6.780  10.000  9.830  15.022
6.790  10.000  9.618  13.960
6.800  10.000  9.810  12.902
6.810  10.000  9.880  12.043
6.820  10.000  9.641  11.301
6.830  10.000  9.916  10.422
6.840  10.000  9.581  9.660
6.850  10.000  9.689  8.915
6.860  10.000  9.689  8.121
6.870  10.000  9.418  7.581
6.880  10.000  9.681  6.903
6.890  10.000  9.745  6.236
6.900  10.000  9.977  5.895
6.910  10.000  9.822  5.630
6.920  10.000  9.730  5.332
6.930  10.000  9.786  5.124
6.940  10.000  10.002  5.170
6.950  10.000  10.001  5.288
6.960  10.000  9.886  5.302
6.970  10.000  9.722  5.324
6.980  10.000  10.032  5.496
6.990  10.000  10.308  5.791
7.000  10.000  9.921  6.233
7.010  10.000  9.768  6.771
7.020  10.000  9.736  7.212
7.030  10.000  10.212  7.650
7.040  10.000  10.280  8.087
7.050  10.000  10.109  8.488
7.060  10.000  9.945  8.831
7.070  10.000  10.055  9.122
7.080  10.000  10.158  9.359
7.090  10.000  10.150  9.497
7.100  10.000  10.038  9.615
7.110  10.000  9.985  9.644
7.120  10.000  10.036  9.649
7.130  10.000  10.272  9.734
7.140  10.000  10.158  9.752
7.150  10.000  9.861  9.630
7.160  10.000  9.826  9.493
7.170  10.000  10.276  9.252
7.180  10.000  10.139  8.776
7.190  10.000  10.162  8.067
7.200  10.000  9.821  7.232
7.210  10.000  9.883  6.582
7.220  10.000  9.913  6.091
7.230  10.000  10.160  5.567
7.240  10.000  9.963  5.120
7.250  10.000  9.768  4.830
7.260  10.000  9.848  4.601
7.270  10.000  9.883  4.395
7.280  10.000  10.114  4.339
7.290  10.000  10.031  4.346
7.300  10.000  9.707  4.235
7.310  10.000  9.801  4.068
7.320  10.000  10.083  4.003
7.330  10.000  10.239  4.016
7.340  10.000  10.060  3.886
7.350  10.000  9.736  3.727
7.360  10.000  9.926  3.659
7.370  10.000  10.177  3.550
7.380  10.000  10.110  3.557
7.390  10.000  9.771  3.749
7.400  10.000  9.869  3.927
7.410  10.000  10.039  3.875
7.420  10.000  10.248  3.770
7.430  10.000  10.137  3.934
7.440  10.000  9.559  4.234
7.450  10.000  9.993  4.436
7.460  10.000  10.302  4.560
7.470  10.000  10.455  4.579
7.480  10.000  10.035  4.440
7.490  10.000  9.410  4.311
7.500  10.000  9.712  4.227
7.510  10.000  10.381  4.301
7.520  10.000  10.603  4.251
7.530  10.000  9.966  3.923
7.540  10.000  9.259  3.544
7.550  10.000  9.583  3.397
7.560  10.000  10.623  3.519
7.570  10.000  10.732  3.536
7.580  10.000  9.777  3.439
7.590  10.000  9.000  3.283
7.600  10.000  9.830  3.395
7.610  10.000  10.912  3.763
7.620  10.000  10.737  3.796
7.630  10.000  9.373  3.400
7.640  10.000  8.998  3.048
7.650  10.000  9.933  3.156
7.660  10.000  11.295  3.484
7.670  10.000  10.682  3.527
7.680  10.000  9.194  3.004
7.690  10.000  8.535  2.396
7.700  10.000  10.156  2.271
7.710  10.000  11.210  2.684
7.720  10.000  10.880  2.900
7.730  10.000  9.248  2.464
7.740  10.000  8.605  2.204
7.750  10.000  9.897  2.508
7.760  10.000  11.105  3.031
7.770  10.000  11.380  3.128
7.780  10.000  9.416  2.610
7.790  10.000  8.562  2.189
7.800  10.000  9.316  2.246
7.810  10.000  11.160  2.610
7.820  10.000  11.595  2.740
7.830  10.000  9.695  2.424
7.840  10.000  8.379  2.086
7.850  10.000  9.055  2.120
7.860  10.000  11.016  2.760
7.870  10.000  11.752  3.301
7.880  10.000  10.219  2.930
7.890  10.000  8.589  2.140
7.900  10.000  8.822  1.564
7.910  10.000  10.902  1.520
7.920  10.000  11.324  1.797
7.930  12.500  10.662  1.411
7.940  15.000  8.628  0.903
7.950  17.500  10.783  1.537
7.960  20.000  15.087  3.620
7.970  22.500  17.539  7.536
7.980  25.000  19.878  13.792
7.990  27.500  21.946  22.912
8.000  30.000  25.230  33.716
8.010  32.500  28.039  43.566
8.020  35.000  29.214  52.523
8.030  35.000  29.986  62.335
8.040  35.000  30.223  72.537
8.050  35.000  30.338  82.383
8.060  35.000  31.032  91.916
8.070  35.000  30.910  101.775
8.080  35.000  32.284  110.526
8.090  35.000  32.589  118.595
8.100  35.000  32.593  126.842
8.110  35.000  32.577  135.164
8.120  35.000  32.964  144.291
8.130  35.000  32.514  152.887
8.140  35.000  33.499  160.647
8.150  35.000  33.418  168.207
8.160  35.000  33.727  176.191
8.170  35.000  33.425  184.486
8.180  35.000  33.289  193.020
8.190  35.000  33.001  202.046
8.200  35.000  34.662  210.740
8.210  35.000  34.576  218.902
8.220  35.000  34.479  227.223
8.230  35.000  35.414  235.346
8.240  35.000  34.875  243.275
8.250  35.000  35.625  250.843
8.260  35.000  34.867  258.326
8.270  35.000  36.367  265.425
8.280  35.000  34.999  273.037
8.290  35.000  35.986  280.889
8.300  35.000  35.771  287.904
8.310  35.000  35.485  294.812
8.320  35.000  35.706  301.709
8.330  35.000  36.397  308.298
8.340  35.000  34.730  314.454
8.350  35.000  35.175  320.643
8.360  35.000  34.615  326.550
8.370  35.000  35.528  332.155
8.380  35.000  35.259  337.687
8.390  35.000  34.631  343.404
8.400  35.000  34.232  349.076
8.410  35.000  34.973  354.085
8.420  35.000  35.472  358.800
8.430  35.000  34.140  363.894
8.440  35.000  35.332  369.088
8.450  35.000  34.855  374.371
8.460  35.000  35.766  379.897
8.470  35.000  34.555  385.403
8.480  35.000  36.058  390.355
8.490  35.000  35.081  394.770
8.500  35.000  36.117  399.038
8.510  35.000  35.235  403.110
8.520  35.000  35.323  406.906
8.530  35.000  34.603  410.803
8.540  35.000  35.750  414.651
8.550  35.000  35.323  418.347
8.560  35.000  35.288  421.874
8.570  35.000  34.659  425.131
8.580  35.000  34.842  428.546
8.590  35.000  34.590  432.098
8.600  35.000  35.611  435.597
8.610  35.000  35.842  438.894
8.620  35.000  35.347  442.098
8.630  35.000  35.457  444.949
8.640  35.000  35.038  447.476
8.650  35.000  35.435  449.798
8.660  35.000  34.942  451.973
8.670  35.000  35.289  454.041
8.680  35.000  34.625  455.939
8.690  35.000  35.251  457.864
8.700  35.000  35.043  459.758
8.710  35.000  35.389  461.520
8.720  35.000  34.807  463.322
8.730  35.000  35.814  464.872
8.740  35.000  34.923  466.200
8.750  35.000  35.687  467.603
8.760  35.000  34.368  468.965
8.770  35.000  35.646  470.238
8.780  35.000  34.599  471.565
8.790  35.000  34.925  473.021
8.800  35.000  35.468  474.194
8.810  35.000  35.214  475.107
8.820  35.000  35.242  475.863
8.830  35.000  34.712  476.573
8.840  35.000  35.203  477.446
8.850  35.000  35.223  478.372
8.860  35.000  34.857  479.340
8.870  35.000  35.324  480.072
8.880  35.000  34.883  480.542
8.890  35.000  34.930  481.035
8.900  35.000  35.155  481.456
8.910  35.000  35.414  481.769
8.920  35.000  34.825  482.038
8.930  10.000  35.067  482.134
8.940  10.000  34.944  481.861
8.950  10.000  31.230  480.206
8.960  10.000  25.427  474.893
8.970  10.000  22.150  466.971
8.980  10.000  18.991  457.682
8.990  10.000  18.336  448.165
9.000  10.000  17.200  439.609
9.010  10.000  16.840  431.292
9.020  10.000  16.382  423.284
9.030  10.000  16.103  415.002
9.040  10.000  15.943  406.117
9.050  10.000  15.608  397.569
9.060  10.000  15.350  389.579
9.070  10.000  14.961  381.580
9.080  10.000  14.749  373.078
9.090  10.000  14.598  364.661
9.100  10.000  14.401  356.762
9.110  10.000  14.225  348.876
9.120  10.000  13.977  341.235
9.130  10.000  13.703  333.223
9.140  10.000  13.458  324.797
9.150  10.000  13.288  316.781
9.160  10.000  12.975  309.362
9.170  10.000  12.831  301.956
9.180  10.000  12.521  294.512
9.190  10.000  12.470  286.758
9.200  10.000  12.193  279.096
9.210  10.000  11.992  271.979
9.220  10.000  11.696  264.445
9.230  10.000  11.577  256.935
9.240  10.000  11.296  249.923
9.250  10.000  11.257  243.056
9.260  10.000  11.015  236.370
9.270  10.000  10.845  229.550
9.280  10.000  10.643  222.665
9.290  10.000  10.536  216.024
9.300  10.000  10.294  209.455
9.310  10.000  10.071  202.880
9.320  10.000  9.859  195.840
9.330  10.000  9.649  189.028
9.340  10.000  9.614  182.704
9.350  10.000  9.328  176.133
9.360  10.000  9.380  169.712
9.370  10.000  9.314  163.640
9.380  10.000  9.158  157.730
9.390  10.000  9.143  151.810
9.400  10.000  9.097  145.919
9.410  10.000  9.090  140.305
9.420  10.000  9.073  134.958
9.430  10.000  9.106  129.552
9.440  10.000  8.970  124.174
9.450  10.000  8.975  119.027
9.460  10.000  8.937  113.420
9.470  10.000  9.129  108.055
9.480  10.000  9.077  103.618
9.490  10.000  9.270  99.355
9.500  10.000  9.223  95.010
9.510  10.000  9.108  90.555
9.520  10.000  9.155  86.276
9.530  10.000  9.229  82.447
9.540  10.000  9.358  78.903
9.550  10.000  9.735  75.563
9.560  10.000  9.541  72.370
9.570  10.000  9.674  69.174
9.580  10.000  9.474  65.942
9.590  10.000  9.415  62.716
9.600  10.000  9.249  59.570
9.610  10.000  9.352  56.476
9.620  10.000  9.317  53.542
9.630  10.000  9.340  50.839
9.640  10.000  9.640  48.267
9.650  10.000  9.980  46.088
9.660  10.000  10.205  44.084
9.670  10.000  9.873  41.916
9.680  10.000  9.708  40.037
9.690  10.000  9.667  38.234
9.700  10.000  9.964  36.349
9.710  10.000  10.096  34.661
9.720  10.000  9.995  33.067
9.730  10.000  9.860  31.475
9.740  10.000  9.544  30.055
9.750  10.000  10.009  28.668
9.760  10.000  10.123  27.419
9.770  10.000  10.021  26.260
9.780  10.000  9.694  24.969
9.790  10.000  9.933  23.594
9.800  10.000  9.907  22.223
9.810  10.000  9.776  21.230
9.820  10.000  9.993  20.371
9.830  10.000  9.946  19.428
9.840  10.000  9.870  18.603
9.850  10.000  9.788  17.841
9.860  10.000  9.759  17.081
9.870  10.000  9.764  16.354
9.880  10.000  9.544  15.577
9.890  10.000  9.623  14.716
9.900  10.000  9.573  13.925
9.910  10.000  9.603  13.193
9.920  10.000  9.620  12.510
9.930  10.000  9.804  11.936
9.940  10.000  10.068  11.585
9.950  10.000  10.036  11.432
9.960  10.000  9.550  11.430
9.970  10.000  9.576  11.638
9.980  10.000  10.206  11.888
9.990  10.000  10.409  12.128
10.000  10.000  9.691  12.264
10.010  10.000  9.444  12.433
10.020  10.000  9.704  12.852
10.030  10.000  10.329  13.530
10.040  10.000  10.326  14.172
10.050  10.000  10.109  14.523
10.060  10.000  9.477  14.785
10.070  10.000  9.913  15.222
10.080  10.000  10.483  15.700
10.090  10.000  10.539  16.106
10.100  10.000  9.743  16.474
10.110  10.000  9.751  16.717
10.120  10.000  9.831  17.125
10.130  10.000  10.716  17.624
10.140  10.000  10.199  17.898
10.150  10.000  9.751  17.895
10.160  10.000  9.706  17.767
10.170  10.000  10.095  17.824
10.180  10.000  10.490  17.939
10.190  10.000  10.273  17.859
10.200  10.000  9.597  17.630
10.210  10.000  9.721  17.348
10.220  10.000  10.308  17.057
10.230  10.000  10.519  16.619
10.240  10.000  10.197  16.152
10.250  10.000  9.647  15.608
10.260  10.000  9.572  15.061
10.270  10.000  10.306  14.681
10.280  10.000  10.223  14.351
10.290  10.000  9.937  13.989
10.300  10.000  9.482  13.622
10.310  10.000  9.779  13.435
10.320  10.000  10.163  13.290
10.330  10.000  10.400  13.025
10.340  10.000  9.859  12.599
10.350  10.000  9.584  12.227
10.360  10.000  9.445  12.234
10.370  10.000  10.289  12.461
10.380  10.000  10.826  12.496
10.390  10.000  10.006  12.177
10.400  10.000  9.052  11.772
10.410  10.000  9.401  11.705
10.420  10.000  10.680  12.033
10.430  10.000  11.070  12.248
10.440  10.000  9.969  11.956
10.450  10.000  8.977  11.679
10.460  10.000  9.300  11.610
10.470  10.000  10.764  11.839
10.480  10.000  11.402  12.072
10.490  10.000  10.028  11.756
10.500  10.000  8.806  11.216
10.510  10.000  8.952  10.997
10.520  10.000  10.729  11.440
10.530  10.000  11.393  11.940
10.540  10.000  10.194  11.981
10.550  10.000  8.682  11.519
10.560  10.000  8.819  11.118
10.570  10.000  11.032  11.334
10.580  10.000  11.386  11.519
10.590  10.000  10.297  11.114
10.600  10.000  8.561  10.407
10.610  10.000  8.922  9.944
10.620  10.000  10.755  10.147
10.630  10.000  11.365  10.570
10.640  10.000  10.202  10.279
10.650  10.000  8.690  9.495
10.660  10.000  8.924  8.997
10.670  10.000  10.817  9.088
10.680  10.000  11.436  9.272
10.690  10.000  10.203  8.989
10.700  10.000  8.526  8.478
10.710  10.000  8.663  8.203
10.720  10.000  11.065  8.360
10.730  10.000  11.846  8.568
10.740  10.000  10.206  8.214
10.750  10.000  8.624  7.429
10.760  10.000  8.643  6.995
10.770  10.000  10.697  7.260
10.780  10.000  11.325  7.780
10.790  10.000  10.748  7.686
10.800  10.000  8.601  7.117
10.810  10.000  8.557  6.936
10.820  10.000  10.324  7.414
10.830  10.000  11.367  8.012
10.840  10.000  10.646  8.026
10.850  10.000  8.716  7.634
10.860  10.000  8.580  7.566
10.870  10.000  10.350  8.096
10.880  10.000  11.520  8.841
10.890  10.000  10.936  9.083
10.900  10.000  8.894  8.800
10.910  10.000  8.323  8.713
10.920  10.000  10.358  9.100
10.930  10.000  11.641  9.742
10.940  12.500  11.132  9.934
10.950  15.000  9.052  9.814
10.960  17.500  10.401  10.583
10.970  20.000  14.618  12.927
10.980  22.500  17.082  17.243
10.990  25.000  20.050  23.496
11.000  27.500  22.306  31.993
11.010  30.000  25.259  42.484
11.020  32.500  27.190  53.074
11.030  35.000  29.327  63.040
11.040  35.000  29.521  72.795
11.050  35.000  30.720  82.625
11.060  35.000  31.177  91.820
11.070  35.000  30.561  100.604
11.080  35.000  31.515  109.674
11.090  35.000  31.414  118.556
11.100  35.000  31.762  127.436
11.110  35.000  31.693  136.525
11.120  35.000  32.641  144.722
11.130  35.000  32.900  152.390
11.140  35.000  32.674  161.160
11.150  35.000  33.490  169.668
11.160  35.000  33.401  177.348
11.170  35.000  33.305  185.487
11.180  35.000  33.894  193.659
11.190  35.000  33.509  201.133
11.200  35.000  33.614  208.503
11.210  35.000  34.718  216.126
11.220  35.000  34.481  223.666
11.230  35.000  34.695  231.706
11.240  35.000  34.343  240.535
11.250  35.000  35.905  248.470
11.260  35.000  34.209  256.620
11.270  35.000  34.981  265.587
11.280  35.000  35.852  273.324
11.290  35.000  35.512  280.915
11.300  35.000  36.298  288.602
11.310  35.000  36.566  295.562
11.320  35.000  36.150  302.191
11.330  35.000  35.379  308.808
11.340  35.000  35.420  315.272
11.350  35.000  35.670  321.117
11.360  35.000  34.916  326.803
11.370  35.000  35.424  332.297
11.380  35.000  35.132  337.790
11.390  35.000  34.289  343.877
11.400  35.000  35.037  349.821
11.410  35.000  35.204  355.294
11.420  35.000  35.065  360.632
11.430  35.000  34.312  365.960
11.440  35.000  35.137  370.830
11.450  35.000  34.032  375.538
11.460  35.000  34.788  380.414
11.470  35.000  35.925  385.207
11.480  35.000  35.803  389.772
11.490  35.000  35.113  394.221
11.500  35.000  34.698  398.514
11.510  35.000  34.538  402.844
11.520  35.000  35.512  407.205
11.530  35.000  35.829  411.370
11.540  35.000  35.182  415.480
11.550  35.000  35.763  419.274
11.560  35.000  34.927  423.021
11.570  35.000  35.762  426.651
11.580  35.000  35.310  430.065
11.590  35.000  34.699  433.286
11.600  35.000  35.536  436.035
11.610  35.000  35.743  438.538
11.620  35.000  34.588  441.385
11.630  35.000  34.945  444.421
11.640  35.000  35.401  447.227
11.650  35.000  35.266  449.836
11.660  35.000  35.545  452.223
11.670  35.000  34.990  454.461
11.680  35.000  35.412  456.325
11.690  35.000  34.685  457.820
11.700  35.000  35.568  459.380
11.710  35.000  34.866  461.071
11.720  35.000  35.524  462.646
11.730  35.000  34.463  464.124
11.740  35.000  36.063  465.461
11.750  35.000  34.395  466.852
11.760  35.000  35.601  468.178
11.770  35.000  34.374  469.457
11.780  35.000  35.611  470.666
11.790  35.000  35.324  471.670
11.800  35.000  35.382  472.869
11.810  35.000  33.901  474.177
11.820  35.000  35.465  475.322
11.830  35.000  35.455  476.355
11.840  35.000  35.880  477.112
11.850  35.000  34.472  477.585
11.860  35.000  34.570  477.985
11.870  35.000  35.250  478.537
11.880  35.000  35.866  479.240
11.890  35.000  35.128  479.449
11.900  35.000  34.456  479.178
11.910  35.000  34.643  479.013
11.920  35.000  35.679  479.064
11.930  35.000  36.183  478.951
11.940  10.000  34.613  478.402
11.950  10.000  34.068  477.489
11.960  10.000  29.604  475.367
11.970  10.000  23.968  468.882
11.980  10.000  21.686  458.358
11.990  10.000  19.171  448.367
12.000  10.000  18.027  439.605
12.010  10.000  17.163  430.773
12.020  10.000  16.749  422.317
12.030  10.000  16.207  414.005
12.040  10.000  15.924  405.832
12.050  10.000  15.603  397.294
12.060  10.000  15.520  388.147
12.070  10.000  15.087  379.278
12.080  10.000  14.923  371.043
12.090  10.000  14.716  362.687
12.100  10.000  14.527  353.821
12.110  10.000  14.199  345.736
12.120  10.000  13.923  337.652
12.130  10.000  13.771  329.319
12.140  10.000  13.536  321.139
12.150  10.000  13.177  313.039
12.160  10.000  13.166  305.452
12.170  10.000  12.832  297.570
12.180  10.000  12.687  289.742
12.190  10.000  12.489  282.566
12.200  10.000  12.232  275.536
12.210  10.000  11.959  268.385
12.220  10.000  11.920  261.254
12.230  10.000  11.691  254.234
12.240  10.000  11.452  246.902
12.250  10.000  11.148  239.681
12.260  10.000  10.965  232.814
12.270  10.000  10.867  225.481
12.280  10.000  10.476  218.133
12.290  10.000  10.545  211.333
12.300  10.000  10.323  204.706
12.310  10.000  10.179  197.732
12.320  10.000  9.957  190.930
12.330  10.000  9.752  184.597
12.340  10.000  9.551  178.182
12.350  10.000  9.484  171.855
12.360  10.000  9.404  165.624
12.370  10.000  9.332  159.390
12.380  10.000  9.280  153.432
12.390  10.000  9.149  147.642
12.400  10.000  9.100  141.648
12.410  10.000  9.099  135.663
12.420  10.000  9.170  129.918
12.430  10.000  9.172  124.458
12.440  10.000  9.172  119.065
12.450  10.000  9.019  113.778
12.460  10.000  9.011  108.575
12.470  10.000  9.152  103.474
12.480  10.000  9.300  98.622
12.490  10.000  9.273  93.921
12.500  10.000  9.255  89.442
12.510  10.000  9.177  84.974
12.520  10.000  9.216  80.196
12.530  10.000  9.144  75.657
12.540  10.000  9.249  71.660
12.550  10.000  9.337  67.800
12.560  10.000  9.577  64.045
12.570  10.000  9.644  60.346
12.580  10.000  9.465  56.851
12.590  10.000  9.439  53.647
12.600  10.000  9.234  50.540
12.610  10.000  9.120  47.416
12.620  10.000  9.228  44.230
12.630  10.000  9.296  41.091
12.640  10.000  9.298  38.353
12.650  10.000  9.681  36.196
12.660  10.000  10.095  34.312
12.670  10.000  10.306  32.265
12.680  10.000  9.786  30.212
12.690  10.000  9.730  28.322
12.700  10.000  9.450  26.400
12.710  10.000  10.194  24.738
12.720  10.000  10.114  23.458
12.730  10.000  9.833  22.323
12.740  10.000  9.732  21.354
12.750  10.000  9.854  20.207
12.760  10.000  9.838  18.901
12.770  10.000  9.994  17.664
12.780  10.000  9.982  16.430
12.790  10.000  9.851  15.280
12.800  10.000  9.796  14.246
12.810  10.000  10.015  13.354
12.820  10.000  9.981  12.524
12.830  10.000  9.922  11.642
12.840  10.000  9.656  10.807
12.850  10.000  9.780  9.888
12.860  10.000  9.591  8.815
12.870  10.000  9.658  7.817
12.880  10.000  9.573  6.911
12.890  10.000  9.683  5.987
12.900  10.000  9.617  5.101
12.910  10.000  9.469  4.435
12.920  10.000  9.824  4.014
12.930  10.000  10.120  3.686
12.940  10.000  10.167  3.259
12.950  10.000  9.474  2.889
12.960  10.000  9.560  2.790
12.970  10.000  10.075  2.937
12.980  10.000  10.295  3.230
12.990  10.000  9.984  3.633
13.000  10.000  9.574  4.051
13.010  10.000  9.720  4.466
13.020  10.000  10.159  4.983
13.030  10.000  10.562  5.472
13.040  10.000  10.144  5.692
13.050  10.000  9.533  5.966
13.060  10.000  9.568  6.458
13.070  10.000  10.352  7.023
13.080  10.000  10.739  7.521
13.090  10.000  10.111  7.707
13.100  10.000  9.498  7.656
13.110  10.000  9.633  7.639
13.120  10.000  10.527  7.766
13.130  10.000  10.661  7.754
13.140  10.000  10.240  7.412
13.150  10.000  9.258  6.897
13.160  10.000  9.677  6.581
13.170  10.000  10.312  6.623
13.180  10.000  10.722  6.512
13.190  10.000  9.973  6.069
13.200  10.000  9.436  5.504
13.210  10.000  9.602  5.022
13.220  10.000  10.638  4.985
13.230  10.000  10.601  4.994
13.240  10.000  9.924  4.499
13.250  10.000  9.182  3.779
13.260  10.000  9.753  3.306
13.270  10.000  10.624  3.058
13.280  10.000  10.774  2.619
13.290  10.000  9.881  1.868
13.300  10.000  9.024  1.192
13.310  10.000  9.666  0.851
13.320  10.000  10.516  0.793
13.330  10.000  10.613  0.537
13.340  10.000  9.679  0.089
13.350  10.000  9.117  -0.260
13.360  10.000  9.613  -0.442
13.370  10.000  10.658  -0.221
13.380  10.000  10.460  -0.148
13.390  10.000  9.643  -0.419
13.400  10.000  8.947  -0.586
13.410  10.000  9.881  -0.537
13.420  10.000  10.805  -0.235
13.430  10.000  10.917  -0.181
13.440  10.000  9.487  -0.425
13.450  10.000  8.860  -0.590
13.460  10.000  9.898  -0.419
13.470  10.000  11.208  0.148
13.480  10.000  10.856  0.440
13.490  10.000  9.087  0.345
13.500  10.000  8.777  0.125
13.510  10.000  10.402  0.140
13.520  10.000  11.181  0.613
13.530  10.000  10.490  0.731
13.540  10.000  9.230  0.281
13.550  10.000  8.691  0.027
13.560  10.000  10.403  0.220
13.570  10.000  11.421  0.440
13.580  10.000  11.013  0.178
13.590  10.000  9.013  -0.474
13.600  10.000  8.571  -1.013
13.610  10.000  10.178  -1.049
13.620  10.000  11.109  -0.800
13.630  10.000  10.984  -0.889
13.640  10.000  9.193  -1.367
13.650  10.000  8.536  -1.874
13.660  10.000  9.938  -2.058
13.670  10.000  11.118  -1.932
13.680  10.000  11.160  -2.167
13.690  10.000  9.313  -2.781
13.700  10.000  8.419  -3.347
13.710  10.000  9.810  -3.428
13.720  10.000  11.182  -3.110
13.730  10.000  11.334  -3.098
13.740  10.000  9.385  -3.573
13.750  10.000  8.612  -4.262
13.760  10.000  9.293  -4.492
13.770  10.000  11.037  -4.143
13.780  10.000  11.332  -3.896
13.790  10.000  9.721  -4.252
13.800  10.000  8.645  -4.903
13.810  10.000  9.242  -5.054
13.820  10.000  11.285  -4.689
13.830  10.000  11.517  -4.514
13.840  10.000  9.830  -4.798
13.850  10.000  8.518  -5.464
13.860  10.000  9.015  -5.970
13.870  10.000  10.938  -5.870
13.880  10.000  11.449  -5.679
13.890  10.000  9.993  -6.084
13.900  10.000  8.771  -6.923
13.910  10.000  8.936  -7.415
13.920  10.000  10.707  -7.278
13.930  10.000  11.156  -7.043
13.940  10.000  10.140  -7.253
13.950  12.500  8.834  -7.799
13.960  15.000  9.025  -7.897
13.970  17.500  12.671  -6.713
13.980  20.000  17.033  -4.057
13.990  22.500  17.675  0.646
14.000  25.000  20.813  7.214
14.010  27.500  21.674  15.613
14.020  30.000  24.215  25.679
14.030  32.500  26.486  35.568
14.040  35.000  28.502  45.279
14.050  35.000  28.207  56.134
14.060  35.000  30.510  66.357
14.070  35.000  30.096  75.408
14.080  35.000  30.804  84.831
14.090  35.000  31.626  94.531
14.100  35.000  31.143  103.894
14.110  35.000  31.907  112.440
14.120  35.000  32.254  120.600
14.130  35.000  32.342  128.969
14.140  35.000  32.408  137.316
14.150  35.000  32.567  145.550
14.160  35.000  33.533  153.999
14.170  35.000  32.928  163.301
14.180  35.000  33.405  172.240
14.190  35.000  33.897  180.438
14.200  35.000  33.862  188.661
14.210  35.000  33.681  197.212
14.220  35.000  34.327  205.649
14.230  35.000  34.736  213.519
14.240  35.000  34.828  221.810
14.250  35.000  34.509  230.193
14.260  35.000  35.682  238.035
14.270  35.000  34.509  245.864
14.280  35.000  35.370  253.577
14.290  35.000  36.088  260.428
14.300  35.000  35.618  267.391
14.310  35.000  35.844  274.814
14.320  35.000  35.881  282.226
14.330  35.000  35.958  288.963
14.340  35.000  35.855  295.360
14.350  35.000  35.123  301.670
14.360  35.000  34.221  308.027
14.370  35.000  36.203  314.331
14.380  35.000  35.094  320.189
14.390  35.000  35.286  325.897
14.400  35.000  34.737  331.651
14.410  35.000  34.767  337.141
14.420  35.000  35.119  342.670
14.430  35.000  35.015  348.173
14.440  35.000  34.273  353.271
14.450  35.000  34.961  358.042
14.460  35.000  35.562  362.375
14.470  35.000  35.419  366.922
14.480  35.000  34.974  371.674
14.490  35.000  34.305  376.161
14.500  35.000  35.641  380.724
14.510  35.000  35.165  385.404
14.520  35.000  35.745  389.633
14.530  35.000  35.281  393.638
14.540  35.000  35.098  397.440
14.550  35.000  34.697  401.334
14.560  35.000  35.277  405.360
14.570  35.000  35.496  408.884
14.580  35.000  35.548  412.328
14.590  35.000  35.805  415.908
14.600  35.000  35.464  419.341
14.610  35.000  34.589  422.829
14.620  35.000  34.892  426.338
14.630  35.000  35.216  429.498
14.640  35.000  36.039  432.317
14.650  35.000  35.424  435.077
14.660  35.000  35.054  437.529
14.670  35.000  34.517  439.668
14.680  35.000  35.201  441.876
14.690  35.000  35.333  444.073
14.700  35.000  35.882  446.218
14.710  35.000  34.438  448.254
14.720  35.000  35.268  449.823
14.730  35.000  34.810  451.223
14.740  35.000  35.160  452.984
14.750  35.000  35.093  454.660
14.760  35.000  35.590  456.026
14.770  35.000  35.031  457.408
14.780  35.000  34.839  458.919
14.790  35.000  35.619  460.146
14.800  35.000  34.914  461.233
14.810  35.000  35.365  462.395
14.820  35.000  34.875  463.517
14.830  35.000  35.745  464.413
14.840  35.000  34.717  465.202
14.850  35.000  34.728  465.960
14.860  35.000  35.162  466.523
14.870  35.000  36.025  467.000
14.880  35.000  34.719  467.312
14.890  35.000  34.006  467.350
14.900  35.000  35.392  467.489
14.910  35.000  35.637  467.933
14.920  35.000  35.325  468.161
14.930  35.000  34.276  468.017
14.940  35.000  34.241  467.900
14.950  10.000  36.033  468.202
14.960  10.000  35.943  468.649
14.970  10.000  30.634  467.899
14.980  10.000  24.949  463.469
14.990  10.000  21.722  454.657
15.000  10.000  18.652  444.314
15.010  10.000  18.267  434.980
15.020  10.000  16.871  426.405
15.030  10.000  16.847  417.400
15.040  10.000  16.461  407.996
15.050  10.000  16.061  398.755
15.060  10.000  15.758  389.986
15.070  10.000  15.509  381.621
15.080  10.000  15.272  373.056
15.090  10.000  14.989  364.305
15.100  10.000  14.839  355.983
15.110  10.000  14.479  347.397
15.120  10.000  14.355  338.931
15.130  10.000  14.044  331.238
15.140  10.000  13.764  323.165
15.150  10.000  13.557  315.346
15.160  10.000  13.238  307.673
15.170  10.000  13.146  300.023
15.180  10.000  12.901  292.737
15.190  10.000  12.675  285.391
15.200  10.000  12.619  278.156
15.210  10.000  12.329  270.476
15.220  10.000  12.229  262.918
15.230  10.000  12.074  255.348
15.240  10.000  11.798  247.790
15.250  10.000  11.428  240.295
15.260  10.000  11.403  232.663
15.270  10.000  11.306  225.270
15.280  10.000  10.974  218.049
15.290  10.000  10.921  211.324
15.300  10.000  10.655  204.656
15.310  10.000  10.507  197.827
15.320  10.000  10.327  190.683
15.330  10.000  10.112  183.829
15.340  10.000  9.933  177.048
15.350  10.000  9.672  169.909
15.360  10.000  9.595  163.410
15.370  10.000  9.455  157.334
15.380  10.000  9.366  151.177
15.390  10.000  9.346  144.838
15.400  10.000  9.088  138.656
15.410  10.000  9.042  132.870
15.420  10.000  8.996  127.154
15.430  10.000  9.087  121.616
15.440  10.000  9.101  116.328
15.450  10.000  9.071  111.276
15.460  10.000  9.054  105.803
15.470  10.000  8.960  100.299
15.480  10.000  9.045  95.313
15.490  10.000  9.263  90.525
15.500  10.000  9.352  85.924
15.510  10.000  9.325  81.418
15.520  10.000  9.329  77.085
15.530  10.000  9.114  72.754
15.540  10.000  9.180  68.361
15.550  10.000  9.132  64.137
15.560  10.000  9.436  60.031
15.570  10.000  9.471  56.107
15.580  10.000  9.774  52.605
15.590  10.000  9.680  49.241
15.600  10.000  9.633  45.912
15.610  10.000  9.539  42.674
15.620  10.000  9.324  39.648
15.630  10.000  9.327  36.580
15.640  10.000  9.245  33.262
15.650  10.000  9.141  30.253
15.660  10.000  9.426  27.525
15.670  10.000  9.593  25.133
15.680  10.000  9.995  22.934
15.690  10.000  9.995  20.708
15.700  10.000  9.811  18.722
15.710  10.000  9.678  16.839
15.720  10.000  9.794  14.991
15.730  10.000  9.879  13.392
15.740  10.000  9.781  12.154
15.750  10.000  9.866  10.849
15.760  10.000  10.014  9.346
15.770  10.000  10.057  8.017
15.780  10.000  9.810  6.987
15.790  10.000  9.790  6.136
15.800  10.000  9.682  5.248
15.810  10.000  9.810  4.355
15.820  10.000  10.013  3.534
15.830  10.000  9.756  2.797
15.840  10.000  9.823  2.022
15.850  10.000  9.434  1.334
15.860  10.000  9.668  0.626
15.870  10.000  9.730  -0.091
15.880  10.000  9.683  -0.692
15.890  10.000  9.538  -1.269
15.900  10.000  9.863  -1.709
15.910  10.000  10.059  -1.913
15.920  10.000  9.737  -1.861
15.930  10.000  9.572  -1.895
15.940  10.000  9.938  -2.032
15.950  10.000  10.048  -2.137
15.960  10.000  9.820  -2.033
15.970  10.000  9.649  -1.775
15.980  10.000  9.919  -1.472
15.990  10.000  10.272  -1.182
16.000  10.000  10.194  -1.013
16.010  10.000  9.692  -0.797
16.020  10.000  9.691  -0.443
16.030  10.000  10.252  0.003
16.040  10.000  10.492  0.409
16.050  10.000  10.192  0.645
16.060  10.000  9.644  0.834
16.070  10.000  9.511  1.189
16.080  10.000  10.271  1.647
16.090  10.000  10.488  1.955
16.100  10.000  10.317  1.904
16.110  10.000  9.583  1.833
16.120  10.000  9.446  2.234
16.130  10.000  10.326  2.807
16.140  10.000  10.904  3.023
16.150  10.000  10.297  2.819
16.160  10.000  9.436  2.455
16.170  10.000  9.350  2.178
16.180  10.000  10.410  2.063
16.190  10.000  10.834  2.021
16.200  10.000  10.097  1.817
16.210  10.000  9.205  1.443
16.220  10.000  9.275  1.112
16.230  10.000  10.496  1.113
16.240  10.000  10.941  1.303
16.250  10.000  10.065  0.997
16.260  10.000  9.047  0.344
16.270  10.000  9.420  0.041
16.280  10.000  10.614  0.059
16.290  10.000  11.120  -0.088
16.300  10.000  10.014  -0.658
16.310  10.000  8.930  -1.162
16.320  10.000  9.030  -1.348
16.330  10.000  10.630  -1.165
16.340  10.000  11.112  -0.883
16.350  10.000  10.175  -1.095
16.360  10.000  8.758  -1.520
16.370  10.000  9.113  -1.818
16.380  10.000  10.663  -1.531
16.390  10.000  11.113  -0.860
16.400  10.000  10.175  -0.728
16.410  10.000  8.766  -1.008
16.420  10.000  9.176  -1.167
16.430  10.000  10.858  -0.902
16.440  10.000  11.084  -0.496
16.450  10.000  10.092  -0.583
16.460  10.000  8.821  -0.987
16.470  10.000  9.256  -1.144
16.480  10.000  10.814  -0.782
16.490  10.000  11.226  -0.385
16.500  10.000  9.992  -0.681
16.510  10.000  8.854  -1.431
16.520  10.000  9.166  -1.649
16.530  10.000  10.804  -1.249
16.540  10.000  11.340  -1.074
16.550  10.000  10.239  -1.695
16.560  10.000  8.796  -2.701
16.570  10.000  9.058  -3.378
16.580  10.000  10.714  -3.476
16.590  10.000  11.444  -3.542
16.600  10.000  10.307  -3.941
16.610  10.000  8.498  -4.289
16.620  10.000  8.936  -4.594
16.630  10.000  10.645  -4.720
16.640  10.000  11.340  -4.760
16.650  10.000  10.050  -5.111
16.660  10.000  8.491  -5.677
16.670  10.000  8.825  -6.019
16.680  10.000  10.852  -5.676
16.690  10.000  11.646  -5.012
16.700  10.000  10.258  -5.072
16.710  10.000  8.515  -5.623
16.720  10.000  8.587  -5.864
16.730  10.000  10.899  -5.495
16.740  10.000  11.552  -4.710
16.750  10.000  10.513  -4.480
16.760  10.000  8.721  -4.995
16.770  10.000  8.475  -5.288
16.780  10.000  10.606  -4.844
16.790  10.000  11.686  -4.211
16.800  10.000  10.478  -4.099
16.810  10.000  8.693  -4.448
16.820  10.000  8.559  -4.697
16.830  10.000  10.362  -4.278
16.840  10.000  11.702  -3.543
16.850  10.000  10.797  -3.292
16.860  10.000  8.747  -3.634
16.870  10.000  8.282  -3.943
16.880  10.000  10.414  -3.630
16.890  10.000  11.861  -3.035
16.900  10.000  11.121  -2.853
16.910  10.000  8.957  -3.234
16.920  10.000  8.316  -3.482
16.930  10.000  9.925  -3.280
16.940  10.000  11.461  -3.032
16.950  10.000  11.165  -3.124
16.960  12.500  9.185  -3.687
16.970  15.000  8.505  -4.185
16.980  17.500  12.249  -3.725
16.990  20.000  16.415  -1.805
17.000  22.500  17.897  2.296
17.010  25.000  20.674  8.626
17.020  27.500  22.313  16.194
17.030  30.000  24.889  24.435
17.040  32.500  27.557  33.560
17.050  35.000  27.814  45.105
17.060  35.000  29.319  56.531
17.070  35.000  30.516  66.083
17.080  35.000  30.295  75.249
17.090  35.000  31.309  84.597
17.100  35.000  30.757  94.226
17.110  35.000  31.390  103.740
17.120  35.000  31.840  112.977
17.130  35.000  32.708  121.196
17.140  35.000  32.825  129.281
17.150  35.000  32.462  137.741
17.160  35.000  32.407  146.098
17.170  35.000  33.006  154.368
17.180  35.000  32.819  162.847
17.190  35.000  32.831  171.418
17.200  35.000  33.333  179.801
17.210  35.000  33.846  187.717
17.220  35.000  33.844  196.425
17.230  35.000  34.855  205.342
17.240  35.000  35.180  212.917
17.250  35.000  34.781  220.416
17.260  35.000  35.491  228.016
17.270  35.000  34.808  235.523
17.280  35.000  35.468  243.464
17.290  35.000  35.173  251.336
17.300  35.000  35.575  258.832
17.310  35.000  35.734  265.992
17.320  35.000  35.157  273.430
17.330  35.000  35.807  280.927
17.340  35.000  36.111  287.838
17.350  35.000  36.303  294.391
17.360  35.000  35.288  300.671
17.370  35.000  35.176  306.917
17.380  35.000  35.923  312.620
17.390  35.000  34.583  318.018
17.400  35.000  34.647  323.677
17.410  35.000  35.255  329.254
17.420  35.000  34.169  334.853
17.430  35.000  35.032  340.404
17.440  35.000  34.939  345.667
17.450  35.000  34.908  350.855
17.460  35.000  35.300  355.909
17.470  35.000  34.729  360.921
17.480  35.000  35.604  365.853
17.490  35.000  34.472  370.880
17.500  35.000  35.275  375.864
17.510  35.000  35.556  380.469
17.520  35.000  35.384  384.970
17.530  35.000  35.840  389.497
17.540  35.000  35.416  393.896
17.550  35.000  35.166  397.884
17.560  35.000  35.160  401.552
17.570  35.000  35.409  405.214
17.580  35.000  35.840  408.524
17.590  35.000  35.375  411.593
17.600  35.000  34.924  414.708
17.610  35.000  35.121  417.750
17.620  35.000  35.021  420.558
17.630  35.000  35.467  423.016
17.640  35.000  35.494  425.448
17.650  35.000  35.244  427.877
17.660  35.000  34.657  430.102
17.670  35.000  34.741  432.269
17.680  35.000  35.013  434.385
17.690  35.000  35.602  436.675
17.700  35.000  35.372  439.017
17.710  35.000  34.624  440.886
17.720  35.000  35.029  442.621
17.730  35.000  35.423  444.387
17.740  35.000  34.729  446.270
17.750  35.000  35.648  448.140
17.760  35.000  35.218  449.739
17.770  35.000  35.012  451.017
17.780  35.000  35.330  452.080
17.790  35.000  35.355  453.092
17.800  35.000  34.593  454.188
17.810  35.000  35.095  455.351
17.820  35.000  34.930  456.460
17.830  35.000  35.668  457.561
17.840  35.000  34.647  458.682
17.850  35.000  35.029  459.769
17.860  35.000  35.271  460.804
17.870  35.000  35.353  461.803
17.880  35.000  35.142  462.464
17.890  35.000  34.889  462.985
17.900  35.000  35.003  463.616
17.910  35.000  34.662  464.214
17.920  35.000  35.942  464.718
17.930  35.000  34.712  465.005
17.940  35.000  34.955  464.977
17.950  35.000  34.440  465.105
17.960  10.000  35.566  465.684
17.970  10.000  34.658  466.190
17.980  10.000  31.515  465.314
17.990  10.000  25.511  460.806
18.000  10.000  22.122  452.181
18.010  10.000  18.983  442.069
18.020  10.000  18.379  432.899
18.030  10.000  17.181  423.804
18.040  10.000  16.723  414.557
18.050  10.000  16.524  406.052
18.060  10.000  16.143  397.833
18.070  10.000  15.964  389.674
18.080  10.000  15.608  381.103
18.090  10.000  15.210  372.625
18.100  10.000  14.941  364.738
18.110  10.000  14.847  356.914
18.120  10.000  14.508  349.183
18.130  10.000  14.367  341.502
18.140  10.000  14.074  333.706
18.150  10.000  13.897  325.968
18.160  10.000  13.680  318.302
18.170  10.000  13.446  310.618
18.180  10.000  13.412  302.582
18.190  10.000  13.164  294.804
18.200  10.000  12.765  287.511
18.210  10.000  12.593  280.215
18.220  10.000  12.280  273.006
18.230  10.000  12.200  266.000
18.240  10.000  11.996  259.010
18.250  10.000  11.804  251.396
18.260  10.000  11.702  243.993
18.270  10.000  11.377  236.794
18.280  10.000  11.229  229.171
18.290  10.000  11.117  221.483
18.300  10.000  10.876  214.382
18.310  10.000  10.480  207.876
18.320  10.000  10.322  200.972
18.330  10.000  10.115  194.089
18.340  10.000  9.994  187.433
18.350  10.000  9.843  180.732
18.360  10.000  9.656  173.980
18.370  10.000  9.648  167.049
18.380  10.000  9.455  160.386
18.390  10.000  9.307  154.185
18.400  10.000  9.328  148.222
18.410  10.000  9.200  142.034
18.420  10.000  9.187  135.758
18.430  10.000  9.007  130.080
18.440  10.000  9.053  124.385
18.450  10.000  9.079  118.740
18.460  10.000  9.070  113.012
18.470  10.000  9.014  107.343
18.480  10.000  9.051  102.209
18.490  10.000  9.156  97.151
18.500  10.000  9.196  92.582
18.510  10.000  9.318  88.181
18.520  10.000  9.238  83.549
18.530  10.000  9.158  79.094
18.540  10.000  9.106  74.799
18.550  10.000  9.068  70.520
18.560  10.000  9.233  66.465
18.570  10.000  9.422  62.578
18.580  10.000  9.583  58.845
18.590  10.000  9.592  55.237
18.600  10.000  9.493  51.912
18.610  10.000  9.413  48.731
18.620  10.000  9.271  45.567
18.630  10.000  9.351  42.485
18.640  10.000  9.106  39.514
18.650  10.000  9.157  36.800
18.660  10.000  9.384  34.205
18.670  10.000  9.798  32.017
18.680  10.000  10.176  30.286
18.690  10.000  10.118  28.503
18.700  10.000  9.785  26.622
18.710  10.000  9.625  24.863
18.720  10.000  9.889  23.061
18.730  10.000  10.007  21.283
18.740  10.000  9.799  19.704
18.750  10.000  9.868  18.210
18.760  10.000  9.935  16.682
18.770  10.000  9.926  15.242
18.780  10.000  9.975  13.793
18.790  10.000  9.720  12.409
18.800  10.000  9.809  11.290
18.810  10.000  9.948  10.250
18.820  10.000  10.045  9.179
18.830  10.000  9.864  8.167
18.840  10.000  9.897  7.252
18.850  10.000  9.687  6.343
18.860  10.000  9.753  5.536
18.870  10.000  9.782  4.761
18.880  10.000  9.734  4.117
18.890  10.000  9.670  3.555
18.900  10.000  9.634  2.960
18.910  10.000  9.528  2.361
18.920  10.000  9.664  1.669
18.930  10.000  9.762  1.061
18.940  10.000  9.762  0.639
18.950  10.000  9.917  0.278
18.960  10.000  9.924  0.151
18.970  10.000  9.661  0.175
18.980  10.000  9.846  0.138
18.990  10.000  9.896  0.308
19.000  10.000  10.075  0.691
19.010  10.000  9.933  1.015
19.020  10.000  9.687  1.316
19.030  10.000  9.954  1.753
19.040  10.000  10.299  2.183
19.050  10.000  10.012  2.746
19.060  10.000  9.900  3.477
19.070  10.000  9.964  3.959
19.080  10.000  10.055  4.286
19.090  10.000  10.277  4.514
19.100  10.000  10.249  4.692
19.110  10.000  9.965  4.877
19.120  10.000  9.663  5.113
19.130  10.000  10.083  5.490
19.140  10.000  10.371  5.883
19.150  10.000  10.247  6.071
19.160  10.000  9.694  6.035
19.170  10.000  9.426  6.332
19.180  10.000  10.260  6.839
19.190  10.000  10.845  7.070
19.200  10.000  10.390  7.058
19.210  10.000  9.488  6.873
19.220  10.000  9.377  6.551
19.230  10.000  10.082  6.508
19.240  10.000  10.903  6.526
19.250  10.000  10.231  6.100
19.260  10.000  9.629  5.559
19.270  10.000  9.381  5.068
19.280  10.000  10.205  4.741
19.290  10.000  10.652  4.544
19.300  10.000  10.377  4.082
19.310  10.000  9.421  3.303
19.320  10.000  9.502  2.649
19.330  10.000  9.969  2.421
19.340  10.000  10.566  2.333
19.350  10.000  10.180  2.064
19.360  10.000  9.434  1.772
19.370  10.000  9.411  1.669
19.380  10.000  10.176  1.717
19.390  10.000  10.428  1.639
19.400  10.000  9.872  1.280
19.410  10.000  9.584  0.968
19.420  10.000  9.514  1.037
19.430  10.000  10.450  1.297
19.440  10.000  10.592  1.464
19.450  10.000  9.850  1.462
19.460  10.000  9.170  1.334
19.470  10.000  9.917  1.280
19.480  10.000  10.621  1.541
19.490  10.000  10.528  1.916
19.500  10.000  9.594  2.057
19.510  10.000  9.302  2.040
19.520  10.000  10.115  2.246
19.530  10.000  10.771  2.586
19.540  10.000  10.425  2.750
19.550  10.000  9.561  2.708
19.560  10.000  9.250  2.557
19.570  10.000  10.031  2.670
19.580  10.000  10.870  2.905
19.590  10.000  10.623  3.027
19.600  10.000  9.484  2.984
19.610  10.000  8.941  2.633
19.620  10.000  10.065  2.518
19.630  10.000  10.875  2.804
19.640  10.000  10.774  2.912
19.650  10.000  9.190  2.802
19.660  10.000  9.039  2.592
19.670  10.000  9.882  2.573
19.680  10.000  11.173  2.820
19.690  10.000  10.801  2.908
19.700  10.000  9.353  2.549
19.710  10.000  8.592  2.064
19.720  10.000  9.907  2.036
19.730  10.000  11.170  2.485
19.740  10.000  10.939  2.696
19.750  10.000  9.385  2.059
19.760  10.000  8.771  1.282
19.770  10.000  9.792  1.149
19.780  10.000  11.033  1.549
19.790  10.000  10.919  1.799
19.800  10.000  9.350  1.373
19.810  10.000  8.718  0.746
19.820  10.000  9.993  0.635
19.830  10.000  11.331  0.899
19.840  10.000  11.082  0.850
19.850  10.000  9.323  0.307
19.860  10.000  8.435  -0.212
19.870  10.000  9.764  -0.322
19.880  10.000  11.234  -0.124
19.890  10.000  11.100  0.006
19.900  10.000  9.471  -0.429
19.910  10.000  8.615  -0.974
19.920  10.000  9.719  -1.007
19.930  10.000  11.122  -0.772
19.940  10.000  10.948  -0.603
19.950  10.000  9.470  -0.862
19.960  10.000  8.518  -1.327
19.970  12.500  9.656  -1.303
19.980  15.000  11.557  -0.614
19.990  17.500  12.903  1.129
20.000  20.000  14.273  4.419
20.010  22.500  17.562  9.174
20.020  25.000  20.404  15.675
20.030  27.500  22.135  24.099
20.040  30.000  25.759  33.406
20.050  32.500  27.762  43.325
20.060  35.000  28.280  53.637
20.070  35.000  29.472  63.919
20.080  35.000  30.815  73.511
20.090  35.000  30.553  82.924
20.100  35.000  29.823  94.584
20.110  35.000  30.603  106.033
20.120  35.000  32.145  115.048
20.130  35.000  30.947  123.795
20.140  35.000  31.386  132.280
20.150  35.000  32.175  140.649
20.160  35.000  32.295  149.565
20.170  35.000  33.412  157.664
20.180  35.000  33.169  165.409
20.190  35.000  33.214  173.699
20.200  35.000  33.259  181.812
20.210  35.000  34.008  189.912
20.220  35.000  33.563  198.351
20.230  35.000  33.988  206.538
20.240  35.000  34.524  214.763
20.250  35.000  34.550  223.181
20.260  35.000  34.860  231.390
20.270  35.000  34.874  239.136
20.280  35.000  34.576  247.219
20.290  35.000  35.494  255.557
20.300  35.000  34.697  263.433
20.310  35.000  35.901  270.859
20.320  35.000  35.693  278.025
20.330  35.000  35.953  285.245
20.340  35.000  35.953  292.253
20.350  35.000  36.546  298.913
20.360  35.000  35.419  305.804
20.370  35.000  34.762  312.732
20.380  35.000  35.728  318.873
20.390  35.000  34.673  324.767
20.400  35.000  36.076  330.547
20.410  35.000  35.606  336.015
20.420  35.000  35.722  341.364
20.430  35.000  34.466  347.206
20.440  35.000  33.902  353.234
20.450  35.000  35.512  358.718
20.460  35.000  34.935  363.802
20.470  35.000  33.925  368.733
20.480  35.000  34.359  373.357
20.490  35.000  35.864  378.026
20.500  35.000  35.052  382.865
20.510  35.000  36.151  387.281
20.520  35.000  34.692  391.552
20.530  35.000  35.213  395.957
20.540  35.000  34.550  400.403
20.550  35.000  35.547  404.726
20.560  35.000  34.801  408.927
20.570  35.000  35.858  413.061
20.580  35.000  35.580  416.797
20.590  35.000  35.596  420.356
20.600  35.000  35.395  423.805
20.610  35.000  35.269  426.910
20.620  35.000  35.105  429.848
20.630  35.000  35.173  432.774
20.640  35.000  35.407  435.507
20.650  35.000  35.368  437.996
20.660  35.000  35.639  440.415
20.670  35.000  34.464  442.830
20.680  35.000  34.882  445.099
20.690  35.000  35.272  447.103
20.700  35.000  35.374  449.091
20.710  35.000  34.972  451.118
20.720  35.000  34.906  453.011
20.730  35.000  34.986  454.959
20.740  35.000  35.140  457.049
20.750  35.000  35.520  458.889
20.760  35.000  35.241  460.336
20.770  35.000  34.961  461.739
20.780  35.000  35.179  463.268
20.790  35.000  35.510  464.677
20.800  35.000  34.729  466.079
20.810  35.000  35.041  467.587
20.820  35.000  35.007  468.896
20.830  35.000  35.393  470.026
20.840  35.000  35.221  471.081
20.850  35.000  35.004  472.229
20.860  35.000  34.798  473.325
20.870  35.000  35.351  474.123
20.880  35.000  35.407  474.862
20.890  35.000  35.612  475.291
20.900  35.000  34.329  475.409
20.910  35.000  34.510  475.613
20.920  35.000  35.420  476.119
20.930  35.000  35.755  476.774
20.940  35.000  34.684  477.047
20.950  35.000  34.191  477.042
20.960  35.000  35.425  477.196
20.970  10.000  35.842  477.476
20.980  10.000  35.007  477.454
20.990  10.000  30.337  476.074
21.000  10.000  25.249  471.082
21.010  10.000  22.047  463.209
21.020  10.000  19.104  453.767
21.030  10.000  18.123  443.515
21.040  10.000  17.241  434.525
21.050  10.000  16.713  426.299
21.060  10.000  16.345  417.271
21.070  10.000  16.118  408.480
21.080  10.000  15.821  400.534
21.090  10.000  15.448  392.302
21.100  10.000  15.299  384.199
21.110  10.000  15.085  375.868
21.120  10.000  14.850  367.393
21.130  10.000  14.630  359.334
21.140  10.000  14.493  351.252
21.150  10.000  14.021  343.231
21.160  10.000  13.945  335.524
21.170  10.000  13.593  327.646
21.180  10.000  13.440  319.805
21.190  10.000  13.307  312.304
21.200  10.000  12.963  304.355
21.210  10.000  12.822  296.525
21.220  10.000  12.592  289.271
21.230  10.000  12.296  282.099
21.240  10.000  12.116  274.418
21.250  10.000  11.990  266.581
21.260  10.000  11.850  258.824
21.270  10.000  11.582  251.382
21.280  10.000  11.283  244.522
21.290  10.000  11.223  237.548
21.300  10.000  10.909  230.748
21.310  10.000  10.761  224.066
21.320  10.000  10.621  217.355
21.330  10.000  10.427  210.404
21.340  10.000  10.248  203.432
21.350  10.000  10.103  196.516
21.360  10.000  9.915  189.897
21.370  10.000  9.791  183.216
21.380  10.000  9.544  176.314
21.390  10.000  9.443  170.024
21.400  10.000  9.390  163.896
21.410  10.000  9.240  157.440
21.420  10.000  9.151  150.830
21.430  10.000  8.976  144.763
21.440  10.000  9.028  139.159
21.450  10.000  9.189  133.534
21.460  10.000  9.228  128.045
21.470  10.000  9.126  122.868
21.480  10.000  9.002  117.513
21.490  10.000  8.959  112.165
21.500  10.000  9.047  107.106
21.510  10.000  9.177  102.231
21.520  10.000  9.279  97.561
21.530  10.000  9.261  92.957
21.540  10.000  9.216  88.364
21.550  10.000  9.181  83.923
21.560  10.000  9.134  79.679
21.570  10.000  9.173  75.516
21.580  10.000  9.333  71.598
21.590  10.000  9.515  68.111
21.600  10.000  9.596  64.754
21.610  10.000  9.630  61.376
21.620  10.000  9.623  58.055
21.630  10.000  9.455  54.891
21.640  10.000  9.470  51.756
21.650  10.000  9.271  48.480
21.660  10.000  9.157  45.398
21.670  10.000  9.177  42.343
21.680  10.000  9.468  39.529
21.690  10.000  9.911  37.318
21.700  10.000  10.119  35.308
21.710  10.000  9.803  33.301
21.720  10.000  9.837  31.319
