# covent_pc_1
# Captured 2020-06-19 00:20:36.173784 by unknown user
# Built at revision 5aae642 (dirty)
time(sec)  pc_setpoint  pressure  volume
0.000  15.000  15.670  474.041
0.010  15.000  15.311  475.075
0.020  15.000  15.420  475.926
0.030  15.000  15.246  476.679
0.040  15.000  15.543  477.355
0.050  15.000  15.388  477.879
0.060  15.000  15.554  478.318
0.070  15.000  15.325  478.801
0.080  15.000  15.350  479.283
0.090  15.000  15.430  479.710
0.100  15.000  15.368  480.190
0.110  15.000  15.317  480.589
0.120  15.000  15.302  480.826
0.130  15.000  15.518  480.972
0.140  15.000  15.247  480.940
0.150  15.000  15.338  480.924
0.160  15.000  14.934  481.039
0.170  15.000  15.096  481.084
0.180  5.000  15.203  480.861
0.190  5.000  14.860  480.063
0.200  5.000  12.031  478.232
0.210  5.000  10.497  475.099
0.220  5.000  11.022  470.005
0.230  5.000  11.185  464.029
0.240  5.000  11.148  458.478
0.250  5.000  10.600  452.628
0.260  5.000  10.263  446.590
0.270  5.000  9.690  440.192
0.280  5.000  9.659  433.852
0.290  5.000  9.633  427.317
0.300  5.000  9.591  420.748
0.310  5.000  9.443  414.219
0.320  5.000  9.282  407.633
0.330  5.000  9.224  401.451
0.340  5.000  9.170  394.669
0.350  5.000  9.156  388.278
0.360  5.000  9.034  381.953
0.370  5.000  8.904  375.514
0.380  5.000  8.703  369.430
0.390  5.000  8.713  363.316
0.400  5.000  8.635  357.091
0.410  5.000  8.589  350.337
0.420  5.000  8.431  343.909
0.430  5.000  8.569  338.057
0.440  5.000  8.312  332.333
0.450  5.000  8.166  326.654
0.460  5.000  8.050  321.002
0.470  5.000  8.084  315.290
0.480  5.000  8.028  309.188
0.490  5.000  7.804  303.362
0.500  5.000  7.758  297.523
0.510  5.000  7.751  291.597
0.520  5.000  7.526  286.142
0.530  5.000  7.523  280.611
0.540  5.000  7.496  275.209
0.550  5.000  7.408  269.765
0.560  5.000  7.273  263.840
0.570  5.000  7.309  258.122
0.580  5.000  7.260  252.924
0.590  5.000  7.088  247.410
0.600  5.000  6.950  241.539
0.610  5.000  6.829  236.061
0.620  5.000  6.791  231.078
0.630  5.000  6.683  225.984
0.640  5.000  6.701  220.825
0.650  5.000  6.566  215.774
0.660  5.000  6.344  210.418
0.670  5.000  6.402  205.169
0.680  5.000  6.289  200.323
0.690  5.000  6.249  195.108
0.700  5.000  6.251  189.658
0.710  5.000  6.195  184.611
0.720  5.000  6.025  179.468
0.730  5.000  6.086  173.907
0.740  5.000  6.008  168.894
0.750  5.000  5.914  163.754
0.760  5.000  5.837  158.152
0.770  5.000  5.761  153.127
0.780  5.000  5.677  148.442
0.790  5.000  5.694  143.818
0.800  5.000  5.534  139.074
0.810  5.000  5.541  134.337
0.820  5.000  5.396  129.812
0.830  5.000  5.280  125.433
0.840  5.000  5.259  121.033
0.850  5.000  5.157  116.449
0.860  5.000  5.174  111.837
0.870  5.000  5.106  107.465
0.880  5.000  5.032  103.323
0.890  5.000  4.984  98.708
0.900  5.000  4.888  94.101
0.910  5.000  4.829  89.912
0.920  5.000  4.775  85.309
0.930  5.000  4.825  80.846
0.940  5.000  4.720  76.679
0.950  5.000  4.674  72.318
0.960  5.000  4.646  67.771
0.970  5.000  4.570  63.479
0.980  5.000  4.494  59.492
0.990  5.000  4.482  55.627
1.000  5.000  4.454  51.907
1.010  5.000  4.435  47.892
1.020  5.000  4.349  43.923
1.030  5.000  4.273  40.173
1.040  5.000  4.213  36.402
1.050  5.000  4.197  32.723
1.060  5.000  4.146  29.137
1.070  5.000  4.104  25.500
1.080  5.000  4.156  21.797
1.090  5.000  4.145  18.292
1.100  5.000  4.122  14.856
1.110  5.000  4.135  11.359
1.120  5.000  4.089  8.088
1.130  5.000  3.967  4.823
1.140  5.000  3.928  1.426
1.150  5.000  3.884  -1.723
1.160  5.000  3.817  -4.840
1.170  5.000  3.860  -8.407
1.180  5.000  3.894  -11.799
1.190  5.000  3.892  -14.590
1.200  5.000  3.915  -17.314
1.210  5.000  3.931  -19.969
1.220  5.000  3.889  -22.337
1.230  5.000  3.829  -24.688
1.240  5.000  3.851  -27.047
1.250  5.000  3.675  -29.371
1.260  5.000  3.682  -31.663
1.270  5.000  3.733  -34.126
1.280  5.000  3.779  -36.436
1.290  5.000  3.869  -38.468
1.300  5.000  3.881  -40.517
1.310  5.000  4.008  -42.349
1.320  5.000  4.000  -43.985
1.330  5.000  3.959  -45.513
1.340  5.000  3.973  -46.901
1.350  5.000  3.958  -48.269
1.360  5.000  3.776  -49.472
1.370  5.000  3.773  -50.593
1.380  5.000  3.734  -51.683
1.390  5.000  3.792  -52.559
1.400  5.000  4.054  -53.474
1.410  5.000  4.245  -54.395
1.420  5.000  4.465  -54.993
1.430  5.000  4.369  -55.038
1.440  5.000  4.116  -54.793
1.450  5.000  4.215  -54.444
1.460  5.000  4.467  -53.973
1.470  5.000  4.502  -53.299
1.480  5.000  4.338  -52.574
1.490  5.000  4.131  -51.635
1.500  5.000  4.190  -50.450
1.510  5.000  4.055  -49.454
1.520  5.000  4.245  -48.521
1.530  5.000  4.357  -47.597
1.540  5.000  4.478  -46.666
1.550  5.000  4.666  -45.628
1.560  5.000  4.675  -44.371
1.570  5.000  4.592  -42.803
1.580  5.000  4.589  -41.072
1.590  5.000  4.757  -39.475
1.600  5.000  4.822  -37.836
1.610  5.000  4.893  -36.040
1.620  5.000  4.867  -34.327
1.630  5.000  4.758  -32.534
1.640  5.000  4.843  -30.469
1.650  5.000  5.069  -28.355
1.660  5.000  5.191  -26.443
1.670  5.000  5.090  -24.635
1.680  5.000  5.047  -22.827
1.690  5.000  4.847  -20.879
1.700  5.000  5.227  -19.128
1.710  5.000  5.058  -17.633
1.720  5.000  5.067  -15.957
1.730  5.000  5.299  -14.314
1.740  5.000  5.546  -12.885
1.750  5.000  5.050  -11.296
1.760  5.000  5.054  -9.543
1.770  5.000  5.169  -8.125
1.780  5.000  5.295  -6.881
1.790  5.000  5.485  -5.539
1.800  5.000  5.414  -4.389
1.810  5.000  5.229  -3.613
1.820  5.000  5.112  -2.795
1.830  5.000  5.195  -1.924
1.840  5.000  5.420  -1.381
1.850  5.000  5.381  -0.991
1.860  5.000  5.272  -0.524
1.870  5.000  5.191  -0.058
1.880  5.000  5.502  0.201
1.890  5.000  5.513  0.473
1.900  5.000  5.407  0.936
1.910  5.000  5.462  1.433
1.920  5.000  5.349  1.873
1.930  5.000  5.391  2.271
1.940  5.000  5.519  2.729
1.950  5.000  5.352  3.411
1.960  5.000  5.437  4.060
1.970  5.000  5.362  4.481
1.980  5.000  5.227  4.811
1.990  5.000  5.228  5.099
2.000  5.000  5.296  5.392
2.010  5.000  5.445  5.555
2.020  5.000  5.190  5.629
2.030  5.000  5.169  5.630
2.040  5.000  5.224  5.461
2.050  5.000  5.285  5.160
2.060  5.000  5.187  4.762
2.070  5.000  5.186  4.264
2.080  5.000  5.256  3.493
2.090  5.000  5.126  2.850
2.100  5.000  5.200  2.307
2.110  5.000  5.111  1.775
2.120  5.000  5.074  1.100
2.130  5.000  5.125  0.171
2.140  5.000  5.139  -0.745
2.150  5.000  5.087  -1.650
2.160  5.000  4.924  -2.485
2.170  5.000  5.079  -3.306
2.180  5.000  4.876  -4.247
2.190  6.000  4.971  -5.328
2.200  7.000  5.148  -6.302
2.210  8.000  5.559  -6.620
2.220  9.000  6.021  -6.450
2.230  10.000  5.608  -6.151
2.240  11.000  5.544  -5.107
2.250  12.000  7.210  -3.213
2.260  13.000  8.458  -0.266
2.270  14.000  7.888  4.207
2.280  15.000  9.817  10.047
2.290  15.000  10.445  17.185
2.300  15.000  11.788  25.994
2.310  15.000  13.870  35.874
2.320  15.000  13.617  47.660
2.330  15.000  15.494  59.979
2.340  15.000  15.373  70.770
2.350  15.000  15.340  81.685
2.360  15.000  14.920  92.918
2.370  15.000  14.959  103.720
2.380  15.000  16.711  114.213
2.390  15.000  15.891  125.145
2.400  15.000  14.424  136.696
2.410  15.000  15.586  147.523
2.420  15.000  14.403  157.908
2.430  15.000  14.694  168.826
2.440  15.000  14.910  179.493
2.450  15.000  16.046  189.325
2.460  15.000  15.082  199.525
2.470  15.000  15.759  209.586
2.480  15.000  14.831  219.048
2.490  15.000  15.602  228.379
2.500  15.000  15.303  237.076
2.510  15.000  15.441  245.896
2.520  15.000  15.641  254.948
2.530  15.000  14.927  264.055
2.540  15.000  15.559  272.786
2.550  15.000  14.946  281.303
2.560  15.000  15.838  289.489
2.570  15.000  15.847  297.616
2.580  15.000  16.484  305.630
2.590  15.000  16.058  313.297
2.600  15.000  15.188  320.802
2.610  15.000  14.884  328.429
2.620  15.000  14.905  336.445
2.630  15.000  15.700  343.785
2.640  15.000  15.689  350.657
2.650  15.000  15.777  357.994
2.660  15.000  16.139  364.869
2.670  15.000  14.897  371.054
2.680  15.000  14.995  377.188
2.690  15.000  15.502  383.089
2.700  15.000  15.694  388.966
2.710  15.000  15.731  394.685
2.720  15.000  15.144  400.270
2.730  15.000  15.419  405.797
2.740  15.000  15.017  411.602
2.750  15.000  15.781  417.251
2.760  15.000  15.679  422.244
2.770  15.000  16.048  426.977
2.780  15.000  15.424  431.814
2.790  15.000  15.469  436.425
2.800  15.000  15.351  440.369
2.810  15.000  15.237  444.009
2.820  15.000  15.977  447.524
2.830  15.000  15.968  450.700
2.840  15.000  14.809  453.695
2.850  15.000  15.111  456.813
2.860  15.000  15.516  459.882
2.870  15.000  15.448  462.908
2.880  15.000  15.488  465.913
2.890  15.000  16.139  468.623
2.900  15.000  15.580  471.287
2.910  15.000  15.877  474.001
2.920  15.000  15.339  476.367
2.930  15.000  15.437  478.534
2.940  15.000  15.608  480.542
2.950  15.000  16.009  482.317
2.960  15.000  15.395  483.894
2.970  15.000  15.453  485.349
2.980  15.000  15.348  486.570
2.990  15.000  15.386  487.574
3.000  15.000  15.476  488.471
3.010  15.000  15.320  489.429
3.020  15.000  15.436  490.326
3.030  15.000  15.435  491.028
3.040  15.000  15.568  491.785
3.050  15.000  15.631  492.571
3.060  15.000  15.111  493.374
3.070  15.000  15.522  493.905
3.080  15.000  15.194  494.135
3.090  15.000  15.127  494.493
3.100  15.000  15.225  494.897
3.110  15.000  15.396  495.023
3.120  15.000  15.413  494.982
3.130  15.000  15.035  494.882
3.140  15.000  15.295  494.808
3.150  15.000  15.052  494.790
3.160  15.000  15.311  494.629
3.170  15.000  15.103  494.287
3.180  15.000  15.128  493.730
3.190  5.000  15.089  493.193
3.200  5.000  14.917  492.451
3.210  5.000  12.000  490.561
3.220  5.000  10.710  487.239
3.230  5.000  11.063  482.019
3.240  5.000  11.254  475.932
3.250  5.000  11.334  469.765
3.260  5.000  10.584  462.910
3.270  5.000  10.326  456.365
3.280  5.000  9.854  450.132
3.290  5.000  9.774  443.271
3.300  5.000  9.752  436.138
3.310  5.000  9.660  429.598
3.320  5.000  9.563  423.583
3.330  5.000  9.418  417.000
3.340  5.000  9.213  410.368
3.350  5.000  9.305  403.567
3.360  5.000  9.183  397.106
3.370  5.000  9.053  391.088
3.380  5.000  8.901  384.671
3.390  5.000  8.915  378.727
3.400  5.000  8.819  372.473
3.410  5.000  8.662  366.095
3.420  5.000  8.406  360.119
3.430  5.000  8.440  354.221
3.440  5.000  8.456  348.483
3.450  5.000  8.127  343.001
3.460  5.000  8.228  337.441
3.470  5.000  8.150  331.692
3.480  5.000  8.099  325.714
3.490  5.000  7.986  319.393
3.500  5.000  7.874  313.503
3.510  5.000  7.723  307.993
3.520  5.000  7.539  302.578
3.530  5.000  7.609  296.685
3.540  5.000  7.646  290.172
3.550  5.000  7.482  284.267
3.560  5.000  7.287  279.036
3.570  5.000  7.211  273.686
3.580  5.000  7.124  267.928
3.590  5.000  7.025  262.334
3.600  5.000  7.011  257.068
3.610  5.000  6.942  251.881
3.620  5.000  6.835  246.734
3.630  5.000  6.661  241.580
3.640  5.000  6.699  236.563
3.650  5.000  6.681  231.480
3.660  5.000  6.551  226.223
3.670  5.000  6.436  220.738
3.680  5.000  6.373  215.569
3.690  5.000  6.357  210.662
3.700  5.000  6.292  205.679
3.710  5.000  6.178  200.835
3.720  5.000  6.093  196.095
3.730  5.000  6.016  191.258
3.740  5.000  5.958  186.203
3.750  5.000  5.900  180.898
3.760  5.000  5.843  175.612
3.770  5.000  5.828  170.302
3.780  5.000  5.686  165.295
3.790  5.000  5.640  160.365
3.800  5.000  5.559  155.398
3.810  5.000  5.492  150.985
3.820  5.000  5.427  146.071
3.830  5.000  5.464  140.783
3.840  5.000  5.349  135.653
3.850  5.000  5.274  131.050
3.860  5.000  5.157  126.263
3.870  5.000  5.181  121.428
3.880  5.000  5.051  116.667
3.890  5.000  4.966  111.871
3.900  5.000  4.930  107.475
3.910  5.000  4.894  102.626
3.920  5.000  4.858  97.970
3.930  5.000  4.795  93.661
3.940  5.000  4.700  88.996
3.950  5.000  4.689  84.018
3.960  5.000  4.691  79.479
3.970  5.000  4.583  75.516
3.980  5.000  4.545  71.513
3.990  5.000  4.492  67.590
4.000  5.000  4.431  63.582
4.010  5.000  4.425  59.469
4.020  5.000  4.434  55.407
4.030  5.000  4.333  51.531
4.040  5.000  4.288  47.733
4.050  5.000  4.210  43.712
4.060  5.000  4.156  39.914
4.070  5.000  4.166  36.248
4.080  5.000  4.110  32.619
4.090  5.000  4.133  28.843
4.100  5.000  4.123  25.092
4.110  5.000  4.167  21.586
4.120  5.000  4.127  18.074
4.130  5.000  4.039  14.688
4.140  5.000  3.923  11.463
4.150  5.000  3.904  8.300
4.160  5.000  3.917  5.182
4.170  5.000  3.810  2.107
4.180  5.000  3.888  -0.957
4.190  5.000  3.977  -3.905
4.200  5.000  3.828  -6.616
4.210  5.000  3.900  -9.304
4.220  5.000  3.961  -11.918
4.230  5.000  3.879  -14.495
4.240  5.000  3.822  -17.058
4.250  5.000  3.774  -19.374
4.260  5.000  3.704  -21.858
4.270  5.000  3.768  -24.455
4.280  5.000  3.696  -26.808
4.290  5.000  3.789  -29.022
4.300  5.000  3.924  -31.135
4.310  5.000  3.999  -32.992
4.320  5.000  3.962  -34.698
4.330  5.000  4.011  -36.440
4.340  5.000  3.950  -37.929
4.350  5.000  3.963  -39.176
4.360  5.000  3.855  -40.497
4.370  5.000  3.759  -41.719
4.380  5.000  3.793  -42.823
4.390  5.000  3.791  -43.876
4.400  5.000  3.951  -44.855
4.410  5.000  4.124  -45.658
4.420  5.000  4.326  -46.168
4.430  5.000  4.231  -46.361
4.440  5.000  4.250  -46.497
4.450  5.000  4.368  -46.518
4.460  5.000  4.370  -46.078
4.470  5.000  4.439  -45.260
4.480  5.000  4.266  -44.462
4.490  5.000  4.279  -43.690
4.500  5.000  4.026  -42.577
4.510  5.000  4.170  -41.415
4.520  5.000  4.181  -40.413
4.530  5.000  4.291  -39.497
4.540  5.000  4.385  -38.535
4.550  5.000  4.449  -37.243
4.560  5.000  4.598  -35.818
4.570  5.000  4.727  -34.465
4.580  5.000  4.650  -33.035
4.590  5.000  4.916  -31.705
4.600  5.000  4.776  -30.317
4.610  5.000  4.702  -28.354
4.620  5.000  4.881  -26.262
4.630  5.000  4.878  -24.582
4.640  5.000  5.209  -23.167
4.650  5.000  4.777  -21.349
4.660  5.000  4.922  -19.120
4.670  5.000  4.916  -17.149
4.680  5.000  5.171  -15.407
4.690  5.000  5.019  -13.703
4.700  5.000  5.181  -11.966
4.710  5.000  4.899  -10.238
4.720  5.000  5.212  -8.610
4.730  5.000  5.349  -7.084
4.740  5.000  5.012  -5.459
4.750  5.000  4.993  -3.723
4.760  5.000  5.083  -2.300
4.770  5.000  5.532  -1.077
4.780  5.000  5.355  0.127
4.790  5.000  5.332  1.091
4.800  5.000  5.229  2.084
4.810  5.000  5.095  3.164
4.820  5.000  5.274  4.158
4.830  5.000  5.312  5.054
4.840  5.000  5.333  5.825
4.850  5.000  5.232  6.470
4.860  5.000  5.266  6.828
4.870  5.000  5.214  7.231
4.880  5.000  5.407  7.820
4.890  5.000  5.435  8.424
4.900  5.000  5.373  9.098
4.910  5.000  5.420  9.723
4.920  5.000  5.406  10.213
4.930  5.000  5.459  10.637
4.940  5.000  5.399  11.096
4.950  5.000  5.426  11.820
4.960  5.000  5.367  12.541
4.970  5.000  5.312  12.954
4.980  5.000  5.225  13.372
4.990  5.000  5.508  13.682
5.000  5.000  5.476  13.791
5.010  5.000  5.176  14.038
5.020  5.000  5.135  14.411
5.030  5.000  5.158  14.687
5.040  5.000  5.449  14.559
5.050  5.000  5.388  14.178
5.060  5.000  5.154  13.836
5.070  5.000  5.110  13.352
5.080  5.000  5.246  12.916
5.090  5.000  5.251  12.505
5.100  5.000  5.321  11.885
5.110  5.000  5.062  11.380
5.120  5.000  5.151  10.810
5.130  5.000  5.112  10.126
5.140  5.000  5.162  9.303
5.150  5.000  5.038  8.248
5.160  5.000  5.088  7.209
5.170  5.000  5.065  6.117
5.180  5.000  5.023  5.265
5.190  5.000  4.921  4.539
5.200  6.000  4.986  3.628
5.210  7.000  5.200  2.683
5.220  8.000  5.461  2.315
5.230  9.000  6.086  2.432
5.240  10.000  5.711  2.684
5.250  11.000  5.699  3.562
5.260  12.000  6.931  5.781
5.270  13.000  8.013  9.292
5.280  14.000  8.225  13.618
5.290  15.000  10.277  19.102
5.300  15.000  10.444  26.172
5.310  15.000  11.856  34.619
5.320  15.000  13.223  44.136
5.330  15.000  14.293  55.163
5.340  15.000  15.036  67.070
5.350  15.000  15.296  78.812
5.360  15.000  16.111  89.938
5.370  15.000  15.437  100.527
5.380  15.000  14.940  111.346
5.390  15.000  14.717  121.862
5.400  15.000  14.817  132.342
5.410  15.000  15.318  143.215
5.420  15.000  15.686  153.423
5.430  15.000  15.653  162.760
5.440  15.000  14.659  172.488
5.450  15.000  14.880  182.715
5.460  15.000  15.086  192.682
5.470  15.000  15.678  202.206
5.480  15.000  15.179  211.521
5.490  15.000  15.263  220.809
5.500  15.000  15.054  229.963
5.510  15.000  15.595  239.213
5.520  15.000  15.729  248.434
5.530  15.000  15.868  257.024
5.540  15.000  15.981  265.117
5.550  15.000  15.274  273.205
5.560  15.000  15.698  281.492
5.570  15.000  15.028  289.975
5.580  15.000  16.027  297.875
5.590  15.000  15.883  305.351
5.600  15.000  15.773  312.320
5.610  15.000  14.660  319.145
5.620  15.000  15.186  326.039
5.630  15.000  15.535  332.748
5.640  15.000  15.353  339.687
5.650  15.000  15.978  346.430
5.660  15.000  15.643  353.013
5.670  15.000  15.573  359.579
5.680  15.000  14.878  366.153
5.690  15.000  15.007  372.810
5.700  15.000  15.714  379.126
5.710  15.000  15.603  385.221
5.720  15.000  15.341  390.913
5.730  15.000  15.158  396.131
5.740  15.000  15.572  401.363
5.750  15.000  15.721  406.353
5.760  15.000  15.482  411.331
5.770  15.000  15.756  416.400
5.780  15.000  15.302  421.404
5.790  15.000  15.907  426.203
5.800  15.000  15.302  430.694
5.810  15.000  15.406  435.107
5.820  15.000  15.478  439.245
5.830  15.000  15.405  442.993
5.840  15.000  15.286  446.414
5.850  15.000  15.710  449.392
5.860  15.000  15.515  452.199
5.870  15.000  15.155  455.123
5.880  15.000  15.546  458.088
5.890  15.000  15.516  461.211
5.900  15.000  15.872  464.348
5.910  15.000  15.715  467.169
5.920  15.000  15.962  469.669
5.930  15.000  15.886  472.042
5.940  15.000  15.182  474.327
5.950  15.000  15.303  476.594
5.960  15.000  15.412  478.727
5.970  15.000  15.690  480.469
5.980  15.000  15.624  482.012
5.990  15.000  15.132  483.346
6.000  15.000  15.126  484.603
6.010  15.000  15.576  485.850
6.020  15.000  15.466  486.882
6.030  15.000  15.430  487.897
6.040  15.000  15.275  488.909
6.050  15.000  15.601  489.679
6.060  15.000  15.493  490.390
6.070  15.000  15.463  491.018
6.080  15.000  15.562  491.292
6.090  15.000  15.440  491.600
6.100  15.000  15.495  491.930
6.110  15.000  15.276  492.191
6.120  15.000  15.058  492.486
6.130  15.000  15.080  492.740
6.140  15.000  15.428  492.972
6.150  15.000  15.493  493.004
6.160  15.000  15.172  492.925
6.170  15.000  15.012  492.879
6.180  15.000  15.305  492.690
6.190  15.000  15.095  492.329
6.200  5.000  15.423  491.911
6.210  5.000  14.760  491.136
6.220  5.000  12.149  489.175
6.230  5.000  10.677  485.988
6.240  5.000  10.956  481.129
6.250  5.000  11.171  474.940
6.260  5.000  11.096  468.906
6.270  5.000  10.642  462.498
6.280  5.000  10.375  455.975
6.290  5.000  10.034  449.393
6.300  5.000  9.795  442.707
6.310  5.000  9.682  436.514
6.320  5.000  9.578  430.455
6.330  5.000  9.409  424.295
6.340  5.000  9.289  417.484
6.350  5.000  9.244  410.766
6.360  5.000  9.161  404.544
6.370  5.000  9.227  398.486
6.380  5.000  9.018  391.917
6.390  5.000  8.983  384.824
6.400  5.000  8.867  378.228
6.410  5.000  8.757  371.662
6.420  5.000  8.562  365.393
6.430  5.000  8.614  359.669
6.440  5.000  8.473  353.845
6.450  5.000  8.387  347.447
6.460  5.000  8.406  341.191
6.470  5.000  8.142  335.600
6.480  5.000  8.100  330.109
6.490  5.000  8.064  324.472
6.500  5.000  8.009  318.967
6.510  5.000  7.760  313.039
6.520  5.000  7.750  306.501
6.530  5.000  7.689  300.062
6.540  5.000  7.569  294.075
6.550  5.000  7.507  288.409
6.560  5.000  7.366  282.954
6.570  5.000  7.331  277.688
6.580  5.000  7.231  272.408
6.590  5.000  7.106  267.097
6.600  5.000  7.019  261.655
6.610  5.000  7.044  256.293
6.620  5.000  6.983  250.974
6.630  5.000  6.830  245.214
6.640  5.000  6.782  239.662
6.650  5.000  6.686  234.565
6.660  5.000  6.697  228.938
6.670  5.000  6.692  223.001
6.680  5.000  6.523  217.151
6.690  5.000  6.328  211.781
6.700  5.000  6.379  206.728
6.710  5.000  6.325  201.592
6.720  5.000  6.234  196.055
6.730  5.000  6.328  190.569
6.740  5.000  6.102  185.191
6.750  5.000  6.005  180.030
6.760  5.000  5.943  175.191
6.770  5.000  5.902  170.124
6.780  5.000  5.845  165.250
6.790  5.000  5.654  160.228
6.800  5.000  5.709  155.298
6.810  5.000  5.634  150.284
6.820  5.000  5.547  145.274
6.830  5.000  5.448  140.676
6.840  5.000  5.442  136.028
6.850  5.000  5.307  131.421
6.860  5.000  5.300  126.711
6.870  5.000  5.180  122.029
6.880  5.000  5.082  117.626
6.890  5.000  5.030  113.184
6.900  5.000  5.059  108.537
6.910  5.000  4.942  103.997
6.920  5.000  4.851  99.222
6.930  5.000  4.756  94.535
6.940  5.000  4.776  90.357
6.950  5.000  4.730  85.902
6.960  5.000  4.769  81.440
6.970  5.000  4.656  76.800
6.980  5.000  4.610  72.126
6.990  5.000  4.572  68.086
7.000  5.000  4.572  63.964
7.010  5.000  4.497  59.959
7.020  5.000  4.439  56.242
7.030  5.000  4.425  52.456
7.040  5.000  4.344  48.494
7.050  5.000  4.294  44.191
7.060  5.000  4.204  39.728
7.070  5.000  4.194  35.684
7.080  5.000  4.130  31.963
7.090  5.000  4.100  28.246
7.100  5.000  4.128  24.675
7.110  5.000  4.117  21.154
7.120  5.000  4.110  17.875
7.130  5.000  4.082  14.594
7.140  5.000  4.096  11.168
7.150  5.000  4.010  7.735
7.160  5.000  3.943  4.291
7.170  5.000  3.921  0.946
7.180  5.000  3.876  -2.387
7.190  5.000  3.898  -5.592
7.200  5.000  3.840  -8.619
7.210  5.000  3.942  -11.638
7.220  5.000  4.011  -14.514
7.230  5.000  3.919  -17.309
7.240  5.000  3.915  -20.052
7.250  5.000  3.836  -22.619
7.260  5.000  3.793  -25.197
7.270  5.000  3.718  -27.693
7.280  5.000  3.741  -30.153
7.290  5.000  3.773  -32.500
7.300  5.000  3.739  -34.698
7.310  5.000  3.882  -36.903
7.320  5.000  3.889  -38.969
7.330  5.000  4.009  -40.900
7.340  5.000  3.986  -42.514
7.350  5.000  4.038  -44.028
7.360  5.000  3.866  -45.494
7.370  5.000  3.800  -46.810
7.380  5.000  3.789  -48.254
7.390  5.000  3.737  -49.561
7.400  5.000  3.772  -50.816
7.410  5.000  4.001  -52.071
7.420  5.000  4.127  -53.225
7.430  5.000  4.183  -54.068
7.440  5.000  4.285  -54.586
7.450  5.000  4.264  -54.752
7.460  5.000  4.205  -54.528
7.470  5.000  4.273  -54.161
7.480  5.000  4.273  -53.614
7.490  5.000  4.207  -52.887
7.500  5.000  4.203  -52.233
7.510  5.000  4.142  -51.688
7.520  5.000  4.113  -50.975
7.530  5.000  4.225  -49.915
7.540  5.000  4.262  -48.702
7.550  5.000  4.159  -47.620
7.560  5.000  4.570  -46.573
7.570  5.000  4.726  -45.344
7.580  5.000  4.509  -43.781
7.590  5.000  4.583  -42.064
7.600  5.000  4.918  -40.512
7.610  5.000  4.880  -38.978
7.620  5.000  4.927  -37.137
7.630  5.000  4.602  -35.075
7.640  5.000  4.774  -33.127
7.650  5.000  4.955  -31.203
7.660  5.000  5.331  -29.418
7.670  5.000  5.080  -27.976
7.680  5.000  4.903  -26.342
7.690  5.000  5.064  -24.448
7.700  5.000  5.214  -22.657
7.710  5.000  4.980  -20.918
7.720  5.000  5.183  -19.232
7.730  5.000  5.188  -17.525
7.740  5.000  5.226  -15.971
7.750  5.000  5.145  -14.557
7.760  5.000  5.286  -12.937
7.770  5.000  5.176  -11.261
7.780  5.000  5.187  -9.715
7.790  5.000  5.152  -8.338
7.800  5.000  5.355  -7.019
7.810  5.000  5.331  -5.877
7.820  5.000  5.262  -4.805
7.830  5.000  5.306  -3.940
7.840  5.000  5.425  -3.421
7.850  5.000  5.153  -2.852
7.860  5.000  5.331  -2.345
7.870  5.000  5.319  -1.916
7.880  5.000  5.321  -1.479
7.890  5.000  5.507  -1.274
7.900  5.000  5.424  -0.993
7.910  5.000  5.473  -0.481
7.920  5.000  5.457  -0.174
7.930  5.000  5.450  0.010
7.940  5.000  5.521  0.375
7.950  5.000  5.420  0.885
7.960  5.000  5.403  1.375
7.970  5.000  5.254  1.869
7.980  5.000  5.346  2.277
7.990  5.000  5.397  2.479
8.000  5.000  5.453  2.447
8.010  5.000  5.106  2.415
8.020  5.000  5.301  2.493
8.030  5.000  5.330  2.453
8.040  5.000  5.400  2.269
8.050  5.000  5.349  1.829
8.060  5.000  5.129  1.176
8.070  5.000  5.215  0.468
8.080  5.000  5.178  -0.303
8.090  5.000  5.337  -1.206
8.100  5.000  5.229  -2.119
8.110  5.000  5.142  -3.096
8.120  5.000  4.983  -3.978
8.130  5.000  5.098  -4.940
8.140  5.000  5.138  -6.108
8.150  5.000  5.113  -7.306
8.160  5.000  4.901  -8.506
8.170  5.000  5.013  -9.563
8.180  5.000  5.026  -10.555
8.190  5.000  5.158  -11.385
8.200  5.000  4.878  -12.146
8.210  6.000  4.891  -13.078
8.220  7.000  5.134  -13.800
8.230  8.000  5.591  -13.966
8.240  9.000  5.957  -13.665
8.250  10.000  5.795  -13.335
8.260  11.000  5.706  -12.520
8.270  12.000  7.046  -10.472
8.280  13.000  7.897  -7.498
8.290  14.000  8.191  -3.486
8.300  15.000  10.437  1.939
8.310  15.000  10.303  9.072
8.320  15.000  11.510  17.731
8.330  15.000  13.021  27.502
8.340  15.000  14.956  38.157
8.350  15.000  15.434  49.045
8.360  15.000  15.297  59.961
8.370  15.000  15.092  70.641
8.380  15.000  14.161  81.725
8.390  15.000  14.985  93.267
8.400  15.000  16.331  103.981
8.410  15.000  16.428  114.360
8.420  15.000  14.572  124.841
8.430  15.000  14.193  135.086
8.440  15.000  15.009  145.074
8.450  15.000  15.438  155.044
8.460  15.000  15.362  164.946
8.470  15.000  15.019  174.757
8.480  15.000  15.774  184.141
8.490  15.000  15.202  193.307
8.500  15.000  15.165  202.730
8.510  15.000  15.214  211.815
8.520  15.000  16.101  220.918
8.530  15.000  15.925  229.835
8.540  15.000  14.296  238.764
8.550  15.000  15.539  247.622
8.560  15.000  15.084  256.237
8.570  15.000  15.788  264.812
8.580  15.000  15.592  273.422
8.590  15.000  16.205  282.219
8.600  15.000  16.099  290.806
8.610  15.000  16.004  298.390
8.620  15.000  14.882  305.489
8.630  15.000  14.939  313.029
8.640  15.000  15.450  320.043
8.650  15.000  15.297  326.671
8.660  15.000  15.722  333.244
8.670  15.000  15.737  339.914
8.680  15.000  15.415  346.717
8.690  15.000  15.209  353.295
8.700  15.000  15.303  359.842
8.710  15.000  15.693  366.007
8.720  15.000  15.545  371.605
8.730  15.000  15.461  377.044
8.740  15.000  15.307  382.397
8.750  15.000  15.620  387.846
8.760  15.000  15.778  393.129
8.770  15.000  15.769  397.956
8.780  15.000  15.517  402.706
8.790  15.000  15.618  407.467
8.800  15.000  15.721  411.782
8.810  15.000  15.321  415.737
8.820  15.000  15.011  419.732
8.830  15.000  15.579  423.682
8.840  15.000  15.442  427.482
8.850  15.000  15.398  430.902
8.860  15.000  15.147  433.964
8.870  15.000  15.194  437.003
8.880  15.000  15.356  439.957
8.890  15.000  15.667  442.832
8.900  15.000  15.803  445.823
8.910  15.000  15.565  448.859
8.920  15.000  15.625  451.703
8.930  15.000  15.581  454.518
8.940  15.000  15.634  457.342
8.950  15.000  15.747  459.852
8.960  15.000  15.543  462.063
8.970  15.000  15.850  464.164
8.980  15.000  15.263  466.176
8.990  15.000  15.475  467.816
9.000  15.000  15.571  469.130
9.010  15.000  15.460  470.339
9.020  15.000  15.165  471.408
9.030  15.000  15.340  472.426
9.040  15.000  15.561  473.421
9.050  15.000  15.546  474.400
9.060  15.000  15.134  475.164
9.070  15.000  15.632  475.709
9.080  15.000  15.386  476.258
9.090  15.000  15.524  476.881
9.100  15.000  15.342  477.349
9.110  15.000  15.418  477.661
9.120  15.000  15.293  478.087
9.130  15.000  15.278  478.350
9.140  15.000  15.586  478.444
9.150  15.000  15.005  478.662
9.160  15.000  15.219  478.658
9.170  15.000  15.198  478.458
9.180  15.000  15.375  478.327
9.190  15.000  15.068  478.251
9.200  15.000  15.240  478.165
9.210  5.000  15.033  477.874
9.220  5.000  14.741  476.914
9.230  5.000  12.036  474.704
9.240  5.000  10.690  471.423
9.250  5.000  10.983  466.659
9.260  5.000  11.095  460.978
9.270  5.000  11.121  454.835
9.280  5.000  10.604  448.507
9.290  5.000  10.191  442.502
9.300  5.000  9.693  436.209
9.310  5.000  9.611  429.754
9.320  5.000  9.704  423.304
9.330  5.000  9.610  417.048
9.340  5.000  9.454  410.462
9.350  5.000  9.371  403.907
9.360  5.000  9.054  397.934
9.370  5.000  9.108  391.748
9.380  5.000  9.008  385.563
9.390  5.000  9.033  379.268
9.400  5.000  9.087  372.932
9.410  5.000  8.900  366.581
9.420  5.000  8.698  359.942
9.430  5.000  8.695  353.467
9.440  5.000  8.486  347.377
9.450  5.000  8.498  341.675
9.460  5.000  8.406  335.413
9.470  5.000  8.315  329.376
9.480  5.000  8.276  323.922
9.490  5.000  8.124  318.172
9.500  5.000  8.120  312.121
9.510  5.000  8.177  306.020
9.520  5.000  7.999  300.481
9.530  5.000  7.768  294.680
9.540  5.000  7.678  288.682
9.550  5.000  7.777  283.242
9.560  5.000  7.556  278.077
9.570  5.000  7.418  272.787
9.580  5.000  7.380  266.985
9.590  5.000  7.309  261.400
9.600  5.000  7.143  255.469
9.610  5.000  7.140  249.623
9.620  5.000  7.020  244.578
9.630  5.000  6.891  239.350
9.640  5.000  6.840  233.650
9.650  5.000  6.709  227.716
9.660  5.000  6.660  222.340
9.670  5.000  6.669  217.247
9.680  5.000  6.443  212.173
9.690  5.000  6.494  207.447
9.700  5.000  6.385  202.313
9.710  5.000  6.357  197.119
9.720  5.000  6.334  192.075
9.730  5.000  6.176  186.997
9.740  5.000  6.058  182.311
9.750  5.000  6.107  177.592
9.760  5.000  5.973  172.452
9.770  5.000  5.963  167.475
9.780  5.000  5.698  162.976
9.790  5.000  5.768  157.997
9.800  5.000  5.717  153.059
9.810  5.000  5.673  148.591
9.820  5.000  5.533  144.026
9.830  5.000  5.544  139.390
9.840  5.000  5.554  134.695
9.850  5.000  5.405  130.004
9.860  5.000  5.278  125.577
9.870  5.000  5.225  120.922
9.880  5.000  5.115  116.375
9.890  5.000  5.105  112.115
9.900  5.000  5.067  107.860
9.910  5.000  5.008  103.766
9.920  5.000  4.962  99.473
9.930  5.000  4.973  94.732
9.940  5.000  4.853  90.101
9.950  5.000  4.719  85.900
9.960  5.000  4.732  81.780
9.970  5.000  4.616  77.763
9.980  5.000  4.742  73.330
9.990  5.000  4.616  68.921
10.000  5.000  4.574  64.963
10.010  5.000  4.480  61.008
10.020  5.000  4.421  57.062
10.030  5.000  4.443  53.129
10.040  5.000  4.459  49.340
10.050  5.000  4.413  45.547
10.060  5.000  4.308  41.691
10.070  5.000  4.212  37.931
10.080  5.000  4.182  34.117
10.090  5.000  4.145  30.403
10.100  5.000  4.104  26.904
10.110  5.000  4.103  23.506
10.120  5.000  4.068  20.224
10.130  5.000  4.107  16.888
10.140  5.000  4.103  13.446
10.150  5.000  4.098  10.097
10.160  5.000  3.947  6.984
10.170  5.000  3.880  3.747
10.180  5.000  3.847  0.434
10.190  5.000  3.809  -2.583
10.200  5.000  3.856  -5.555
10.210  5.000  3.856  -8.570
10.220  5.000  3.843  -11.411
10.230  5.000  3.921  -14.195
10.240  5.000  3.927  -16.909
10.250  5.000  3.906  -19.481
10.260  5.000  3.824  -21.936
10.270  5.000  3.766  -24.297
10.280  5.000  3.801  -26.641
10.290  5.000  3.756  -29.058
10.300  5.000  3.722  -31.345
10.310  5.000  3.786  -33.499
10.320  5.000  3.837  -35.520
10.330  5.000  3.929  -37.343
10.340  5.000  3.929  -38.966
10.350  5.000  4.061  -40.551
10.360  5.000  3.891  -42.137
10.370  5.000  3.912  -43.459
10.380  5.000  3.797  -44.745
10.390  5.000  3.744  -46.014
10.400  5.000  3.721  -47.301
10.410  5.000  3.806  -48.531
10.420  5.000  3.931  -49.444
10.430  5.000  4.188  -50.145
10.440  5.000  4.339  -50.697
10.450  5.000  4.359  -50.950
10.460  5.000  4.185  -50.942
10.470  5.000  4.188  -50.577
10.480  5.000  4.113  -49.987
10.490  5.000  4.447  -49.432
10.500  5.000  4.307  -48.895
10.510  5.000  4.116  -48.061
10.520  5.000  4.020  -47.067
10.530  5.000  3.979  -46.040
10.540  5.000  4.237  -45.107
10.550  5.000  4.314  -44.280
10.560  5.000  4.771  -43.275
10.570  5.000  4.537  -42.096
10.580  5.000  4.616  -40.707
10.590  5.000  4.572  -39.215
10.600  5.000  4.812  -37.677
10.610  5.000  4.849  -36.036
10.620  5.000  4.870  -34.213
10.630  5.000  4.894  -32.400
10.640  5.000  4.750  -30.509
10.650  5.000  4.878  -28.444
10.660  5.000  4.971  -26.406
10.670  5.000  4.984  -24.513
10.680  5.000  5.013  -22.528
10.690  5.000  5.011  -20.523
10.700  5.000  5.099  -18.547
10.710  5.000  5.058  -16.526
10.720  5.000  5.052  -14.563
10.730  5.000  5.166  -12.555
10.740  5.000  5.298  -10.678
10.750  5.000  5.098  -8.719
10.760  5.000  5.244  -6.897
10.770  5.000  5.485  -5.504
10.780  5.000  5.211  -4.169
10.790  5.000  5.177  -2.795
10.800  5.000  5.264  -1.631
10.810  5.000  5.164  -0.547
10.820  5.000  5.086  0.692
10.830  5.000  5.245  1.996
10.840  5.000  5.396  3.118
10.850  5.000  5.264  4.033
10.860  5.000  5.154  4.749
10.870  5.000  5.407  5.226
10.880  5.000  5.404  5.884
10.890  5.000  5.371  6.506
10.900  5.000  5.319  7.027
10.910  5.000  5.252  7.626
10.920  5.000  5.494  8.001
10.930  5.000  5.360  8.280
10.940  5.000  5.467  8.599
10.950  5.000  5.375  9.140
10.960  5.000  5.315  9.884
10.970  5.000  5.257  10.613
10.980  5.000  5.316  11.364
10.990  5.000  5.476  11.921
11.000  5.000  5.450  12.250
11.010  5.000  5.339  12.394
11.020  5.000  5.256  12.516
11.030  5.000  5.281  12.666
11.040  5.000  5.367  12.669
11.050  5.000  5.399  12.502
11.060  5.000  5.246  12.261
11.070  5.000  5.129  12.050
11.080  5.000  5.085  11.822
11.090  5.000  5.254  11.534
11.100  5.000  5.273  11.051
11.110  5.000  5.233  10.486
11.120  5.000  5.047  10.030
11.130  5.000  4.981  9.581
11.140  5.000  5.084  9.096
11.150  5.000  5.079  8.563
11.160  5.000  5.206  7.874
11.170  5.000  5.068  7.246
11.180  5.000  5.054  6.569
11.190  5.000  5.137  5.710
11.200  5.000  5.010  4.864
11.210  5.000  5.014  4.239
11.220  6.000  4.929  3.611
11.230  7.000  5.066  3.007
11.240  8.000  5.541  2.909
11.250  9.000  5.870  3.182
11.260  10.000  5.621  3.605
11.270  11.000  5.511  4.787
11.280  12.000  7.478  6.893
11.290  13.000  8.699  9.861
11.300  14.000  8.224  14.047
11.310  15.000  9.718  19.296
11.320  15.000  10.199  26.596
11.330  15.000  11.911  35.265
11.340  15.000  13.603  44.199
11.350  15.000  14.185  54.829
11.360  15.000  14.674  67.956
11.370  15.000  15.894  80.861
11.380  15.000  15.351  92.805
11.390  15.000  15.512  105.078
11.400  15.000  15.044  116.214
11.410  15.000  14.918  127.060
11.420  15.000  15.303  137.575
11.430  15.000  14.294  147.184
11.440  15.000  15.185  157.664
11.450  15.000  14.980  170.182
11.460  15.000  16.376  182.013
11.470  15.000  15.595  192.911
11.480  15.000  15.252  203.525
11.490  15.000  15.181  212.898
11.500  15.000  14.952  222.724
11.510  15.000  15.165  232.272
11.520  15.000  15.617  241.503
11.530  15.000  15.965  250.984
11.540  15.000  15.684  260.214
11.550  15.000  15.084  269.021
11.560  15.000  15.100  277.518
11.570  15.000  16.104  285.792
11.580  15.000  16.218  293.772
11.590  15.000  15.795  301.394
11.600  15.000  15.260  308.721
11.610  15.000  15.181  315.880
11.620  15.000  15.077  323.118
11.630  15.000  15.697  330.426
11.640  15.000  15.970  337.258
11.650  15.000  15.435  344.123
11.660  15.000  15.706  350.788
11.670  15.000  15.377  357.102
11.680  15.000  15.258  363.284
11.690  15.000  15.428  369.068
11.700  15.000  15.516  375.020
11.710  15.000  15.001  380.763
11.720  15.000  15.379  386.179
11.730  15.000  15.374  391.303
11.740  15.000  15.595  396.250
11.750  15.000  15.418  401.289
11.760  15.000  15.339  406.358
11.770  15.000  15.638  411.364
11.780  15.000  15.505  416.335
11.790  15.000  15.746  421.351
11.800  15.000  15.630  426.216
11.810  15.000  15.693  430.800
11.820  15.000  15.313  434.991
11.830  15.000  15.225  439.007
11.840  15.000  15.429  443.038
11.850  15.000  15.355  446.931
11.860  15.000  14.845  450.945
11.870  15.000  15.476  454.524
11.880  15.000  15.398  457.526
11.890  15.000  15.343  460.400
11.900  15.000  15.554  463.117
11.910  15.000  15.635  466.034
11.920  15.000  15.553  468.975
11.930  15.000  15.641  471.790
11.940  15.000  15.913  474.548
11.950  15.000  15.760  477.156
11.960  15.000  15.626  479.607
11.970  15.000  15.161  482.139
11.980  15.000  16.016  484.323
11.990  15.000  15.533  486.090
12.000  15.000  15.672  487.528
12.010  15.000  15.380  488.559
12.020  15.000  15.321  489.538
12.030  15.000  15.302  490.475
12.040  15.000  15.287  491.331
12.050  15.000  15.712  491.949
12.060  15.000  15.613  492.575
12.070  15.000  15.342  493.202
12.080  15.000  15.181  493.735
12.090  15.000  15.392  494.289
12.100  15.000  15.551  494.716
12.110  15.000  15.516  495.176
12.120  15.000  15.401  495.719
12.130  15.000  15.169  496.248
12.140  15.000  15.344  496.586
12.150  15.000  15.168  496.764
12.160  15.000  15.640  496.747
12.170  15.000  15.104  496.658
12.180  15.000  14.884  496.629
12.190  15.000  15.243  496.463
12.200  15.000  15.438  496.096
12.210  15.000  15.281  495.660
12.220  5.000  15.068  495.300
12.230  5.000  14.729  494.411
12.240  5.000  12.174  492.176
12.250  5.000  10.723  488.794
12.260  5.000  11.079  484.190
12.270  5.000  11.071  478.525
12.280  5.000  11.086  472.534
12.290  5.000  10.644  466.419
12.300  5.000  10.438  460.358
12.310  5.000  9.843  454.358
12.320  5.000  9.730  448.353
12.330  5.000  9.562  442.245
12.340  5.000  9.409  435.706
12.350  5.000  9.357  429.183
12.360  5.000  9.186  422.742
12.370  5.000  9.237  416.259
12.380  5.000  9.253  410.041
12.390  5.000  9.088  404.121
12.400  5.000  9.190  397.845
12.410  5.000  9.083  391.300
12.420  5.000  8.965  385.198
12.430  5.000  8.888  378.735
12.440  5.000  8.843  372.459
12.450  5.000  8.439  366.245
12.460  5.000  8.425  360.042
12.470  5.000  8.330  354.248
12.480  5.000  8.136  348.057
12.490  5.000  7.987  342.062
12.500  5.000  8.031  336.024
12.510  5.000  8.097  329.521
12.520  5.000  7.931  323.394
12.530  5.000  7.885  317.684
12.540  5.000  7.782  312.177
12.550  5.000  7.640  306.266
12.560  5.000  7.612  299.730
12.570  5.000  7.436  293.199
12.580  5.000  7.320  287.510
12.590  5.000  7.251  281.748
12.600  5.000  7.242  275.298
12.610  5.000  7.167  269.660
12.620  5.000  7.138  263.927
12.630  5.000  7.062  258.111
12.640  5.000  6.997  253.006
12.650  5.000  6.894  247.331
12.660  5.000  6.934  241.529
12.670  5.000  6.787  236.232
12.680  5.000  6.707  230.934
12.690  5.000  6.713  225.568
12.700  5.000  6.526  220.149
12.710  5.000  6.433  215.000
12.720  5.000  6.375  209.725
12.730  5.000  6.304  204.430
12.740  5.000  6.195  199.513
12.750  5.000  6.124  194.529
12.760  5.000  6.048  189.573
12.770  5.000  6.004  184.716
12.780  5.000  5.875  179.577
12.790  5.000  5.839  174.050
12.800  5.000  5.789  169.081
12.810  5.000  5.779  164.124
12.820  5.000  5.687  158.648
12.830  5.000  5.633  153.814
12.840  5.000  5.564  149.025
12.850  5.000  5.333  144.151
12.860  5.000  5.426  139.509
12.870  5.000  5.388  134.351
12.880  5.000  5.224  129.479
12.890  5.000  5.214  124.730
12.900  5.000  5.112  120.045
12.910  5.000  4.997  115.737
12.920  5.000  5.027  111.313
12.930  5.000  4.929  106.820
12.940  5.000  4.744  102.521
12.950  5.000  4.823  98.365
12.960  5.000  4.742  94.001
12.970  5.000  4.755  89.720
12.980  5.000  4.647  85.539
12.990  5.000  4.682  81.454
13.000  5.000  4.522  77.384
13.010  5.000  4.529  73.274
13.020  5.000  4.539  69.384
13.030  5.000  4.405  65.124
13.040  5.000  4.456  60.759
13.050  5.000  4.386  56.870
13.060  5.000  4.296  52.966
13.070  5.000  4.238  49.129
13.080  5.000  4.240  45.038
13.090  5.000  4.177  41.092
13.100  5.000  4.107  37.601
13.110  5.000  4.112  34.099
13.120  5.000  4.088  30.772
13.130  5.000  4.081  27.491
13.140  5.000  4.118  24.191
13.150  5.000  4.114  21.013
13.160  5.000  4.001  17.329
13.170  5.000  3.960  13.734
13.180  5.000  3.915  10.650
13.190  5.000  3.862  7.515
13.200  5.000  3.955  3.956
13.210  5.000  3.921  0.440
13.220  5.000  3.901  -2.656
13.230  5.000  3.913  -5.652
13.240  5.000  3.948  -8.310
13.250  5.000  3.940  -11.135
13.260  5.000  3.843  -13.845
13.270  5.000  3.804  -16.233
13.280  5.000  3.830  -18.670
13.290  5.000  3.745  -21.006
13.300  5.000  3.709  -23.306
13.310  5.000  3.763  -25.597
13.320  5.000  3.830  -27.735
13.330  5.000  3.931  -29.750
13.340  5.000  3.980  -31.621
13.350  5.000  4.048  -33.312
13.360  5.000  3.973  -34.817
13.370  5.000  3.987  -36.109
13.380  5.000  3.951  -37.485
13.390  5.000  3.884  -39.098
13.400  5.000  3.777  -40.476
13.410  5.000  3.775  -41.700
13.420  5.000  3.882  -42.997
13.430  5.000  3.908  -44.073
13.440  5.000  4.057  -44.815
13.450  5.000  4.231  -45.228
13.460  5.000  4.355  -45.502
13.470  5.000  4.389  -45.621
13.480  5.000  4.237  -45.392
13.490  5.000  4.195  -44.922
13.500  5.000  4.349  -44.163
13.510  5.000  4.448  -43.353
13.520  5.000  4.213  -42.699
13.530  5.000  4.171  -42.005
13.540  5.000  4.082  -41.302
13.550  5.000  4.177  -40.729
13.560  5.000  4.150  -40.186
13.570  5.000  4.328  -39.324
13.580  5.000  4.618  -38.126
13.590  5.000  4.819  -36.828
13.600  5.000  4.429  -35.163
13.610  5.000  4.574  -33.191
13.620  5.000  4.798  -31.450
13.630  5.000  4.890  -29.804
13.640  5.000  5.027  -28.112
13.650  5.000  4.626  -26.223
13.660  5.000  4.701  -24.045
13.670  5.000  5.054  -21.953
13.680  5.000  5.173  -20.064
13.690  5.000  5.013  -18.140
13.700  5.000  4.896  -16.200
13.710  5.000  5.026  -14.157
13.720  5.000  5.159  -11.871
13.730  5.000  5.356  -9.788
13.740  5.000  5.168  -7.997
13.750  5.000  5.403  -6.384
13.760  5.000  5.040  -4.853
13.770  5.000  5.125  -3.123
13.780  5.000  5.083  -1.364
13.790  5.000  5.515  0.161
13.800  5.000  5.275  1.423
13.810  5.000  5.200  2.450
13.820  5.000  5.220  3.442
13.830  5.000  5.195  4.728
13.840  5.000  5.380  5.907
13.850  5.000  5.241  6.654
13.860  5.000  5.312  7.395
13.870  5.000  5.229  8.005
13.880  5.000  5.248  8.492
13.890  5.000  5.298  8.947
13.900  5.000  5.361  9.401
13.910  5.000  5.426  9.852
13.920  5.000  5.260  10.361
13.930  5.000  5.320  10.885
13.940  5.000  5.401  11.309
13.950  5.000  5.650  11.766
13.960  5.000  5.533  12.256
13.970  5.000  5.530  12.878
13.980  5.000  5.362  13.452
13.990  5.000  5.553  13.877
14.000  5.000  5.284  14.163
14.010  5.000  5.245  14.338
14.020  5.000  5.267  14.636
14.030  5.000  5.359  14.957
14.040  5.000  5.305  15.042
14.050  5.000  5.146  14.939
14.060  5.000  5.242  14.769
14.070  5.000  5.215  14.647
14.080  5.000  5.188  14.417
14.090  5.000  5.314  13.971
14.100  5.000  5.272  13.309
14.110  5.000  5.245  12.400
14.120  5.000  5.138  11.664
14.130  5.000  5.021  11.060
14.140  5.000  5.243  10.149
14.150  5.000  5.120  9.152
14.160  5.000  5.046  8.232
14.170  5.000  4.943  7.276
14.180  5.000  5.026  6.397
14.190  5.000  5.201  5.355
14.200  5.000  5.022  4.226
14.210  5.000  4.923  3.243
14.220  5.000  4.817  2.201
14.230  6.000  5.021  1.163
14.240  7.000  5.079  0.257
14.250  8.000  5.501  -0.185
14.260  9.000  5.804  0.019
14.270  10.000  5.702  0.514
14.280  11.000  5.680  1.682
14.290  12.000  7.314  3.803
14.300  13.000  8.250  6.633
14.310  14.000  8.124  10.418
14.320  15.000  10.115  15.581
14.330  15.000  10.787  22.480
14.340  15.000  11.725  30.894
14.350  15.000  13.067  40.134
14.360  15.000  14.402  50.059
14.370  15.000  14.769  61.306
14.380  15.000  14.993  74.432
14.390  15.000  15.499  87.656
14.400  15.000  15.623  99.050
14.410  15.000  15.147  110.579
14.420  15.000  15.726  122.442
14.430  15.000  14.435  133.361
14.440  15.000  15.023  143.408
14.450  15.000  15.573  152.985
14.460  15.000  15.487  163.220
14.470  15.000  14.882  173.597
14.480  15.000  15.579  183.375
14.490  15.000  14.957  193.405
14.500  15.000  14.835  203.372
14.510  15.000  14.647  212.846
14.520  15.000  15.799  222.066
14.530  15.000  16.046  230.756
14.540  15.000  15.606  239.121
14.550  15.000  15.650  247.434
14.560  15.000  15.993  255.720
14.570  15.000  15.343  264.304
14.580  15.000  14.941  273.995
14.590  15.000  14.638  283.986
14.600  15.000  15.567  292.689
14.610  15.000  15.886  300.355
14.620  15.000  15.831  308.057
14.630  15.000  15.469  315.881
14.640  15.000  16.487  323.206
14.650  15.000  15.451  330.314
14.660  15.000  15.158  337.540
14.670  15.000  14.970  344.718
14.680  15.000  16.651  351.390
14.690  15.000  15.286  358.360
14.700  15.000  15.200  365.757
14.710  15.000  15.421  372.342
14.720  15.000  15.540  378.343
14.730  15.000  15.290  384.198
14.740  15.000  15.668  389.776
14.750  15.000  15.532  395.123
14.760  15.000  15.247  400.384
14.770  15.000  15.497  405.404
14.780  15.000  15.913  410.095
14.790  15.000  15.551  414.876
14.800  15.000  15.578  420.002
14.810  15.000  15.298  424.959
14.820  15.000  15.245  429.524
14.830  15.000  14.907  434.045
14.840  15.000  15.942  438.235
14.850  15.000  15.319  442.385
14.860  15.000  15.459  446.408
14.870  15.000  15.072  449.916
14.880  15.000  15.619  453.209
14.890  15.000  15.188  456.347
14.900  15.000  15.608  459.343
14.910  15.000  15.349  461.961
14.920  15.000  15.815  464.304
14.930  15.000  15.438  466.873
14.940  15.000  15.848  469.758
14.950  15.000  15.501  472.554
14.960  15.000  15.815  475.170
14.970  15.000  15.562  477.792
14.980  15.000  15.555  480.192
14.990  15.000  15.580  482.241
15.000  15.000  15.934  484.009
15.010  15.000  15.538  485.324
15.020  15.000  15.947  486.346
15.030  15.000  15.237  487.209
15.040  15.000  15.482  488.111
15.050  15.000  15.479  488.881
15.060  15.000  15.559  489.525
15.070  15.000  15.406  490.204
15.080  15.000  15.376  490.844
15.090  15.000  15.264  491.445
15.100  15.000  15.427  491.959
15.110  15.000  15.477  492.308
15.120  15.000  15.603  492.479
15.130  15.000  15.303  492.625
15.140  15.000  15.001  492.656
15.150  15.000  15.294  492.614
15.160  15.000  15.340  492.634
15.170  15.000  15.118  492.700
15.180  15.000  15.110  492.667
15.190  15.000  15.241  492.321
15.200  15.000  15.388  491.875
15.210  15.000  15.013  491.428
15.220  15.000  15.055  490.930
15.230  5.000  15.178  490.461
15.240  5.000  14.745  489.665
15.250  5.000  12.157  487.450
15.260  5.000  10.749  484.138
15.270  5.000  11.037  479.320
15.280  5.000  11.024  473.327
15.290  5.000  11.193  467.305
15.300  5.000  10.619  461.205
15.310  5.000  10.207  455.286
15.320  5.000  9.749  448.692
15.330  5.000  9.635  441.995
15.340  5.000  9.386  435.850
15.350  5.000  9.560  429.884
15.360  5.000  9.552  423.820
15.370  5.000  9.324  417.230
15.380  5.000  9.293  410.515
15.390  5.000  9.202  404.171
15.400  5.000  9.191  397.632
15.410  5.000  9.148  391.175
15.420  5.000  8.953  384.824
15.430  5.000  9.076  378.327
15.440  5.000  8.896  371.755
15.450  5.000  8.547  365.561
15.460  5.000  8.481  359.722
15.470  5.000  8.472  353.431
15.480  5.000  8.333  347.536
15.490  5.000  8.273  341.443
15.500  5.000  8.228  335.338
15.510  5.000  8.230  329.732
15.520  5.000  8.074  323.385
15.530  5.000  7.927  317.202
15.540  5.000  7.719  311.693
15.550  5.000  7.729  306.140
15.560  5.000  7.590  300.623
15.570  5.000  7.476  295.002
15.580  5.000  7.509  289.520
15.590  5.000  7.314  283.740
15.600  5.000  7.301  277.563
15.610  5.000  7.328  271.432
15.620  5.000  7.205  265.756
15.630  5.000  7.079  260.560
15.640  5.000  6.971  254.873
15.650  5.000  6.981  249.203
15.660  5.000  6.831  243.888
15.670  5.000  6.825  238.591
15.680  5.000  6.683  232.942
15.690  5.000  6.602  227.540
15.700  5.000  6.490  222.580
15.710  5.000  6.382  217.510
15.720  5.000  6.285  212.648
15.730  5.000  6.265  207.946
15.740  5.000  6.230  202.844
15.750  5.000  6.151  197.657
15.760  5.000  6.092  192.463
15.770  5.000  6.037  187.183
15.780  5.000  5.910  181.811
15.790  5.000  5.812  176.631
15.800  5.000  5.830  171.886
15.810  5.000  5.752  166.543
15.820  5.000  5.777  161.384
15.830  5.000  5.595  156.383
15.840  5.000  5.528  151.324
15.850  5.000  5.590  146.724
15.860  5.000  5.494  142.268
15.870  5.000  5.393  137.681
15.880  5.000  5.312  133.053
15.890  5.000  5.262  128.540
15.900  5.000  5.180  124.052
15.910  5.000  5.077  119.578
15.920  5.000  5.061  114.687
15.930  5.000  4.946  109.947
15.940  5.000  4.930  105.620
15.950  5.000  4.926  101.259
15.960  5.000  4.775  97.141
15.970  5.000  4.677  92.655
15.980  5.000  4.734  88.030
15.990  5.000  4.656  83.525
16.000  5.000  4.574  78.625
16.010  5.000  4.624  74.032
16.020  5.000  4.530  69.927
16.030  5.000  4.548  65.945
16.040  5.000  4.427  62.074
16.050  5.000  4.409  58.148
16.060  5.000  4.439  53.769
16.070  5.000  4.321  49.642
16.080  5.000  4.274  45.880
16.090  5.000  4.186  41.869
16.100  5.000  4.186  37.902
16.110  5.000  4.113  34.091
16.120  5.000  4.129  30.383
16.130  5.000  4.122  26.830
16.140  5.000  4.114  23.464
16.150  5.000  4.097  19.739
16.160  5.000  4.109  15.984
16.170  5.000  4.019  12.655
16.180  5.000  3.962  9.270
16.190  5.000  3.881  5.926
16.200  5.000  3.860  2.772
16.210  5.000  3.853  -0.225
16.220  5.000  3.861  -3.317
16.230  5.000  3.917  -6.371
16.240  5.000  3.943  -9.405
16.250  5.000  3.961  -12.358
16.260  5.000  3.957  -14.944
16.270  5.000  3.870  -17.632
16.280  5.000  3.789  -20.178
16.290  5.000  3.737  -22.610
16.300  5.000  3.746  -25.030
16.310  5.000  3.747  -27.443
16.320  5.000  3.803  -29.882
16.330  5.000  3.851  -31.999
16.340  5.000  3.928  -33.980
16.350  5.000  3.908  -35.757
16.360  5.000  3.996  -37.485
16.370  5.000  3.960  -39.183
16.380  5.000  3.987  -40.645
16.390  5.000  3.962  -41.934
16.400  5.000  3.853  -43.242
16.410  5.000  3.752  -44.542
16.420  5.000  3.841  -45.863
16.430  5.000  3.835  -47.014
16.440  5.000  3.934  -47.905
16.450  5.000  4.162  -48.638
16.460  5.000  4.392  -49.131
16.470  5.000  4.448  -49.585
16.480  5.000  4.224  -49.792
16.490  5.000  4.186  -49.609
16.500  5.000  4.180  -49.028
16.510  5.000  4.563  -48.332
16.520  5.000  4.364  -47.724
16.530  5.000  4.251  -46.880
16.540  5.000  4.075  -46.052
16.550  5.000  4.255  -45.443
16.560  5.000  4.191  -44.767
16.570  5.000  4.316  -43.994
16.580  5.000  4.317  -43.081
16.590  5.000  4.566  -42.010
16.600  5.000  4.470  -40.815
16.610  5.000  4.686  -39.606
16.620  5.000  4.688  -38.346
16.630  5.000  4.768  -36.852
16.640  5.000  4.829  -35.567
16.650  5.000  4.866  -34.362
16.660  5.000  4.918  -32.758
16.670  5.000  4.883  -30.926
16.680  5.000  4.836  -28.907
16.690  5.000  4.898  -26.936
16.700  5.000  5.225  -25.149
16.710  5.000  5.088  -23.549
16.720  5.000  4.958  -21.959
16.730  5.000  4.963  -20.192
16.740  5.000  5.148  -18.361
16.750  5.000  5.145  -16.595
16.760  5.000  5.107  -14.944
16.770  5.000  5.186  -13.310
16.780  5.000  5.180  -11.640
16.790  5.000  5.245  -10.068
16.800  5.000  5.150  -8.640
16.810  5.000  5.108  -7.093
16.820  5.000  5.143  -5.364
16.830  5.000  5.116  -3.605
16.840  5.000  5.085  -1.919
16.850  5.000  5.292  -0.452
16.860  5.000  5.448  0.630
16.870  5.000  5.228  1.651
16.880  5.000  5.240  2.830
16.890  5.000  5.241  3.917
16.900  5.000  5.301  4.669
16.910  5.000  5.270  5.167
16.920  5.000  5.206  5.668
16.930  5.000  5.257  6.277
16.940  5.000  5.417  6.851
16.950  5.000  5.412  7.390
16.960  5.000  5.461  7.878
16.970  5.000  5.296  8.213
16.980  5.000  5.497  8.646
16.990  5.000  5.420  9.219
17.000  5.000  5.480  9.889
17.010  5.000  5.339  10.457
17.020  5.000  5.526  10.733
17.030  5.000  5.351  10.740
17.040  5.000  5.436  10.732
17.050  5.000  5.436  10.709
17.060  5.000  5.197  10.714
17.070  5.000  5.216  10.661
17.080  5.000  5.418  10.340
17.090  5.000  5.367  10.013
17.100  5.000  5.241  9.672
17.110  5.000  5.108  9.407
17.120  5.000  5.166  9.179
17.130  5.000  5.351  8.940
17.140  5.000  5.145  8.645
17.150  5.000  5.181  7.984
17.160  5.000  5.026  7.128
17.170  5.000  5.234  6.251
17.180  5.000  5.242  5.266
17.190  5.000  5.066  4.272
17.200  5.000  5.003  3.418
17.210  5.000  5.036  2.617
17.220  5.000  5.080  1.595
17.230  5.000  5.077  0.497
17.240  6.000  4.998  -0.463
17.250  7.000  5.028  -1.252
17.260  8.000  5.315  -1.668
17.270  9.000  6.007  -1.519
17.280  10.000  5.750  -0.994
17.290  11.000  5.603  0.217
17.300  12.000  7.268  2.344
17.310  13.000  8.213  5.156
17.320  14.000  8.120  8.945
17.330  15.000  10.301  13.819
17.340  15.000  10.626  20.562
17.350  15.000  11.533  28.992
17.360  15.000  13.110  38.319
17.370  15.000  14.109  49.047
17.380  15.000  15.569  60.553
17.390  15.000  15.756  71.704
17.400  15.000  14.759  84.290
17.410  15.000  14.334  96.994
17.420  15.000  15.028  108.108
17.430  15.000  16.101  119.554
17.440  15.000  15.522  131.160
17.450  15.000  15.852  142.001
17.460  15.000  14.281  152.313
17.470  15.000  14.319  162.458
17.480  15.000  15.156  172.445
17.490  15.000  15.621  183.116
17.500  15.000  15.134  193.953
17.510  15.000  16.212  203.874
17.520  15.000  14.961  213.706
17.530  15.000  15.693  222.743
17.540  15.000  15.099  230.893
17.550  15.000  15.398  239.825
17.560  15.000  15.419  249.345
17.570  15.000  15.619  258.595
17.580  15.000  15.675  267.370
17.590  15.000  15.263  276.211
17.600  15.000  14.494  284.923
17.610  15.000  16.015  293.327
17.620  15.000  15.454  301.938
17.630  15.000  15.832  310.120
17.640  15.000  16.179  317.536
17.650  15.000  16.251  324.564
17.660  15.000  15.264  331.227
17.670  15.000  15.142  337.903
17.680  15.000  15.392  344.602
17.690  15.000  15.656  351.472
17.700  15.000  15.879  358.203
17.710  15.000  15.785  364.412
17.720  15.000  15.023  370.444
17.730  15.000  15.000  376.619
17.740  15.000  15.475  382.666
17.750  15.000  15.806  388.524
17.760  15.000  15.847  394.106
17.770  15.000  15.325  399.355
17.780  15.000  15.099  404.570
17.790  15.000  15.821  409.534
17.800  15.000  15.520  414.405
17.810  15.000  16.130  419.217
17.820  15.000  15.281  423.806
17.830  15.000  15.029  428.118
17.840  15.000  15.109  432.339
17.850  15.000  15.742  436.529
17.860  15.000  15.653  440.212
17.870  15.000  15.524  443.500
17.880  15.000  14.965  446.907
17.890  15.000  14.914  450.320
17.900  15.000  15.448  453.390
17.910  15.000  15.910  456.041
17.920  15.000  15.673  458.723
17.930  15.000  15.513  461.595
17.940  15.000  15.773  464.466
17.950  15.000  15.714  467.225
17.960  15.000  15.789  469.757
17.970  15.000  15.976  472.085
17.980  15.000  15.449  474.163
17.990  15.000  15.348  476.127
18.000  15.000  15.304  478.104
18.010  15.000  15.471  480.101
18.020  15.000  15.352  481.867
18.030  15.000  15.038  483.213
18.040  15.000  15.409  484.378
18.050  15.000  15.316  485.569
18.060  15.000  15.531  486.553
18.070  15.000  15.440  487.217
18.080  15.000  15.527  487.893
18.090  15.000  15.340  488.621
18.100  15.000  15.521  489.324
18.110  15.000  15.374  489.945
18.120  15.000  15.346  490.538
18.130  15.000  15.315  491.171
18.140  15.000  15.564  491.551
18.150  15.000  15.456  491.693
18.160  15.000  15.292  491.812
18.170  15.000  15.102  492.132
18.180  15.000  15.334  492.549
18.190  15.000  15.102  492.702
18.200  15.000  15.475  492.574
18.210  15.000  15.087  492.297
18.220  15.000  14.938  492.050
18.230  15.000  15.164  491.800
18.240  5.000  15.161  491.438
18.250  5.000  14.887  490.732
18.260  5.000  12.090  488.975
18.270  5.000  10.568  485.303
18.280  5.000  10.952  479.547
18.290  5.000  11.192  473.374
18.300  5.000  11.138  467.258
18.310  5.000  10.710  460.986
18.320  5.000  10.451  454.887
18.330  5.000  9.808  448.547
18.340  5.000  9.726  442.384
18.350  5.000  9.628  435.868
18.360  5.000  9.587  428.623
18.370  5.000  9.459  421.963
18.380  5.000  9.337  415.348
18.390  5.000  9.253  408.685
18.400  5.000  9.230  402.222
18.410  5.000  9.198  395.721
18.420  5.000  9.038  389.147
18.430  5.000  8.932  382.755
18.440  5.000  8.879  376.413
18.450  5.000  8.744  370.055
18.460  5.000  8.539  363.833
18.470  5.000  8.448  357.661
18.480  5.000  8.374  351.746
18.490  5.000  8.496  345.287
18.500  5.000  8.285  339.133
18.510  5.000  8.227  333.553
18.520  5.000  8.030  327.792
18.530  5.000  7.907  321.560
18.540  5.000  7.927  315.266
18.550  5.000  7.787  309.308
18.560  5.000  7.749  303.703
18.570  5.000  7.547  297.798
18.580  5.000  7.468  291.675
18.590  5.000  7.454  286.164
18.600  5.000  7.331  280.324
18.610  5.000  7.373  273.988
18.620  5.000  7.263  268.088
18.630  5.000  7.107  262.757
18.640  5.000  7.050  256.962
18.650  5.000  6.937  251.315
18.660  5.000  6.979  245.780
18.670  5.000  6.860  240.061
18.680  5.000  6.674  234.479
18.690  5.000  6.619  228.919
18.700  5.000  6.509  223.509
18.710  5.000  6.446  217.891
18.720  5.000  6.425  212.651
18.730  5.000  6.304  207.746
18.740  5.000  6.280  202.803
18.750  5.000  6.159  197.802
18.760  5.000  6.174  192.853
18.770  5.000  6.075  187.942
18.780  5.000  6.072  182.778
18.790  5.000  5.886  177.869
18.800  5.000  5.959  172.738
18.810  5.000  5.823  167.596
18.820  5.000  5.842  162.595
18.830  5.000  5.675  157.627
18.840  5.000  5.608  153.167
18.850  5.000  5.573  148.242
18.860  5.000  5.560  142.905
18.870  5.000  5.513  137.404
18.880  5.000  5.384  132.599
18.890  5.000  5.266  127.975
18.900  5.000  5.287  123.113
18.910  5.000  5.153  118.741
18.920  5.000  5.100  113.976
18.930  5.000  5.098  108.843
18.940  5.000  4.967  104.054
18.950  5.000  4.888  99.781
18.960  5.000  4.811  95.192
18.970  5.000  4.879  90.602
18.980  5.000  4.832  86.102
18.990  5.000  4.777  81.429
19.000  5.000  4.675  77.141
19.010  5.000  4.585  72.993
19.020  5.000  4.542  68.978
19.030  5.000  4.470  65.032
19.040  5.000  4.486  61.059
19.050  5.000  4.457  57.153
19.060  5.000  4.501  53.248
19.070  5.000  4.399  49.217
19.080  5.000  4.328  44.739
19.090  5.000  4.284  40.309
19.100  5.000  4.117  36.494
19.110  5.000  4.093  32.861
19.120  5.000  4.133  29.208
19.130  5.000  4.244  25.689
19.140  5.000  4.164  22.160
19.150  5.000  4.081  18.686
19.160  5.000  4.123  15.498
19.170  5.000  4.102  12.070
19.180  5.000  4.055  8.676
19.190  5.000  3.977  5.408
19.200  5.000  3.892  2.053
19.210  5.000  3.927  -1.330
19.220  5.000  3.916  -4.563
19.230  5.000  3.881  -7.447
19.240  5.000  3.950  -10.462
19.250  5.000  3.963  -13.587
19.260  5.000  3.896  -16.398
19.270  5.000  3.961  -18.858
19.280  5.000  3.851  -21.312
19.290  5.000  3.798  -23.745
19.300  5.000  3.817  -26.371
19.310  5.000  3.772  -29.054
19.320  5.000  3.751  -31.405
19.330  5.000  3.769  -33.611
19.340  5.000  3.836  -35.715
19.350  5.000  3.915  -37.741
19.360  5.000  3.869  -39.709
19.370  5.000  4.030  -41.583
19.380  5.000  4.043  -43.195
19.390  5.000  4.008  -44.600
19.400  5.000  3.955  -45.927
19.410  5.000  3.780  -47.221
19.420  5.000  3.776  -48.511
19.430  5.000  3.790  -49.765
19.440  5.000  3.848  -51.049
19.450  5.000  3.953  -52.180
19.460  5.000  4.161  -52.930
19.470  5.000  4.150  -53.380
19.480  5.000  4.228  -53.665
19.490  5.000  4.414  -53.585
19.500  5.000  4.333  -53.343
19.510  5.000  4.209  -53.195
19.520  5.000  4.335  -52.746
19.530  5.000  4.349  -52.052
19.540  5.000  4.167  -51.312
19.550  5.000  4.324  -50.600
19.560  5.000  4.151  -49.776
19.570  5.000  4.109  -48.736
19.580  5.000  4.282  -47.709
19.590  5.000  4.397  -46.832
19.600  5.000  4.472  -45.870
19.610  5.000  4.604  -44.834
19.620  5.000  4.661  -43.845
19.630  5.000  4.787  -42.765
19.640  5.000  4.703  -41.546
19.650  5.000  4.752  -39.976
19.660  5.000  4.708  -38.061
19.670  5.000  4.891  -36.083
19.680  5.000  4.843  -34.164
19.690  5.000  4.883  -32.299
19.700  5.000  4.955  -30.500
19.710  5.000  5.130  -28.679
19.720  5.000  5.029  -26.978
19.730  5.000  5.026  -25.353
19.740  5.000  5.181  -23.605
19.750  5.000  5.113  -21.677
19.760  5.000  5.065  -19.812
19.770  5.000  5.361  -18.380
19.780  5.000  5.253  -16.827
19.790  5.000  5.084  -14.958
19.800  5.000  5.123  -13.277
19.810  5.000  5.181  -11.952
19.820  5.000  5.269  -10.831
19.830  5.000  5.153  -9.664
19.840  5.000  5.223  -8.597
19.850  5.000  5.238  -7.766
19.860  5.000  5.368  -6.992
19.870  5.000  5.257  -6.385
19.880  5.000  5.286  -5.862
19.890  5.000  5.387  -5.415
19.900  5.000  5.517  -5.014
19.910  5.000  5.145  -4.323
19.920  5.000  5.177  -3.665
19.930  5.000  5.271  -3.271
19.940  5.000  5.401  -2.902
19.950  5.000  5.343  -2.478
19.960  5.000  5.596  -2.244
19.970  5.000  5.319  -1.889
19.980  5.000  5.449  -1.236
19.990  5.000  5.321  -0.481
20.000  5.000  5.557  0.086
20.010  5.000  5.418  0.395
20.020  5.000  5.306  0.718
20.030  5.000  5.307  0.921
20.040  5.000  5.229  1.017
20.050  5.000  5.296  1.082
20.060  5.000  5.285  1.189
20.070  5.000  5.261  1.314
20.080  5.000  5.355  1.096
20.090  5.000  5.427  0.569
20.100  5.000  5.180  0.041
20.110  5.000  5.034  -0.427
20.120  5.000  5.296  -0.867
20.130  5.000  5.219  -1.369
20.140  5.000  5.077  -1.976
20.150  5.000  5.212  -2.575
20.160  5.000  5.245  -3.143
20.170  5.000  5.082  -3.680
20.180  5.000  5.115  -4.441
20.190  5.000  5.016  -5.413
20.200  5.000  5.164  -6.353
20.210  5.000  5.010  -7.304
20.220  5.000  4.966  -8.203
20.230  5.000  4.928  -9.192
20.240  5.000  5.063  -10.227
20.250  6.000  4.985  -11.208
20.260  7.000  5.090  -11.995
20.270  8.000  5.454  -12.206
20.280  9.000  6.206  -11.960
20.290  10.000  5.595  -11.454
20.300  11.000  5.510  -10.320
20.310  12.000  7.088  -8.214
20.320  13.000  8.358  -5.033
20.330  14.000  8.288  -0.835
20.340  15.000  10.218  4.308
20.350  15.000  10.252  11.196
20.360  15.000  11.659  19.628
20.370  15.000  13.906  28.713
20.380  15.000  13.440  39.035
20.390  15.000  14.442  50.870
20.400  15.000  16.077  62.947
20.410  15.000  15.806  73.976
20.420  15.000  15.216  85.194
20.430  15.000  14.897  96.943
20.440  15.000  14.844  108.862
20.450  15.000  15.117  122.182
20.460  15.000  15.259  134.958
20.470  15.000  15.854  145.612
20.480  15.000  16.075  155.711
20.490  15.000  13.971  167.366
20.500  15.000  15.563  178.730
20.510  15.000  15.916  187.882
20.520  15.000  14.950  197.212
20.530  15.000  15.555  206.833
20.540  15.000  15.356  216.412
20.550  15.000  15.042  226.625
20.560  15.000  16.126  236.779
20.570  15.000  15.364  246.246
20.580  15.000  15.114  254.851
20.590  15.000  14.927  262.738
20.600  15.000  15.601  270.972
20.610  15.000  15.571  279.453
20.620  15.000  15.613  287.888
20.630  15.000  16.048  295.999
20.640  15.000  15.908  303.878
20.650  15.000  15.463  311.490
20.660  15.000  14.712  318.759
20.670  15.000  14.962  326.295
20.680  15.000  16.023  333.790
20.690  15.000  15.761  341.023
20.700  15.000  15.713  348.335
20.710  15.000  15.875  355.116
20.720  15.000  14.809  361.441
20.730  15.000  15.565  367.832
20.740  15.000  15.946  373.845
20.750  15.000  15.335  379.540
20.760  15.000  15.075  384.952
20.770  15.000  15.671  390.206
20.780  15.000  15.229  395.448
20.790  15.000  15.411  400.716
20.800  15.000  15.866  405.843
20.810  15.000  15.716  410.725
20.820  15.000  15.762  415.537
20.830  15.000  15.074  420.361
20.840  15.000  15.748  424.903
20.850  15.000  15.386  429.145
20.860  15.000  15.446  433.125
20.870  15.000  15.104  436.747
20.880  15.000  15.250  440.322
20.890  15.000  15.249  443.922
20.900  15.000  15.499  447.158
20.910  15.000  15.470  450.126
20.920  15.000  15.280  453.130
20.930  15.000  15.347  456.110
20.940  15.000  15.404  459.175
20.950  15.000  15.936  462.188
20.960  15.000  15.842  464.882
20.970  15.000  16.171  467.367
20.980  15.000  15.651  469.693
20.990  15.000  15.366  472.074
21.000  15.000  15.249  474.523
21.010  15.000  15.275  476.902
21.020  15.000  15.762  479.192
21.030  15.000  15.468  481.253
21.040  15.000  15.203  482.980
21.050  15.000  15.103  484.497
21.060  15.000  15.439  486.009
21.070  15.000  15.500  487.320
21.080  15.000  15.348  488.360
21.090  15.000  15.332  489.295
21.100  15.000  15.367  490.238
21.110  15.000  15.481  491.229
21.120  15.000  15.583  492.012
21.130  15.000  15.350  492.483
21.140  15.000  15.386  492.946
21.150  15.000  15.423  493.362
21.160  15.000  15.662  493.674
21.170  15.000  15.422  493.978
21.180  15.000  15.302  494.184
21.190  15.000  15.132  494.202
21.200  15.000  15.629  494.164
21.210  15.000  15.207  494.183
21.220  15.000  15.113  494.200
21.230  15.000  15.100  494.119
21.240  15.000  15.265  493.899
21.250  5.000  15.475  493.557
21.260  5.000  14.874  492.821
21.270  5.000  12.105  490.964
21.280  5.000  10.505  487.649
21.290  5.000  11.059  483.085
21.300  5.000  11.154  477.258
21.310  5.000  11.047  470.797
21.320  5.000  10.442  464.498
21.330  5.000  10.319  458.384
21.340  5.000  9.986  451.842
21.350  5.000  9.696  445.392
21.360  5.000  9.494  439.374
21.370  5.000  9.581  433.316
21.380  5.000  9.421  427.186
21.390  5.000  9.227  420.909
21.400  5.000  9.079  414.825
21.410  5.000  9.140  408.887
21.420  5.000  9.026  402.498
21.430  5.000  8.971  395.887
21.440  5.000  8.952  389.739
21.450  5.000  8.777  383.877
21.460  5.000  8.654  377.558
21.470  5.000  8.610  371.396
21.480  5.000  8.561  365.870
21.490  5.000  8.366  359.707
21.500  5.000  8.395  353.424
21.510  5.000  8.237  347.938
21.520  5.000  8.274  342.579
21.530  5.000  8.142  336.582
21.540  5.000  7.979  329.977
21.550  5.000  7.954  324.060
21.560  5.000  7.840  318.273
21.570  5.000  7.696  311.901
21.580  5.000  7.566  305.646
21.590  5.000  7.547  299.464
21.600  5.000  7.423  293.832
21.610  5.000  7.453  288.565
21.620  5.000  7.292  282.973
21.630  5.000  7.301  277.234
21.640  5.000  7.082  271.599
21.650  5.000  7.108  266.324
21.660  5.000  6.960  260.848
21.670  5.000  6.966  255.566
21.680  5.000  6.837  250.761
21.690  5.000  6.832  245.756
21.700  5.000  6.754  240.144
21.710  5.000  6.687  234.576
21.720  5.000  6.645  229.602
21.730  5.000  6.497  223.985
21.740  5.000  6.470  218.610
21.750  5.000  6.406  213.383
21.760  5.000  6.295  207.932
21.770  5.000  6.176  202.991
21.780  5.000  6.150  197.808
21.790  5.000  6.082  192.216
21.800  5.000  6.003  186.989
21.810  5.000  5.814  181.795
21.820  5.000  5.847  176.663
21.830  5.000  5.755  171.858
21.840  5.000  5.755  166.962
21.850  5.000  5.705  162.239
21.860  5.000  5.605  157.565
21.870  5.000  5.541  152.624
21.880  5.000  5.527  147.759
21.890  5.000  5.427  143.265
21.900  5.000  5.291  138.745
21.910  5.000  5.315  134.258
21.920  5.000  5.195  129.458
21.930  5.000  5.105  124.266
21.940  5.000  5.042  119.435
21.950  5.000  5.051  114.680
21.960  5.000  5.020  110.008
21.970  5.000  4.918  105.661
21.980  5.000  4.909  101.346
21.990  5.000  4.746  97.106
22.000  5.000  4.750  92.770
22.010  5.000  4.633  88.484
22.020  5.000  4.630  84.426
22.030  5.000  4.530  80.351
22.040  5.000  4.557  76.317
22.050  5.000  4.543  72.252
22.060  5.000  4.494  68.264
22.070  5.000  4.434  64.267
22.080  5.000  4.389  60.276
22.090  5.000  4.257  56.563
22.100  5.000  4.292  52.824
22.110  5.000  4.221  49.081
22.120  5.000  4.214  45.434
22.130  5.000  4.167  41.716
