# covent_pc_8
# Captured 2020-06-19 00:27:16.402073 by unknown user
# Built at revision 5aae642 (dirty)
time(sec)  pc_setpoint  pressure  volume
0.000  10.000  9.947  10.265
0.010  10.000  9.164  9.573
0.020  10.000  9.358  9.135
0.030  10.000  10.312  9.088
0.040  10.000  10.510  9.115
0.050  10.000  9.819  8.790
0.060  10.000  9.181  8.479
0.070  10.000  9.486  8.650
0.080  10.000  10.847  9.080
0.090  10.000  10.872  9.343
0.100  10.000  9.625  9.324
0.110  10.000  8.887  9.404
0.120  10.000  9.864  9.765
0.130  10.000  11.021  10.161
0.140  10.000  10.940  10.285
0.150  10.000  9.514  9.996
0.160  10.000  8.886  9.579
0.170  10.000  9.924  9.530
0.180  10.000  11.299  9.727
0.190  10.000  11.118  9.624
0.200  10.000  9.376  9.219
0.210  10.000  8.717  8.791
0.220  10.000  9.793  8.634
0.230  10.000  11.110  8.690
0.240  10.000  10.927  8.377
0.250  10.000  9.175  7.716
0.260  10.000  8.771  7.344
0.270  10.000  9.983  7.354
0.280  10.000  10.882  7.380
0.290  10.000  10.719  7.021
0.300  10.000  9.373  6.272
0.310  10.000  8.827  5.760
0.320  10.000  9.892  5.685
0.330  10.000  11.214  5.825
0.340  10.000  11.023  5.650
0.350  10.000  9.011  5.003
0.360  10.000  8.659  4.436
0.370  10.000  10.003  4.356
0.380  10.000  11.324  4.694
0.390  10.000  10.688  4.815
0.400  10.000  8.906  4.465
0.410  10.000  8.521  4.091
0.420  10.000  10.494  4.237
0.430  10.000  11.643  4.650
0.440  10.000  10.770  4.714
0.450  10.000  8.598  4.367
0.460  10.000  8.296  4.067
0.470  10.000  10.696  4.321
0.480  10.000  11.763  4.835
0.490  10.000  10.754  4.979
0.500  10.000  8.500  4.646
0.510  10.000  8.500  4.370
0.520  10.000  10.664  4.499
0.530  10.000  11.999  4.576
0.540  10.000  10.815  4.209
0.550  10.000  8.614  3.446
0.560  10.000  8.659  2.762
0.570  10.000  10.486  2.471
0.580  10.000  11.355  2.396
0.590  10.000  10.527  2.145
0.600  10.000  8.688  1.436
0.610  10.000  8.775  0.800
0.620  10.000  10.558  0.787
0.630  10.000  11.278  0.938
0.640  10.000  10.338  0.555
0.650  10.000  8.792  -0.100
0.660  10.000  8.804  -0.439
0.670  10.000  10.671  -0.285
0.680  10.000  11.266  0.136
0.690  10.000  9.924  0.147
0.700  10.000  8.768  -0.280
0.710  10.000  9.053  -0.443
0.720  10.000  11.129  -0.133
0.730  10.000  11.150  0.300
0.740  10.000  9.660  0.404
0.750  10.000  8.322  0.226
0.760  10.000  9.641  0.275
0.770  10.000  11.575  0.709
0.780  10.000  11.413  0.946
0.790  10.000  9.287  0.550
0.800  10.000  8.501  -0.039
0.810  10.000  9.578  -0.323
0.820  10.000  11.346  -0.233
0.830  10.000  11.599  -0.360
0.840  10.000  9.290  -0.962
0.850  10.000  8.652  -1.631
0.860  10.000  9.481  -1.914
0.870  10.000  11.060  -1.788
0.880  10.000  10.976  -1.844
0.890  10.000  9.447  -2.304
0.900  10.000  8.634  -2.836
0.910  10.000  9.899  -3.092
0.920  10.000  11.172  -3.017
0.930  10.000  11.050  -3.311
0.940  10.000  9.216  -3.989
0.950  10.000  8.676  -4.522
0.960  10.000  9.667  -4.524
0.970  10.000  11.371  -4.154
0.980  10.000  10.922  -4.128
0.990  10.000  9.062  -4.647
1.000  10.000  8.445  -5.288
1.010  10.000  10.075  -5.278
1.020  10.000  11.459  -4.706
1.030  10.000  10.947  -4.447
1.040  10.000  8.916  -4.737
1.050  10.000  8.147  -4.808
1.060  10.000  10.255  -4.235
1.070  10.000  11.578  -3.535
1.080  10.000  11.080  -3.341
1.090  10.000  8.926  -3.771
1.100  10.000  8.505  -4.284
1.110  10.000  10.354  -4.153
1.120  10.000  11.673  -3.579
1.130  10.000  10.762  -3.391
1.140  10.000  8.587  -3.920
1.150  10.000  8.490  -4.442
1.160  10.000  10.750  -4.437
1.170  10.000  11.843  -4.269
1.180  10.000  10.710  -4.618
1.190  10.000  8.534  -5.355
1.200  10.000  8.584  -5.843
1.210  10.000  10.728  -5.961
1.220  10.000  11.250  -6.056
1.230  10.000  10.381  -6.483
1.240  10.000  8.612  -7.069
1.250  10.000  8.832  -7.494
1.260  10.000  10.795  -7.492
1.270  10.000  11.362  -7.283
1.280  10.000  10.101  -7.540
1.290  10.000  8.679  -8.197
1.300  12.500  8.819  -8.500
1.310  15.000  11.139  -7.989
1.320  17.500  13.323  -6.299
1.330  20.000  15.041  -2.990
1.340  22.500  17.539  1.835
1.350  25.000  20.708  8.198
1.360  27.500  22.955  16.445
1.370  30.000  25.866  26.183
1.380  32.500  27.495  36.257
1.390  35.000  30.386  45.488
1.400  35.000  30.802  54.309
1.410  35.000  31.698  63.854
1.420  35.000  31.982  73.469
1.430  35.000  32.992  82.403
1.440  35.000  33.512  90.420
1.450  35.000  33.669  98.408
1.460  35.000  34.644  106.660
1.470  35.000  34.565  114.924
1.480  35.000  34.554  123.665
1.490  35.000  35.843  131.678
1.500  35.000  36.171  139.184
1.510  35.000  36.454  146.924
1.520  35.000  36.454  154.229
1.530  35.000  36.506  160.857
1.540  35.000  35.690  167.031
1.550  35.000  36.240  173.045
1.560  35.000  35.832  178.810
1.570  35.000  36.322  184.645
1.580  35.000  36.608  190.326
1.590  35.000  35.614  195.423
1.600  35.000  35.884  199.953
1.610  35.000  35.847  204.297
1.620  35.000  36.002  208.375
1.630  35.000  35.310  212.134
1.640  35.000  35.311  215.691
1.650  35.000  35.553  218.507
1.660  35.000  35.351  220.563
1.670  35.000  35.232  221.943
1.680  35.000  33.959  222.839
1.690  35.000  32.854  223.036
1.700  35.000  34.511  222.545
1.710  35.000  36.187  222.182
1.720  35.000  35.481  222.153
1.730  35.000  33.360  222.030
1.740  35.000  33.904  221.907
1.750  35.000  36.397  222.210
1.760  35.000  36.004  222.817
1.770  35.000  34.311  223.007
1.780  35.000  33.169  222.916
1.790  35.000  35.146  223.308
1.800  35.000  36.461  224.185
1.810  35.000  35.307  225.111
1.820  35.000  33.880  225.737
1.830  35.000  34.385  226.277
1.840  35.000  35.969  227.043
1.850  35.000  35.725  227.812
1.860  35.000  35.170  228.035
1.870  35.000  33.857  228.051
1.880  35.000  34.778  228.540
1.890  35.000  36.111  229.239
1.900  35.000  35.919  229.563
1.910  35.000  34.065  229.514
1.920  35.000  34.067  229.477
1.930  35.000  35.681  229.851
1.940  35.000  36.127  230.424
1.950  35.000  35.001  230.402
1.960  35.000  33.604  230.104
1.970  35.000  34.048  230.072
1.980  35.000  37.173  230.357
1.990  35.000  36.436  230.742
2.000  35.000  33.452  230.817
2.010  35.000  33.253  230.584
2.020  35.000  35.615  230.532
2.030  35.000  35.964  231.067
2.040  35.000  35.415  231.686
2.050  35.000  32.776  231.796
2.060  35.000  34.008  231.908
2.070  35.000  37.071  232.618
2.080  35.000  36.609  233.398
2.090  35.000  34.216  233.544
2.100  35.000  33.832  233.129
2.110  35.000  34.767  233.038
2.120  35.000  36.335  233.517
2.130  35.000  35.971  233.796
2.140  35.000  33.572  233.517
2.150  35.000  33.617  233.160
2.160  35.000  36.229  233.527
2.170  35.000  35.766  234.375
2.180  35.000  34.541  234.643
2.190  35.000  33.943  234.584
2.200  35.000  34.989  235.054
2.210  35.000  36.640  235.808
2.220  35.000  35.878  236.177
2.230  35.000  33.213  236.025
2.240  35.000  33.823  235.671
2.250  35.000  36.954  235.815
2.260  35.000  35.809  236.399
2.270  35.000  33.974  236.503
2.280  35.000  33.156  236.321
2.290  35.000  35.575  236.582
2.300  10.000  35.875  237.448
2.310  10.000  35.292  237.882
2.320  10.000  30.622  236.827
2.330  10.000  24.791  232.234
2.340  10.000  21.811  223.709
2.350  10.000  18.971  213.604
2.360  10.000  17.904  203.945
2.370  10.000  16.781  195.167
2.380  10.000  16.281  186.649
2.390  10.000  15.394  178.481
2.400  10.000  14.905  170.432
2.410  10.000  14.387  161.872
2.420  10.000  13.739  153.801
2.430  10.000  13.256  146.388
2.440  10.000  12.695  138.881
2.450  10.000  12.290  131.750
2.460  10.000  11.871  124.892
2.470  10.000  11.592  117.683
2.480  10.000  11.125  110.624
2.490  10.000  10.716  104.127
2.500  10.000  10.420  97.193
2.510  10.000  10.009  90.313
2.520  10.000  9.589  83.978
2.530  10.000  9.291  77.330
2.540  10.000  8.948  70.757
2.550  10.000  8.773  64.899
2.560  10.000  8.336  59.286
2.570  10.000  8.286  53.705
2.580  10.000  8.338  48.342
2.590  10.000  8.207  43.201
2.600  10.000  8.093  38.258
2.610  10.000  8.245  33.781
2.620  10.000  8.096  29.765
2.630  10.000  8.095  25.970
2.640  10.000  8.373  22.524
2.650  10.000  8.555  19.506
2.660  10.000  8.657  16.749
2.670  10.000  8.403  14.295
2.680  10.000  8.934  12.595
2.690  10.000  9.697  11.621
2.700  10.000  10.216  10.852
2.710  10.000  9.344  10.225
2.720  10.000  9.245  9.552
2.730  10.000  8.996  8.801
2.740  10.000  9.283  8.216
2.750  10.000  9.620  7.980
2.760  10.000  9.894  8.198
2.770  10.000  9.990  8.598
2.780  10.000  9.490  8.969
2.790  10.000  9.760  9.416
2.800  10.000  10.044  10.110
2.810  10.000  10.467  10.790
2.820  10.000  10.026  11.445
2.830  10.000  9.694  12.150
2.840  10.000  10.319  12.667
2.850  10.000  10.446  12.959
2.860  10.000  10.396  13.103
2.870  10.000  10.049  13.147
2.880  10.000  9.896  13.245
2.890  10.000  10.161  13.471
2.900  10.000  10.693  13.432
2.910  10.000  10.271  13.182
2.920  10.000  9.697  12.650
2.930  10.000  9.721  11.842
2.940  10.000  10.046  11.231
2.950  10.000  10.312  10.695
2.960  10.000  9.987  10.094
2.970  10.000  9.564  9.528
2.980  10.000  9.856  8.784
2.990  10.000  10.101  8.217
3.000  10.000  9.945  7.879
3.010  10.000  9.912  7.359
3.020  10.000  9.660  6.942
3.030  10.000  9.815  6.777
3.040  10.000  10.134  6.763
3.050  10.000  9.987  6.745
3.060  10.000  9.765  6.688
3.070  10.000  9.738  6.720
3.080  10.000  10.036  6.968
3.090  10.000  10.333  7.413
3.100  10.000  10.120  7.718
3.110  10.000  9.855  7.852
3.120  10.000  9.741  8.112
3.130  10.000  10.079  8.438
3.140  10.000  10.568  8.632
3.150  10.000  10.094  8.643
3.160  10.000  9.679  8.518
3.170  10.000  9.630  8.354
3.180  10.000  10.546  8.334
3.190  10.000  10.507  8.258
3.200  10.000  9.963  7.882
3.210  10.000  9.275  7.456
3.220  10.000  9.817  7.045
3.230  10.000  10.421  6.900
3.240  10.000  10.530  6.751
3.250  10.000  9.733  6.190
3.260  10.000  9.367  5.753
3.270  10.000  9.746  5.567
3.280  10.000  10.723  5.650
3.290  10.000  10.455  5.709
3.300  10.000  9.489  5.394
3.310  10.000  9.090  5.163
3.320  10.000  10.134  5.254
3.330  10.000  10.807  5.439
3.340  10.000  10.441  5.459
3.350  10.000  9.017  5.201
3.360  10.000  9.058  5.192
3.370  10.000  10.328  5.807
3.380  10.000  11.366  6.480
3.390  10.000  10.237  6.694
3.400  10.000  8.992  6.395
3.410  10.000  9.156  6.190
3.420  10.000  10.873  6.403
3.430  10.000  11.378  6.600
3.440  10.000  9.947  6.227
3.450  10.000  8.846  5.545
3.460  10.000  9.170  5.213
3.470  10.000  10.827  5.536
3.480  10.000  11.153  6.033
3.490  10.000  9.998  5.881
3.500  10.000  8.788  5.298
3.510  10.000  9.277  4.977
3.520  10.000  10.976  5.065
3.530  10.000  11.283  4.983
3.540  10.000  9.958  4.359
3.550  10.000  8.589  3.781
3.560  10.000  9.346  3.592
3.570  10.000  10.748  3.632
3.580  10.000  11.361  3.520
3.590  10.000  9.739  3.124
3.600  10.000  8.524  2.767
3.610  10.000  9.293  2.632
3.620  10.000  10.842  3.056
3.630  10.000  11.297  3.469
3.640  10.000  9.698  3.172
3.650  10.000  8.573  2.745
3.660  10.000  9.238  2.898
3.670  10.000  11.196  3.579
3.680  10.000  11.521  4.013
3.690  10.000  9.574  3.742
3.700  10.000  8.370  3.171
3.710  10.000  9.333  2.925
3.720  10.000  11.408  3.369
3.730  10.000  11.673  3.839
3.740  10.000  9.568  3.639
3.750  10.000  8.430  3.089
3.760  10.000  9.262  2.817
3.770  10.000  11.288  3.051
3.780  10.000  11.369  3.268
3.790  10.000  9.540  2.838
3.800  10.000  8.310  2.302
3.810  10.000  9.375  2.272
3.820  10.000  11.212  2.636
3.830  10.000  11.601  2.881
3.840  10.000  9.483  2.469
3.850  10.000  8.363  1.766
3.860  10.000  9.386  1.591
3.870  10.000  11.274  2.013
3.880  10.000  11.455  2.210
3.890  10.000  9.330  1.690
3.900  10.000  8.160  1.173
3.910  10.000  9.495  1.229
3.920  10.000  11.556  1.626
3.930  10.000  11.621  1.725
3.940  10.000  9.136  1.136
3.950  10.000  8.236  0.757
3.960  10.000  9.531  0.917
3.970  10.000  11.552  1.363
3.980  10.000  11.490  1.754
3.990  10.000  9.110  1.457
4.000  10.000  8.306  0.995
4.010  10.000  9.563  0.955
4.020  10.000  11.695  1.093
4.030  10.000  11.432  0.912
4.040  10.000  9.079  0.312
4.050  10.000  8.165  -0.301
4.060  10.000  9.866  -0.554
4.070  10.000  11.697  -0.374
4.080  10.000  11.462  -0.336
4.090  10.000  8.587  -0.739
4.100  10.000  8.198  -1.180
4.110  10.000  10.291  -1.306
4.120  10.000  11.476  -1.071
4.130  10.000  11.003  -1.063
4.140  10.000  8.810  -1.394
4.150  10.000  8.202  -1.451
4.160  10.000  10.392  -1.126
4.170  10.000  11.627  -0.616
4.180  10.000  10.837  -0.527
4.190  10.000  8.682  -1.043
4.200  10.000  8.304  -1.333
4.210  10.000  10.552  -0.846
4.220  10.000  11.596  -0.127
4.230  10.000  10.750  -0.038
4.240  10.000  8.661  -0.515
4.250  10.000  8.577  -0.942
4.260  10.000  10.881  -0.773
4.270  10.000  11.752  -0.464
4.280  10.000  10.503  -0.696
4.290  10.000  8.495  -1.439
4.300  10.000  8.546  -2.024
4.310  12.500  10.704  -1.812
4.320  15.000  12.287  -1.181
4.330  17.500  12.197  -0.025
4.340  20.000  13.622  2.477
4.350  22.500  17.277  6.651
4.360  25.000  19.930  12.908
4.370  27.500  22.629  21.289
4.380  30.000  25.592  31.268
4.390  32.500  28.222  41.675
4.400  35.000  30.174  51.731
4.410  35.000  31.371  61.421
4.420  35.000  31.643  70.889
4.430  35.000  32.019  80.443
4.440  35.000  32.543  89.540
4.450  35.000  34.129  97.668
4.460  35.000  33.712  106.082
4.470  35.000  33.809  116.241
4.480  35.000  35.422  125.560
4.490  35.000  34.950  133.369
4.500  35.000  35.383  141.569
4.510  35.000  36.497  149.179
4.520  35.000  37.122  156.005
4.530  35.000  36.267  163.301
4.540  35.000  35.960  170.386
4.550  35.000  35.832  176.431
4.560  35.000  36.172  182.133
4.570  35.000  35.901  187.411
4.580  35.000  37.046  192.885
4.590  35.000  36.092  198.453
4.600  35.000  36.093  203.285
4.610  35.000  35.140  207.817
4.620  35.000  36.000  212.131
4.630  35.000  34.525  216.422
4.640  35.000  35.355  220.374
4.650  35.000  34.949  223.574
4.660  35.000  34.937  226.069
4.670  35.000  34.303  227.859
4.680  35.000  33.688  229.035
4.690  35.000  34.226  229.960
4.700  35.000  36.151  231.005
4.710  35.000  35.638  232.044
4.720  35.000  34.914  232.752
4.730  35.000  34.449  233.253
4.740  35.000  34.840  233.969
4.750  35.000  35.929  234.806
4.760  35.000  35.204  235.502
4.770  35.000  34.216  235.883
4.780  35.000  35.264  236.118
4.790  35.000  35.703  236.559
4.800  35.000  35.472  236.963
4.810  35.000  34.443  237.032
4.820  35.000  34.160  237.016
4.830  35.000  35.989  237.219
4.840  35.000  35.786  237.547
4.850  35.000  34.617  237.389
4.860  35.000  33.437  237.052
4.870  35.000  35.121  237.194
4.880  35.000  36.404  237.723
4.890  35.000  36.075  238.141
4.900  35.000  33.181  238.054
4.910  35.000  33.705  237.773
4.920  35.000  36.857  237.937
4.930  35.000  35.728  238.497
4.940  35.000  34.234  238.586
4.950  35.000  33.260  238.350
4.960  35.000  35.259  238.751
4.970  35.000  36.723  239.745
4.980  35.000  35.362  240.554
4.990  35.000  32.878  240.793
5.000  35.000  33.884  240.882
5.010  35.000  37.207  241.671
5.020  35.000  36.644  242.809
5.030  35.000  33.770  243.236
5.040  35.000  33.610  242.919
5.050  35.000  35.220  242.920
5.060  35.000  36.349  243.451
5.070  35.000  36.077  243.746
5.080  35.000  33.136  243.616
5.090  35.000  33.590  243.328
5.100  35.000  37.134  243.445
5.110  35.000  36.179  243.948
5.120  35.000  34.279  243.837
5.130  35.000  33.512  243.134
5.140  35.000  34.738  242.823
5.150  35.000  36.284  243.254
5.160  35.000  35.766  243.649
5.170  35.000  33.644  243.422
5.180  35.000  33.864  243.059
5.190  35.000  36.513  243.232
5.200  35.000  35.734  243.816
5.210  35.000  34.340  243.675
5.220  35.000  33.648  243.209
5.230  35.000  35.261  243.345
5.240  35.000  36.105  243.987
5.250  35.000  35.662  244.569
5.260  35.000  33.694  244.499
5.270  35.000  34.198  244.167
5.280  35.000  36.173  244.609
5.290  35.000  35.505  245.479
5.300  35.000  34.763  245.699
5.310  10.000  33.623  245.623
5.320  10.000  34.078  245.353
5.330  10.000  31.488  243.516
5.340  10.000  25.202  237.178
5.350  10.000  22.227  228.361
5.360  10.000  18.749  219.088
5.370  10.000  17.756  209.724
5.380  10.000  16.423  200.978
5.390  10.000  15.880  192.310
5.400  10.000  15.233  183.879
5.410  10.000  14.815  174.964
5.420  10.000  14.251  166.408
5.430  10.000  13.813  158.654
5.440  10.000  13.290  150.633
5.450  10.000  12.819  142.742
5.460  10.000  12.382  135.458
5.470  10.000  11.839  128.296
5.480  10.000  11.408  121.334
5.490  10.000  11.096  113.877
5.500  10.000  10.612  106.627
5.510  10.000  10.160  99.733
5.520  10.000  9.782  92.901
5.530  10.000  9.478  86.081
5.540  10.000  9.067  79.548
5.550  10.000  8.891  73.126
5.560  10.000  8.566  66.938
5.570  10.000  8.343  61.590
5.580  10.000  8.212  56.533
5.590  10.000  8.204  51.538
5.600  10.000  8.115  46.447
5.610  10.000  8.259  41.826
5.620  10.000  8.289  37.629
5.630  10.000  8.238  33.607
5.640  10.000  8.344  29.865
5.650  10.000  8.526  26.450
5.660  10.000  8.548  23.431
5.670  10.000  8.577  20.595
5.680  10.000  8.653  18.061
5.690  10.000  9.469  16.348
5.700  10.000  9.853  15.372
5.710  10.000  9.947  14.623
5.720  10.000  9.224  13.831
5.730  10.000  9.277  12.921
5.740  10.000  9.327  12.119
5.750  10.000  9.391  11.462
5.760  10.000  9.403  10.907
5.770  10.000  9.768  10.719
5.780  10.000  9.978  10.892
5.790  10.000  9.483  11.277
5.800  10.000  9.588  11.821
5.810  10.000  9.946  12.630
5.820  10.000  10.402  13.435
5.830  10.000  10.309  14.008
5.840  10.000  9.743  14.577
5.850  10.000  9.973  15.113
5.860  10.000  10.372  15.485
5.870  10.000  10.564  15.806
5.880  10.000  10.258  15.998
5.890  10.000  9.851  15.960
5.900  10.000  9.959  15.805
5.910  10.000  10.424  15.443
5.920  10.000  10.681  14.875
5.930  10.000  10.110  14.191
5.940  10.000  9.624  13.165
5.950  10.000  9.997  12.015
5.960  10.000  10.145  11.159
5.970  10.000  10.016  10.493
5.980  10.000  9.730  9.741
5.990  10.000  9.785  8.900
6.000  10.000  9.659  8.357
6.010  10.000  9.801  8.068
6.020  10.000  10.057  7.740
6.030  10.000  9.703  7.593
6.040  10.000  9.652  7.819
6.050  10.000  9.777  8.308
6.060  10.000  9.979  8.944
6.070  10.000  10.273  9.362
6.080  10.000  9.895  9.617
6.090  10.000  9.714  10.182
6.100  10.000  10.177  10.772
6.110  10.000  10.358  11.280
6.120  10.000  10.165  11.935
6.130  10.000  9.842  12.467
6.140  10.000  9.939  12.716
6.150  10.000  10.466  12.666
6.160  10.000  10.325  12.548
6.170  10.000  9.959  12.289
6.180  10.000  9.574  11.996
6.190  10.000  10.071  11.833
6.200  10.000  10.512  11.600
6.210  10.000  10.337  11.460
6.220  10.000  9.660  11.225
6.230  10.000  9.335  10.879
6.240  10.000  10.253  10.545
6.250  10.000  10.333  10.284
6.260  10.000  10.222  10.020
6.270  10.000  9.456  9.604
6.280  10.000  9.634  9.258
6.290  10.000  10.095  9.012
6.300  10.000  10.456  8.766
6.310  10.000  10.033  8.494
6.320  10.000  9.310  8.366
6.330  10.000  9.494  8.663
6.340  10.000  10.189  9.229
6.350  10.000  10.581  9.625
6.360  10.000  9.890  9.884
6.370  10.000  9.575  9.907
6.380  10.000  9.789  9.908
6.390  10.000  10.786  10.078
6.400  10.000  10.437  10.159
6.410  10.000  9.723  10.174
6.420  10.000  9.240  10.227
6.430  10.000  10.327  10.408
6.440  10.000  10.874  10.480
6.450  10.000  10.326  10.267
6.460  10.000  9.259  9.780
6.470  10.000  9.430  9.297
6.480  10.000  10.421  9.161
6.490  10.000  10.775  9.138
6.500  10.000  10.237  8.813
6.510  10.000  9.124  8.361
6.520  10.000  9.408  8.156
6.530  10.000  10.338  8.175
6.540  10.000  10.905  8.022
6.550  10.000  9.850  7.591
6.560  10.000  9.261  7.167
6.570  10.000  9.341  6.911
6.580  10.000  10.504  6.949
6.590  10.000  10.878  6.980
6.600  10.000  9.716  6.673
6.610  10.000  8.926  6.334
6.620  10.000  9.619  6.206
6.630  10.000  11.107  6.423
6.640  10.000  10.940  6.524
6.650  10.000  9.141  6.217
6.660  10.000  8.686  5.993
6.670  10.000  10.085  6.242
6.680  10.000  11.632  6.680
6.690  10.000  10.904  6.782
6.700  10.000  8.970  6.398
6.710  10.000  8.380  5.978
6.720  10.000  10.189  6.062
6.730  10.000  11.309  6.600
6.740  10.000  11.133  6.942
6.750  10.000  9.036  6.612
6.760  10.000  8.495  6.087
6.770  10.000  10.198  6.128
6.780  10.000  11.287  6.737
6.790  10.000  10.803  6.979
6.800  10.000  8.989  6.462
6.810  10.000  8.741  5.908
6.820  10.000  10.250  5.951
6.830  10.000  11.462  6.438
6.840  10.000  10.407  6.643
6.850  10.000  8.769  6.364
6.860  10.000  8.708  6.283
6.870  10.000  10.735  6.692
6.880  10.000  11.706  7.208
6.890  10.000  10.604  7.139
6.900  10.000  8.576  6.563
6.910  10.000  8.742  6.138
6.920  10.000  10.638  6.239
6.930  10.000  11.374  6.560
6.940  10.000  10.465  6.265
6.950  10.000  8.802  5.499
6.960  10.000  8.722  5.157
6.970  10.000  10.651  5.393
6.980  10.000  11.398  5.560
6.990  10.000  10.302  5.113
7.000  10.000  8.709  4.320
7.010  10.000  8.807  3.900
7.020  10.000  10.738  4.042
7.030  10.000  11.437  4.199
7.040  10.000  10.289  3.785
7.050  10.000  8.508  3.009
7.060  10.000  8.691  2.670
7.070  10.000  10.970  3.119
7.080  10.000  11.746  3.637
7.090  10.000  10.012  3.533
7.100  10.000  8.409  3.069
7.110  10.000  8.796  2.787
7.120  10.000  11.212  3.058
7.130  10.000  11.538  3.576
7.140  10.000  10.103  3.517
7.150  10.000  8.451  3.018
7.160  10.000  8.956  2.751
7.170  10.000  11.266  3.044
7.180  10.000  11.708  3.385
7.190  10.000  9.684  3.010
7.200  10.000  8.556  2.323
7.210  10.000  9.021  2.015
7.220  10.000  10.932  2.252
7.230  10.000  11.429  2.500
7.240  10.000  9.807  2.087
7.250  10.000  8.493  1.358
7.260  10.000  9.179  1.040
7.270  10.000  11.229  1.171
7.280  10.000  11.336  1.201
7.290  10.000  9.638  0.603
7.300  10.000  8.458  -0.235
7.310  10.000  9.277  -0.397
7.320  12.500  11.363  -0.049
7.330  15.000  11.914  0.346
7.340  17.500  11.321  1.339
7.350  20.000  13.333  3.596
7.360  22.500  16.964  7.682
7.370  25.000  19.639  14.120
7.380  27.500  22.731  22.571
7.390  30.000  26.409  32.297
7.400  32.500  28.545  42.390
7.410  35.000  30.137  52.159
7.420  35.000  31.207  61.134
7.430  35.000  32.227  69.822
7.440  35.000  32.413  78.653
7.450  35.000  33.059  87.393
7.460  35.000  33.378  95.636
7.470  35.000  33.577  103.859
7.480  35.000  34.724  111.760
7.490  35.000  34.930  118.975
7.500  35.000  34.406  126.991
7.510  35.000  35.307  135.303
7.520  35.000  36.213  142.837
7.530  35.000  36.856  149.930
7.540  35.000  37.074  156.964
7.550  35.000  36.730  163.564
7.560  35.000  35.838  169.476
7.570  35.000  36.615  174.726
7.580  35.000  36.241  180.047
7.590  35.000  35.748  185.494
7.600  35.000  37.035  190.270
7.610  35.000  35.641  194.637
7.620  35.000  35.356  198.919
7.630  35.000  35.442  202.776
7.640  35.000  35.617  206.269
7.650  35.000  35.851  209.609
7.660  35.000  36.015  212.661
7.670  35.000  35.645  215.558
7.680  35.000  35.051  218.072
7.690  35.000  34.666  219.796
7.700  35.000  33.344  220.696
7.710  35.000  32.373  220.866
7.720  35.000  34.387  220.519
7.730  35.000  36.749  220.462
7.740  35.000  35.526  220.952
7.750  35.000  33.011  221.110
7.760  35.000  33.484  221.065
7.770  35.000  36.579  221.454
7.780  35.000  36.497  222.293
7.790  35.000  34.393  222.840
7.800  35.000  33.119  222.855
7.810  35.000  34.719  223.193
7.820  35.000  36.739  224.082
7.830  35.000  35.805  224.901
7.840  35.000  33.801  225.205
7.850  35.000  33.611  225.477
7.860  35.000  36.333  226.246
7.870  35.000  36.168  226.999
7.880  35.000  34.711  227.184
7.890  35.000  33.561  226.982
7.900  35.000  34.887  227.154
7.910  35.000  36.528  227.981
7.920  35.000  35.671  228.767
7.930  35.000  33.968  228.865
7.940  35.000  34.003  228.656
7.950  35.000  35.797  228.900
7.960  35.000  36.291  229.342
7.970  35.000  34.692  229.412
7.980  35.000  33.644  228.917
7.990  35.000  34.859  228.672
8.000  35.000  36.670  229.169
8.010  35.000  35.596  229.690
8.020  35.000  33.662  229.580
8.030  35.000  33.558  229.240
8.040  35.000  36.112  229.415
8.050  35.000  36.113  229.875
8.060  35.000  34.977  229.984
8.070  35.000  33.388  229.760
8.080  35.000  34.773  229.790
8.090  35.000  36.325  230.053
8.100  35.000  35.773  230.520
8.110  35.000  33.604  230.621
8.120  35.000  33.789  230.453
8.130  35.000  36.458  230.922
8.140  35.000  36.225  231.711
8.150  35.000  34.400  232.028
8.160  35.000  33.507  231.802
8.170  35.000  34.816  231.829
8.180  35.000  36.358  232.263
8.190  35.000  36.040  232.575
8.200  35.000  33.853  232.493
8.210  35.000  33.962  232.304
8.220  35.000  35.635  232.658
8.230  35.000  36.365  233.333
8.240  35.000  34.751  233.358
8.250  35.000  34.006  232.733
8.260  35.000  34.147  232.490
8.270  35.000  36.401  233.085
8.280  35.000  35.920  233.821
8.290  35.000  33.604  234.220
8.300  35.000  33.322  234.568
8.310  35.000  36.032  235.256
8.320  10.000  36.014  236.064
8.330  10.000  34.976  236.371
8.340  10.000  30.368  235.276
8.350  10.000  25.149  230.510
8.360  10.000  21.944  222.574
8.370  10.000  18.851  213.094
8.380  10.000  18.066  203.529
8.390  10.000  16.684  194.398
8.400  10.000  16.150  185.570
8.410  10.000  15.524  176.917
8.420  10.000  14.943  167.858
8.430  10.000  14.242  159.546
8.440  10.000  13.819  151.253
8.450  10.000  13.453  143.023
8.460  10.000  12.903  135.532
8.470  10.000  12.331  128.324
8.480  10.000  11.815  121.191
8.490  10.000  11.555  114.143
8.500  10.000  11.112  106.851
8.510  10.000  10.726  99.872
8.520  10.000  10.142  93.371
8.530  10.000  9.864  86.343
8.540  10.000  9.449  79.052
8.550  10.000  9.294  72.483
8.560  10.000  8.944  66.213
8.570  10.000  8.814  59.991
8.580  10.000  8.473  54.360
8.590  10.000  8.249  48.992
8.600  10.000  8.269  43.782
8.610  10.000  8.162  38.335
8.620  10.000  8.157  33.150
8.630  10.000  8.210  28.859
8.640  10.000  8.169  24.841
8.650  10.000  8.146  21.071
8.660  10.000  8.341  17.721
8.670  10.000  8.593  14.705
8.680  10.000  8.641  11.862
8.690  10.000  8.630  9.251
8.700  10.000  9.114  7.424
8.710  10.000  9.608  6.249
8.720  10.000  9.967  5.339
8.730  10.000  9.444  4.483
8.740  10.000  9.147  3.684
8.750  10.000  9.240  2.977
8.760  10.000  9.205  2.342
8.770  10.000  9.462  2.015
8.780  10.000  10.151  2.016
8.790  10.000  9.993  2.221
8.800  10.000  9.427  2.630
8.810  10.000  9.388  3.223
8.820  10.000  10.363  3.950
8.830  10.000  10.484  4.721
8.840  10.000  10.041  5.233
8.850  10.000  9.673  5.639
8.860  10.000  10.092  6.159
8.870  10.000  10.598  6.623
8.880  10.000  10.354  7.052
8.890  10.000  9.882  7.354
8.900  10.000  9.753  7.573
8.910  10.000  10.303  7.785
8.920  10.000  10.529  7.838
8.930  10.000  10.286  7.610
8.940  10.000  9.540  7.156
8.950  10.000  9.753  6.754
8.960  10.000  10.473  6.425
8.970  10.000  10.630  6.062
8.980  10.000  9.910  5.412
8.990  10.000  9.343  4.536
9.000  10.000  9.656  3.823
9.010  10.000  10.345  3.370
9.020  10.000  10.561  2.862
9.030  10.000  9.743  2.070
9.040  10.000  9.216  1.205
9.050  10.000  9.655  0.689
9.060  10.000  10.599  0.578
9.070  10.000  10.112  0.422
9.080  10.000  9.531  0.051
9.090  10.000  9.445  -0.145
9.100  10.000  10.034  -0.085
9.110  10.000  10.369  -0.017
9.120  10.000  10.224  0.011
9.130  10.000  9.299  0.146
9.140  10.000  9.607  0.517
9.150  10.000  10.376  1.058
9.160  10.000  10.776  1.592
9.170  10.000  9.852  1.912
9.180  10.000  9.305  2.085
9.190  10.000  9.730  2.408
9.200  10.000  11.006  2.965
9.210  10.000  10.687  3.207
9.220  10.000  9.715  3.002
9.230  10.000  9.158  2.732
9.240  10.000  10.207  2.571
9.250  10.000  10.966  2.692
9.260  10.000  10.672  2.584
9.270  10.000  9.128  1.961
9.280  10.000  8.997  1.398
9.290  10.000  10.303  1.146
9.300  10.000  11.084  0.987
9.310  10.000  10.233  0.666
9.320  10.000  8.871  0.121
9.330  10.000  8.952  -0.288
9.340  10.000  10.617  -0.026
9.350  10.000  11.042  0.386
9.360  10.000  10.206  0.308
9.370  10.000  8.812  -0.124
9.380  10.000  8.977  -0.297
9.390  10.000  11.020  0.100
9.400  10.000  11.275  0.411
9.410  10.000  10.130  0.135
9.420  10.000  8.521  -0.391
9.430  10.000  9.276  -0.775
9.440  10.000  11.006  -0.749
9.450  10.000  11.423  -0.551
9.460  10.000  9.866  -0.840
9.470  10.000  8.510  -1.482
9.480  10.000  9.204  -1.823
9.490  10.000  11.095  -1.632
9.500  10.000  11.307  -1.518
9.510  10.000  9.539  -1.911
9.520  10.000  8.451  -2.444
9.530  10.000  9.382  -2.539
9.540  10.000  11.323  -2.025
9.550  10.000  11.581  -1.719
9.560  10.000  9.369  -2.254
9.570  10.000  8.488  -2.770
9.580  10.000  9.511  -2.673
9.590  10.000  11.183  -2.299
9.600  10.000  11.287  -2.205
9.610  10.000  9.474  -2.740
9.620  10.000  8.509  -3.392
9.630  10.000  9.497  -3.596
9.640  10.000  11.281  -3.370
9.650  10.000  11.328  -3.383
9.660  10.000  9.289  -4.017
9.670  10.000  8.195  -4.561
9.680  10.000  9.498  -4.392
9.690  10.000  11.415  -3.660
9.700  10.000  11.318  -3.168
9.710  10.000  9.189  -3.563
9.720  10.000  8.374  -4.080
9.730  10.000  9.752  -3.806
9.740  10.000  11.699  -3.180
9.750  10.000  11.231  -2.854
9.760  10.000  8.850  -3.025
9.770  10.000  8.289  -3.449
9.780  10.000  9.987  -3.448
9.790  10.000  11.648  -3.005
9.800  10.000  11.350  -2.805
9.810  10.000  9.011  -3.210
9.820  10.000  8.442  -3.749
9.830  10.000  9.998  -3.874
9.840  10.000  11.505  -3.802
9.850  10.000  11.310  -4.010
9.860  10.000  8.983  -4.564
9.870  10.000  8.375  -5.067
9.880  10.000  10.047  -5.253
9.890  10.000  11.382  -5.161
9.900  10.000  10.844  -5.196
9.910  10.000  8.978  -5.801
9.920  10.000  8.476  -6.436
9.930  10.000  10.309  -6.468
9.940  10.000  11.354  -6.135
9.950  10.000  10.736  -6.160
9.960  10.000  8.837  -6.655
9.970  10.000  8.470  -6.996
9.980  10.000  10.520  -6.939
9.990  10.000  11.486  -6.673
10.000  10.000  10.590  -6.718
10.010  10.000  8.500  -7.275
10.020  10.000  8.592  -7.746
10.030  10.000  10.910  -7.464
10.040  10.000  11.652  -6.816
10.050  10.000  10.308  -6.729
10.060  10.000  8.542  -7.193
10.070  10.000  8.799  -7.599
10.080  10.000  11.033  -7.450
10.090  10.000  11.646  -7.213
10.100  10.000  9.934  -7.503
10.110  10.000  8.601  -8.081
10.120  10.000  8.897  -8.416
10.130  10.000  11.040  -8.148
10.140  10.000  11.565  -7.814
10.150  10.000  9.915  -8.043
10.160  10.000  8.554  -8.651
10.170  10.000  8.859  -8.826
10.180  10.000  11.065  -8.326
10.190  10.000  11.621  -7.842
10.200  10.000  10.148  -8.027
10.210  10.000  8.539  -8.719
10.220  10.000  8.906  -9.260
10.230  10.000  11.094  -9.152
10.240  10.000  11.393  -8.998
10.250  10.000  9.903  -9.673
10.260  10.000  8.540  -10.625
10.270  10.000  9.066  -10.948
10.280  10.000  10.967  -10.582
10.290  10.000  11.286  -10.368
10.300  10.000  9.740  -10.850
10.310  10.000  8.482  -11.444
10.320  10.000  9.204  -11.493
10.330  12.500  11.464  -10.979
10.340  15.000  12.023  -10.091
10.350  17.500  11.563  -8.728
10.360  20.000  13.517  -6.277
10.370  22.500  16.961  -2.095
10.380  25.000  20.066  3.890
10.390  27.500  23.069  11.556
10.400  30.000  26.190  21.015
10.410  32.500  28.331  31.300
10.420  35.000  30.305  41.323
10.430  35.000  31.177  50.923
10.440  35.000  31.864  60.375
10.450  35.000  32.900  69.398
10.460  35.000  32.790  77.638
10.470  35.000  33.383  85.597
10.480  35.000  33.905  93.429
10.490  35.000  34.417  101.916
10.500  35.000  33.748  110.738
10.510  35.000  35.221  118.684
10.520  35.000  34.880  126.652
10.530  35.000  36.000  134.714
10.540  35.000  36.022  142.173
10.550  35.000  36.243  149.225
10.560  35.000  37.389  156.065
10.570  35.000  37.219  162.799
10.580  35.000  35.671  169.025
10.590  35.000  37.052  174.559
10.600  35.000  36.644  179.711
10.610  35.000  36.048  184.387
10.620  35.000  35.775  188.765
10.630  35.000  35.058  193.627
10.640  35.000  35.386  198.323
10.650  35.000  35.123  202.198
10.660  35.000  36.519  205.471
10.670  35.000  35.838  208.471
10.680  35.000  36.189  211.326
10.690  35.000  35.857  213.967
10.700  35.000  34.276  216.306
10.710  35.000  34.780  217.945
10.720  35.000  33.058  218.811
10.730  35.000  32.481  218.877
10.740  35.000  34.760  218.472
10.750  35.000  36.609  218.438
10.760  35.000  35.794  218.670
10.770  35.000  33.645  218.493
10.780  35.000  33.388  218.177
10.790  35.000  35.881  218.179
10.800  35.000  35.371  218.655
10.810  35.000  35.103  218.981
10.820  35.000  34.001  218.685
10.830  35.000  34.854  218.702
10.840  35.000  35.234  219.458
10.850  35.000  36.097  220.236
10.860  35.000  34.294  220.813
10.870  35.000  34.009  221.273
10.880  35.000  35.145  222.046
10.890  35.000  36.206  223.092
10.900  35.000  34.930  223.853
10.910  35.000  34.270  224.322
10.920  35.000  34.497  224.947
10.930  35.000  36.019  225.771
10.940  35.000  35.301  226.592
10.950  35.000  34.280  227.136
10.960  35.000  35.199  227.532
10.970  35.000  35.160  228.318
10.980  35.000  35.972  228.979
10.990  35.000  35.015  229.169
11.000  35.000  34.171  229.011
11.010  35.000  34.887  228.941
11.020  35.000  35.679  229.374
11.030  35.000  35.849  229.641
11.040  35.000  34.506  229.101
11.050  35.000  34.028  228.298
11.060  35.000  34.856  227.919
11.070  35.000  36.389  227.867
11.080  35.000  35.590  227.878
11.090  35.000  33.362  227.700
11.100  35.000  34.090  227.252
11.110  35.000  36.279  227.298
11.120  35.000  36.058  227.744
11.130  35.000  34.297  227.577
11.140  35.000  33.206  227.104
11.150  35.000  34.662  227.199
11.160  35.000  36.561  227.777
11.170  35.000  35.981  228.352
11.180  35.000  33.272  228.769
11.190  35.000  33.414  229.343
11.200  35.000  36.352  230.439
11.210  35.000  36.588  231.529
11.220  35.000  34.888  232.017
11.230  35.000  33.050  232.092
11.240  35.000  34.545  232.396
11.250  35.000  36.894  233.069
11.260  35.000  36.244  233.614
11.270  35.000  33.903  233.602
11.280  35.000  33.688  233.057
11.290  35.000  35.774  232.982
11.300  35.000  36.224  233.508
11.310  35.000  35.156  233.645
11.320  35.000  33.445  233.249
11.330  10.000  34.180  232.963
11.340  10.000  35.710  232.863
11.350  10.000  32.322  231.694
11.360  10.000  25.472  226.937
11.370  10.000  21.629  218.757
11.380  10.000  18.643  209.285
11.390  10.000  17.824  200.104
11.400  10.000  16.558  191.182
11.410  10.000  16.175  182.322
11.420  10.000  15.215  174.228
11.430  10.000  14.689  166.407
11.440  10.000  14.187  158.841
11.450  10.000  13.642  150.940
11.460  10.000  13.230  143.091
11.470  10.000  12.882  135.955
11.480  10.000  12.359  128.728
11.490  10.000  12.027  121.318
11.500  10.000  11.573  114.265
11.510  10.000  11.077  107.559
11.520  10.000  10.719  100.736
11.530  10.000  10.365  94.037
11.540  10.000  9.913  87.311
11.550  10.000  9.493  80.401
11.560  10.000  9.191  74.035
11.570  10.000  8.889  67.646
11.580  10.000  8.756  61.410
11.590  10.000  8.423  55.708
11.600  10.000  8.206  50.279
11.610  10.000  8.275  45.145
11.620  10.000  8.105  40.208
11.630  10.000  8.193  35.599
11.640  10.000  8.237  31.253
11.650  10.000  8.154  27.281
11.660  10.000  8.134  23.673
11.670  10.000  8.405  20.472
11.680  10.000  8.526  17.577
11.690  10.000  8.612  14.782
11.700  10.000  8.651  12.250
11.710  10.000  9.233  10.443
11.720  10.000  9.860  9.519
11.730  10.000  9.862  8.735
11.740  10.000  9.396  7.928
11.750  10.000  9.142  7.275
11.760  10.000  9.102  6.650
11.770  10.000  9.236  6.221
11.780  10.000  9.706  6.141
11.790  10.000  10.018  6.480
11.800  10.000  9.773  6.902
11.810  10.000  9.424  7.386
11.820  10.000  9.589  8.145
11.830  10.000  10.378  9.101
11.840  10.000  10.416  9.899
11.850  10.000  10.115  10.483
11.860  10.000  9.770  11.141
11.870  10.000  9.976  11.807
11.880  10.000  10.517  12.415
11.890  10.000  10.514  12.936
11.900  10.000  9.730  13.131
11.910  10.000  9.720  13.203
11.920  10.000  10.541  13.285
11.930  10.000  10.900  13.194
11.940  10.000  10.213  12.845
11.950  10.000  9.460  12.263
11.960  10.000  9.616  11.828
11.970  10.000  10.297  11.481
11.980  10.000  10.366  11.170
11.990  10.000  9.864  10.861
12.000  10.000  9.420  10.493
12.010  10.000  9.893  10.227
12.020  10.000  10.315  9.863
12.030  10.000  10.216  9.379
12.040  10.000  9.606  8.948
12.050  10.000  9.357  8.732
12.060  10.000  9.915  8.844
12.070  10.000  10.304  9.147
12.080  10.000  10.055  9.445
12.090  10.000  9.574  9.530
12.100  10.000  9.724  9.641
12.110  10.000  10.208  9.983
12.120  10.000  10.546  10.291
12.130  10.000  10.007  10.379
12.140  10.000  9.764  10.224
12.150  10.000  9.882  10.090
12.160  10.000  10.356  10.086
12.170  10.000  10.303  10.044
12.180  10.000  9.915  9.991
12.190  10.000  9.545  9.999
12.200  10.000  9.910  10.108
12.210  10.000  10.493  10.278
12.220  10.000  10.373  10.310
12.230  10.000  9.726  10.172
12.240  10.000  9.472  10.046
12.250  10.000  9.946  10.014
12.260  10.000  10.697  9.986
12.270  10.000  10.266  9.862
12.280  10.000  9.478  9.573
12.290  10.000  9.252  9.316
12.300  10.000  10.161  9.528
12.310  10.000  10.703  9.937
12.320  10.000  10.324  10.015
12.330  10.000  9.408  9.761
12.340  10.000  9.146  9.702
12.350  10.000  10.299  10.033
12.360  10.000  10.650  10.306
12.370  10.000  10.331  10.205
12.380  10.000  9.314  9.975
12.390  10.000  9.288  10.098
12.400  10.000  10.527  10.414
12.410  10.000  10.938  10.800
12.420  10.000  10.026  10.944
12.430  10.000  9.028  10.615
12.440  10.000  9.527  10.630
12.450  10.000  10.687  11.253
12.460  10.000  10.992  11.677
12.470  10.000  9.666  11.581
12.480  10.000  8.995  11.311
12.490  10.000  9.761  11.379
12.500  10.000  10.890  11.923
12.510  10.000  10.757  12.227
12.520  10.000  9.507  11.935
12.530  10.000  9.107  11.585
12.540  10.000  10.072  11.619
12.550  10.000  10.872  11.841
12.560  10.000  10.643  11.690
12.570  10.000  9.396  11.193
12.580  10.000  8.972  10.935
12.590  10.000  10.001  11.049
12.600  10.000  11.164  11.228
12.610  10.000  10.545  11.072
12.620  10.000  9.101  10.532
12.630  10.000  8.745  10.216
12.640  10.000  10.273  10.548
12.650  10.000  11.110  11.118
12.660  10.000  10.391  11.391
12.670  10.000  8.969  11.380
12.680  10.000  8.757  11.606
12.690  10.000  10.873  12.367
12.700  10.000  11.438  13.023
12.710  10.000  10.408  12.924
12.720  10.000  8.625  12.473
12.730  10.000  8.735  12.406
12.740  10.000  10.947  12.938
12.750  10.000  11.560  13.606
12.760  10.000  10.289  13.618
12.770  10.000  8.479  13.193
12.780  10.000  8.701  13.011
12.790  10.000  11.069  13.368
12.800  10.000  11.730  13.723
12.810  10.000  10.183  13.499
12.820  10.000  8.522  13.024
12.830  10.000  8.872  12.760
12.840  10.000  10.930  12.994
12.850  10.000  11.647  13.191
12.860  10.000  9.929  12.867
12.870  10.000  8.498  12.264
12.880  10.000  8.977  11.940
12.890  10.000  10.936  12.156
12.900  10.000  11.209  12.369
12.910  10.000  9.952  12.112
12.920  10.000  8.311  11.816
12.930  10.000  9.154  11.816
12.940  10.000  11.097  12.315
12.950  10.000  11.560  12.939
12.960  10.000  9.755  12.920
12.970  10.000  8.504  12.442
12.980  10.000  9.106  12.399
12.990  10.000  11.279  13.112
13.000  10.000  11.571  13.721
13.010  10.000  9.571  13.429
13.020  10.000  8.454  12.788
13.030  10.000  9.221  12.665
13.040  10.000  11.383  13.133
13.050  10.000  11.447  13.721
13.060  10.000  9.351  13.840
13.070  10.000  8.303  13.560
13.080  10.000  9.646  13.570
13.090  10.000  11.475  14.123
13.100  10.000  11.242  14.490
13.110  10.000  9.277  14.280
13.120  10.000  8.455  13.960
13.130  10.000  9.673  13.929
13.140  10.000  11.383  14.231
13.150  10.000  11.176  14.480
13.160  10.000  9.461  14.095
13.170  10.000  8.392  13.470
13.180  10.000  9.739  13.329
13.190  10.000  11.378  13.532
13.200  10.000  11.249  13.597
13.210  10.000  9.048  13.287
13.220  10.000  8.519  12.929
13.230  10.000  9.847  12.961
13.240  10.000  11.359  13.226
13.250  10.000  10.984  13.463
13.260  10.000  9.164  13.236
13.270  10.000  8.421  12.830
13.280  10.000  9.844  13.033
13.290  10.000  11.270  13.690
13.300  10.000  10.964  14.003
13.310  10.000  9.239  13.742
13.320  10.000  8.421  13.712
13.330  10.000  9.987  14.036
13.340  12.500  11.568  14.373
13.350  15.000  11.549  14.924
13.360  17.500  10.870  16.145
13.370  20.000  13.465  18.720
13.380  22.500  16.946  23.010
13.390  25.000  19.693  29.551
13.400  27.500  22.739  38.214
13.410  30.000  26.277  47.997
13.420  32.500  27.943  58.340
13.430  35.000  30.093  68.402
13.440  35.000  30.492  78.448
13.450  35.000  31.417  87.972
13.460  35.000  31.996  96.825
13.470  35.000  32.851  105.525
13.480  35.000  33.504  113.931
13.490  35.000  33.767  122.678
13.500  35.000  33.411  132.596
13.510  35.000  34.984  142.123
13.520  35.000  35.943  150.144
13.530  35.000  35.805  157.670
13.540  35.000  35.522  165.440
13.550  35.000  36.079  173.659
13.560  35.000  36.704  180.940
13.570  35.000  36.461  187.320
13.580  35.000  36.169  193.254
13.590  35.000  36.215  198.728
13.600  35.000  36.514  204.007
13.610  35.000  35.751  209.382
13.620  35.000  35.791  215.154
13.630  35.000  35.887  220.445
13.640  35.000  36.288  224.797
13.650  35.000  34.980  228.875
13.660  35.000  35.784  232.691
13.670  35.000  35.190  235.939
13.680  35.000  35.842  238.508
13.690  35.000  35.058  240.662
13.700  35.000  34.496  242.351
13.710  35.000  33.739  243.269
13.720  35.000  33.340  243.652
13.730  35.000  35.386  244.223
13.740  35.000  36.124  245.130
13.750  35.000  35.238  245.793
13.760  35.000  34.035  246.020
13.770  35.000  34.037  246.254
13.780  35.000  36.273  246.889
13.790  35.000  36.056  247.448
13.800  35.000  33.932  247.594
13.810  35.000  33.927  247.576
13.820  35.000  35.641  247.974
13.830  35.000  36.143  248.686
13.840  35.000  34.733  249.176
13.850  35.000  34.448  249.258
13.860  35.000  34.728  249.501
13.870  35.000  36.028  250.168
13.880  35.000  35.433  250.495
13.890  35.000  34.012  250.276
13.900  35.000  33.896  250.069
13.910  35.000  36.133  250.395
13.920  35.000  36.104  250.914
13.930  35.000  34.515  250.834
13.940  35.000  33.669  250.507
13.950  35.000  34.664  250.766
13.960  35.000  36.738  251.372
13.970  35.000  35.697  251.805
13.980  35.000  33.797  251.531
13.990  35.000  34.021  251.031
14.000  35.000  36.265  251.198
14.010  35.000  35.702  251.686
14.020  35.000  34.460  251.564
14.030  35.000  34.081  250.984
14.040  35.000  35.131  251.018
14.050  35.000  36.071  251.531
14.060  35.000  35.199  251.756
14.070  35.000  33.442  251.464
14.080  35.000  34.029  251.378
14.090  35.000  36.917  252.112
14.100  35.000  35.609  253.020
14.110  35.000  32.982  253.499
14.120  35.000  34.378  253.500
14.130  35.000  36.451  253.814
14.140  35.000  36.587  254.415
14.150  35.000  34.317  254.418
14.160  35.000  33.919  254.104
14.170  35.000  34.966  254.050
14.180  35.000  36.254  254.551
14.190  35.000  35.581  255.000
14.200  35.000  33.934  254.626
14.210  35.000  33.968  254.051
14.220  35.000  36.235  253.964
14.230  35.000  36.342  254.143
14.240  35.000  34.613  253.899
14.250  35.000  33.094  253.293
14.260  35.000  34.496  252.810
14.270  35.000  36.246  252.833
14.280  35.000  36.183  252.985
14.290  35.000  33.397  252.931
14.300  35.000  33.383  252.711
14.310  35.000  36.374  252.787
14.320  35.000  36.259  253.346
14.330  35.000  34.608  253.679
14.340  10.000  33.686  253.694
14.350  10.000  33.361  253.394
14.360  10.000  31.425  251.493
14.370  10.000  25.176  244.959
14.380  10.000  22.177  236.051
14.390  10.000  18.623  226.683
14.400  10.000  17.664  216.813
14.410  10.000  16.499  207.986
14.420  10.000  15.927  198.938
14.430  10.000  15.042  189.734
14.440  10.000  14.642  181.554
14.450  10.000  14.016  173.560
14.460  10.000  13.560  165.469
14.470  10.000  13.082  157.944
14.480  10.000  12.624  150.477
14.490  10.000  12.297  142.583
14.500  10.000  11.755  134.522
14.510  10.000  11.374  127.120
14.520  10.000  10.943  119.745
14.530  10.000  10.429  112.486
14.540  10.000  10.061  105.406
14.550  10.000  9.683  98.515
14.560  10.000  9.438  91.775
14.570  10.000  9.022  85.110
14.580  10.000  8.813  79.080
14.590  10.000  8.499  73.276
14.600  10.000  8.376  67.179
14.610  10.000  8.319  61.329
14.620  10.000  8.331  56.151
14.630  10.000  8.127  51.232
14.640  10.000  8.243  46.609
14.650  10.000  8.223  42.226
14.660  10.000  8.181  38.046
14.670  10.000  8.405  34.335
14.680  10.000  8.450  31.203
14.690  10.000  8.573  28.305
14.700  10.000  8.637  25.542
14.710  10.000  8.707  23.068
14.720  10.000  9.426  21.381
14.730  10.000  9.833  20.363
14.740  10.000  9.723  19.567
14.750  10.000  9.302  18.779
14.760  10.000  9.248  17.979
14.770  10.000  9.153  17.168
14.780  10.000  9.207  16.606
14.790  10.000  9.765  16.499
14.800  10.000  10.049  16.531
14.810  10.000  9.765  16.666
14.820  10.000  9.402  17.082
14.830  10.000  9.638  17.910
14.840  10.000  10.256  18.882
14.850  10.000  10.533  19.791
14.860  10.000  10.152  20.560
14.870  10.000  9.764  21.209
14.880  10.000  10.226  21.757
14.890  10.000  10.537  22.135
14.900  10.000  10.514  22.254
14.910  10.000  9.790  22.179
14.920  10.000  9.659  22.026
14.930  10.000  10.503  21.703
14.940  10.000  10.627  21.263
14.950  10.000  10.105  20.563
14.960  10.000  9.442  19.788
14.970  10.000  9.715  19.230
14.980  10.000  10.225  18.736
14.990  10.000  10.344  18.143
15.000  10.000  9.756  17.585
15.010  10.000  9.417  17.227
15.020  10.000  9.915  16.888
15.030  10.000  10.392  16.603
15.040  10.000  10.303  16.284
15.050  10.000  9.591  15.709
15.060  10.000  9.370  15.145
15.070  10.000  9.967  14.926
15.080  10.000  10.590  14.968
15.090  10.000  10.391  14.935
15.100  10.000  9.149  14.850
15.110  10.000  9.308  14.867
15.120  10.000  10.333  15.045
15.130  10.000  11.093  15.179
15.140  10.000  10.102  14.888
15.150  10.000  9.123  14.427
15.160  10.000  9.237  14.304
15.170  10.000  10.789  14.552
15.180  10.000  10.898  14.849
15.190  10.000  10.074  14.582
15.200  10.000  8.783  14.175
15.210  10.000  9.572  14.123
15.220  10.000  11.125  14.268
15.230  10.000  11.227  14.205
15.240  10.000  9.652  13.664
15.250  10.000  8.658  13.110
15.260  10.000  9.462  12.760
15.270  10.000  11.017  12.655
15.280  10.000  11.130  12.474
15.290  10.000  9.831  11.839
15.300  10.000  8.675  11.078
15.310  10.000  9.351  10.700
15.320  10.000  10.938  10.759
15.330  10.000  11.089  10.722
15.340  10.000  9.551  10.168
15.350  10.000  8.563  9.461
15.360  10.000  9.736  9.164
15.370  10.000  11.062  9.222
15.380  10.000  10.916  9.105
15.390  10.000  9.210  8.630
15.400  10.000  8.568  8.353
15.410  10.000  9.950  8.568
15.420  10.000  11.298  8.980
15.430  10.000  11.001  9.015
15.440  10.000  9.177  8.382
15.450  10.000  8.384  7.904
15.460  10.000  10.096  8.060
15.470  10.000  11.668  8.526
15.480  10.000  11.140  8.651
15.490  10.000  8.938  8.074
15.500  10.000  8.225  7.480
15.510  10.000  10.257  7.357
15.520  10.000  11.633  7.645
15.530  10.000  11.190  7.808
15.540  10.000  8.657  7.282
15.550  10.000  8.695  6.506
15.560  10.000  10.200  6.408
15.570  10.000  11.155  6.695
15.580  10.000  10.725  6.465
15.590  10.000  9.093  5.805
15.600  10.000  8.712  5.571
15.610  10.000  10.353  6.065
15.620  10.000  11.332  6.614
15.630  10.000  10.724  6.501
15.640  10.000  8.969  5.787
15.650  10.000  8.607  5.212
15.660  10.000  10.321  5.120
15.670  10.000  11.261  5.271
15.680  10.000  10.956  5.000
15.690  10.000  8.717  4.442
15.700  10.000  8.511  4.054
15.710  10.000  10.468  4.101
15.720  10.000  11.452  4.439
15.730  10.000  10.577  4.340
15.740  10.000  8.642  3.606
15.750  10.000  8.650  3.089
15.760  10.000  10.769  3.390
15.770  10.000  11.537  3.855
15.780  10.000  10.284  3.758
15.790  10.000  8.582  3.273
15.800  10.000  8.744  2.912
15.810  10.000  11.148  3.045
15.820  10.000  11.606  3.342
15.830  10.000  10.128  3.080
15.840  10.000  8.222  2.512
15.850  10.000  8.818  2.180
15.860  10.000  11.313  2.356
15.870  10.000  11.627  2.622
15.880  10.000  9.690  2.293
15.890  10.000  8.409  1.570
15.900  10.000  9.019  1.253
15.910  10.000  11.383  1.487
15.920  10.000  11.779  1.785
15.930  10.000  9.576  1.623
15.940  10.000  8.289  1.179
15.950  10.000  9.280  1.034
15.960  10.000  11.173  1.357
15.970  10.000  11.630  1.558
15.980  10.000  9.491  1.069
15.990  10.000  8.370  0.467
16.000  10.000  9.359  0.348
16.010  10.000  11.136  0.567
16.020  10.000  11.544  0.580
16.030  10.000  9.575  0.172
16.040  10.000  8.456  -0.370
16.050  10.000  9.196  -0.412
16.060  10.000  11.209  0.154
16.070  10.000  11.608  0.512
16.080  10.000  9.367  0.269
16.090  10.000  8.351  -0.260
16.100  10.000  9.129  -0.414
16.110  10.000  11.292  -0.117
16.120  10.000  11.716  0.001
16.130  10.000  9.640  -0.521
16.140  10.000  8.400  -1.260
16.150  10.000  9.057  -1.430
16.160  10.000  11.293  -1.001
16.170  10.000  11.714  -0.697
16.180  10.000  9.690  -1.151
16.190  10.000  8.623  -1.938
16.200  10.000  9.160  -2.448
16.210  10.000  11.135  -2.400
16.220  10.000  11.111  -2.178
16.230  10.000  9.740  -2.628
16.240  10.000  8.543  -3.470
16.250  10.000  9.501  -3.936
16.260  10.000  11.076  -3.855
16.270  10.000  11.463  -3.911
16.280  10.000  9.346  -4.569
16.290  10.000  8.504  -5.160
16.300  10.000  9.319  -5.096
16.310  10.000  11.275  -4.792
16.320  10.000  11.382  -4.971
16.330  10.000  9.471  -5.664
16.340  10.000  8.450  -6.434
16.350  12.500  9.456  -6.748
16.360  15.000  11.711  -6.286
16.370  17.500  13.373  -4.643
16.380  20.000  14.243  -1.341
16.390  22.500  16.950  3.837
16.400  25.000  20.812  10.554
16.410  27.500  22.863  18.638
16.420  30.000  26.175  27.604
16.430  32.500  28.869  36.645
16.440  35.000  30.398  45.716
16.450  35.000  30.312  55.024
16.460  35.000  31.963  64.487
16.470  35.000  31.816  74.061
16.480  35.000  33.253  83.024
16.490  35.000  32.895  91.634
16.500  35.000  33.722  100.518
16.510  35.000  34.285  109.382
16.520  35.000  35.235  117.621
16.530  35.000  35.415  124.878
16.540  35.000  35.752  132.486
16.550  35.000  35.484  140.741
16.560  35.000  36.302  148.465
16.570  35.000  37.010  155.312
16.580  35.000  35.869  162.250
16.590  35.000  35.111  169.199
16.600  35.000  36.186  175.421
16.610  35.000  36.220  181.131
16.620  35.000  36.675  186.465
16.630  35.000  36.619  191.436
16.640  35.000  35.936  196.321
16.650  35.000  35.783  200.893
16.660  35.000  34.617  205.014
16.670  35.000  36.039  208.844
16.680  35.000  35.341  212.267
16.690  35.000  34.844  215.051
16.700  35.000  35.022  216.893
16.710  35.000  33.812  218.006
16.720  35.000  34.110  218.851
16.730  35.000  35.402  219.933
16.740  35.000  36.013  221.023
16.750  35.000  34.731  221.776
16.760  35.000  34.394  222.507
16.770  35.000  35.002  223.375
16.780  35.000  35.479  224.292
16.790  35.000  35.640  225.179
16.800  35.000  34.494  225.938
16.810  35.000  35.000  226.467
16.820  35.000  34.916  227.023
16.830  35.000  36.550  227.472
16.840  35.000  34.936  227.707
16.850  35.000  33.946  227.576
16.860  35.000  34.298  227.351
16.870  35.000  36.121  227.687
16.880  35.000  36.007  228.043
16.890  35.000  34.525  227.744
16.900  35.000  33.829  227.152
16.910  35.000  34.462  226.927
16.920  35.000  36.530  227.201
16.930  35.000  35.619  227.595
16.940  35.000  33.606  227.588
16.950  35.000  33.640  227.477
16.960  35.000  36.320  227.871
16.970  35.000  36.019  228.623
16.980  35.000  34.543  228.823
16.990  35.000  33.607  228.364
17.000  35.000  34.946  228.180
17.010  35.000  36.386  228.559
17.020  35.000  35.869  228.987
17.030  35.000  33.381  229.033
17.040  35.000  33.964  228.954
17.050  35.000  36.488  229.355
17.060  35.000  36.133  230.021
17.070  35.000  33.835  230.253
17.080  35.000  33.846  230.017
17.090  35.000  35.889  230.113
17.100  35.000  35.970  230.631
17.110  35.000  35.067  230.621
17.120  35.000  33.969  230.194
17.130  35.000  33.846  230.330
17.140  35.000  36.349  231.152
17.150  35.000  36.104  231.782
17.160  35.000  34.223  231.853
17.170  35.000  33.847  231.662
17.180  35.000  35.275  231.783
17.190  35.000  36.630  232.301
17.200  35.000  35.320  232.745
17.210  35.000  32.950  232.887
17.220  35.000  33.673  233.005
17.230  35.000  37.452  233.761
17.240  35.000  36.348  234.745
17.250  35.000  34.462  234.897
17.260  35.000  33.221  234.440
17.270  35.000  34.287  234.201
17.280  35.000  36.835  234.536
17.290  35.000  35.888  235.235
17.300  35.000  33.033  235.568
17.310  35.000  34.014  235.352
17.320  35.000  36.541  235.435
17.330  35.000  36.474  235.962
17.340  35.000  33.764  236.137
17.350  10.000  33.527  235.934
17.360  10.000  33.938  235.545
17.370  10.000  32.057  233.682
17.380  10.000  25.886  227.957
17.390  10.000  22.138  219.869
17.400  10.000  18.647  210.511
17.410  10.000  17.736  200.982
17.420  10.000  16.304  192.651
17.430  10.000  15.910  184.230
17.440  10.000  15.207  175.886
17.450  10.000  14.581  167.886
17.460  10.000  14.133  160.098
17.470  10.000  13.593  151.965
17.480  10.000  13.055  144.043
17.490  10.000  12.546  136.458
17.500  10.000  12.265  129.088
17.510  10.000  11.816  121.581
17.520  10.000  11.246  114.011
17.530  10.000  10.964  107.207
17.540  10.000  10.503  100.832
17.550  10.000  10.147  94.491
17.560  10.000  9.742  87.589
17.570  10.000  9.450  80.799
17.580  10.000  9.071  74.653
17.590  10.000  8.882  68.757
17.600  10.000  8.638  63.130
17.610  10.000  8.335  57.569
17.620  10.000  8.399  52.125
17.630  10.000  8.258  47.095
17.640  10.000  8.028  42.308
17.650  10.000  8.101  37.873
17.660  10.000  8.189  33.873
17.670  10.000  8.187  29.923
17.680  10.000  8.256  26.095
17.690  10.000  8.455  22.810
17.700  10.000  8.584  19.813
17.710  10.000  8.570  16.978
17.720  10.000  8.786  14.844
17.730  10.000  9.521  13.446
17.740  10.000  9.929  12.524
17.750  10.000  9.670  11.784
17.760  10.000  9.390  10.991
17.770  10.000  9.127  10.179
17.780  10.000  9.203  9.469
17.790  10.000  9.264  9.020
17.800  10.000  9.672  8.973
17.810  10.000  9.942  9.183
17.820  10.000  9.933  9.549
17.830  10.000  9.198  10.133
17.840  10.000  9.819  10.959
17.850  10.000  10.170  12.062
17.860  10.000  10.547  13.167
17.870  10.000  9.972  14.044
17.880  10.000  9.827  14.896
17.890  10.000  10.043  15.713
17.900  10.000  10.544  16.423
17.910  10.000  10.661  16.979
17.920  10.000  10.057  17.103
17.930  10.000  9.712  16.871
17.940  10.000  10.147  16.485
17.950  10.000  10.849  16.013
17.960  10.000  10.527  15.443
17.970  10.000  9.909  14.574
17.980  10.000  9.624  13.826
17.990  10.000  9.953  13.246
18.000  10.000  10.097  12.511
18.010  10.000  9.962  11.626
18.020  10.000  9.715  10.734
18.030  10.000  9.559  10.193
18.040  10.000  9.748  9.858
18.050  10.000  9.940  9.534
18.060  10.000  10.008  9.190
18.070  10.000  9.569  8.957
18.080  10.000  9.768  9.009
18.090  10.000  10.080  9.296
18.100  10.000  9.996  9.610
18.110  10.000  9.939  9.920
18.120  10.000  9.966  10.267
18.130  10.000  9.927  10.618
18.140  10.000  9.964  11.037
18.150  10.000  10.272  11.393
18.160  10.000  10.188  11.521
18.170  10.000  10.065  11.663
18.180  10.000  9.862  11.853
18.190  10.000  10.087  11.897
18.200  10.000  10.354  11.747
18.210  10.000  10.281  11.372
18.220  10.000  10.084  10.855
18.230  10.000  9.676  10.526
18.240  10.000  9.948  10.396
18.250  10.000  10.318  10.083
18.260  10.000  10.196  9.624
18.270  10.000  9.625  9.258
18.280  10.000  9.600  9.039
18.290  10.000  10.174  8.734
18.300  10.000  10.253  8.549
18.310  10.000  9.965  8.545
18.320  10.000  9.707  8.545
18.330  10.000  9.539  8.567
18.340  10.000  10.307  8.576
18.350  10.000  10.401  8.564
18.360  10.000  9.982  8.521
18.370  10.000  9.347  8.437
18.380  10.000  9.932  8.483
18.390  10.000  10.470  8.725
18.400  10.000  10.459  8.787
18.410  10.000  9.648  8.532
18.420  10.000  9.172  8.381
18.430  10.000  10.029  8.542
18.440  10.000  10.538  8.933
18.450  10.000  10.419  9.203
18.460  10.000  9.283  9.085
18.470  10.000  9.372  9.185
18.480  10.000  10.424  9.737
18.490  10.000  10.981  10.293
18.500  10.000  10.068  10.621
18.510  10.000  9.269  10.579
18.520  10.000  9.656  10.355
18.530  10.000  10.791  10.294
18.540  10.000  10.849  10.230
18.550  10.000  9.734  9.806
18.560  10.000  8.927  9.294
18.570  10.000  9.712  9.203
18.580  10.000  11.029  9.452
18.590  10.000  10.794  9.444
18.600  10.000  9.463  8.937
18.610  10.000  8.779  8.397
18.620  10.000  9.917  8.429
18.630  10.000  11.009  8.857
18.640  10.000  10.839  8.935
18.650  10.000  9.275  8.608
18.660  10.000  8.672  8.355
18.670  10.000  10.167  8.410
18.680  10.000  11.216  8.654
18.690  10.000  10.661  8.655
18.700  10.000  8.970  8.363
18.710  10.000  8.437  8.273
18.720  10.000  10.485  8.595
18.730  10.000  11.563  9.065
18.740  10.000  10.584  9.107
18.750  10.000  8.656  8.628
18.760  10.000  8.760  8.422
18.770  10.000  10.690  8.924
18.780  10.000  11.653  9.350
18.790  10.000  10.409  9.206
18.800  10.000  8.403  8.740
18.810  10.000  8.607  8.464
18.820  10.000  11.196  8.753
18.830  10.000  11.660  9.253
18.840  10.000  10.131  9.164
18.850  10.000  8.389  8.588
18.860  10.000  8.853  8.221
18.870  10.000  11.113  8.297
18.880  10.000  11.629  8.563
18.890  10.000  10.158  8.311
18.900  10.000  8.552  7.602
18.910  10.000  8.887  7.129
18.920  10.000  10.967  7.277
18.930  10.000  11.481  7.683
18.940  10.000  9.827  7.560
18.950  10.000  8.637  6.948
18.960  10.000  9.022  6.532
18.970  10.000  10.960  6.672
18.980  10.000  11.339  6.888
18.990  10.000  9.741  6.631
19.000  10.000  8.559  6.041
19.010  10.000  9.256  5.776
19.020  10.000  11.228  6.246
19.030  10.000  11.191  6.793
19.040  10.000  9.388  6.633
19.050  10.000  8.468  6.203
19.060  10.000  9.545  6.283
19.070  10.000  11.300  6.871
19.080  10.000  11.616  7.151
19.090  10.000  9.132  6.994
19.100  10.000  8.466  6.980
19.110  10.000  9.660  7.288
19.120  10.000  11.353  7.917
19.130  10.000  11.144  8.213
19.140  10.000  9.146  7.887
19.150  10.000  8.495  7.442
19.160  10.000  10.107  7.532
19.170  10.000  11.518  7.916
19.180  10.000  11.032  7.892
19.190  10.000  8.782  7.564
19.200  10.000  8.424  7.280
19.210  10.000  10.277  7.471
19.220  10.000  11.569  7.918
19.230  10.000  10.879  8.033
19.240  10.000  8.937  7.569
19.250  10.000  8.266  7.140
19.260  10.000  10.336  7.382
19.270  10.000  11.695  7.857
19.280  10.000  10.791  8.023
19.290  10.000  8.710  7.577
19.300  10.000  8.484  7.064
19.310  10.000  10.312  7.330
19.320  10.000  11.540  7.936
19.330  10.000  10.885  8.094
19.340  10.000  8.704  7.794
19.350  10.000  8.300  7.595
19.360  12.500  10.587  7.857
19.370  15.000  12.416  8.583
19.380  17.500  12.589  10.085
19.390  20.000  13.227  12.930
19.400  22.500  17.050  17.316
19.410  25.000  20.631  23.025
19.420  27.500  22.726  30.524
19.430  30.000  25.637  39.865
19.440  32.500  28.007  49.954
19.450  35.000  29.776  59.750
19.460  35.000  31.680  69.007
19.470  35.000  31.734  78.825
19.480  35.000  32.139  88.627
19.490  35.000  32.908  97.346
19.500  35.000  32.340  106.401
19.510  35.000  33.975  115.425
19.520  35.000  34.027  123.640
19.530  35.000  35.082  131.364
19.540  35.000  34.760  139.651
19.550  35.000  35.918  147.971
19.560  35.000  36.124  155.386
19.570  35.000  35.821  162.887
19.580  35.000  36.574  170.134
19.590  35.000  36.229  177.088
19.600  35.000  36.204  183.796
19.610  35.000  35.453  190.122
19.620  35.000  36.413  196.011
19.630  35.000  36.659  201.453
19.640  35.000  36.774  206.795
19.650  35.000  35.702  212.051
19.660  35.000  36.064  216.731
19.670  35.000  35.632  220.824
19.680  35.000  35.333  224.703
19.690  35.000  36.005  228.164
19.700  35.000  35.449  231.248
19.710  35.000  35.545  233.976
19.720  35.000  35.851  236.088
19.730  35.000  34.679  237.585
19.740  35.000  33.572  238.480
19.750  35.000  32.893  238.445
19.760  35.000  34.492  237.717
19.770  35.000  36.393  237.478
19.780  35.000  35.895  237.680
19.790  35.000  33.353  237.477
19.800  35.000  33.235  237.110
19.810  35.000  36.369  237.233
19.820  35.000  36.044  237.872
19.830  35.000  34.661  238.119
19.840  35.000  33.321  237.876
19.850  35.000  34.860  238.086
19.860  35.000  36.647  238.700
19.870  35.000  35.941  239.182
19.880  35.000  33.423  239.248
19.890  35.000  33.622  239.159
19.900  35.000  36.443  239.661
19.910  35.000  36.132  240.617
19.920  35.000  34.309  241.231
19.930  35.000  33.605  241.392
19.940  35.000  35.116  241.863
19.950  35.000  36.535  242.735
19.960  35.000  35.623  243.397
19.970  35.000  33.507  243.469
19.980  35.000  33.695  243.294
19.990  35.000  37.066  243.438
20.000  35.000  36.898  243.617
20.010  35.000  34.175  243.442
20.020  35.000  32.999  243.014
20.030  35.000  34.106  242.878
20.040  35.000  37.477  243.191
20.050  35.000  36.159  243.565
20.060  35.000  33.169  243.581
20.070  35.000  33.535  243.180
20.080  35.000  36.145  243.178
20.090  35.000  36.181  243.698
20.100  35.000  34.628  243.729
20.110  35.000  33.550  243.435
20.120  35.000  34.689  243.438
20.130  35.000  36.562  243.866
20.140  35.000  36.219  244.227
20.150  35.000  33.496  243.850
20.160  35.000  33.551  243.377
20.170  35.000  35.933  243.520
20.180  35.000  36.458  243.950
20.190  35.000  34.642  244.113
20.200  35.000  33.297  243.916
20.210  35.000  34.391  243.870
20.220  35.000  36.903  244.302
20.230  35.000  35.977  244.829
20.240  35.000  32.938  244.963
20.250  35.000  33.768  244.929
20.260  35.000  36.662  245.445
20.270  35.000  36.160  246.104
20.280  35.000  34.718  246.069
20.290  35.000  33.645  245.687
20.300  35.000  34.945  245.679
20.310  35.000  36.311  246.032
20.320  35.000  36.326  246.112
20.330  35.000  33.613  245.885
20.340  35.000  33.417  245.735
20.350  35.000  35.818  246.068
20.360  10.000  35.949  246.736
20.370  10.000  34.930  246.854
20.380  10.000  30.605  245.380
20.390  10.000  25.145  240.450
20.400  10.000  22.034  232.843
20.410  10.000  18.682  223.639
20.420  10.000  17.894  214.259
20.430  10.000  16.644  205.529
20.440  10.000  16.205  196.230
20.450  10.000  15.297  187.410
20.460  10.000  14.843  179.433
20.470  10.000  14.244  171.244
20.480  10.000  13.820  163.097
20.490  10.000  13.448  155.546
20.500  10.000  12.816  147.783
20.510  10.000  12.434  140.194
20.520  10.000  11.951  133.139
20.530  10.000  11.561  125.703
20.540  10.000  10.995  118.288
20.550  10.000  10.737  111.488
20.560  10.000  10.211  104.899
20.570  10.000  9.795  98.409
20.580  10.000  9.372  92.186
20.590  10.000  9.144  86.172
20.600  10.000  8.939  80.302
20.610  10.000  8.718  74.189
20.620  10.000  8.415  67.617
20.630  10.000  8.339  61.629
20.640  10.000  8.210  56.467
20.650  10.000  8.122  51.403
20.660  10.000  8.171  46.623
20.670  10.000  8.218  42.344
20.680  10.000  8.098  38.243
20.690  10.000  8.242  34.402
20.700  10.000  8.514  31.095
20.710  10.000  8.507  28.133
20.720  10.000  8.674  25.342
20.730  10.000  8.609  22.975
20.740  10.000  9.242  21.422
20.750  10.000  9.831  20.486
20.760  10.000  10.030  19.502
20.770  10.000  9.530  18.330
20.780  10.000  9.247  17.410
20.790  10.000  9.025  16.886
20.800  10.000  9.333  16.283
20.810  10.000  9.500  15.786
20.820  10.000  10.035  15.613
20.830  10.000  9.963  15.534
20.840  10.000  9.470  15.702
20.850  10.000  9.430  16.135
20.860  10.000  9.968  16.907
20.870  10.000  10.845  17.658
20.880  10.000  10.123  18.200
20.890  10.000  9.723  18.712
20.900  10.000  9.666  19.102
20.910  10.000  10.677  19.563
20.920  10.000  10.636  20.117
20.930  10.000  9.945  20.423
20.940  10.000  9.444  20.359
20.950  10.000  10.130  20.230
20.960  10.000  10.770  20.236
20.970  10.000  10.210  20.210
20.980  10.000  9.677  19.870
20.990  10.000  9.350  19.489
21.000  10.000  10.429  19.316
21.010  10.000  10.694  19.241
21.020  10.000  10.158  18.959
21.030  10.000  9.220  18.206
21.040  10.000  9.510  17.491
21.050  10.000  10.406  17.255
21.060  10.000  10.468  17.178
21.070  10.000  9.877  16.651
21.080  10.000  9.213  15.840
21.090  10.000  9.792  15.297
21.100  10.000  10.539  15.218
21.110  10.000  10.475  15.243
21.120  10.000  9.522  14.921
21.130  10.000  9.029  14.772
21.140  10.000  10.066  15.067
21.150  10.000  10.895  15.431
21.160  10.000  10.238  15.697
21.170  10.000  9.283  15.558
21.180  10.000  9.290  15.415
21.190  10.000  10.623  15.608
21.200  10.000  10.885  15.789
21.210  10.000  10.348  15.760
21.220  10.000  9.066  15.297
21.230  10.000  9.437  14.793
21.240  10.000  10.753  14.585
21.250  10.000  11.119  14.369
21.260  10.000  10.071  13.940
21.270  10.000  8.808  13.337
21.280  10.000  9.396  12.867
21.290  10.000  10.596  12.867
21.300  10.000  10.955  12.926
21.310  10.000  9.900  12.350
21.320  10.000  8.881  11.591
21.330  10.000  9.383  11.275
21.340  10.000  10.701  11.506
21.350  10.000  11.267  11.822
21.360  10.000  9.672  11.608
21.370  10.000  8.741  11.231
21.380  10.000  9.180  11.295
21.390  10.000  11.078  11.844
21.400  10.000  11.217  12.241
21.410  10.000  9.606  11.980
21.420  10.000  8.503  11.374
21.430  10.000  9.651  11.103
21.440  10.000  11.384  11.305
21.450  10.000  11.225  11.410
21.460  10.000  9.151  10.725
21.470  10.000  8.515  9.910
21.480  10.000  9.829  9.918
21.490  10.000  11.283  10.445
21.500  10.000  10.951  10.656
21.510  10.000  9.127  10.189
21.520  10.000  8.534  9.651
21.530  10.000  10.194  9.748
21.540  10.000  11.386  10.253
21.550  10.000  10.953  10.403
21.560  10.000  8.805  9.784
21.570  10.000  8.519  9.188
21.580  10.000  10.442  9.555
21.590  10.000  11.252  10.279
21.600  10.000  10.618  10.289
21.610  10.000  9.143  9.623
21.620  10.000  8.764  9.186
21.630  10.000  10.464  9.371
21.640  10.000  11.409  9.736
21.650  10.000  10.417  9.549
21.660  10.000  8.832  8.864
21.670  10.000  8.776  8.519
21.680  10.000  10.682  8.797
21.690  10.000  11.572  9.069
21.700  10.000  10.346  8.874
21.710  10.000  8.486  8.378
21.720  10.000  8.630  8.234
21.730  10.000  10.916  8.650
21.740  10.000  11.777  9.028
21.750  10.000  10.164  8.810
21.760  10.000  8.626  8.178
21.770  10.000  8.767  7.833
21.780  10.000  10.989  8.090
21.790  10.000  11.343  8.432
21.800  10.000  10.068  8.088
21.810  10.000  8.353  7.340
21.820  10.000  9.072  6.949
21.830  10.000  11.298  7.116
21.840  10.000  11.706  7.331
21.850  10.000  9.667  6.984
21.860  10.000  8.406  6.527
21.870  10.000  9.180  6.531
21.880  10.000  11.025  6.944
21.890  10.000  11.413  7.173
21.900  10.000  9.720  6.743
21.910  10.000  8.697  6.056
21.920  10.000  9.203  5.834
21.930  10.000  10.936  6.284
21.940  10.000  11.201  6.569
21.950  10.000  9.832  5.970
21.960  10.000  8.619  5.149
21.970  10.000  9.155  5.128
21.980  10.000  11.149  5.666
21.990  10.000  11.475  5.940
22.000  10.000  9.695  5.500
22.010  10.000  8.406  4.813
22.020  10.000  9.197  4.582
22.030  10.000  11.330  4.899
22.040  10.000  11.444  5.295
22.050  10.000  9.457  4.986
22.060  10.000  8.347  4.535
22.070  10.000  9.393  4.811
22.080  10.000  11.559  5.387
22.090  10.000  11.337  5.525
22.100  10.000  9.272  4.995
22.110  10.000  8.477  4.216
22.120  10.000  9.546  4.120
22.130  10.000  11.348  4.513
22.140  10.000  11.490  4.511
22.150  10.000  9.342  3.763
22.160  10.000  8.711  2.837
22.170  10.000  9.555  2.601
22.180  10.000  11.088  2.776
22.190  10.000  11.116  2.740
22.200  10.000  9.265  2.248
22.210  10.000  8.396  1.707
22.220  10.000  9.715  1.699
22.230  10.000  11.304  2.158
22.240  10.000  11.028  2.515
22.250  10.000  8.809  2.351
22.260  10.000  8.490  2.045
22.270  10.000  10.439  2.261
22.280  10.000  11.701  2.798
22.290  10.000  10.783  3.024
22.300  10.000  8.618  2.696
22.310  10.000  8.425  2.382
22.320  10.000  10.606  2.746
22.330  10.000  11.870  3.248
22.340  10.000  10.751  3.260
22.350  10.000  8.515  2.853
22.360  10.000  8.403  2.576
22.370  12.500  10.933  2.732
22.380  15.000  12.436  3.244
22.390  17.500  12.321  4.402
22.400  20.000  13.256  6.804
22.410  22.500  16.974  10.917
22.420  25.001  19.930  16.655
22.430  27.500  22.248  24.784
22.440  30.000  25.700  34.559
22.450  32.500  27.933  44.208
22.460  35.000  29.708  53.608
22.470  35.000  30.702  62.858
22.480  35.000  31.868  71.678
22.490  35.000  31.725  80.708
22.500  35.000  31.899  90.420
22.510  35.000  33.701  99.395
22.520  35.000  33.992  107.526
22.530  35.000  34.557  115.608
22.540  35.000  34.024  123.830
