# covent_pc_6
# Captured 2020-06-21 02:46:15.128382 by unknown user
# Built at revision ace2394 (dirty)
time(sec)  pc_setpoint  pressure  volume
0.000  10.000  10.115  0.883
0.010  10.000  10.368  0.930
0.020  10.000  10.128  0.983
0.030  10.000  10.281  1.070
0.040  10.000  10.126  1.146
0.050  10.000  9.956  1.365
0.060  10.000  10.028  1.525
0.070  10.000  10.118  1.520
0.080  10.000  10.171  1.468
0.090  10.000  10.007  1.433
0.100  10.000  10.147  1.370
0.110  10.000  10.029  1.289
0.120  10.000  10.125  1.141
0.130  10.000  10.123  0.920
0.140  10.000  10.105  0.736
0.150  10.000  10.071  0.570
0.160  10.000  9.990  0.457
0.170  10.000  9.975  0.370
0.180  10.000  9.979  0.251
0.190  10.000  10.106  0.082
0.200  10.000  10.065  -0.103
0.210  10.000  10.129  -0.372
0.220  10.000  10.001  -0.695
0.230  10.000  10.054  -1.030
0.240  10.000  9.880  -1.254
0.250  10.000  9.850  -1.457
0.260  10.000  9.948  -1.821
0.270  10.000  9.897  -2.147
0.280  10.000  9.923  -2.312
0.290  10.000  9.832  -2.427
0.300  10.000  9.851  -2.567
0.310  10.000  9.912  -2.731
0.320  10.000  10.072  -2.977
0.330  10.000  9.902  -3.262
0.340  10.000  9.977  -3.440
0.350  10.000  9.890  -3.627
0.360  10.000  10.088  -3.880
0.370  10.000  9.835  -4.128
0.380  10.000  9.891  -4.409
0.390  10.000  9.740  -4.626
0.400  10.000  9.966  -4.792
0.410  10.000  9.661  -4.946
0.420  10.000  9.888  -5.124
0.430  10.000  9.801  -5.269
0.440  10.000  9.936  -5.373
0.450  10.000  9.891  -5.466
0.460  10.000  9.866  -5.535
0.470  10.000  9.911  -5.611
0.480  10.000  9.890  -5.693
0.490  10.000  9.998  -5.699
0.500  10.000  9.929  -5.575
0.510  10.000  10.083  -5.432
0.520  10.000  10.006  -5.315
0.530  10.000  10.004  -5.148
0.540  10.000  10.118  -5.058
0.550  10.000  10.103  -4.987
0.560  10.000  9.994  -4.897
0.570  10.000  9.986  -4.875
0.580  10.000  9.904  -4.867
0.590  10.000  10.128  -4.829
0.600  10.000  9.930  -4.795
0.610  10.000  9.967  -4.741
0.620  10.000  9.971  -4.664
0.630  10.000  9.928  -4.467
0.640  10.000  10.082  -4.225
0.650  10.000  10.147  -4.084
0.660  10.000  10.107  -4.017
0.670  10.000  10.114  -3.997
0.680  10.000  10.033  -3.870
0.690  10.000  9.997  -3.779
0.700  10.000  10.162  -3.747
0.710  10.000  10.131  -3.670
0.720  12.500  10.141  -3.636
0.730  15.000  10.221  -3.397
0.740  17.500  10.673  -2.260
0.750  20.000  12.404  -0.057
0.760  22.500  14.854  2.805
0.770  25.000  16.518  6.604
0.780  27.499  18.541  11.374
0.790  29.999  21.929  17.041
0.800  32.500  24.062  22.961
0.810  34.999  26.111  28.660
0.820  35.000  27.762  34.737
0.830  35.000  29.472  40.847
0.840  35.000  30.753  46.743
0.850  35.000  31.951  52.649
0.860  35.000  32.480  58.633
0.870  35.000  33.413  64.486
0.880  35.000  34.184  70.015
0.890  35.000  35.048  75.403
0.900  35.000  34.870  81.224
0.910  35.000  35.993  86.899
0.920  35.000  35.705  92.438
0.930  35.000  36.437  98.118
0.940  35.000  36.521  103.658
0.950  35.000  36.888  108.876
0.960  35.000  36.072  113.771
0.970  35.000  35.874  118.302
0.980  35.000  34.430  122.956
0.990  35.000  34.701  127.266
1.000  35.000  34.306  131.175
1.010  35.000  34.475  135.611
1.020  35.000  34.582  140.082
1.030  35.000  34.767  144.783
1.040  35.000  35.011  149.530
1.050  35.000  35.775  154.342
1.060  35.000  35.114  159.321
1.070  35.000  35.834  164.151
1.080  35.000  35.549  168.526
1.090  35.000  34.840  173.089
1.100  35.000  35.033  177.803
1.110  35.000  35.029  182.026
1.120  35.000  35.281  186.085
1.130  35.000  34.551  190.232
1.140  35.000  35.389  194.239
1.150  35.000  34.693  198.230
1.160  35.000  35.160  202.295
1.170  35.000  34.923  206.435
1.180  35.000  35.703  210.467
1.190  35.000  35.129  214.536
1.200  35.000  35.476  218.815
1.210  35.000  35.115  222.723
1.220  35.000  35.233  226.485
1.230  35.000  35.060  230.172
1.240  35.000  35.374  233.928
1.250  35.000  35.149  237.796
1.260  35.000  35.234  241.393
1.270  35.000  35.325  245.114
1.280  35.000  35.366  248.925
1.290  35.000  35.126  252.502
1.300  35.000  36.001  255.874
1.310  35.000  35.614  259.516
1.320  35.000  35.815  263.464
1.330  35.000  35.643  267.215
1.340  35.000  35.886  270.853
1.350  35.000  35.471  274.465
1.360  35.000  35.347  277.996
1.370  35.000  35.498  281.291
1.380  35.000  34.993  284.512
1.390  35.000  35.531  287.285
1.400  35.000  34.245  290.154
1.410  35.000  35.155  293.435
1.420  35.000  34.429  296.647
1.430  35.000  35.238  299.795
1.440  35.000  35.173  302.769
1.450  35.000  34.966  305.784
1.460  35.000  35.473  308.733
1.470  35.000  35.082  311.713
1.480  35.000  35.367  314.804
1.490  35.000  34.830  317.979
1.500  35.000  35.285  321.081
1.510  35.000  34.794  323.975
1.520  35.000  35.269  326.819
1.530  35.000  35.235  329.607
1.540  35.000  34.571  332.470
1.550  35.000  35.462  335.301
1.560  35.000  35.196  338.045
1.570  35.000  35.127  340.976
1.580  35.000  35.334  343.830
1.590  35.000  35.059  346.326
1.600  35.000  35.718  348.648
1.610  35.000  34.770  351.016
1.620  35.000  34.755  353.523
1.630  35.000  35.137  355.773
1.640  35.000  35.256  357.813
1.650  35.000  35.220  360.124
1.660  35.000  34.616  362.578
1.670  35.000  34.851  365.295
1.680  35.000  35.058  367.909
1.690  35.000  34.954  370.337
1.700  35.000  35.164  372.907
1.710  35.000  35.225  375.401
1.720  10.000  35.369  377.924
1.730  10.000  35.033  377.617
1.740  10.000  31.120  369.908
1.750  10.000  20.768  361.911
1.760  10.000  19.093  355.888
1.770  10.000  15.691  348.861
1.780  10.000  14.713  343.214
1.790  10.000  13.266  337.849
1.800  10.000  12.715  332.777
1.810  10.000  12.131  327.832
1.820  10.000  11.855  322.896
1.830  10.000  11.510  317.993
1.840  10.000  11.311  313.159
1.850  10.000  11.038  308.418
1.860  10.000  10.870  303.762
1.870  10.000  10.686  299.101
1.880  10.000  10.574  294.520
1.890  10.000  10.391  289.994
1.900  10.000  10.363  285.392
1.910  10.000  10.206  280.912
1.920  10.000  10.125  276.472
1.930  10.000  9.953  272.035
1.940  10.000  9.907  267.579
1.950  10.000  9.778  263.070
1.960  10.000  9.656  258.699
1.970  10.000  9.634  254.375
1.980  10.000  9.493  250.117
1.990  10.000  9.541  245.872
2.000  10.000  9.476  241.669
2.010  10.000  9.584  237.651
2.020  10.000  9.606  233.769
2.030  10.000  9.817  230.021
2.040  10.000  9.902  226.309
2.050  10.000  10.097  222.543
2.060  10.000  10.163  218.706
2.070  10.000  10.145  214.924
2.080  10.000  10.109  211.185
2.090  10.000  9.993  207.386
2.100  10.000  9.974  203.624
2.110  10.000  9.815  199.919
2.120  10.000  9.703  196.272
2.130  10.000  9.730  192.696
2.140  10.000  9.759  189.201
2.150  10.000  9.895  185.824
2.160  10.000  9.965  182.484
2.170  10.000  10.066  179.107
2.180  10.000  10.109  175.741
2.190  10.000  10.068  172.352
2.200  10.000  9.961  168.963
2.210  10.000  9.879  165.686
2.220  10.000  9.835  162.452
2.230  10.000  9.868  159.241
2.240  10.000  9.855  156.129
2.250  10.000  9.921  153.096
2.260  10.000  9.936  150.083
2.270  10.000  9.950  147.070
2.280  10.000  10.023  144.093
2.290  10.000  10.019  141.163
2.300  10.000  10.050  138.196
2.310  10.000  10.053  135.245
2.320  10.000  9.917  132.400
2.330  10.000  9.950  129.544
2.340  10.000  9.892  126.683
2.350  10.000  9.819  123.900
2.360  10.000  9.930  121.164
2.370  10.000  9.871  118.526
2.380  10.000  9.879  115.984
2.390  10.000  9.973  113.472
2.400  10.000  10.051  110.988
2.410  10.000  10.080  108.470
2.420  10.000  10.038  105.928
2.430  10.000  10.054  103.456
2.440  10.000  9.962  100.989
2.450  10.000  9.935  98.468
2.460  10.000  9.866  95.993
2.470  10.000  9.800  93.598
2.480  10.000  9.881  91.240
2.490  10.000  9.901  88.954
2.500  10.000  10.031  86.720
2.510  10.000  10.085  84.499
2.520  10.000  9.970  82.329
2.530  10.000  9.962  80.217
2.540  10.000  10.031  78.120
2.550  10.000  9.876  75.996
2.560  10.000  9.912  73.916
2.570  10.000  9.848  71.873
2.580  10.000  9.880  69.850
2.590  10.000  9.992  67.855
2.600  10.000  10.000  65.962
2.610  10.000  10.028  64.098
2.620  10.000  10.077  62.217
2.630  10.000  9.975  60.400
2.640  10.000  9.876  58.636
2.650  10.000  9.916  56.913
2.660  10.000  10.009  55.226
2.670  10.000  9.999  53.514
2.680  10.000  9.913  51.793
2.690  10.000  9.863  50.113
2.700  10.000  9.987  48.464
2.710  10.000  9.919  46.898
2.720  10.000  10.012  45.360
2.730  10.000  9.884  43.846
2.740  10.000  9.909  42.392
2.750  10.000  9.926  40.947
2.760  10.000  9.891  39.526
2.770  10.000  10.082  38.136
2.780  10.000  10.004  36.798
2.790  10.000  9.942  35.449
2.800  10.000  10.006  34.113
2.810  10.000  9.978  32.849
2.820  10.000  10.013  31.602
2.830  10.000  9.893  30.393
2.840  10.000  9.860  29.208
2.850  10.000  9.851  28.029
2.860  10.000  9.849  26.859
2.870  10.000  9.934  25.754
2.880  10.000  9.915  24.675
2.890  10.000  10.003  23.588
2.900  10.000  9.958  22.515
2.910  10.000  9.901  21.441
2.920  10.000  9.963  20.445
2.930  10.000  9.969  19.579
2.940  10.000  9.953  18.751
2.950  10.000  9.929  17.833
2.960  10.000  9.969  16.925
2.970  10.000  9.892  16.096
2.980  10.000  9.954  15.269
2.990  10.000  9.881  14.468
3.000  10.000  9.927  13.651
3.010  10.000  9.914  12.850
3.020  10.000  9.941  12.169
3.030  10.000  9.979  11.512
3.040  10.000  10.014  10.836
3.050  10.000  9.952  10.264
3.060  10.000  10.014  9.736
3.070  10.000  9.982  9.172
3.080  10.000  9.929  8.605
3.090  10.000  10.031  7.989
3.100  10.000  9.965  7.423
3.110  10.000  9.825  6.925
3.120  10.000  9.820  6.440
3.130  10.000  9.849  6.050
3.140  10.000  10.021  5.610
3.150  10.000  9.951  5.097
3.160  10.000  10.031  4.583
3.170  10.000  9.917  4.264
3.180  10.000  9.914  4.060
3.190  10.000  9.934  3.781
3.200  10.000  10.084  3.457
3.210  10.000  10.024  3.102
3.220  10.000  10.015  2.821
3.230  10.000  9.962  2.628
3.240  10.000  9.983  2.457
3.250  10.000  9.867  2.161
3.260  10.000  9.927  1.896
3.270  10.000  9.728  1.802
3.280  10.000  10.114  1.620
3.290  10.000  9.975  1.380
3.300  10.000  10.075  1.203
3.310  10.000  10.103  1.039
3.320  10.000  10.033  0.954
3.330  10.000  9.977  0.896
3.340  10.000  10.054  0.799
3.350  10.000  10.020  0.664
3.360  10.000  9.963  0.549
3.370  10.000  9.977  0.429
3.380  10.000  10.029  0.364
3.390  10.000  9.976  0.363
3.400  10.000  10.007  0.340
3.410  10.000  9.858  0.368
3.420  10.000  9.916  0.407
3.430  10.000  10.098  0.255
3.440  10.000  10.063  0.063
3.450  10.000  9.915  -0.005
3.460  10.000  10.019  -0.046
3.470  10.000  10.049  -0.051
3.480  10.000  10.039  -0.066
3.490  10.000  10.089  -0.138
3.500  10.000  9.802  -0.190
3.510  10.000  10.049  -0.200
3.520  10.000  9.815  -0.226
3.530  10.000  9.965  -0.309
3.540  10.000  10.023  -0.355
3.550  10.000  10.149  -0.412
3.560  10.000  10.010  -0.500
3.570  10.000  10.044  -0.473
3.580  10.000  9.783  -0.303
3.590  10.000  9.975  -0.168
3.600  10.000  9.956  -0.134
3.610  10.000  10.000  -0.036
3.620  10.000  10.022  0.147
3.630  10.000  10.121  0.293
3.640  10.000  10.064  0.360
3.650  10.000  10.069  0.418
3.660  10.000  10.074  0.461
3.670  10.000  10.072  0.473
3.680  10.000  10.101  0.549
3.690  10.000  10.048  0.562
3.700  10.000  9.952  0.610
3.710  10.000  10.025  0.745
3.720  10.000  10.080  0.758
3.730  10.000  10.070  0.853
3.740  10.000  10.081  0.886
3.750  10.000  9.943  0.927
3.760  10.000  10.075  1.031
3.770  10.000  10.089  1.095
3.780  10.000  10.048  1.206
3.790  10.000  10.104  1.318
3.800  10.000  10.086  1.368
3.810  10.000  10.209  1.347
3.820  10.000  10.174  1.361
3.830  10.000  10.199  1.362
3.840  10.000  10.040  1.386
3.850  10.000  10.133  1.504
3.860  10.000  10.100  1.594
3.870  10.000  10.279  1.488
3.880  10.000  10.087  1.334
3.890  10.000  10.142  1.314
3.900  10.000  10.088  1.340
3.910  10.000  10.092  1.391
3.920  10.000  9.946  1.400
3.930  10.000  10.027  1.334
3.940  10.000  10.045  1.177
3.950  10.000  10.080  0.944
3.960  10.000  10.079  0.710
3.970  10.000  9.935  0.563
3.980  10.000  9.987  0.456
3.990  10.000  9.987  0.345
4.000  10.000  10.023  0.251
4.010  10.000  9.919  0.161
4.020  10.000  9.971  0.178
4.030  10.000  10.061  0.083
4.040  10.000  9.880  -0.101
4.050  10.000  9.916  -0.198
4.060  10.000  10.032  -0.348
4.070  10.000  9.901  -0.484
4.080  10.000  9.881  -0.523
4.090  10.000  9.884  -0.571
4.100  10.000  9.941  -0.649
4.110  10.000  9.848  -0.840
4.120  10.000  9.978  -1.090
4.130  10.000  9.925  -1.229
4.140  10.000  9.871  -1.236
4.150  10.000  9.934  -1.307
4.160  10.000  9.909  -1.473
4.170  10.000  9.806  -1.605
4.180  10.000  9.857  -1.776
4.190  10.000  9.933  -1.995
4.200  10.000  9.934  -2.214
4.210  10.000  9.974  -2.377
4.220  10.000  9.911  -2.470
4.230  10.000  9.832  -2.522
4.240  10.000  9.847  -2.580
4.250  10.000  9.917  -2.586
4.260  10.000  9.965  -2.551
4.270  10.000  9.934  -2.513
4.280  10.000  9.884  -2.414
4.290  10.000  9.870  -2.316
4.300  10.000  9.951  -2.250
4.310  10.000  9.955  -2.093
4.320  10.000  9.884  -1.850
4.330  10.000  10.018  -1.640
4.340  10.000  9.958  -1.443
4.350  10.000  10.154  -1.289
4.360  10.000  10.089  -1.121
4.370  10.000  10.037  -0.914
4.380  10.000  10.114  -0.808
4.390  10.000  10.094  -0.651
4.400  10.000  10.181  -0.529
4.410  10.000  10.030  -0.382
4.420  10.000  10.158  -0.125
4.430  10.000  10.043  0.151
4.440  10.000  10.043  0.421
4.450  10.000  10.183  0.652
4.460  10.000  10.025  0.844
4.470  10.000  10.107  1.026
4.480  10.000  10.243  1.261
4.490  10.000  10.163  1.469
4.500  10.000  10.107  1.603
4.510  10.000  10.089  1.675
4.520  10.000  10.302  1.712
4.530  10.000  10.245  1.832
4.540  10.000  10.086  2.041
4.550  10.000  10.172  2.157
4.560  10.000  9.904  2.227
4.570  10.000  10.150  2.162
4.580  10.000  10.105  2.041
4.590  10.000  10.137  2.076
4.600  10.000  10.142  2.127
4.610  10.000  10.196  2.044
4.620  10.000  10.206  1.886
4.630  10.000  9.942  1.776
4.640  10.000  10.035  1.646
4.650  10.000  10.066  1.362
4.660  10.000  10.041  1.009
4.670  10.000  10.003  0.766
4.680  10.000  9.942  0.569
4.690  10.000  10.118  0.309
4.700  10.000  9.983  0.007
4.710  10.000  9.865  -0.281
4.720  10.000  9.983  -0.517
4.730  10.000  9.980  -0.724
4.740  10.000  9.902  -0.948
4.750  10.000  9.761  -1.095
4.760  10.000  9.877  -1.253
4.770  10.000  9.893  -1.499
4.780  10.000  10.005  -1.726
4.790  10.000  9.963  -1.955
4.800  10.000  9.896  -2.183
4.810  10.000  9.761  -2.349
4.820  10.000  9.861  -2.535
4.830  10.000  9.780  -2.704
4.840  10.000  9.824  -2.780
4.850  10.000  9.723  -2.898
4.860  10.000  9.760  -3.073
4.870  10.000  9.902  -3.242
4.880  10.000  9.916  -3.372
4.890  10.000  9.973  -3.482
4.900  10.000  9.809  -3.551
4.910  10.000  9.877  -3.604
4.920  10.000  9.875  -3.587
4.930  10.000  10.089  -3.539
4.940  10.000  9.804  -3.501
4.950  10.000  9.850  -3.302
4.960  10.000  9.895  -3.112
4.970  10.000  9.927  -2.949
4.980  10.000  10.019  -2.779
4.990  10.000  9.984  -2.573
5.000  10.000  9.966  -2.264
5.010  10.000  9.906  -1.907
5.020  10.000  10.241  -1.582
5.030  10.000  10.206  -1.385
5.040  10.000  10.083  -1.246
5.050  10.000  10.144  -1.053
5.060  10.000  10.034  -0.867
5.070  10.000  10.165  -0.665
5.080  10.000  10.114  -0.427
5.090  10.000  10.128  -0.261
5.100  10.000  10.086  0.010
5.110  10.000  10.094  0.372
5.120  10.000  10.139  0.662
5.130  10.000  10.191  0.903
5.140  10.000  10.248  1.114
5.150  10.000  10.194  1.295
5.160  10.000  10.323  1.557
5.170  10.000  10.091  1.818
5.180  10.000  10.093  1.942
5.190  10.000  10.125  2.011
5.200  10.000  10.215  2.075
5.210  10.000  10.274  2.139
5.220  10.000  9.988  2.176
5.230  10.000  10.057  2.198
5.240  10.000  10.157  2.156
5.250  10.000  10.052  2.051
5.260  10.000  10.159  1.847
5.270  10.000  10.041  1.630
5.280  10.000  9.920  1.488
5.290  10.000  10.050  1.295
5.300  10.000  10.019  1.057
5.310  10.000  9.964  0.769
5.320  10.000  10.017  0.498
5.330  10.000  10.086  0.206
5.340  10.000  9.981  -0.103
5.350  10.000  9.943  -0.327
5.360  10.000  9.934  -0.572
5.370  10.000  9.900  -0.779
5.380  10.000  9.864  -0.918
5.390  10.000  9.812  -1.023
5.400  10.000  9.932  -1.152
5.410  10.000  9.884  -1.296
5.420  10.000  9.860  -1.476
5.430  10.000  9.808  -1.774
5.440  10.000  9.869  -2.029
5.450  10.000  9.865  -2.139
5.460  10.000  9.829  -2.287
5.470  10.000  9.864  -2.506
5.480  10.000  9.820  -2.633
5.490  10.000  9.870  -2.797
5.500  10.000  9.920  -3.015
5.510  10.000  9.838  -3.136
5.520  10.000  9.970  -3.171
5.530  10.000  9.841  -3.132
5.540  10.000  9.888  -3.071
5.550  10.000  9.866  -3.056
5.560  10.000  9.937  -3.050
5.570  10.000  9.979  -3.099
5.580  10.000  9.921  -3.134
5.590  10.000  9.856  -3.079
5.600  10.000  9.962  -2.998
5.610  10.000  9.991  -2.940
5.620  10.000  9.970  -2.833
5.630  10.000  10.125  -2.636
5.640  10.000  10.030  -2.363
5.650  10.000  9.990  -2.002
5.660  10.000  10.109  -1.758
5.670  10.000  9.977  -1.595
5.680  10.000  10.072  -1.365
5.690  10.000  10.098  -1.164
5.700  10.000  10.032  -0.900
5.710  10.000  10.087  -0.656
5.720  10.000  10.141  -0.466
5.730  12.500  10.149  -0.250
5.740  15.000  10.179  0.159
5.750  17.500  10.766  1.463
5.760  20.001  12.486  3.750
5.770  22.500  14.789  6.592
5.780  25.000  16.688  10.062
5.790  27.500  19.001  14.542
5.800  30.000  21.769  20.032
5.810  32.500  23.481  26.117
5.820  35.000  26.419  32.161
5.830  35.000  28.092  38.017
5.840  35.000  29.624  43.773
5.850  35.000  30.827  49.209
5.860  35.000  31.407  55.026
5.870  35.000  32.823  60.940
5.880  35.000  33.157  66.734
5.890  35.000  34.544  72.563
5.900  35.000  34.468  78.280
5.910  35.000  35.592  83.943
5.920  35.000  35.701  89.448
5.930  35.000  35.953  95.056
5.940  35.000  36.256  100.686
5.950  35.000  36.167  106.322
5.960  35.000  36.826  111.532
5.970  35.000  35.618  116.493
5.980  35.000  35.863  121.286
5.990  35.000  34.566  125.696
6.000  35.000  35.234  129.821
6.010  35.000  34.200  133.806
6.020  35.000  34.660  137.973
6.030  35.000  34.487  142.272
6.040  35.000  34.762  146.740
6.050  35.000  34.769  151.533
6.060  35.000  35.478  156.594
6.070  35.000  35.752  161.216
6.080  35.000  35.630  165.539
6.090  35.000  35.455  170.124
6.100  35.000  35.307  174.724
6.110  35.000  34.936  178.905
6.120  35.000  35.469  182.712
6.130  35.000  34.416  186.673
6.140  35.000  35.007  190.918
6.150  35.000  34.996  195.015
6.160  35.000  35.007  199.038
6.170  35.000  35.024  202.922
6.180  35.000  35.047  206.828
6.190  35.000  35.309  210.895
6.200  35.000  34.822  215.120
6.210  35.000  35.470  219.354
6.220  35.000  34.981  223.366
6.230  35.000  35.273  227.244
6.240  35.000  35.205  230.888
6.250  35.000  35.491  234.405
6.260  35.000  35.536  238.147
6.270  35.000  35.025  242.144
6.280  35.000  35.585  245.838
6.290  35.000  35.470  249.345
6.300  35.000  35.331  253.022
6.310  35.000  35.772  256.723
6.320  35.000  35.809  260.537
6.330  35.000  35.783  264.172
6.340  35.000  36.052  267.676
6.350  35.000  35.211  271.351
6.360  35.000  36.022  274.722
6.370  35.000  34.776  278.046
6.380  35.000  35.172  281.439
6.390  35.000  34.816  284.618
6.400  35.000  35.111  287.747
6.410  35.000  34.498  291.194
6.420  35.000  35.272  294.414
6.430  35.000  34.679  297.408
6.440  35.000  35.301  300.753
6.450  35.000  35.272  303.897
6.460  35.000  35.257  306.944
6.470  35.000  35.473  310.078
6.480  35.000  35.168  313.207
6.490  35.000  34.911  316.329
6.500  35.000  35.145  319.194
6.510  35.000  34.881  322.001
6.520  35.000  35.026  324.847
6.530  35.000  35.046  327.725
6.540  35.000  35.372  330.414
6.550  35.000  35.001  332.798
6.560  35.000  35.110  335.430
6.570  35.000  34.912  338.399
6.580  35.000  35.392  341.094
6.590  35.000  35.125  343.762
6.600  35.000  35.322  346.593
6.610  35.000  34.756  349.154
6.620  35.000  34.997  351.664
6.630  35.000  35.217  354.284
6.640  35.000  34.740  356.765
6.650  35.000  35.338  359.178
6.660  35.000  35.231  361.784
6.670  35.000  35.197  364.369
6.680  35.000  34.964  366.886
6.690  35.000  34.995  369.188
6.700  35.000  35.352  371.408
6.710  35.000  35.397  373.794
6.720  35.000  34.748  376.141
6.730  10.000  35.503  378.492
6.740  10.000  34.707  377.958
6.750  10.000  30.995  370.170
6.760  10.000  20.444  362.247
6.770  10.000  19.208  355.971
6.780  10.000  15.486  348.729
6.790  10.000  14.646  343.122
6.800  10.000  13.200  337.626
6.810  10.000  12.672  332.415
6.820  10.000  12.045  327.415
6.830  10.000  11.748  322.445
6.840  10.000  11.426  317.594
6.850  10.000  11.291  312.880
6.860  10.000  11.009  308.111
6.870  10.000  10.914  303.405
6.880  10.000  10.781  298.763
6.890  10.000  10.643  294.090
6.900  10.000  10.474  289.556
6.910  10.000  10.413  285.012
6.920  10.000  10.263  280.456
6.930  10.000  10.148  275.965
6.940  10.000  10.055  271.534
6.950  10.000  10.010  267.138
6.960  10.000  9.870  262.732
6.970  10.000  9.737  258.389
6.980  10.000  9.687  254.097
6.990  10.000  9.646  249.858
7.000  10.000  9.581  245.606
7.010  10.000  9.461  241.373
7.020  10.000  9.429  237.253
7.030  10.000  9.444  233.302
7.040  10.000  9.550  229.577
7.050  10.000  9.839  225.905
7.060  10.000  9.991  222.295
7.070  10.000  10.217  218.675
7.080  10.000  10.258  214.942
7.090  10.000  10.204  211.182
7.100  10.000  10.100  207.395
7.110  10.000  10.061  203.709
7.120  10.000  9.872  200.123
7.130  10.000  9.812  196.472
7.140  10.000  9.878  192.798
7.150  10.000  9.786  189.180
7.160  10.000  9.824  185.611
7.170  10.000  9.804  182.086
7.180  10.000  9.842  178.591
7.190  10.000  9.846  175.195
7.200  10.000  9.884  171.901
7.210  10.000  9.941  168.637
7.220  10.000  10.003  165.421
7.230  10.000  9.979  162.230
7.240  10.000  10.006  159.091
7.250  10.000  10.083  155.973
7.260  10.000  9.965  152.876
7.270  10.000  10.022  149.842
7.280  10.000  9.893  146.810
7.290  10.000  9.933  143.746
7.300  10.000  9.859  140.707
7.310  10.000  9.910  137.730
7.320  10.000  9.915  134.785
7.330  10.000  9.937  131.900
7.340  10.000  9.929  129.077
7.350  10.000  10.056  126.221
7.360  10.000  10.035  123.415
7.370  10.000  10.018  120.726
7.380  10.000  10.025  118.027
7.390  10.000  9.914  115.353
7.400  10.000  9.793  112.748
7.410  10.000  9.878  110.128
7.420  10.000  9.970  107.550
7.430  10.000  9.913  105.056
7.440  10.000  10.007  102.564
7.450  10.000  10.051  100.110
7.460  10.000  9.922  97.748
7.470  10.000  10.058  95.428
7.480  10.000  9.935  93.042
7.490  10.000  9.907  90.673
7.500  10.000  9.918  88.406
7.510  10.000  9.899  86.229
7.520  10.000  9.966  84.096
7.530  10.000  9.938  81.980
7.540  10.000  9.969  79.927
7.550  10.000  9.960  77.865
7.560  10.000  9.917  75.751
7.570  10.000  9.994  73.666
7.580  10.000  9.969  71.690
7.590  10.000  9.898  69.849
7.600  10.000  9.862  67.993
7.610  10.000  9.997  66.012
7.620  10.000  10.081  64.064
7.630  10.000  9.937  62.223
7.640  10.000  9.987  60.477
7.650  10.000  9.966  58.756
7.660  10.000  9.936  56.993
7.670  10.000  9.910  55.256
7.680  10.000  9.961  53.556
7.690  10.000  10.093  51.792
7.700  10.000  10.060  50.036
7.710  10.000  9.956  48.384
7.720  10.000  9.936  46.779
7.730  10.000  9.921  45.165
7.740  10.000  9.819  43.588
7.750  10.000  9.811  42.156
7.760  10.000  9.872  40.764
7.770  10.000  9.960  39.352
7.780  10.000  10.061  37.934
7.790  10.000  10.070  36.526
7.800  10.000  10.158  35.094
7.810  10.000  10.059  33.691
7.820  10.000  9.984  32.362
7.830  10.000  9.922  30.979
7.840  10.000  9.920  29.596
7.850  10.000  9.953  28.258
7.860  10.000  9.889  26.998
7.870  10.000  9.825  25.810
7.880  10.000  9.779  24.681
7.890  10.000  9.748  23.622
7.900  10.000  9.897  22.603
7.910  10.000  9.925  21.619
7.920  10.000  10.012  20.622
7.930  10.000  10.065  19.579
7.940  10.000  10.059  18.517
7.950  10.000  9.949  17.509
7.960  10.000  9.977  16.527
7.970  10.000  9.914  15.565
7.980  10.000  9.932  14.608
7.990  10.000  9.918  13.713
8.000  10.000  10.029  12.935
8.010  10.000  9.897  12.127
8.020  10.000  9.848  11.291
8.030  10.000  9.888  10.485
8.040  10.000  9.844  9.738
8.050  10.000  9.881  9.095
8.060  10.000  9.879  8.507
8.070  10.000  10.008  7.975
8.080  10.000  10.003  7.421
8.090  10.000  10.005  6.751
8.100  10.000  10.086  6.104
8.110  10.000  9.976  5.584
8.120  10.000  9.810  5.086
8.130  10.000  9.927  4.564
8.140  10.000  9.847  4.128
8.150  10.000  9.996  3.660
8.160  10.000  9.926  3.186
8.170  10.000  9.959  2.801
8.180  10.000  9.956  2.402
8.190  10.000  9.974  2.004
8.200  10.000  9.912  1.677
8.210  10.000  9.941  1.494
8.220  10.000  9.910  1.282
8.230  10.000  10.104  0.983
8.240  10.000  9.979  0.687
8.250  10.000  9.985  0.382
8.260  10.000  9.919  0.187
8.270  10.000  9.901  0.073
8.280  10.000  9.904  -0.079
8.290  10.000  10.082  -0.263
8.300  10.000  9.901  -0.369
8.310  10.000  9.887  -0.424
8.320  10.000  9.906  -0.506
8.330  10.000  9.967  -0.626
8.340  10.000  10.031  -0.719
8.350  10.000  9.988  -0.762
8.360  10.000  9.887  -0.739
8.370  10.000  9.966  -0.634
8.380  10.000  10.037  -0.566
8.390  10.000  10.078  -0.509
8.400  10.000  9.996  -0.443
8.410  10.000  9.930  -0.363
8.420  10.000  9.961  -0.394
8.430  10.000  10.007  -0.525
8.440  10.000  10.177  -0.558
8.450  10.000  10.130  -0.554
8.460  10.000  10.038  -0.444
8.470  10.000  10.127  -0.305
8.480  10.000  10.091  -0.247
8.490  10.000  9.943  -0.195
8.500  10.000  10.096  -0.166
8.510  10.000  10.042  -0.075
8.520  10.000  9.969  0.018
8.530  10.000  10.093  0.108
8.540  10.000  10.069  0.237
8.550  10.000  10.078  0.271
8.560  10.000  10.100  0.226
8.570  10.000  9.976  0.237
8.580  10.000  10.192  0.278
8.590  10.000  10.092  0.344
8.600  10.000  10.154  0.349
8.610  10.000  10.173  0.384
8.620  10.000  10.079  0.510
8.630  10.000  10.159  0.512
8.640  10.000  9.959  0.567
8.650  10.000  10.055  0.650
8.660  10.000  10.159  0.599
8.670  10.000  10.209  0.574
8.680  10.000  10.049  0.670
8.690  10.000  10.057  0.710
8.700  10.000  10.132  0.651
8.710  10.000  10.175  0.578
8.720  10.000  10.143  0.468
8.730  10.000  9.975  0.387
8.740  10.000  10.096  0.241
8.750  10.000  10.114  0.045
8.760  10.000  9.944  -0.079
8.770  10.000  10.055  -0.192
8.780  10.000  9.980  -0.290
8.790  10.000  9.936  -0.381
8.800  10.000  9.904  -0.454
8.810  10.000  9.972  -0.550
8.820  10.000  9.971  -0.712
8.830  10.000  10.004  -0.918
8.840  10.000  9.944  -1.123
8.850  10.000  9.931  -1.304
8.860  10.000  9.973  -1.494
8.870  10.000  9.925  -1.709
8.880  10.000  9.972  -1.928
8.890  10.000  9.821  -2.114
8.900  10.000  9.938  -2.357
8.910  10.000  9.883  -2.520
8.920  10.000  9.731  -2.586
8.930  10.000  10.001  -2.748
8.940  10.000  9.992  -2.974
8.950  10.000  10.021  -3.170
8.960  10.000  9.875  -3.373
8.970  10.000  9.938  -3.614
8.980  10.000  9.726  -3.781
8.990  10.000  9.893  -3.998
9.000  10.000  9.965  -4.241
9.010  10.000  9.906  -4.340
9.020  10.000  9.850  -4.472
9.030  10.000  10.076  -4.638
9.040  10.000  9.819  -4.698
9.050  10.000  9.796  -4.699
9.060  10.000  9.941  -4.737
9.070  10.000  9.977  -4.788
9.080  10.000  9.816  -4.687
9.090  10.000  9.999  -4.587
9.100  10.000  9.925  -4.530
9.110  10.000  10.155  -4.431
9.120  10.000  9.792  -4.227
9.130  10.000  10.013  -4.026
9.140  10.000  10.030  -3.940
9.150  10.000  10.049  -3.790
9.160  10.000  10.022  -3.636
9.170  10.000  10.022  -3.594
9.180  10.000  10.110  -3.502
9.190  10.000  10.039  -3.347
9.200  10.000  10.051  -3.236
9.210  10.000  10.135  -3.107
9.220  10.000  10.118  -3.010
9.230  10.000  10.197  -2.979
9.240  10.000  10.174  -2.903
9.250  10.000  10.104  -2.622
9.260  10.000  10.171  -2.248
9.270  10.000  10.043  -2.042
9.280  10.000  10.152  -1.944
9.290  10.000  10.115  -1.858
9.300  10.000  10.140  -1.710
9.310  10.000  10.283  -1.518
9.320  10.000  10.127  -1.336
9.330  10.000  10.183  -1.099
9.340  10.000  10.097  -0.948
9.350  10.000  10.115  -0.926
9.360  10.000  10.077  -0.874
9.370  10.000  10.173  -0.778
9.380  10.000  10.167  -0.802
9.390  10.000  10.196  -0.802
9.400  10.000  10.088  -0.716
9.410  10.000  10.134  -0.746
9.420  10.000  9.988  -0.839
9.430  10.000  10.065  -1.024
9.440  10.000  10.038  -1.310
9.450  10.000  9.963  -1.544
9.460  10.000  10.073  -1.755
9.470  10.000  9.875  -1.983
9.480  10.000  9.899  -2.147
9.490  10.000  9.953  -2.278
9.500  10.000  9.868  -2.464
9.510  10.000  9.935  -2.649
9.520  10.000  9.996  -2.889
9.530  10.000  9.884  -3.080
9.540  10.000  9.907  -3.226
9.550  10.000  9.833  -3.414
9.560  10.000  9.793  -3.526
9.570  10.000  9.950  -3.695
9.580  10.000  9.956  -3.932
9.590  10.000  9.977  -4.115
9.600  10.000  9.796  -4.316
9.610  10.000  9.860  -4.493
9.620  10.000  9.822  -4.681
9.630  10.000  9.824  -4.864
9.640  10.000  9.823  -5.003
9.650  10.000  9.880  -5.164
9.660  10.000  10.028  -5.363
9.670  10.000  9.917  -5.470
9.680  10.000  9.941  -5.522
9.690  10.000  9.891  -5.618
9.700  10.000  9.956  -5.655
9.710  10.000  9.987  -5.602
9.720  10.000  9.965  -5.569
9.730  10.000  9.819  -5.511
9.740  10.000  9.788  -5.318
9.750  10.000  9.991  -5.203
9.760  10.000  9.984  -5.157
9.770  10.000  10.065  -5.154
9.780  10.000  9.968  -5.184
9.790  10.000  10.004  -5.117
9.800  10.000  9.977  -4.939
9.810  10.000  10.121  -4.829
9.820  10.000  9.977  -4.750
9.830  10.000  10.051  -4.544
9.840  10.000  9.886  -4.261
9.850  10.000  10.143  -4.015
9.860  10.000  10.064  -3.772
9.870  10.000  10.079  -3.542
9.880  10.000  10.035  -3.414
9.890  10.000  10.122  -3.319
9.900  10.000  10.012  -3.186
9.910  10.000  10.136  -2.975
9.920  10.000  9.983  -2.743
9.930  10.000  10.094  -2.588
9.940  10.000  10.103  -2.515
9.950  10.000  10.044  -2.406
9.960  10.000  10.207  -2.260
9.970  10.000  10.117  -2.128
9.980  10.000  10.158  -1.990
9.990  10.000  10.129  -1.805
10.000  10.000  10.145  -1.690
10.010  10.000  10.139  -1.657
10.020  10.000  10.044  -1.547
10.030  10.000  10.195  -1.410
10.040  10.000  10.184  -1.325
10.050  10.000  10.204  -1.341
10.060  10.000  10.054  -1.381
10.070  10.000  10.142  -1.446
10.080  10.000  10.135  -1.606
10.090  10.000  10.019  -1.706
10.100  10.000  9.996  -1.717
10.110  10.000  10.191  -1.807
10.120  10.000  10.154  -2.062
10.130  10.000  10.173  -2.303
10.140  10.000  10.013  -2.497
10.150  10.000  9.941  -2.793
10.160  10.000  9.902  -3.153
10.170  10.000  9.988  -3.456
10.180  10.000  10.038  -3.775
10.190  10.000  9.918  -4.096
10.200  10.000  10.085  -4.392
10.210  10.000  10.041  -4.734
10.220  10.000  9.922  -5.039
10.230  10.000  9.974  -5.315
10.240  10.000  9.894  -5.538
10.250  10.000  9.886  -5.622
10.260  10.000  9.965  -5.808
10.270  10.000  9.852  -6.022
10.280  10.000  9.836  -6.144
10.290  10.000  9.876  -6.365
10.300  10.000  9.828  -6.566
10.310  10.000  9.866  -6.693
10.320  10.000  9.814  -6.792
10.330  10.000  9.842  -6.927
10.340  10.000  9.850  -7.108
10.350  10.000  9.905  -7.269
10.360  10.000  9.791  -7.321
10.370  10.000  10.052  -7.388
10.380  10.000  9.799  -7.425
10.390  10.000  9.923  -7.373
10.400  10.000  9.932  -7.456
10.410  10.000  9.991  -7.646
10.420  10.000  9.760  -7.745
10.430  10.000  9.829  -7.662
10.440  10.000  9.848  -7.470
10.450  10.000  10.005  -7.283
10.460  10.000  9.871  -7.121
10.470  10.000  9.988  -6.978
10.480  10.000  10.068  -6.882
10.490  10.000  9.953  -6.723
10.500  10.000  9.822  -6.444
10.510  10.000  9.996  -6.210
10.520  10.000  10.236  -6.136
10.530  10.000  10.043  -5.990
10.540  10.000  10.069  -5.739
10.550  10.000  10.063  -5.539
10.560  10.000  10.194  -5.316
10.570  10.000  10.171  -5.113
10.580  10.000  10.174  -4.966
10.590  10.000  10.186  -4.772
10.600  10.000  10.157  -4.476
10.610  10.000  10.178  -4.184
10.620  10.000  10.226  -3.989
10.630  10.000  10.172  -3.843
10.640  10.000  10.047  -3.622
10.650  10.000  10.128  -3.348
10.660  10.000  10.172  -3.223
10.670  10.000  10.243  -3.132
10.680  10.000  10.151  -3.067
10.690  10.000  10.007  -3.093
10.700  10.000  9.980  -3.041
10.710  10.000  10.104  -3.001
10.720  10.000  10.185  -3.083
10.730  10.000  10.047  -3.168
10.740  12.500  10.095  -3.186
10.750  15.000  10.218  -3.192
10.760  17.500  10.599  -2.514
10.770  20.000  12.151  -0.681
10.780  22.500  14.263  2.088
10.790  25.000  16.005  5.845
10.800  27.501  18.575  10.439
10.810  30.000  21.690  15.709
10.820  32.500  23.611  21.396
10.830  35.000  25.821  27.423
10.840  35.000  27.913  33.425
10.850  35.000  29.398  38.930
10.860  35.000  31.034  44.096
10.870  35.000  31.502  49.481
10.880  35.000  32.943  54.934
10.890  35.000  33.168  60.479
10.900  35.000  34.280  66.087
10.910  35.000  34.723  71.580
10.920  35.000  35.443  77.087
10.930  35.000  35.873  82.454
10.940  35.000  36.102  88.009
10.950  35.000  36.291  93.552
10.960  35.000  36.931  98.960
10.970  35.000  36.356  104.268
10.980  35.000  35.233  109.112
10.990  35.000  35.805  113.701
11.000  35.000  34.067  118.378
11.010  35.000  34.948  122.783
11.020  35.000  34.411  126.876
11.030  35.000  34.696  131.174
11.040  35.000  35.048  135.782
11.050  35.000  34.799  140.477
11.060  35.000  35.446  145.281
11.070  35.000  34.908  149.966
11.080  35.000  35.594  154.439
11.090  35.000  35.319  158.863
11.100  35.000  35.354  163.519
11.110  35.000  35.106  168.159
11.120  35.000  35.164  172.604
11.130  35.000  35.012  176.871
11.140  35.000  35.069  180.925
11.150  35.000  35.305  185.122
11.160  35.000  34.662  189.446
11.170  35.000  35.428  193.625
11.180  35.000  34.497  197.911
11.190  35.000  35.528  202.161
11.200  35.000  34.950  206.428
11.210  35.000  35.112  210.644
11.220  35.000  35.594  214.756
11.230  35.000  34.640  219.026
11.240  35.000  35.691  223.039
11.250  35.000  34.768  226.935
11.260  35.000  35.253  231.044
11.270  35.000  34.900  234.989
11.280  35.000  35.553  238.678
11.290  35.000  35.289  242.451
11.300  35.000  35.435  246.099
11.310  35.000  35.258  249.930
11.320  35.000  35.194  253.803
11.330  35.000  35.437  257.507
11.340  35.000  35.384  261.519
11.350  35.000  35.875  265.525
11.360  35.000  35.724  269.394
11.370  35.000  36.359  273.204
11.380  35.000  35.819  276.865
11.390  35.000  35.325  280.463
11.400  35.000  35.227  283.857
11.410  35.000  35.312  287.086
11.420  35.000  35.212  290.348
11.430  35.000  35.153  293.536
11.440  35.000  34.762  296.593
11.450  35.000  35.204  299.501
11.460  35.000  34.793  302.466
11.470  35.000  35.036  305.563
11.480  35.000  34.723  308.956
11.490  35.000  34.952  312.466
11.500  35.000  34.963  315.617
11.510  35.000  35.618  318.564
11.520  35.000  35.310  321.530
11.530  35.000  35.203  324.477
11.540  35.000  35.184  327.244
11.550  35.000  35.151  330.084
11.560  35.000  35.065  332.864
11.570  35.000  35.010  335.525
11.580  35.000  35.139  338.138
11.590  35.000  35.139  340.834
11.600  35.000  34.924  343.684
11.610  35.000  35.291  346.436
11.620  35.000  35.014  348.915
11.630  35.000  35.511  351.427
11.640  35.000  34.644  354.202
11.650  35.000  34.925  356.680
11.660  35.000  35.425  358.927
11.670  35.000  35.022  361.333
11.680  35.000  34.977  363.759
11.690  35.000  34.845  366.257
11.700  35.000  35.585  368.588
11.710  35.000  34.966  370.878
11.720  35.000  35.399  373.253
11.730  35.000  35.077  375.392
11.740  10.000  35.318  377.362
11.750  10.000  34.737  377.010
11.760  10.000  30.853  369.536
11.770  10.000  20.535  361.448
11.780  10.000  19.280  355.165
11.790  10.000  15.752  347.905
11.800  10.000  14.697  342.411
11.810  10.000  13.379  337.050
11.820  10.000  12.792  331.878
11.830  10.000  12.217  326.984
11.840  10.000  11.929  322.108
11.850  10.000  11.577  317.285
11.860  10.000  11.367  312.504
11.870  10.000  11.125  307.844
11.880  10.000  10.870  303.273
11.890  10.000  10.712  298.651
11.900  10.000  10.625  294.060
11.910  10.000  10.541  289.571
11.920  10.000  10.451  285.054
11.930  10.000  10.277  280.499
11.940  10.000  10.254  275.963
11.950  10.000  10.048  271.468
11.960  10.000  9.998  267.079
11.970  10.000  9.883  262.800
11.980  10.000  9.766  258.523
11.990  10.000  9.713  254.230
12.000  10.000  9.664  249.930
12.010  10.000  9.544  245.671
12.020  10.000  9.563  241.422
12.030  10.000  9.481  237.217
12.040  10.000  9.563  233.175
12.050  10.000  9.575  229.281
12.060  10.000  9.722  225.579
12.070  10.000  9.916  221.935
12.080  10.000  10.149  218.212
12.090  10.000  10.193  214.490
12.100  10.000  10.125  210.788
12.110  10.000  10.129  207.111
12.120  10.000  10.020  203.451
12.130  10.000  9.883  199.761
12.140  10.000  9.796  196.056
12.150  10.000  9.747  192.407
12.160  10.000  9.702  188.868
12.170  10.000  9.839  185.394
12.180  10.000  9.857  182.015
12.190  10.000  9.958  178.726
12.200  10.000  10.070  175.452
12.210  10.000  10.008  172.242
12.220  10.000  10.055  169.005
12.230  10.000  10.078  165.746
12.240  10.000  9.944  162.555
12.250  10.000  9.915  159.312
12.260  10.000  9.900  156.082
12.270  10.000  9.853  152.961
12.280  10.000  9.771  149.914
12.290  10.000  9.898  146.895
12.300  10.000  9.891  143.946
12.310  10.000  10.036  141.103
12.320  10.000  10.058  138.266
12.330  10.000  10.140  135.364
12.340  10.000  9.978  132.505
12.350  10.000  10.016  129.691
12.360  10.000  10.011  126.853
12.370  10.000  9.972  124.047
12.380  10.000  9.851  121.271
12.390  10.000  9.868  118.541
12.400  10.000  9.723  115.908
12.410  10.000  9.800  113.376
12.420  10.000  9.854  110.934
12.430  10.000  10.031  108.570
12.440  10.000  10.014  106.262
12.450  10.000  10.144  103.923
12.460  10.000  10.125  101.550
12.470  10.000  10.134  99.193
12.480  10.000  10.057  96.845
12.490  10.000  9.985  94.490
12.500  10.000  9.896  92.139
12.510  10.000  9.822  89.796
12.520  10.000  9.807  87.470
12.530  10.000  9.871  85.203
12.540  10.000  9.794  83.074
12.550  10.000  9.877  81.052
12.560  10.000  10.042  79.017
12.570  10.000  10.005  76.995
12.580  10.000  10.086  74.963
12.590  10.000  10.009  72.953
12.600  10.000  10.010  70.975
12.610  10.000  10.027  68.955
12.620  10.000  9.904  66.934
12.630  10.000  9.907  64.934
12.640  10.000  9.959  62.968
12.650  10.000  9.900  61.028
12.660  10.000  9.838  59.208
12.670  10.000  9.913  57.464
12.680  10.000  9.945  55.715
12.690  10.000  9.955  54.119
12.700  10.000  10.020  52.550
12.710  10.000  9.969  50.921
12.720  10.000  10.048  49.296
12.730  10.000  10.006  47.720
12.740  10.000  10.005  46.129
12.750  10.000  10.131  44.497
12.760  10.000  9.861  42.967
12.770  10.000  9.853  41.468
12.780  10.000  9.920  39.996
12.790  10.000  9.842  38.589
12.800  10.000  9.841  37.200
12.810  10.000  9.929  35.843
12.820  10.000  10.044  34.432
12.830  10.000  9.992  33.079
12.840  10.000  9.956  31.786
12.850  10.000  9.864  30.474
12.860  10.000  9.920  29.250
12.870  10.000  9.972  28.099
12.880  10.000  9.942  26.957
12.890  10.000  10.009  25.807
12.900  10.000  10.105  24.650
12.910  10.000  9.947  23.531
12.920  10.000  9.898  22.456
12.930  10.000  9.914  21.376
12.940  10.000  9.789  20.379
12.950  10.000  9.962  19.445
12.960  10.000  9.956  18.517
12.970  10.000  9.797  17.659
12.980  10.000  9.912  16.842
12.990  10.000  9.952  16.008
13.000  10.000  10.098  15.138
13.010  10.000  9.965  14.363
13.020  10.000  9.972  13.705
13.030  10.000  9.949  12.999
13.040  10.000  10.007  12.213
13.050  10.000  9.794  11.456
13.060  10.000  9.926  10.804
13.070  10.000  9.927  10.248
13.080  10.000  9.920  9.750
13.090  10.000  9.932  9.225
13.100  10.000  10.017  8.697
13.110  10.000  10.018  8.228
13.120  10.000  9.989  7.732
13.130  10.000  9.867  7.298
13.140  10.000  9.822  6.904
13.150  10.000  9.889  6.400
13.160  10.000  9.966  5.886
13.170  10.000  9.870  5.449
13.180  10.000  9.847  5.155
13.190  10.000  9.980  4.882
13.200  10.000  10.181  4.522
13.210  10.000  9.982  4.148
13.220  10.000  9.932  3.917
13.230  10.000  9.927  3.771
13.240  10.000  9.886  3.599
13.250  10.000  9.967  3.310
13.260  10.000  10.019  3.021
13.270  10.000  9.894  2.853
13.280  10.000  9.924  2.734
13.290  10.000  9.973  2.520
13.300  10.000  10.055  2.245
13.310  10.000  10.023  2.073
13.320  10.000  9.968  1.987
13.330  10.000  9.925  1.937
13.340  10.000  10.063  1.795
13.350  10.000  9.935  1.730
13.360  10.000  10.024  1.705
13.370  10.000  9.980  1.611
13.380  10.000  9.974  1.505
13.390  10.000  10.046  1.395
13.400  10.000  10.099  1.324
13.410  10.000  10.066  1.302
13.420  10.000  9.953  1.361
13.430  10.000  9.941  1.426
13.440  10.000  10.018  1.441
13.450  10.000  10.081  1.397
13.460  10.000  10.036  1.437
13.470  10.000  10.004  1.547
13.480  10.000  10.097  1.537
13.490  10.000  10.018  1.551
13.500  10.000  9.899  1.606
13.510  10.000  10.048  1.586
13.520  10.000  10.009  1.587
13.530  10.000  10.030  1.579
13.540  10.000  10.019  1.525
13.550  10.000  9.968  1.463
13.560  10.000  10.146  1.376
13.570  10.000  9.905  1.384
13.580  10.000  10.101  1.347
13.590  10.000  9.976  1.211
13.600  10.000  10.082  1.162
13.610  10.000  10.041  1.054
13.620  10.000  10.098  0.942
13.630  10.000  9.992  0.869
13.640  10.000  10.166  0.822
13.650  10.000  10.039  0.875
13.660  10.000  9.982  0.925
13.670  10.000  9.978  0.925
13.680  10.000  10.053  0.887
13.690  10.000  10.086  0.851
13.700  10.000  10.043  0.780
13.710  10.000  10.022  0.727
13.720  10.000  9.973  0.723
13.730  10.000  10.067  0.781
13.740  10.000  10.097  0.748
13.750  10.000  10.249  0.562
13.760  10.000  10.078  0.415
13.770  10.000  10.012  0.358
13.780  10.000  10.088  0.321
13.790  10.000  10.025  0.297
13.800  10.000  10.147  0.156
13.810  10.000  10.010  -0.040
13.820  10.000  10.080  -0.063
13.830  10.000  10.010  -0.088
13.840  10.000  9.860  -0.108
13.850  10.000  10.101  -0.122
13.860  10.000  9.893  -0.144
13.870  10.000  9.959  -0.180
13.880  10.000  10.026  -0.246
13.890  10.000  10.020  -0.315
13.900  10.000  10.148  -0.409
13.910  10.000  9.951  -0.459
13.920  10.000  10.025  -0.517
13.930  10.000  10.015  -0.488
13.940  10.000  9.969  -0.383
13.950  10.000  9.962  -0.340
13.960  10.000  10.001  -0.328
13.970  10.000  10.131  -0.317
13.980  10.000  10.091  -0.381
13.990  10.000  9.961  -0.463
14.000  10.000  10.023  -0.536
14.010  10.000  9.978  -0.588
14.020  10.000  10.043  -0.560
14.030  10.000  10.142  -0.548
14.040  10.000  9.948  -0.448
14.050  10.000  10.009  -0.381
14.060  10.000  10.012  -0.441
14.070  10.000  10.037  -0.504
14.080  10.000  10.026  -0.503
14.090  10.000  9.963  -0.472
14.100  10.000  10.012  -0.553
14.110  10.000  10.171  -0.625
14.120  10.000  9.857  -0.664
14.130  10.000  10.015  -0.717
14.140  10.000  9.973  -0.776
14.150  10.000  9.975  -0.856
14.160  10.000  9.979  -0.959
14.170  10.000  9.925  -0.997
14.180  10.000  10.005  -1.040
14.190  10.000  9.974  -1.196
14.200  10.000  10.036  -1.290
14.210  10.000  10.009  -1.287
14.220  10.000  9.973  -1.316
14.230  10.000  10.068  -1.435
14.240  10.000  9.940  -1.531
14.250  10.000  9.911  -1.574
14.260  10.000  9.952  -1.562
14.270  10.000  9.938  -1.532
14.280  10.000  10.024  -1.520
14.290  10.000  10.089  -1.565
14.300  10.000  9.920  -1.552
14.310  10.000  9.895  -1.537
14.320  10.000  10.049  -1.711
14.330  10.000  9.985  -1.791
14.340  10.000  9.923  -1.782
14.350  10.000  10.034  -1.767
14.360  10.000  9.978  -1.735
14.370  10.000  10.014  -1.674
14.380  10.000  9.998  -1.583
14.390  10.000  9.844  -1.505
14.400  10.000  9.845  -1.338
14.410  10.000  10.108  -1.246
14.420  10.000  10.000  -1.221
14.430  10.000  10.092  -1.257
14.440  10.000  9.910  -1.392
14.450  10.000  9.852  -1.430
14.460  10.000  10.102  -1.356
14.470  10.000  9.941  -1.274
14.480  10.000  10.090  -1.365
14.490  10.000  9.967  -1.476
14.500  10.000  10.011  -1.463
14.510  10.000  9.965  -1.541
14.520  10.000  10.031  -1.585
14.530  10.000  9.814  -1.485
14.540  10.000  10.034  -1.369
14.550  10.000  9.989  -1.333
14.560  10.000  10.123  -1.392
14.570  10.000  9.903  -1.383
14.580  10.000  9.999  -1.385
14.590  10.000  9.924  -1.407
14.600  10.000  9.899  -1.313
14.610  10.000  9.942  -1.340
14.620  10.000  9.950  -1.452
14.630  10.000  10.031  -1.548
14.640  10.000  10.038  -1.666
14.650  10.000  10.099  -1.726
14.660  10.000  10.013  -1.793
14.670  10.000  9.892  -1.888
14.680  10.000  10.033  -1.996
14.690  10.000  9.963  -1.981
14.700  10.000  10.100  -1.925
14.710  10.000  9.969  -1.972
14.720  10.000  9.931  -1.911
14.730  10.000  10.034  -1.786
14.740  10.000  9.922  -1.749
14.750  10.000  10.011  -1.699
14.760  10.000  9.913  -1.638
14.770  10.000  10.091  -1.648
14.780  10.000  9.955  -1.569
14.790  10.000  9.969  -1.348
14.800  10.000  9.874  -1.183
14.810  10.000  9.905  -1.117
14.820  10.000  10.041  -1.114
14.830  10.000  10.020  -1.059
14.840  10.000  9.961  -0.883
14.850  10.000  9.978  -0.786
14.860  10.000  10.123  -0.795
14.870  10.000  10.066  -0.737
14.880  10.000  9.999  -0.605
14.890  10.000  10.090  -0.520
14.900  10.000  10.112  -0.424
14.910  10.000  9.970  -0.422
14.920  10.000  10.017  -0.469
14.930  10.000  10.201  -0.458
14.940  10.000  9.938  -0.307
14.950  10.000  10.119  -0.157
14.960  10.000  10.072  -0.125
14.970  10.000  10.075  -0.009
14.980  10.000  10.179  0.122
14.990  10.000  10.057  0.194
15.000  10.000  10.152  0.160
15.010  10.000  10.165  0.182
15.020  10.000  10.204  0.260
15.030  10.000  10.116  0.305
15.040  10.000  10.114  0.441
15.050  10.000  10.054  0.611
15.060  10.000  10.065  0.634
15.070  10.000  10.137  0.544
15.080  10.000  10.199  0.474
15.090  10.000  9.944  0.535
15.100  10.000  10.021  0.559
15.110  10.000  10.177  0.426
15.120  10.000  10.045  0.329
15.130  10.000  10.149  0.232
15.140  10.000  10.005  0.073
15.150  10.000  10.075  -0.045
15.160  10.000  10.014  -0.146
15.170  10.000  10.033  -0.397
15.180  10.000  10.028  -0.656
15.190  10.000  10.065  -0.850
15.200  10.000  9.917  -1.136
15.210  10.000  9.862  -1.327
15.220  10.000  9.954  -1.432
15.230  10.000  9.959  -1.642
15.240  10.000  9.883  -1.881
15.250  10.000  9.809  -2.084
15.260  10.000  9.898  -2.230
15.270  10.000  9.910  -2.405
15.280  10.000  9.930  -2.635
15.290  10.000  9.958  -2.794
15.300  10.000  9.724  -2.911
15.310  10.000  9.816  -3.032
15.320  10.000  9.877  -3.176
15.330  10.000  9.930  -3.352
15.340  10.000  9.971  -3.564
15.350  10.000  9.883  -3.713
15.360  10.000  10.002  -3.833
15.370  10.000  9.838  -3.950
15.380  10.000  9.860  -4.089
15.390  10.000  9.958  -4.233
15.400  10.000  9.858  -4.271
15.410  10.000  9.891  -4.315
15.420  10.000  9.838  -4.409
15.430  10.000  10.006  -4.513
15.440  10.000  9.928  -4.534
15.450  10.000  10.145  -4.647
15.460  10.000  10.032  -4.739
15.470  10.000  9.864  -4.590
15.480  10.000  9.878  -4.511
15.490  10.000  9.924  -4.494
15.500  10.000  9.933  -4.328
15.510  10.000  10.007  -4.225
15.520  10.000  9.979  -4.155
15.530  10.000  9.994  -3.965
15.540  10.000  9.938  -3.716
15.550  10.000  9.979  -3.527
15.560  10.000  10.019  -3.420
15.570  10.000  10.045  -3.229
15.580  10.000  9.928  -2.917
15.590  10.000  9.998  -2.623
15.600  10.000  10.104  -2.408
15.610  10.000  10.284  -2.347
15.620  10.000  10.274  -2.337
15.630  10.000  9.889  -2.153
15.640  10.000  10.083  -1.848
15.650  10.000  9.982  -1.639
15.660  10.000  10.317  -1.550
15.670  10.000  10.168  -1.371
15.680  10.000  10.095  -1.247
15.690  10.000  10.227  -1.223
15.700  10.000  10.274  -1.052
15.710  10.000  10.029  -0.825
15.720  10.000  10.297  -0.680
15.730  10.000  10.190  -0.588
15.740  10.000  10.183  -0.461
15.750  12.500  10.095  -0.424
15.760  15.000  10.181  -0.403
15.770  17.501  10.584  0.409
15.780  20.000  12.212  2.418
15.790  22.500  14.152  5.406
15.800  25.000  16.291  8.990
15.810  27.500  18.176  13.513
15.820  30.000  22.076  18.821
15.830  32.500  23.798  24.488
15.840  35.000  26.256  30.461
15.850  35.000  28.059  35.866
15.860  35.000  29.389  41.449
15.870  35.000  30.493  47.789
15.880  35.000  31.429  53.934
15.890  35.000  32.342  59.931
15.900  35.000  33.657  65.673
15.910  35.000  33.991  71.232
15.920  35.000  34.576  76.729
15.930  35.000  35.654  81.976
15.940  35.000  35.550  87.670
15.950  35.000  35.968  93.322
15.960  35.000  36.012  98.586
15.970  35.000  36.551  103.887
15.980  35.000  36.771  109.066
15.990  35.000  36.070  114.064
16.000  35.000  35.273  118.774
16.010  35.000  35.143  123.130
16.020  35.000  34.576  127.188
16.030  35.000  34.307  131.290
16.040  35.000  34.629  135.678
16.050  35.000  34.192  140.187
16.060  35.000  35.217  144.756
16.070  35.000  34.783  149.463
16.080  35.000  36.019  154.076
16.090  35.000  35.200  158.633
16.100  35.000  35.655  163.531
16.110  35.000  34.949  168.548
16.120  35.000  35.706  172.964
16.130  35.000  34.899  177.249
16.140  35.000  34.594  181.676
16.150  35.000  35.019  185.843
16.160  35.000  35.148  190.058
16.170  35.000  34.876  194.414
16.180  35.000  35.261  198.903
16.190  35.000  35.246  203.305
16.200  35.000  34.879  207.751
16.210  35.000  35.440  212.117
16.220  35.000  35.691  215.972
16.230  35.000  35.440  219.616
16.240  35.000  35.273  223.209
16.250  35.000  34.991  226.946
16.260  35.000  35.308  230.580
16.270  35.000  34.875  234.025
16.280  35.000  35.158  237.755
16.290  35.000  34.844  241.827
16.300  35.000  35.087  245.806
16.310  35.000  35.671  249.195
16.320  35.000  35.491  252.502
16.330  35.000  35.459  256.027
16.340  35.000  34.920  259.755
16.350  35.000  35.712  263.470
16.360  35.000  35.923  266.956
16.370  35.000  36.274  270.506
16.380  35.000  35.881  273.863
16.390  35.000  35.460  277.284
16.400  35.000  34.898  280.933
16.410  35.000  35.451  284.421
16.420  35.000  34.745  287.877
16.430  35.000  35.186  291.135
16.440  35.000  34.926  294.185
16.450  35.000  35.361  297.112
16.460  35.000  34.917  300.280
16.470  35.000  35.112  303.557
16.480  35.000  34.922  306.729
16.490  35.000  35.016  310.054
16.500  35.000  34.990  313.219
16.510  35.000  34.968  316.310
16.520  35.000  35.380  319.415
16.530  35.000  34.772  322.709
16.540  35.000  35.757  325.756
16.550  35.000  35.002  328.793
16.560  35.000  35.496  331.884
16.570  35.000  35.033  334.628
16.580  35.000  35.301  337.259
16.590  35.000  34.694  339.795
16.600  35.000  34.775  342.427
16.610  35.000  35.160  345.153
16.620  35.000  34.755  348.008
16.630  35.000  35.259  350.854
16.640  35.000  35.124  353.550
16.650  35.000  35.083  356.093
16.660  35.000  35.205  358.588
16.670  35.000  35.340  361.220
16.680  35.000  35.091  363.995
16.690  35.000  35.436  366.716
16.700  35.000  34.634  369.258
16.710  35.000  35.256  371.748
16.720  35.000  35.404  374.090
16.730  35.000  35.201  376.371
16.740  35.000  34.972  378.596
16.750  10.000  35.098  380.695
16.760  10.000  34.848  380.493
16.770  10.000  31.011  372.905
16.780  10.000  20.630  364.775
16.790  10.000  19.419  358.476
16.800  10.000  15.909  351.203
16.810  10.000  14.875  345.767
16.820  10.000  13.437  340.435
16.830  10.000  12.977  335.274
16.840  10.000  12.440  330.289
16.850  10.000  12.047  325.380
16.860  10.000  11.749  320.560
16.870  10.000  11.480  315.820
16.880  10.000  11.309  311.189
16.890  10.000  11.135  306.546
16.900  10.000  11.009  301.852
16.910  10.000  10.819  297.181
16.920  10.000  10.712  292.592
16.930  10.000  10.537  288.101
16.940  10.000  10.461  283.634
16.950  10.000  10.368  279.072
16.960  10.000  10.214  274.553
16.970  10.000  10.136  270.144
16.980  10.000  9.945  265.750
16.990  10.000  9.905  261.383
17.000  10.000  9.837  257.080
17.010  10.000  9.795  252.771
17.020  10.000  9.708  248.480
17.030  10.000  9.594  244.263
17.040  10.000  9.531  240.088
17.050  10.000  9.489  235.964
17.060  10.000  9.501  231.916
17.070  10.000  9.587  228.002
17.080  10.000  9.642  224.210
17.090  10.000  9.862  220.579
17.100  10.000  9.884  217.037
17.110  10.000  10.157  213.447
17.120  10.000  10.142  209.790
17.130  10.000  10.212  206.109
17.140  10.000  10.048  202.441
17.150  10.000  10.097  198.773
17.160  10.000  9.916  195.127
17.170  10.000  9.918  191.522
17.180  10.000  9.785  187.954
17.190  10.000  9.692  184.406
17.200  10.000  9.746  180.960
17.210  10.000  9.710  177.635
17.220  10.000  9.977  174.363
17.230  10.000  9.988  171.126
17.240  10.000  10.048  167.881
17.250  10.000  10.076  164.639
17.260  10.000  10.056  161.477
17.270  10.000  9.987  158.378
17.280  10.000  9.985  155.244
17.290  10.000  9.893  152.105
17.300  10.000  9.863  149.009
17.310  10.000  9.798  145.956
17.320  10.000  9.935  142.972
17.330  10.000  9.996  140.076
17.340  10.000  10.009  137.193
17.350  10.000  10.046  134.274
17.360  10.000  9.985  131.347
17.370  10.000  9.888  128.490
17.380  10.000  9.907  125.709
17.390  10.000  9.907  122.933
17.400  10.000  9.848  120.225
17.410  10.000  9.900  117.566
17.420  10.000  9.984  114.947
17.430  10.000  9.923  112.401
17.440  10.000  9.978  109.867
17.450  10.000  10.050  107.396
17.460  10.000  9.978  104.965
17.470  10.000  10.043  102.441
17.480  10.000  9.942  99.935
17.490  10.000  9.879  97.511
17.500  10.000  9.920  95.196
17.510  10.000  9.855  92.986
17.520  10.000  9.931  90.739
17.530  10.000  9.960  88.485
17.540  10.000  10.039  86.332
17.550  10.000  10.024  84.250
17.560  10.000  9.934  82.151
17.570  10.000  10.023  80.061
17.580  10.000  10.065  77.977
17.590  10.000  9.971  75.930
17.600  10.000  9.883  73.917
17.610  10.000  9.894  71.884
17.620  10.000  9.902  69.894
17.630  10.000  9.900  67.968
17.640  10.000  9.967  66.038
17.650  10.000  10.025  64.152
17.660  10.000  9.995  62.325
17.670  10.000  9.955  60.486
17.680  10.000  9.992  58.715
17.690  10.000  9.872  57.002
17.700  10.000  9.986  55.231
17.710  10.000  9.903  53.510
17.720  10.000  9.945  51.859
17.730  10.000  9.962  50.201
17.740  10.000  9.956  48.574
17.750  10.000  9.978  47.023
17.760  10.000  10.002  45.477
17.770  10.000  10.037  43.894
17.780  10.000  10.041  42.338
17.790  10.000  9.981  40.815
17.800  10.000  9.871  39.328
17.810  10.000  9.876  37.855
17.820  10.000  9.887  36.456
17.830  10.000  9.830  35.070
17.840  10.000  9.951  33.693
17.850  10.000  9.938  32.402
17.860  10.000  9.946  31.114
17.870  10.000  10.019  29.829
17.880  10.000  9.968  28.604
17.890  10.000  9.926  27.447
17.900  10.000  9.980  26.286
17.910  10.000  9.887  25.135
17.920  10.000  9.940  24.019
17.930  10.000  9.920  22.900
17.940  10.000  9.939  21.837
17.950  10.000  9.935  20.865
17.960  10.000  9.881  19.881
17.970  10.000  9.906  18.858
17.980  10.000  9.922  17.844
17.990  10.000  9.983  16.972
18.000  10.000  9.927  16.227
18.010  10.000  10.030  15.412
18.020  10.000  9.959  14.609
18.030  10.000  10.056  13.857
18.040  10.000  9.913  13.123
18.050  10.000  9.935  12.409
18.060  10.000  9.850  11.715
18.070  10.000  9.937  11.041
18.080  10.000  9.917  10.369
18.090  10.000  9.999  9.724
18.100  10.000  9.937  9.189
18.110  10.000  9.986  8.611
18.120  10.000  10.027  7.903
18.130  10.000  9.901  7.354
18.140  10.000  9.902  6.890
18.150  10.000  9.886  6.382
18.160  10.000  9.940  5.871
18.170  10.000  9.941  5.385
18.180  10.000  9.932  4.972
18.190  10.000  9.878  4.650
18.200  10.000  9.984  4.323
18.210  10.000  9.965  3.915
18.220  10.000  9.954  3.601
18.230  10.000  9.983  3.316
18.240  10.000  9.889  2.989
18.250  10.000  10.027  2.683
18.260  10.000  10.051  2.415
18.270  10.000  9.825  2.213
18.280  10.000  9.962  2.026
18.290  10.000  9.976  1.886
18.300  10.000  9.901  1.697
18.310  10.000  9.901  1.462
18.320  10.000  10.042  1.241
18.330  10.000  9.923  1.082
18.340  10.000  10.088  1.041
18.350  10.000  9.971  0.967
18.360  10.000  9.984  0.901
18.370  10.000  9.909  0.882
18.380  10.000  9.996  0.927
18.390  10.000  9.959  0.977
18.400  10.000  10.078  0.968
18.410  10.000  9.973  0.950
18.420  10.000  9.952  0.936
18.430  10.000  9.968  0.985
18.440  10.000  9.985  1.084
18.450  10.000  10.065  1.150
18.460  10.000  10.013  1.150
18.470  10.000  10.082  1.094
18.480  10.000  10.047  1.117
18.490  10.000  9.978  1.224
18.500  10.000  10.100  1.249
18.510  10.000  9.921  1.242
18.520  10.000  10.099  1.284
18.530  10.000  10.074  1.303
18.540  10.000  10.082  1.298
18.550  10.000  9.979  1.360
18.560  10.000  10.025  1.389
18.570  10.000  10.064  1.376
18.580  10.000  10.121  1.315
18.590  10.000  10.020  1.358
18.600  10.000  10.105  1.500
18.610  10.000  10.096  1.624
18.620  10.000  10.134  1.693
18.630  10.000  10.136  1.719
18.640  10.000  10.162  1.753
18.650  10.000  10.224  1.632
18.660  10.000  10.068  1.477
18.670  10.000  10.137  1.389
18.680  10.000  10.013  1.337
18.690  10.000  10.142  1.368
18.700  10.000  10.079  1.357
18.710  10.000  10.024  1.393
18.720  10.000  10.155  1.495
18.730  10.000  10.127  1.532
18.740  10.000  10.164  1.480
18.750  10.000  10.157  1.395
18.760  10.000  10.120  1.296
18.770  10.000  10.018  1.183
18.780  10.000  10.031  1.113
18.790  10.000  9.942  1.026
18.800  10.000  9.996  0.950
18.810  10.000  9.915  0.851
18.820  10.000  10.034  0.752
18.830  10.000  9.987  0.642
18.840  10.000  9.893  0.501
18.850  10.000  9.984  0.317
18.860  10.000  10.074  0.103
18.870  10.000  9.975  -0.082
18.880  10.000  10.106  -0.246
18.890  10.000  9.921  -0.480
18.900  10.000  10.054  -0.722
18.910  10.000  9.926  -0.893
18.920  10.000  9.903  -0.983
18.930  10.000  9.939  -1.086
18.940  10.000  9.972  -1.274
18.950  10.000  9.998  -1.446
18.960  10.000  9.873  -1.567
18.970  10.000  9.874  -1.656
18.980  10.000  9.975  -1.757
18.990  10.000  9.797  -1.782
19.000  10.000  9.820  -1.820
19.010  10.000  9.898  -2.011
19.020  10.000  9.961  -2.297
19.030  10.000  10.018  -2.569
19.040  10.000  9.764  -2.615
19.050  10.000  9.973  -2.653
19.060  10.000  9.778  -2.762
19.070  10.000  9.934  -2.890
19.080  10.000  9.984  -3.081
19.090  10.000  9.863  -3.060
19.100  10.000  9.901  -3.062
19.110  10.000  9.883  -3.172
19.120  10.000  9.854  -3.182
19.130  10.000  10.071  -3.150
19.140  10.000  9.906  -3.095
19.150  10.000  9.939  -3.073
19.160  10.000  9.835  -2.979
19.170  10.000  9.934  -2.810
19.180  10.000  9.995  -2.607
19.190  10.000  9.957  -2.393
19.200  10.000  10.030  -2.132
19.210  10.000  9.943  -1.910
19.220  10.000  10.024  -1.771
19.230  10.000  10.003  -1.565
19.240  10.000  10.128  -1.315
19.250  10.000  9.954  -1.074
19.260  10.000  10.274  -0.963
19.270  10.000  10.037  -0.773
19.280  10.000  10.113  -0.451
19.290  10.000  10.077  -0.204
19.300  10.000  10.095  -0.008
19.310  10.000  10.198  0.219
19.320  10.000  10.127  0.448
19.330  10.000  10.089  0.597
19.340  10.000  10.183  0.755
19.350  10.000  10.238  0.983
19.360  10.000  10.193  1.173
19.370  10.000  10.224  1.308
19.380  10.000  10.180  1.438
19.390  10.000  10.088  1.597
19.400  10.000  10.213  1.672
19.410  10.000  10.092  1.741
19.420  10.000  10.209  1.919
19.430  10.000  10.213  2.025
19.440  10.000  10.181  1.930
19.450  10.000  10.093  1.719
19.460  10.000  10.211  1.520
19.470  10.000  10.072  1.282
19.480  10.000  10.076  0.977
19.490  10.000  10.010  0.647
19.500  10.000  10.094  0.414
19.510  10.000  9.966  0.237
19.520  10.000  9.892  0.066
19.530  10.000  9.834  -0.138
19.540  10.000  9.935  -0.451
19.550  10.000  10.090  -0.751
19.560  10.000  9.788  -0.952
19.570  10.000  10.068  -1.214
19.580  10.000  9.765  -1.381
19.590  10.000  9.819  -1.420
19.600  10.000  9.886  -1.556
19.610  10.000  9.957  -1.736
19.620  10.000  9.845  -1.860
19.630  10.000  9.877  -2.037
19.640  10.000  9.816  -2.264
19.650  10.000  9.861  -2.364
19.660  10.000  9.725  -2.407
19.670  10.000  9.816  -2.585
19.680  10.000  9.865  -2.916
19.690  10.000  9.920  -3.192
19.700  10.000  9.739  -3.349
19.710  10.000  9.955  -3.511
19.720  10.000  9.965  -3.576
19.730  10.000  9.992  -3.462
19.740  10.000  9.825  -3.364
19.750  10.000  9.950  -3.288
19.760  10.000  9.888  -3.255
19.770  10.000  9.953  -3.193
19.780  10.000  9.915  -3.112
19.790  10.000  10.003  -3.023
19.800  10.000  9.921  -2.996
19.810  10.000  10.160  -3.049
19.820  10.000  9.914  -2.987
19.830  10.000  9.966  -2.869
19.840  10.000  9.960  -2.784
19.850  10.000  10.069  -2.672
19.860  10.000  10.049  -2.532
19.870  10.000  10.033  -2.321
19.880  10.000  10.138  -2.158
19.890  10.000  10.091  -2.071
19.900  10.000  10.022  -1.920
19.910  10.000  10.185  -1.750
19.920  10.000  10.129  -1.616
19.930  10.000  10.167  -1.511
19.940  10.000  10.164  -1.405
19.950  10.000  10.081  -1.281
19.960  10.000  10.042  -1.142
19.970  10.000  10.106  -1.059
19.980  10.000  10.139  -0.954
19.990  10.000  10.178  -0.859
20.000  10.000  10.125  -0.706
20.010  10.000  10.003  -0.459
20.020  10.000  10.018  -0.307
20.030  10.000  10.187  -0.248
20.040  10.000  10.133  -0.137
20.050  10.000  10.270  0.045
20.060  10.000  10.105  0.050
20.070  10.000  10.180  -0.029
20.080  10.000  9.988  0.056
20.090  10.000  10.139  0.091
20.100  10.000  9.944  0.025
20.110  10.000  10.196  -0.175
20.120  10.000  10.130  -0.435
20.130  10.000  10.120  -0.598
20.140  10.000  10.011  -0.756
20.150  10.000  10.021  -0.886
20.160  10.000  10.033  -1.015
20.170  10.000  10.010  -1.183
20.180  10.000  10.067  -1.401
20.190  10.000  9.892  -1.652
20.200  10.000  10.118  -1.900
20.210  10.000  10.039  -2.194
20.220  10.000  9.994  -2.476
20.230  10.000  9.876  -2.755
20.240  10.000  9.962  -3.067
20.250  10.000  9.904  -3.362
20.260  10.000  9.953  -3.647
20.270  10.000  9.971  -3.943
20.280  10.000  9.991  -4.325
20.290  10.000  9.933  -4.664
20.300  10.000  9.783  -4.909
20.310  10.000  9.903  -5.132
20.320  10.000  9.879  -5.246
20.330  10.000  9.924  -5.374
20.340  10.000  9.986  -5.647
20.350  10.000  9.866  -5.860
20.360  10.000  9.941  -6.017
20.370  10.000  9.782  -6.117
20.380  10.000  9.710  -6.155
20.390  10.000  9.830  -6.327
20.400  10.000  9.829  -6.520
20.410  10.000  9.858  -6.656
20.420  10.000  9.904  -6.696
20.430  10.000  9.880  -6.743
20.440  10.000  9.988  -6.862
20.450  10.000  9.934  -6.928
20.460  10.000  9.842  -6.899
20.470  10.000  9.999  -6.867
20.480  10.000  9.859  -6.730
20.490  10.000  9.995  -6.557
20.500  10.000  9.922  -6.442
20.510  10.000  9.905  -6.250
20.520  10.000  9.929  -6.095
20.530  10.000  9.848  -5.873
20.540  10.000  10.058  -5.605
20.550  10.000  10.039  -5.398
20.560  10.000  10.087  -5.197
20.570  10.000  10.091  -4.981
20.580  10.000  10.145  -4.791
20.590  10.000  10.023  -4.615
20.600  10.000  10.116  -4.513
20.610  10.000  10.140  -4.412
20.620  10.000  10.104  -4.122
20.630  10.000  10.188  -3.810
20.640  10.000  10.193  -3.696
20.650  10.000  10.065  -3.617
20.660  10.000  10.121  -3.465
20.670  10.000  10.306  -3.382
20.680  10.000  10.049  -3.335
20.690  10.000  10.187  -3.231
20.700  10.000  10.103  -3.110
20.710  10.000  10.225  -3.082
20.720  10.000  10.049  -2.992
20.730  10.000  10.067  -2.850
20.740  10.000  10.092  -2.818
20.750  10.000  10.191  -2.822
20.760  12.500  10.021  -2.737
20.770  15.000  10.122  -2.602
20.780  17.500  10.587  -1.889
20.790  20.000  12.445  -0.033
20.800  22.500  14.183  2.806
20.810  25.000  16.209  6.469
20.820  27.500  18.654  11.076
20.830  30.000  21.482  16.551
20.840  32.500  23.619  22.094
20.850  35.000  25.923  27.721
20.860  35.000  28.028  33.563
20.870  35.000  29.269  39.487
20.880  35.000  30.366  45.456
20.890  35.000  31.843  51.075
20.900  35.000  32.347  57.138
20.910  35.000  33.671  62.926
20.920  35.000  34.391  68.055
20.930  35.000  35.092  73.469
20.940  35.000  35.428  79.119
20.950  35.000  35.905  84.885
20.960  35.000  35.615  90.614
20.970  35.000  36.186  96.212
20.980  35.000  36.390  101.726
20.990  35.000  36.610  107.127
21.000  35.000  36.121  112.186
21.010  35.000  35.306  116.998
21.020  35.000  35.381  121.557
21.030  35.000  34.457  125.788
21.040  35.000  34.519  129.917
21.050  35.000  34.413  134.076
21.060  35.000  34.562  138.514
21.070  35.000  34.927  143.306
21.080  35.000  34.790  148.214
21.090  35.000  35.870  153.198
21.100  35.000  35.110  158.096
21.110  35.000  35.690  162.653
21.120  35.000  36.010  166.878
21.130  35.000  34.824  171.049
21.140  35.000  35.613  175.077
21.150  35.000  34.363  178.920
21.160  35.000  35.074  182.770
21.170  35.000  34.935  186.779
21.180  35.000  34.842  190.849
21.190  35.000  34.758  195.013
21.200  35.000  35.079  199.186
21.210  35.000  35.294  203.121
21.220  35.000  35.528  207.002
21.230  35.000  34.835  211.156
21.240  35.000  34.922  215.396
21.250  35.000  35.420  219.311
21.260  35.000  35.414  223.070
21.270  35.000  35.400  226.824
21.280  35.000  35.296  230.408
21.290  35.000  35.209  234.218
21.300  35.000  35.114  238.140
21.310  35.000  35.575  241.715
21.320  35.000  35.541  245.328
21.330  35.000  35.777  249.137
21.340  35.000  35.386  252.996
21.350  35.000  35.428  256.678
21.360  35.000  35.985  260.287
21.370  35.000  35.349  264.126
21.380  35.000  35.361  268.092
21.390  35.000  35.608  271.857
21.400  35.000  35.274  275.295
21.410  35.000  35.264  278.572
21.420  35.000  35.780  281.568
21.430  35.000  35.200  284.363
21.440  35.000  34.924  287.442
21.450  35.000  34.874  290.574
21.460  35.000  35.086  293.480
21.470  35.000  34.632  296.503
21.480  35.000  35.072  299.605
21.490  35.000  35.226  302.824
21.500  35.000  34.639  306.078
21.510  35.000  35.263  309.239
21.520  35.000  35.164  312.368
21.530  35.000  34.889  315.468
21.540  35.000  35.223  318.622
21.550  35.000  34.667  321.844
21.560  35.000  35.688  324.978
21.570  35.000  35.283  328.017
21.580  35.000  35.393  331.130
21.590  35.000  35.037  334.107
21.600  35.000  35.032  336.966
21.610  35.000  34.940  339.817
21.620  35.000  35.324  342.497
21.630  35.000  34.794  345.127
21.640  35.000  35.326  347.693
21.650  35.000  34.713  350.318
21.660  35.000  35.293  352.960
21.670  35.000  34.880  355.544
21.680  35.000  35.387  358.145
21.690  35.000  35.179  360.788
21.700  35.000  34.708  363.634
21.710  35.000  35.080  366.426
21.720  35.000  34.979  369.023
21.730  35.000  35.602  371.384
21.740  35.000  34.739  373.826
21.750  35.000  35.796  376.262
21.760  10.000  35.300  378.353
21.770  10.000  34.999  378.150
21.780  10.000  31.075  370.643
21.790  10.000  20.511  362.410
21.800  10.000  19.230  356.178
21.810  10.000  15.712  348.970
21.820  10.000  14.729  343.442
21.830  10.000  13.309  338.073
21.840  10.000  12.852  332.773
21.850  10.000  12.333  327.639
21.860  10.000  11.983  322.643
21.870  10.000  11.578  317.823
21.880  10.000  11.393  313.045
21.890  10.000  11.267  308.329
21.900  10.000  11.135  303.690
21.910  10.000  10.789  299.082
21.920  10.000  10.675  294.513
21.930  10.000  10.617  289.914
21.940  10.000  10.438  285.285
21.950  10.000  10.306  280.772
21.960  10.000  10.169  276.370
21.970  10.000  10.055  271.991
21.980  10.000  10.094  267.661
21.990  10.000  9.938  263.299
22.000  10.000  9.869  258.948
22.010  10.000  9.689  254.652
22.020  10.000  9.659  250.322
22.030  10.000  9.623  246.002
22.040  10.000  9.561  241.749
22.050  10.000  9.456  237.569
22.060  10.000  9.470  233.479
22.070  10.000  9.517  229.622
22.080  10.000  9.670  225.926
22.090  10.000  9.878  222.269
22.100  10.000  10.013  218.677
22.110  10.000  10.152  215.061
22.120  10.000  10.234  211.404
22.130  10.000  10.188  207.785
22.140  10.000  10.083  204.172
22.150  10.000  10.072  200.489
22.160  10.000  9.968  196.775
22.170  10.000  9.877  193.151
22.180  10.000  9.784  189.590
22.190  10.000  9.779  186.055
22.200  10.000  9.698  182.575
22.210  10.000  9.751  179.213
22.220  10.000  9.758  175.952
22.230  10.000  9.940  172.742
22.240  10.000  10.013  169.569
22.250  10.000  10.059  166.408
22.260  10.000  10.018  163.273
22.270  10.000  10.073  160.110
22.280  10.000  10.120  156.936
22.290  10.000  10.026  153.808
22.300  10.000  9.975  150.633
22.310  10.000  9.881  147.471
22.320  10.000  9.816  144.430
22.330  10.000  9.832  141.454
22.340  10.000  9.876  138.559
22.350  10.000  9.879  135.678
22.360  10.000  9.876  132.838
22.370  10.000  10.014  130.083
22.380  10.000  10.028  127.383
22.390  10.000  10.112  124.683
22.400  10.000  10.014  121.952
22.410  10.000  9.954  119.294
22.420  10.000  9.903  116.724
22.430  10.000  9.873  114.198
22.440  10.000  9.814  111.675
22.450  10.000  9.833  109.179
22.460  10.000  9.991  106.767
22.470  10.000  9.949  104.359
22.480  10.000  10.015  101.942
22.490  10.000  10.133  99.506
22.500  10.000  10.108  97.103
22.510  10.000  9.970  94.812
22.520  10.000  10.021  92.515
22.530  10.000  9.839  90.198
22.540  10.000  9.863  87.898
22.550  10.000  9.859  85.656
22.560  10.000  9.920  83.497
22.570  10.000  9.795  81.443
22.580  10.000  10.072  79.398
22.590  10.000  10.052  77.359
22.600  10.000  9.991  75.417
22.610  10.000  9.977  73.448
22.620  10.000  10.043  71.457
22.630  10.000  9.994  69.518
22.640  10.000  9.916  67.589
22.650  10.000  9.882  65.668
22.660  10.000  9.909  63.765
22.670  10.000  9.897  61.895
22.680  10.000  9.995  60.079
22.690  10.000  9.979  58.341
22.700  10.000  9.903  56.662
22.710  10.000  9.952  54.994
22.720  10.000  9.871  53.407
22.730  10.000  9.915  51.886
22.740  10.000  9.978  50.336
22.750  10.000  10.191  48.703
22.760  10.000  10.024  47.126
22.770  10.000  10.048  45.660
22.780  10.000  9.996  44.143
22.790  10.000  10.005  42.602
22.800  10.000  10.001  41.066
22.810  10.000  9.950  39.613
22.820  10.000  9.747  38.263
22.830  10.000  9.880  36.911
22.840  10.000  9.925  35.591
22.850  10.000  9.889  34.268
22.860  10.000  10.042  32.923
22.870  10.000  9.860  31.661
22.880  10.000  9.942  30.395
22.890  10.000  9.855  29.108
22.900  10.000  9.729  27.984
22.910  10.000  9.905  26.925
22.920  10.000  9.913  25.909
22.930  10.000  10.001  24.976
22.940  10.000  10.000  23.971
22.950  10.000  10.068  22.895
22.960  10.000  10.080  21.861
22.970  10.000  10.002  20.896
22.980  10.000  9.869  19.967
22.990  10.000  9.981  18.941
23.000  10.000  10.004  17.863
23.010  10.000  9.923  16.880
23.020  10.000  9.825  16.012
23.030  10.000  9.827  15.171
23.040  10.000  9.897  14.326
23.050  10.000  9.933  13.578
23.060  10.000  9.982  12.868
23.070  10.000  9.958  12.184
23.080  10.000  9.908  11.594
23.090  10.000  9.913  11.009
23.100  10.000  9.900  10.422
23.110  10.000  9.935  9.905
23.120  10.000  9.942  9.425
23.130  10.000  9.973  8.969
23.140  10.000  9.922  8.554
23.150  10.000  10.003  8.090
23.160  10.000  9.912  7.573
23.170  10.000  10.057  7.078
23.180  10.000  9.903  6.619
23.190  10.000  9.934  6.181
23.200  10.000  9.818  5.779
23.210  10.000  9.885  5.473
23.220  10.000  10.018  5.172
23.230  10.000  9.831  4.924
23.240  10.000  9.944  4.760
23.250  10.000  9.910  4.593
23.260  10.000  10.107  4.264
23.270  10.000  10.103  3.938
23.280  10.000  9.999  3.791
23.290  10.000  9.944  3.689
23.300  10.000  9.932  3.571
23.310  10.000  10.033  3.413
23.320  10.000  9.944  3.276
23.330  10.000  9.938  3.195
23.340  10.000  10.022  3.085
23.350  10.000  9.878  2.965
23.360  10.000  10.137  2.856
23.370  10.000  9.950  2.775
23.380  10.000  9.982  2.773
23.390  10.000  9.875  2.786
23.400  10.000  9.908  2.843
23.410  10.000  9.950  2.904
23.420  10.000  10.015  2.933
23.430  10.000  10.028  2.983
23.440  10.000  10.090  2.958
23.450  10.000  9.898  2.899
23.460  10.000  10.025  2.891
23.470  10.000  9.905  2.964
23.480  10.000  10.084  2.992
23.490  10.000  10.102  2.948
23.500  10.000  10.074  2.992
23.510  10.000  10.136  3.066
23.520  10.000  10.011  3.105
23.530  10.000  9.989  3.199
23.540  10.000  10.031  3.365
23.550  10.000  10.143  3.534
23.560  10.000  10.075  3.655
23.570  10.000  10.071  3.638
23.580  10.000  10.221  3.636
23.590  10.000  10.045  3.746
23.600  10.000  10.144  3.919
23.610  10.000  10.209  4.005
23.620  10.000  10.082  4.026
23.630  10.000  10.062  4.031
23.640  10.000  10.021  4.080
23.650  10.000  9.982  4.192
23.660  10.000  10.187  4.261
23.670  10.000  10.129  4.256
23.680  10.000  10.134  4.181
23.690  10.000  10.145  4.099
23.700  10.000  10.078  4.017
23.710  10.000  10.134  3.910
23.720  10.000  10.101  3.786
23.730  10.000  10.035  3.729
23.740  10.000  10.103  3.700
23.750  10.000  10.141  3.618
23.760  10.000  10.024  3.576
23.770  10.000  9.928  3.632
23.780  10.000  10.108  3.564
23.790  10.000  10.028  3.364
23.800  10.000  10.123  3.198
23.810  10.000  10.092  3.041
23.820  10.000  10.162  2.862
23.830  10.000  9.994  2.681
23.840  10.000  9.953  2.498
23.850  10.000  9.959  2.330
23.860  10.000  9.870  2.244
23.870  10.000  9.913  2.102
23.880  10.000  10.026  1.837
23.890  10.000  9.843  1.610
23.900  10.000  9.865  1.502
23.910  10.000  9.865  1.364
23.920  10.000  9.823  1.299
23.930  10.000  9.892  1.184
23.940  10.000  10.062  0.857
23.950  10.000  9.937  0.547
23.960  10.000  9.995  0.324
23.970  10.000  9.869  0.207
23.980  10.000  9.941  0.104
23.990  10.000  9.860  -0.082
24.000  10.000  9.838  -0.314
24.010  10.000  9.797  -0.429
24.020  10.000  9.741  -0.476
24.030  10.000  9.964  -0.534
24.040  10.000  9.880  -0.622
24.050  10.000  9.759  -0.685
24.060  10.000  9.941  -0.635
24.070  10.000  9.942  -0.517
24.080  10.000  9.968  -0.462
24.090  10.000  9.934  -0.452
24.100  10.000  9.947  -0.331
24.110  10.000  9.945  -0.242
24.120  10.000  9.934  -0.157
24.130  10.000  9.896  -0.018
24.140  10.000  9.933  0.121
24.150  10.000  10.084  0.277
24.160  10.000  10.082  0.454
24.170  10.000  9.854  0.730
24.180  10.000  9.995  0.972
24.190  10.000  10.050  1.133
24.200  10.000  10.048  1.382
24.210  10.000  10.093  1.635
24.220  10.000  9.972  1.776
24.230  10.000  9.988  1.917
24.240  10.000  10.094  2.147
24.250  10.000  10.249  2.331
24.260  10.000  10.036  2.557
24.270  10.000  10.189  2.860
24.280  10.000  9.889  3.158
24.290  10.000  10.237  3.289
24.300  10.000  10.179  3.378
24.310  10.000  10.087  3.618
24.320  10.000  10.204  3.826
24.330  10.000  9.979  3.954
24.340  10.000  10.204  3.988
24.350  10.000  10.174  4.114
24.360  10.000  10.190  4.321
24.370  10.000  10.190  4.465
24.380  10.000  10.036  4.664
24.390  10.000  10.046  4.902
24.400  10.000  10.130  5.092
24.410  10.000  10.224  5.151
24.420  10.000  10.192  5.140
24.430  10.000  10.178  5.150
24.440  10.000  10.089  5.090
24.450  10.000  10.093  4.973
24.460  10.000  10.214  4.917
24.470  10.000  10.066  4.907
24.480  10.000  9.979  4.773
24.490  10.000  9.958  4.575
24.500  10.000  9.959  4.488
24.510  10.000  9.995  4.441
24.520  10.000  10.106  4.281
24.530  10.000  10.041  4.081
24.540  10.000  9.977  3.970
24.550  10.000  9.955  3.905
24.560  10.000  9.914  3.852
24.570  10.000  10.005  3.769
24.580  10.000  10.007  3.650
24.590  10.000  9.948  3.465
24.600  10.000  9.974  3.170
24.610  10.000  9.974  2.845
24.620  10.000  9.916  2.655
24.630  10.000  9.873  2.566
24.640  10.000  9.888  2.445
24.650  10.000  9.870  2.319
24.660  10.000  9.892  2.255
24.670  10.000  9.988  2.124
24.680  10.000  9.846  1.977
24.690  10.000  9.916  1.876
24.700  10.000  9.900  1.739
24.710  10.000  9.851  1.596
24.720  10.000  9.886  1.476
24.730  10.000  9.839  1.421
24.740  10.000  9.875  1.344
24.750  10.000  10.027  1.229
24.760  10.000  9.973  1.061
24.770  10.000  9.867  0.950
24.780  10.000  9.870  0.966
24.790  10.000  9.907  0.882
24.800  10.000  9.965  0.713
24.810  10.000  9.950  0.661
24.820  10.000  9.799  0.709
24.830  10.000  10.002  0.743
24.840  10.000  9.837  0.827
24.850  10.000  9.976  1.041
24.860  10.000  9.914  1.235
24.870  10.000  10.004  1.396
24.880  10.000  9.982  1.633
24.890  10.000  9.976  1.890
24.900  10.000  9.860  2.073
24.910  10.000  10.057  2.193
24.920  10.000  10.083  2.302
24.930  10.000  10.041  2.349
24.940  10.000  10.070  2.440
24.950  10.000  10.138  2.669
24.960  10.000  10.015  2.872
24.970  10.000  9.950  2.953
24.980  10.000  10.157  3.066
24.990  10.000  10.067  3.276
25.000  10.000  10.187  3.396
25.010  10.000  10.095  3.410
25.020  10.000  10.254  3.427
25.030  10.000  10.142  3.557
25.040  10.000  10.049  3.706
25.050  10.000  10.172  3.807
25.060  10.000  10.129  3.983
25.070  10.000  9.933  4.207
25.080  10.000  10.180  4.398
25.090  10.000  10.168  4.549
25.100  10.000  10.166  4.690
25.110  10.000  10.074  4.898
25.120  10.000  10.226  5.005
25.130  10.000  10.288  4.951
25.140  10.000  10.171  4.973
25.150  10.000  10.012  5.001
25.160  10.000  10.048  4.863
25.170  10.000  10.166  4.641
25.180  10.000  10.109  4.433
25.190  10.000  10.151  4.307
25.200  10.000  9.958  4.253
25.210  10.000  9.851  4.225
25.220  10.000  9.998  4.125
25.230  10.000  9.987  3.863
25.240  10.000  10.094  3.545
25.250  10.000  9.936  3.261
25.260  10.000  9.937  3.035
25.270  10.000  9.851  2.802
25.280  10.000  9.881  2.518
25.290  10.000  9.747  2.397
25.300  10.000  9.975  2.395
25.310  10.000  10.011  2.253
25.320  10.000  10.072  2.030
25.330  10.000  9.860  1.823
25.340  10.000  9.944  1.709
25.350  10.000  9.938  1.619
25.360  10.000  9.761  1.520
25.370  10.000  9.770  1.395
25.380  10.000  9.875  1.167
25.390  10.000  9.947  1.011
25.400  10.000  9.866  0.979
25.410  10.000  9.888  0.906
25.420  10.000  9.650  0.815
25.430  10.000  10.052  0.719
25.440  10.000  9.831  0.624
25.450  10.000  9.962  0.563
25.460  10.000  9.929  0.555
25.470  10.000  9.970  0.582
25.480  10.000  9.934  0.675
25.490  10.000  9.912  0.824
25.500  10.000  9.854  0.882
25.510  10.000  9.877  0.995
25.520  10.000  9.922  1.207
25.530  10.000  9.853  1.384
25.540  10.000  9.954  1.506
25.550  10.000  9.992  1.670
25.560  10.000  9.954  2.036
25.570  10.000  10.024  2.402
25.580  10.000  10.159  2.614
25.590  10.000  10.044  2.821
25.600  10.000  9.974  3.135
25.610  10.000  10.164  3.437
25.620  10.000  10.065  3.691
25.630  10.000  10.088  4.008
25.640  10.000  10.178  4.259
25.650  10.000  10.158  4.400
25.660  10.000  10.023  4.585
25.670  10.000  10.041  4.848
25.680  10.000  10.221  4.912
25.690  10.000  10.186  4.910
25.700  10.000  10.270  5.033
25.710  10.000  10.292  5.155
25.720  10.000  10.167  5.275
25.730  10.000  10.065  5.428
25.740  10.000  10.195  5.643
25.750  10.000  10.133  5.755
25.760  10.000  10.173  5.807
25.770  12.500  10.103  5.829
25.780  15.001  10.116  5.893
25.790  17.500  10.591  6.662
25.800  20.000  12.416  8.605
25.810  22.500  14.078  11.685
25.820  25.001  16.260  15.436
25.830  27.500  18.438  19.885
25.840  30.000  21.621  25.225
25.850  32.500  23.707  30.993
25.860  35.000  25.983  36.579
25.870  35.000  28.333  41.807
25.880  35.000  29.125  47.612
25.890  35.000  30.524  53.800
25.900  35.000  31.886  59.423
25.910  35.000  32.582  64.873
25.920  35.000  33.217  70.867
25.930  35.000  34.302  76.810
25.940  35.000  34.390  82.346
25.950  35.000  35.347  87.821
25.960  35.000  35.540  93.579
25.970  35.000  36.066  99.265
25.980  35.000  36.311  104.354
25.990  35.000  36.652  109.306
26.000  35.000  36.353  114.272
26.010  35.000  36.189  119.217
26.020  35.000  35.038  123.974
26.030  35.000  35.654  128.194
26.040  35.000  34.418  132.200
26.050  35.000  34.326  136.550
26.060  35.000  34.402  140.923
26.070  35.000  34.783  145.310
26.080  35.000  34.786  149.831
26.090  35.000  35.358  154.234
26.100  35.000  34.926  158.693
26.110  35.000  35.875  163.270
26.120  35.000  35.132  167.817
26.130  35.000  35.735  172.419
26.140  35.000  34.710  176.982
26.150  35.000  35.018  181.408
26.160  35.000  34.656  185.946
26.170  35.000  35.201  190.352
26.180  35.000  35.747  194.276
26.190  35.000  34.660  198.121
26.200  35.000  35.159  202.449
26.210  35.000  35.328  206.783
26.220  35.000  35.150  210.643
26.230  35.000  35.075  214.625
26.240  35.000  35.030  218.641
26.250  35.000  35.005  222.644
26.260  35.000  35.020  226.695
26.270  35.000  35.611  230.545
26.280  35.000  34.957  234.568
26.290  35.000  35.304  238.478
26.300  35.000  34.583  242.447
26.310  35.000  35.109  246.535
26.320  35.000  35.347  250.332
26.330  35.000  35.862  254.039
26.340  35.000  35.236  257.862
26.350  35.000  35.594  261.626
26.360  35.000  36.149  265.210
26.370  35.000  35.691  268.877
26.380  35.000  35.987  272.527
26.390  35.000  35.497  276.307
26.400  35.000  36.123  279.887
26.410  35.000  35.511  283.157
26.420  35.000  35.394  286.536
26.430  35.000  34.501  289.961
26.440  35.000  35.124  293.329
26.450  35.000  34.901  296.656
26.460  35.000  34.740  299.995
26.470  35.000  35.022  303.357
26.480  35.000  35.329  306.715
26.490  35.000  34.944  310.012
26.500  35.000  35.538  313.007
26.510  35.000  34.866  316.063
26.520  35.000  35.116  319.290
26.530  35.000  34.823  322.364
26.540  35.000  35.069  325.518
26.550  35.000  35.443  328.637
26.560  35.000  35.075  331.700
26.570  35.000  35.840  334.533
26.580  35.000  34.921  337.130
26.590  35.000  34.800  339.621
26.600  35.000  34.722  342.138
26.610  35.000  35.094  344.910
26.620  35.000  35.116  347.685
26.630  35.000  35.417  350.260
26.640  35.000  35.067  352.840
