# covent_pc_7
# Captured 2020-06-21 02:47:14.870037 by unknown user
# Built at revision ace2394 (dirty)
time(sec)  pc_setpoint  pressure  volume
0.000  5.000  5.089  2.838
0.010  5.000  5.043  2.818
0.020  5.000  4.980  2.719
0.030  5.000  5.084  2.494
0.040  5.000  5.029  2.317
0.050  5.000  4.981  2.240
0.060  5.000  4.965  2.134
0.070  5.000  5.042  2.008
0.080  5.000  5.060  1.931
0.090  5.000  5.001  1.881
0.100  5.000  4.981  1.875
0.110  5.000  4.947  1.851
0.120  5.000  4.988  1.819
0.130  5.000  5.084  1.742
0.140  5.000  5.042  1.565
0.150  8.000  4.994  1.489
0.160  11.000  5.092  1.892
0.170  14.000  5.358  3.659
0.180  17.000  7.720  6.806
0.190  20.000  10.227  10.750
0.200  23.000  12.395  15.365
0.210  26.000  14.830  20.637
0.220  29.000  17.565  27.877
0.230  32.000  19.851  36.030
0.240  35.000  22.886  42.784
0.250  35.000  24.512  48.850
0.260  35.000  26.472  54.882
0.270  35.000  27.521  60.772
0.280  35.000  28.555  66.815
0.290  35.000  29.962  72.730
0.300  35.000  30.913  78.198
0.310  35.000  31.730  83.808
0.320  35.000  32.456  89.551
0.330  35.000  33.222  95.097
0.340  35.000  33.793  100.824
0.350  35.000  34.196  106.447
0.360  35.000  35.097  112.129
0.370  35.000  35.649  117.850
0.380  35.000  35.828  123.484
0.390  35.000  36.754  128.991
0.400  35.000  36.798  134.369
0.410  35.000  37.250  139.468
0.420  35.000  36.027  143.833
0.430  35.000  36.048  147.768
0.440  35.000  35.296  151.586
0.450  35.000  34.148  155.501
0.460  35.000  34.749  159.240
0.470  35.000  33.999  163.014
0.480  35.000  34.716  167.219
0.490  35.000  34.466  171.695
0.500  35.000  35.364  175.925
0.510  35.000  35.448  180.147
0.520  35.000  35.448  184.472
0.530  35.000  35.743  188.600
0.540  35.000  35.768  192.520
0.550  35.000  35.800  196.213
0.560  35.000  35.986  200.108
0.570  35.000  36.067  203.921
0.580  35.000  36.784  207.317
0.590  35.000  36.000  210.732
0.600  35.000  36.176  214.160
0.610  35.000  35.457  217.297
0.620  35.000  35.488  220.296
0.630  35.000  35.251  223.269
0.640  35.000  34.772  226.098
0.650  35.000  35.247  229.015
0.660  35.000  34.674  232.003
0.670  35.000  35.482  234.779
0.680  35.000  35.048  237.366
0.690  35.000  35.032  240.093
0.700  35.000  34.687  242.646
0.710  35.000  35.462  245.209
0.720  35.000  35.602  247.827
0.730  35.000  35.188  250.270
0.740  35.000  35.382  252.857
0.750  35.000  35.181  255.448
0.760  35.000  35.694  257.788
0.770  35.000  35.220  259.977
0.780  35.000  35.245  262.186
0.790  35.000  35.231  264.262
0.800  35.000  35.465  266.056
0.810  35.000  35.233  268.204
0.820  35.000  35.567  270.709
0.830  35.000  35.805  272.802
0.840  35.000  35.883  274.739
0.850  35.000  36.014  276.712
0.860  35.000  35.785  278.778
0.870  35.000  35.980  280.550
0.880  35.000  35.299  281.884
0.890  35.000  35.147  283.020
0.900  35.000  35.066  283.998
0.910  35.000  35.075  284.838
0.920  35.000  34.742  285.866
0.930  35.000  34.822  287.115
0.940  35.000  35.098  288.163
0.950  35.000  35.440  289.048
0.960  35.000  34.893  290.027
0.970  35.000  35.246  290.931
0.980  35.000  35.396  291.573
0.990  35.000  34.952  292.283
1.000  35.000  35.252  292.890
1.010  35.000  35.099  293.310
1.020  35.000  35.044  293.723
1.030  35.000  35.248  294.210
1.040  35.000  34.780  294.740
1.050  35.000  35.125  295.265
1.060  35.000  34.933  295.786
1.070  35.000  35.202  296.112
1.080  35.000  34.810  296.376
1.090  35.000  35.200  296.982
1.100  35.000  35.159  297.632
1.110  35.000  35.133  298.089
1.120  35.000  35.233  298.331
1.130  35.000  34.851  298.492
1.140  35.000  35.233  298.653
1.150  5.000  35.257  298.740
1.160  5.000  34.568  296.539
1.170  5.000  28.960  288.129
1.180  5.000  22.189  279.554
1.190  5.000  20.560  273.616
1.200  5.000  17.763  267.128
1.210  5.000  16.633  261.444
1.220  5.000  15.437  256.009
1.230  5.000  14.834  250.652
1.240  5.000  14.147  245.482
1.250  5.000  13.643  240.486
1.260  5.000  13.282  235.526
1.270  5.000  13.057  230.583
1.280  5.000  12.606  225.748
1.290  5.000  12.270  220.982
1.300  5.000  12.026  216.266
1.310  5.000  11.810  211.590
1.320  5.000  11.542  207.004
1.330  5.000  11.363  202.499
1.340  5.000  11.084  198.101
1.350  5.000  10.849  193.748
1.360  5.000  10.644  189.355
1.370  5.000  10.498  185.035
1.380  5.000  10.234  180.876
1.390  5.000  10.080  176.727
1.400  5.000  9.907  172.584
1.410  5.000  9.703  168.555
1.420  5.000  9.583  164.536
1.430  5.000  9.337  160.581
1.440  5.000  9.303  156.662
1.450  5.000  9.114  152.719
1.460  5.000  8.877  148.881
1.470  5.000  8.728  145.130
1.480  5.000  8.521  141.425
1.490  5.000  8.417  137.811
1.500  5.000  8.203  134.300
1.510  5.000  8.078  130.816
1.520  5.000  8.003  127.281
1.530  5.000  7.792  123.802
1.540  5.000  7.583  120.432
1.550  5.000  7.496  117.141
1.560  5.000  7.357  113.874
1.570  5.000  7.258  110.597
1.580  5.000  7.076  107.392
1.590  5.000  6.997  104.230
1.600  5.000  6.799  101.098
1.610  5.000  6.723  97.970
1.620  5.000  6.599  94.845
1.630  5.000  6.487  91.835
1.640  5.000  6.347  88.897
1.650  5.000  6.266  85.966
1.660  5.000  6.050  83.110
1.670  5.000  5.982  80.307
1.680  5.000  5.894  77.491
1.690  5.000  5.774  74.725
1.700  5.000  5.674  72.034
1.710  5.000  5.518  69.403
1.720  5.000  5.450  66.830
1.730  5.000  5.377  64.260
1.740  5.000  5.269  61.744
1.750  5.000  5.122  59.358
1.760  5.000  5.059  56.970
1.770  5.000  4.967  54.550
1.780  5.000  4.861  52.188
1.790  5.000  4.786  49.893
1.800  5.000  4.654  47.656
1.810  5.000  4.530  45.475
1.820  5.000  4.499  43.340
1.830  5.000  4.486  41.335
1.840  5.000  4.410  39.568
1.850  5.000  4.557  37.976
1.860  5.000  4.638  36.496
1.870  5.000  4.803  35.086
1.880  5.000  4.995  33.724
1.890  5.000  5.027  32.350
1.900  5.000  5.128  30.957
1.910  5.000  4.992  29.559
1.920  5.000  5.007  28.167
1.930  5.000  4.864  26.867
1.940  5.000  4.899  25.613
1.950  5.000  4.856  24.368
1.960  5.000  4.857  23.202
1.970  5.000  4.906  22.100
1.980  5.000  4.857  21.048
1.990  5.000  4.940  20.086
2.000  5.000  4.872  19.139
2.010  5.000  4.847  18.216
2.020  5.000  4.879  17.344
2.030  5.000  4.883  16.566
2.040  5.000  4.898  15.828
2.050  5.000  4.907  15.153
2.060  5.000  4.902  14.550
2.070  5.000  4.916  13.929
2.080  5.000  4.912  13.331
2.090  5.000  5.024  12.815
2.100  5.000  4.909  12.472
2.110  5.000  5.042  12.108
2.120  5.000  4.907  11.662
2.130  5.000  4.958  11.268
2.140  5.000  4.972  10.980
2.150  5.000  4.845  10.727
2.160  5.000  4.937  10.434
2.170  5.000  4.949  10.239
2.180  5.000  5.071  10.052
2.190  5.000  5.041  9.811
2.200  5.000  5.023  9.591
2.210  5.000  5.002  9.415
2.220  5.000  4.922  9.363
2.230  5.000  5.038  9.278
2.240  5.000  5.048  9.126
2.250  5.000  4.971  9.087
2.260  5.000  4.931  9.109
2.270  5.000  5.012  9.130
2.280  5.000  5.010  9.116
2.290  5.000  5.065  9.103
2.300  5.000  4.998  9.128
2.310  5.000  4.881  9.196
2.320  5.000  5.153  9.179
2.330  5.000  5.113  9.043
2.340  5.000  5.114  8.932
2.350  5.000  5.034  8.871
2.360  5.000  5.014  8.831
2.370  5.000  5.120  8.764
2.380  5.000  5.071  8.703
2.390  5.000  5.100  8.633
2.400  5.000  5.052  8.580
2.410  5.000  5.096  8.537
2.420  5.000  5.081  8.470
2.430  5.000  5.032  8.444
2.440  5.000  5.087  8.407
2.450  5.000  5.141  8.293
2.460  5.000  5.053  8.151
2.470  5.000  5.145  8.045
2.480  5.000  5.122  7.919
2.490  5.000  5.113  7.782
2.500  5.000  5.146  7.628
2.510  5.000  5.043  7.453
2.520  5.000  5.091  7.285
2.530  5.000  5.034  7.137
2.540  5.000  4.957  6.956
2.550  5.000  4.985  6.810
2.560  5.000  4.971  6.766
2.570  5.000  5.021  6.627
2.580  5.000  4.978  6.389
2.590  5.000  5.035  6.166
2.600  5.000  4.964  5.972
2.610  5.000  5.005  5.789
2.620  5.000  4.964  5.669
2.630  5.000  4.931  5.569
2.640  5.000  5.003  5.452
2.650  5.000  4.957  5.343
2.660  5.000  5.009  5.261
2.670  5.000  4.950  5.181
2.680  5.000  4.936  5.165
2.690  5.000  4.971  5.160
2.700  5.000  4.968  5.075
2.710  5.000  5.024  4.946
2.720  5.000  5.066  4.759
2.730  5.000  5.010  4.669
2.740  5.000  4.898  4.603
2.750  5.000  4.931  4.539
2.760  5.000  4.951  4.523
2.770  5.000  4.936  4.498
2.780  5.000  4.959  4.479
2.790  5.000  4.946  4.519
2.800  5.000  5.004  4.556
2.810  5.000  4.889  4.504
2.820  5.000  4.922  4.466
2.830  5.000  4.970  4.394
2.840  5.000  4.961  4.247
2.850  5.000  4.989  4.155
2.860  5.000  4.961  4.174
2.870  5.000  4.970  4.228
2.880  5.000  4.995  4.259
2.890  5.000  4.970  4.241
2.900  5.000  4.996  4.250
2.910  5.000  5.037  4.358
2.920  5.000  5.030  4.453
2.930  5.000  5.060  4.412
2.940  5.000  5.044  4.332
2.950  5.000  5.001  4.307
2.960  5.000  4.951  4.368
2.970  5.000  5.047  4.351
2.980  5.000  4.987  4.363
2.990  5.000  5.042  4.514
3.000  5.000  5.061  4.471
3.010  5.000  5.057  4.347
3.020  5.000  5.082  4.296
3.030  5.000  5.042  4.266
3.040  5.000  5.052  4.192
3.050  5.000  5.035  4.124
3.060  5.000  5.072  4.087
3.070  5.000  4.977  3.975
3.080  5.000  5.116  3.855
3.090  5.000  5.101  3.820
3.100  5.000  5.099  3.851
3.110  5.000  4.946  3.852
3.120  5.000  4.933  3.872
3.130  5.000  5.042  3.836
3.140  5.000  4.992  3.696
3.150  5.000  5.143  3.568
3.160  8.000  5.021  3.520
3.170  11.000  5.137  4.055
3.180  14.000  5.507  5.985
3.190  17.000  7.823  9.133
3.200  20.000  10.238  12.856
3.210  23.000  12.691  17.107
3.220  26.000  14.994  21.935
3.230  29.000  17.829  27.824
3.240  32.000  19.917  34.486
3.250  35.000  23.117  40.629
3.260  35.000  24.705  46.206
3.270  35.000  26.198  51.864
3.280  35.000  27.649  57.509
3.290  35.000  28.189  63.395
3.300  35.000  29.582  69.303
3.310  35.000  30.647  74.832
3.320  35.000  31.588  80.477
3.330  35.000  32.506  86.208
3.340  35.000  33.061  91.755
3.350  35.000  33.789  97.621
3.360  35.000  34.441  103.484
3.370  35.000  35.139  109.043
3.380  35.000  35.805  114.739
3.390  35.000  36.032  120.334
3.400  35.000  36.480  125.727
3.410  35.000  36.393  130.913
3.420  35.000  37.339  135.859
3.430  35.000  36.835  140.500
3.440  35.000  35.717  144.665
3.450  35.000  35.496  148.500
3.460  35.000  34.436  152.263
3.470  35.000  33.983  155.981
3.480  35.000  34.206  159.784
3.490  35.000  34.347  163.725
3.500  35.000  34.706  167.875
3.510  35.000  35.368  172.058
3.520  35.000  35.141  176.325
3.530  35.000  35.683  180.720
3.540  35.000  35.750  184.874
3.550  35.000  35.882  188.753
3.560  35.000  35.796  192.512
3.570  35.000  35.822  196.169
3.580  35.000  35.996  199.659
3.590  35.000  35.786  203.270
3.600  35.000  36.446  206.886
3.610  35.000  36.455  210.191
3.620  35.000  35.886  213.409
3.630  35.000  35.580  216.537
3.640  35.000  35.139  219.688
3.650  35.000  34.879  222.561
3.660  35.000  35.220  225.332
3.670  35.000  34.486  228.214
3.680  35.000  35.108  231.028
3.690  35.000  34.958  233.804
3.700  35.000  35.669  236.501
3.710  35.000  35.190  239.151
3.720  35.000  35.614  241.626
3.730  35.000  35.068  244.158
3.740  35.000  35.562  246.559
3.750  35.000  35.434  248.788
3.760  35.000  35.112  250.948
3.770  35.000  35.384  253.089
3.780  35.000  35.221  255.172
3.790  35.000  35.052  257.134
3.800  35.000  35.238  259.079
3.810  35.000  35.096  261.163
3.820  35.000  35.657  263.113
3.830  35.000  35.339  264.911
3.840  35.000  35.717  266.906
3.850  35.000  35.877  268.895
3.860  35.000  36.282  270.805
3.870  35.000  36.099  272.646
3.880  35.000  35.145  274.361
3.890  35.000  35.621  275.702
3.900  35.000  35.284  276.719
3.910  35.000  34.909  277.606
3.920  35.000  35.111  278.467
3.930  35.000  34.854  279.467
3.940  35.000  35.120  280.494
3.950  35.000  35.219  281.385
3.960  35.000  35.049  282.209
3.970  35.000  35.052  282.994
3.980  35.000  34.909  283.948
3.990  35.000  35.205  284.861
4.000  35.000  35.249  285.618
4.010  35.000  35.101  286.454
4.020  35.000  34.491  287.478
4.030  35.000  35.088  288.445
4.040  35.000  35.503  289.179
4.050  35.000  35.375  289.874
4.060  35.000  34.801  290.604
4.070  35.000  35.429  291.118
4.080  35.000  34.666  291.559
4.090  35.000  35.056  292.084
4.100  35.000  35.158  292.550
4.110  35.000  35.349  292.960
4.120  35.000  35.200  293.176
4.130  35.000  35.125  293.359
4.140  35.000  35.234  293.463
4.150  35.000  34.815  293.604
4.160  5.000  35.076  293.804
4.170  5.000  34.437  291.370
4.180  5.000  28.871  282.661
4.190  5.000  22.286  274.011
4.200  5.000  20.589  267.924
4.210  5.000  17.668  261.250
4.220  5.000  16.730  255.469
4.230  5.000  15.570  249.943
4.240  5.000  14.788  244.623
4.250  5.000  14.197  239.461
4.260  5.000  13.705  234.303
4.270  5.000  13.340  229.198
4.280  5.000  12.883  224.226
4.290  5.000  12.607  219.383
4.300  5.000  12.272  214.590
4.310  5.000  12.021  209.910
4.320  5.000  11.729  205.322
4.330  5.000  11.490  200.757
4.340  5.000  11.316  196.249
4.350  5.000  11.039  191.792
4.360  5.000  10.837  187.380
4.370  5.000  10.638  183.075
4.380  5.000  10.473  178.793
4.390  5.000  10.319  174.550
4.400  5.000  10.047  170.384
4.410  5.000  9.888  166.227
4.420  5.000  9.639  162.144
4.430  5.000  9.530  158.112
4.440  5.000  9.371  154.106
4.450  5.000  9.195  150.180
4.460  5.000  9.012  146.293
4.470  5.000  8.805  142.486
4.480  5.000  8.683  138.767
4.490  5.000  8.481  135.121
4.500  5.000  8.344  131.479
4.510  5.000  8.231  127.854
4.520  5.000  8.044  124.321
4.530  5.000  7.907  120.822
4.540  5.000  7.799  117.310
4.550  5.000  7.673  113.863
4.560  5.000  7.465  110.527
4.570  5.000  7.349  107.237
4.580  5.000  7.186  103.971
4.590  5.000  7.078  100.719
4.600  5.000  6.922  97.523
4.610  5.000  6.735  94.415
4.620  5.000  6.668  91.316
4.630  5.000  6.591  88.204
4.640  5.000  6.458  85.185
4.650  5.000  6.268  82.277
4.660  5.000  6.188  79.423
4.670  5.000  6.067  76.559
4.680  5.000  5.980  73.716
4.690  5.000  5.844  70.947
4.700  5.000  5.740  68.210
4.710  5.000  5.639  65.484
4.720  5.000  5.511  62.821
4.730  5.000  5.400  60.219
4.740  5.000  5.296  57.651
4.750  5.000  5.165  55.154
4.760  5.000  5.120  52.684
4.770  5.000  5.012  50.250
4.780  5.000  4.903  47.892
4.790  5.000  4.819  45.598
4.800  5.000  4.656  43.350
4.810  5.000  4.619  41.140
4.820  5.000  4.591  38.967
4.830  5.000  4.499  36.850
4.840  5.000  4.512  34.910
4.850  5.000  4.501  33.181
4.860  5.000  4.614  31.598
4.870  5.000  4.722  30.090
4.880  5.000  4.913  28.568
4.890  5.000  4.989  27.031
4.900  5.000  5.057  25.542
4.910  5.000  5.012  24.092
4.920  5.000  4.925  22.677
4.930  5.000  4.862  21.324
4.940  5.000  4.878  20.008
4.950  5.000  4.856  18.731
4.960  5.000  4.849  17.513
4.970  5.000  4.860  16.388
4.980  5.000  4.861  15.354
4.990  5.000  4.927  14.330
5.000  5.000  4.925  13.356
5.010  5.000  4.887  12.397
5.020  5.000  4.912  11.440
5.030  5.000  4.949  10.609
5.040  5.000  4.875  9.860
5.050  5.000  4.898  9.107
5.060  5.000  4.923  8.381
5.070  5.000  4.932  7.719
5.080  5.000  4.915  7.140
5.090  5.000  4.913  6.607
5.100  5.000  4.917  6.135
5.110  5.000  4.938  5.735
5.120  5.000  4.951  5.358
5.130  5.000  4.960  4.962
5.140  5.000  5.040  4.595
5.150  5.000  4.968  4.326
5.160  5.000  4.994  3.997
5.170  5.000  4.947  3.686
5.180  5.000  4.962  3.513
5.190  5.000  5.045  3.245
5.200  5.000  4.967  2.987
5.210  5.000  4.967  2.851
5.220  5.000  4.976  2.664
5.230  5.000  5.001  2.419
5.240  5.000  5.076  2.201
5.250  5.000  4.999  2.116
5.260  5.000  4.927  2.027
5.270  5.000  4.981  1.868
5.280  5.000  5.040  1.749
5.290  5.000  5.027  1.647
5.300  5.000  4.949  1.561
5.310  5.000  5.019  1.489
5.320  5.000  5.105  1.397
5.330  5.000  5.001  1.325
5.340  5.000  4.932  1.323
5.350  5.000  5.039  1.274
5.360  5.000  5.049  1.164
5.370  5.000  5.108  1.112
5.380  5.000  4.986  1.138
5.390  5.000  5.029  1.146
5.400  5.000  5.053  1.124
5.410  5.000  5.016  1.092
5.420  5.000  5.124  1.005
5.430  5.000  5.100  0.907
5.440  5.000  5.069  0.790
5.450  5.000  5.104  0.649
5.460  5.000  4.990  0.510
5.470  5.000  5.123  0.378
5.480  5.000  5.042  0.265
5.490  5.000  5.084  0.173
5.500  5.000  5.069  0.056
5.510  5.000  5.115  -0.145
5.520  5.000  5.139  -0.364
5.530  5.000  5.000  -0.491
5.540  5.000  5.060  -0.586
5.550  5.000  5.030  -0.667
5.560  5.000  5.018  -0.706
5.570  5.000  5.068  -0.812
5.580  5.000  5.063  -0.972
5.590  5.000  5.002  -1.084
5.600  5.000  5.004  -1.167
5.610  5.000  5.013  -1.301
5.620  5.000  5.032  -1.520
5.630  5.000  5.009  -1.684
5.640  5.000  5.014  -1.771
5.650  5.000  5.025  -1.904
5.660  5.000  5.007  -2.131
5.670  5.000  5.066  -2.431
5.680  5.000  4.955  -2.692
5.690  5.000  5.028  -2.903
5.700  5.000  5.004  -3.130
5.710  5.000  4.998  -3.306
5.720  5.000  4.940  -3.385
5.730  5.000  4.898  -3.439
5.740  5.000  4.994  -3.604
5.750  5.000  5.017  -3.835
5.760  5.000  5.027  -4.015
5.770  5.000  4.935  -4.093
5.780  5.000  5.004  -4.167
5.790  5.000  5.008  -4.340
5.800  5.000  5.003  -4.544
5.810  5.000  4.916  -4.712
5.820  5.000  4.993  -4.830
5.830  5.000  4.932  -4.939
5.840  5.000  4.885  -5.019
5.850  5.000  4.965  -5.147
5.860  5.000  4.946  -5.307
5.870  5.000  5.022  -5.456
5.880  5.000  4.877  -5.586
5.890  5.000  4.973  -5.631
5.900  5.000  4.956  -5.627
5.910  5.000  4.969  -5.633
5.920  5.000  4.909  -5.676
5.930  5.000  4.946  -5.644
5.940  5.000  4.975  -5.576
5.950  5.000  4.965  -5.539
5.960  5.000  5.092  -5.521
5.970  5.000  5.030  -5.525
5.980  5.000  4.947  -5.384
5.990  5.000  4.996  -5.263
6.000  5.000  5.029  -5.308
6.010  5.000  5.060  -5.282
6.020  5.000  5.057  -5.244
6.030  5.000  5.102  -5.275
6.040  5.000  5.092  -5.298
6.050  5.000  5.061  -5.296
6.060  5.000  5.139  -5.283
6.070  5.000  5.011  -5.345
6.080  5.000  5.142  -5.396
6.090  5.000  5.014  -5.371
6.100  5.000  4.988  -5.370
6.110  5.000  5.058  -5.459
6.120  5.000  5.066  -5.588
6.130  5.000  5.107  -5.760
6.140  5.000  5.092  -5.878
6.150  5.000  5.036  -5.956
6.160  5.000  5.019  -6.064
6.170  8.000  5.047  -6.145
6.180  11.000  5.265  -5.752
6.190  14.000  5.352  -3.962
6.200  17.000  7.807  -0.933
6.210  20.000  10.258  2.732
6.220  23.000  12.299  7.082
6.230  26.000  14.953  12.197
6.240  29.000  17.814  18.429
6.250  32.000  19.828  25.609
6.260  35.000  22.943  32.191
6.270  35.000  24.422  38.019
6.280  35.000  26.157  43.996
6.290  35.000  27.579  49.907
6.300  35.000  28.982  55.851
6.310  35.000  29.938  61.930
6.320  35.000  30.677  67.860
6.330  35.000  31.562  73.620
6.340  35.000  32.171  79.386
6.350  35.000  33.114  85.191
6.360  35.000  33.830  90.892
6.370  35.000  34.741  96.704
6.380  35.000  35.187  102.469
6.390  35.000  35.886  108.144
6.400  35.000  35.927  113.889
6.410  35.000  36.797  119.435
6.420  35.000  36.743  124.750
6.430  35.000  37.009  129.964
6.440  35.000  35.694  134.677
6.450  35.000  35.996  138.633
6.460  35.000  34.685  142.438
6.470  35.000  35.002  146.389
6.480  35.000  33.476  150.492
6.490  35.000  35.137  154.560
6.500  35.000  34.333  158.762
6.510  35.000  35.589  163.249
6.520  35.000  35.207  167.637
6.530  35.000  35.385  171.933
6.540  35.000  35.697  176.094
6.550  35.000  35.807  180.162
6.560  35.000  35.390  184.300
6.570  35.000  35.602  188.418
6.580  35.000  35.813  192.275
6.590  35.000  35.336  196.272
6.600  35.000  36.171  200.304
6.610  35.000  36.140  204.030
6.620  35.000  36.000  207.800
6.630  35.000  36.145  211.260
6.640  35.000  35.753  214.298
6.650  35.000  35.698  217.412
6.660  35.000  35.014  220.480
6.670  35.000  35.741  223.303
6.680  35.000  35.003  225.888
6.690  35.000  34.788  228.443
6.700  35.000  34.730  231.032
6.710  35.000  34.798  233.746
6.720  35.000  35.049  236.580
6.730  35.000  35.124  239.281
6.740  35.000  35.611  241.835
6.750  35.000  35.326  244.131
6.760  35.000  35.326  246.493
6.770  35.000  35.439  248.826
6.780  35.000  35.517  250.938
6.790  35.000  35.405  252.945
6.800  35.000  35.514  254.747
6.810  35.000  35.580  256.578
6.820  35.000  35.390  258.424
6.830  35.000  35.414  260.314
6.840  35.000  35.297  262.375
6.850  35.000  36.168  264.308
6.860  35.000  35.833  266.383
6.870  35.000  35.951  268.527
6.880  35.000  35.497  270.268
6.890  35.000  35.193  271.661
6.900  35.000  35.279  272.931
6.910  35.000  35.005  274.049
6.920  35.000  35.372  275.045
6.930  35.000  35.031  275.914
6.940  35.000  35.125  276.744
6.950  35.000  35.217  277.606
6.960  35.000  34.926  278.475
6.970  35.000  34.662  279.400
6.980  35.000  35.034  280.392
6.990  35.000  34.923  281.305
7.000  35.000  34.631  282.504
7.010  35.000  35.652  283.714
7.020  35.000  35.242  284.463
7.030  35.000  35.348  285.210
7.040  35.000  34.864  286.162
7.050  35.000  35.172  287.110
7.060  35.000  35.332  287.745
7.070  35.000  35.115  288.350
7.080  35.000  35.079  288.949
7.090  35.000  35.415  289.408
7.100  35.000  34.719  289.799
7.110  35.000  35.014  290.325
7.120  35.000  35.236  290.796
7.130  35.000  34.896  291.173
7.140  35.000  35.505  291.509
7.150  35.000  35.000  291.674
7.160  35.000  34.956  291.941
7.170  5.000  34.974  292.317
7.180  5.000  34.590  290.040
7.190  5.000  29.081  281.385
7.200  5.000  22.542  272.727
7.210  5.000  20.569  266.727
7.220  5.000  17.716  260.239
7.230  5.000  16.688  254.554
7.240  5.000  15.419  249.008
7.250  5.000  14.728  243.651
7.260  5.000  14.135  238.503
7.270  5.000  13.627  233.388
7.280  5.000  13.204  228.449
7.290  5.000  12.897  223.621
7.300  5.000  12.485  218.849
7.310  5.000  12.324  214.113
7.320  5.000  12.002  209.488
7.330  5.000  11.731  204.982
7.340  5.000  11.583  200.475
7.350  5.000  11.383  195.978
7.360  5.000  11.210  191.515
7.370  5.000  10.821  187.113
7.380  5.000  10.667  182.810
7.390  5.000  10.490  178.599
7.400  5.000  10.305  174.410
7.410  5.000  10.100  170.256
7.420  5.000  9.932  166.146
7.430  5.000  9.766  162.115
7.440  5.000  9.587  158.141
7.450  5.000  9.448  154.196
7.460  5.000  9.218  150.369
7.470  5.000  9.129  146.609
7.480  5.000  8.972  142.840
7.490  5.000  8.798  139.097
7.500  5.000  8.592  135.396
7.510  5.000  8.392  131.803
7.520  5.000  8.205  128.288
7.530  5.000  8.126  124.746
7.540  5.000  7.914  121.256
7.550  5.000  7.785  117.892
7.560  5.000  7.698  114.539
7.570  5.000  7.565  111.207
7.580  5.000  7.432  107.934
7.590  5.000  7.289  104.711
7.600  5.000  7.120  101.553
7.610  5.000  6.979  98.420
7.620  5.000  6.894  95.285
7.630  5.000  6.743  92.222
7.640  5.000  6.645  89.254
7.650  5.000  6.535  86.347
7.660  5.000  6.449  83.509
7.670  5.000  6.272  80.712
7.680  5.000  6.183  77.948
7.690  5.000  6.069  75.153
7.700  5.000  5.935  72.404
7.710  5.000  5.856  69.723
7.720  5.000  5.761  67.054
7.730  5.000  5.690  64.428
7.740  5.000  5.529  61.888
7.750  5.000  5.393  59.401
7.760  5.000  5.335  56.901
7.770  5.000  5.170  54.441
7.780  5.000  5.055  52.089
7.790  5.000  4.912  49.810
7.800  5.000  4.896  47.561
7.810  5.000  4.740  45.358
7.820  5.000  4.739  43.157
7.830  5.000  4.569  40.996
7.840  5.000  4.597  38.908
7.850  5.000  4.519  36.939
7.860  5.000  4.489  35.164
7.870  5.000  4.541  33.563
7.880  5.000  4.667  32.076
7.890  5.000  4.778  30.682
7.900  5.000  4.896  29.315
7.910  5.000  4.956  27.912
7.920  5.000  5.092  26.509
7.930  5.000  5.002  25.187
7.940  5.000  4.946  23.883
7.950  5.000  4.955  22.556
7.960  5.000  4.877  21.295
7.970  5.000  4.848  20.107
7.980  5.000  4.803  18.983
7.990  5.000  4.952  17.905
8.000  5.000  4.886  16.904
8.010  5.000  4.940  15.937
8.020  5.000  4.928  15.009
8.030  5.000  4.896  14.182
8.040  5.000  4.849  13.378
8.050  5.000  4.894  12.612
8.060  5.000  4.892  11.984
8.070  5.000  4.932  11.445
8.080  5.000  4.851  10.906
8.090  5.000  4.930  10.352
8.100  5.000  4.873  9.773
8.110  5.000  4.989  9.186
8.120  5.000  4.924  8.703
8.130  5.000  5.003  8.324
8.140  5.000  4.933  7.937
8.150  5.000  4.919  7.589
8.160  5.000  4.959  7.310
8.170  5.000  5.052  7.142
8.180  5.000  4.931  7.016
8.190  5.000  4.981  6.775
8.200  5.000  4.928  6.528
8.210  5.000  4.974  6.402
8.220  5.000  4.949  6.322
8.230  5.000  5.022  6.163
8.240  5.000  4.925  5.985
8.250  5.000  4.969  5.952
8.260  5.000  4.959  5.932
8.270  5.000  5.010  5.973
8.280  5.000  5.054  6.047
8.290  5.000  4.967  6.086
8.300  5.000  5.105  6.140
8.310  5.000  5.071  6.202
8.320  5.000  5.033  6.316
8.330  5.000  5.028  6.374
8.340  5.000  5.091  6.428
8.350  5.000  5.129  6.458
8.360  5.000  4.981  6.468
8.370  5.000  5.120  6.471
8.380  5.000  5.081  6.472
8.390  5.000  5.142  6.466
8.400  5.000  5.122  6.430
8.410  5.000  5.048  6.351
8.420  5.000  5.088  6.204
8.430  5.000  5.089  6.032
8.440  5.000  5.118  5.903
8.450  5.000  5.061  5.860
8.460  5.000  5.094  5.804
8.470  5.000  5.143  5.748
8.480  5.000  5.057  5.723
8.490  5.000  4.982  5.665
8.500  5.000  5.046  5.550
8.510  5.000  5.010  5.416
8.520  5.000  5.046  5.330
8.530  5.000  5.061  5.282
8.540  5.000  5.070  5.265
8.550  5.000  5.102  5.157
8.560  5.000  5.085  5.003
8.570  5.000  5.015  4.925
8.580  5.000  4.948  4.818
8.590  5.000  4.959  4.732
8.600  5.000  4.931  4.691
8.610  5.000  5.051  4.607
8.620  5.000  4.942  4.500
8.630  5.000  4.969  4.413
8.640  5.000  4.886  4.338
8.650  5.000  4.951  4.391
8.660  5.000  4.960  4.544
8.670  5.000  5.008  4.618
8.680  5.000  5.131  4.515
8.690  5.000  4.908  4.423
8.700  5.000  4.937  4.456
8.710  5.000  4.965  4.337
8.720  5.000  5.013  4.151
8.730  5.000  4.838  4.100
8.740  5.000  4.964  4.050
8.750  5.000  5.016  3.950
8.760  5.000  4.995  3.872
8.770  5.000  4.979  3.877
8.780  5.000  4.967  3.870
8.790  5.000  5.038  3.802
8.800  5.000  4.908  3.754
8.810  5.000  5.036  3.698
8.820  5.000  4.977  3.649
8.830  5.000  4.968  3.595
8.840  5.000  4.966  3.542
8.850  5.000  5.034  3.497
8.860  5.000  5.043  3.436
8.870  5.000  4.970  3.434
8.880  5.000  5.014  3.420
8.890  5.000  5.044  3.360
8.900  5.000  4.990  3.305
8.910  5.000  5.006  3.208
8.920  5.000  5.036  3.091
8.930  5.000  5.014  3.049
8.940  5.000  4.991  3.040
8.950  5.000  4.960  3.029
8.960  5.000  4.967  3.092
8.970  5.000  4.942  3.168
8.980  5.000  4.959  3.130
8.990  5.000  5.040  3.045
9.000  5.000  5.010  3.033
9.010  5.000  5.054  3.037
9.020  5.000  5.135  3.040
9.030  5.000  4.941  3.076
9.040  5.000  5.077  3.021
9.050  5.000  5.006  2.907
9.060  5.000  5.017  2.806
9.070  5.000  5.078  2.681
9.080  5.000  5.049  2.622
9.090  5.000  4.948  2.665
9.100  5.000  4.973  2.683
9.110  5.000  5.053  2.596
9.120  5.000  5.080  2.492
9.130  5.000  4.954  2.435
9.140  5.000  5.057  2.354
9.150  5.000  5.006  2.216
9.160  5.000  4.923  2.148
9.170  5.000  5.034  2.131
9.180  8.000  5.028  2.003
9.190  11.001  5.208  2.395
9.200  14.000  5.636  4.232
9.210  17.000  7.838  7.337
9.220  20.000  10.331  11.245
9.230  23.000  12.378  15.780
9.240  26.000  14.703  21.179
9.250  29.000  17.563  27.581
9.260  32.000  20.005  34.224
9.270  35.000  22.847  40.732
9.280  35.000  24.414  47.019
9.290  35.000  26.195  52.939
9.300  35.000  27.915  58.499
9.310  35.000  28.499  64.463
9.320  35.000  29.853  70.377
9.330  35.000  30.949  75.777
9.340  35.000  31.312  81.280
9.350  35.000  32.553  86.932
9.360  35.000  33.114  92.755
9.370  35.000  33.886  98.187
9.380  35.000  34.287  103.818
9.390  35.000  35.436  109.650
9.400  35.000  35.620  115.405
9.410  35.000  36.039  121.123
9.420  35.000  36.617  126.229
9.430  35.000  36.612  131.509
9.440  35.000  37.189  136.760
9.450  35.000  35.727  141.601
9.460  35.000  35.911  145.860
9.470  35.000  35.233  149.684
9.480  35.000  34.678  153.284
9.490  35.000  34.111  156.944
9.500  35.000  34.523  160.953
9.510  35.000  34.680  164.849
9.520  35.000  34.932  168.855
9.530  35.000  35.068  173.120
9.540  35.000  35.565  177.375
9.550  35.000  35.442  181.461
9.560  35.000  35.562  185.672
9.570  35.000  35.684  189.735
9.580  35.000  35.734  193.754
9.590  35.000  35.582  197.739
9.600  35.000  35.858  201.477
9.610  35.000  36.301  204.973
9.620  35.000  36.526  208.356
9.630  35.000  36.314  212.014
9.640  35.000  35.511  215.816
9.650  35.000  35.988  219.217
9.660  35.000  35.158  222.183
9.670  35.000  35.392  224.959
9.680  35.000  34.762  227.823
9.690  35.000  35.104  230.807
9.700  35.000  34.596  233.633
9.710  35.000  34.957  236.495
9.720  35.000  35.088  239.453
9.730  35.000  35.229  242.260
9.740  35.000  35.396  244.951
9.750  35.000  35.661  247.575
9.760  35.000  35.011  250.221
9.770  35.000  36.004  252.753
9.780  35.000  35.166  255.127
9.790  35.000  34.886  257.500
9.800  35.000  35.246  259.727
9.810  35.000  35.362  261.779
9.820  35.000  35.352  263.804
9.830  35.000  35.588  265.765
9.840  35.000  35.573  267.521
9.850  35.000  35.997  269.388
9.860  35.000  35.995  271.523
9.870  35.000  36.396  273.325
9.880  35.000  35.612  274.779
9.890  35.000  35.179  276.146
9.900  35.000  35.829  277.392
9.910  35.000  34.272  278.644
9.920  35.000  34.993  279.778
9.930  35.000  34.635  280.921
9.940  35.000  35.178  282.155
9.950  35.000  35.077  283.377
9.960  35.000  35.128  284.640
9.970  35.000  35.413  285.756
9.980  35.000  35.613  286.730
9.990  35.000  34.825  287.718
10.000  35.000  34.870  288.818
10.010  35.000  35.352  289.723
10.020  35.000  35.038  290.463
10.030  35.000  35.151  291.332
10.040  35.000  35.588  292.115
10.050  35.000  34.820  292.775
10.060  35.000  35.198  293.272
10.070  35.000  34.987  293.742
10.080  35.000  35.016  294.246
10.090  35.000  35.177  294.669
10.100  35.000  35.570  294.993
10.110  35.000  34.818  295.428
10.120  35.000  35.053  295.714
10.130  35.000  34.876  295.894
10.140  35.000  35.137  296.162
10.150  35.000  35.014  296.430
10.160  35.000  35.200  296.689
10.170  35.000  34.923  296.951
10.180  5.000  35.280  297.129
10.190  5.000  34.401  294.979
10.200  5.000  28.870  286.527
10.210  5.000  22.387  277.789
10.220  5.000  20.633  271.631
10.230  5.000  17.837  265.001
10.240  5.000  16.770  259.357
10.250  5.000  15.487  253.815
10.260  5.000  14.872  248.369
10.270  5.000  14.254  243.175
10.280  5.000  13.656  238.171
10.290  5.000  13.279  233.288
10.300  5.000  12.988  228.421
10.310  5.000  12.678  223.553
10.320  5.000  12.309  218.807
10.330  5.000  12.084  214.142
10.340  5.000  11.723  209.549
10.350  5.000  11.583  205.036
10.360  5.000  11.334  200.556
10.370  5.000  11.227  196.087
10.380  5.000  10.966  191.675
10.390  5.000  10.739  187.408
10.400  5.000  10.582  183.134
10.410  5.000  10.335  178.853
10.420  5.000  10.130  174.677
10.430  5.000  9.874  170.557
10.440  5.000  9.691  166.512
10.450  5.000  9.554  162.542
10.460  5.000  9.363  158.649
10.470  5.000  9.234  154.818
10.480  5.000  9.030  151.013
10.490  5.000  8.984  147.213
10.500  5.000  8.811  143.429
10.510  5.000  8.663  139.671
10.520  5.000  8.410  136.008
10.530  5.000  8.313  132.393
10.540  5.000  8.157  128.776
10.550  5.000  7.992  125.254
10.560  5.000  7.799  121.837
10.570  5.000  7.691  118.497
10.580  5.000  7.553  115.132
10.590  5.000  7.436  111.831
10.600  5.000  7.282  108.579
10.610  5.000  7.197  105.309
10.620  5.000  7.003  102.130
10.630  5.000  6.885  98.996
10.640  5.000  6.721  95.896
10.650  5.000  6.674  92.842
10.660  5.000  6.524  89.810
10.670  5.000  6.370  86.894
10.680  5.000  6.184  84.056
10.690  5.000  6.110  81.213
10.700  5.000  6.031  78.410
10.710  5.000  5.911  75.670
10.720  5.000  5.843  72.934
10.730  5.000  5.689  70.242
10.740  5.000  5.519  67.629
10.750  5.000  5.418  65.037
10.760  5.000  5.367  62.495
10.770  5.000  5.272  59.995
10.780  5.000  5.152  57.514
10.790  5.000  5.052  55.108
10.800  5.000  4.993  52.773
10.810  5.000  4.861  50.444
10.820  5.000  4.767  48.136
10.830  5.000  4.650  45.873
10.840  5.000  4.574  43.696
10.850  5.000  4.544  41.602
10.860  5.000  4.499  39.563
10.870  5.000  4.436  37.732
10.880  5.000  4.558  36.143
10.890  5.000  4.670  34.675
10.900  5.000  4.813  33.237
10.910  5.000  4.971  31.809
10.920  5.000  5.019  30.386
10.930  5.000  5.002  28.993
10.940  5.000  4.947  27.629
10.950  5.000  4.949  26.272
10.960  5.000  4.891  25.016
10.970  5.000  4.955  23.790
10.980  5.000  4.904  22.572
10.990  5.000  4.818  21.436
11.000  5.000  4.862  20.361
11.010  5.000  4.859  19.362
11.020  5.000  4.789  18.464
11.030  5.000  4.940  17.647
11.040  5.000  4.933  16.833
11.050  5.000  4.965  16.019
11.060  5.000  4.923  15.277
11.070  5.000  4.878  14.624
11.080  5.000  4.916  13.995
11.090  5.000  4.962  13.402
11.100  5.000  4.890  12.859
11.110  5.000  4.937  12.268
11.120  5.000  4.937  11.699
11.130  5.000  4.928  11.188
11.140  5.000  4.906  10.718
11.150  5.000  4.929  10.352
11.160  5.000  5.004  10.038
11.170  5.000  4.997  9.716
11.180  5.000  4.960  9.420
11.190  5.000  5.011  9.157
11.200  5.000  4.968  8.904
11.210  5.000  4.987  8.742
11.220  5.000  4.963  8.595
11.230  5.000  4.951  8.455
11.240  5.000  5.001  8.367
11.250  5.000  5.008  8.345
11.260  5.000  5.042  8.271
11.270  5.000  5.093  8.051
11.280  5.000  4.955  7.868
11.290  5.000  4.977  7.774
11.300  5.000  5.075  7.691
11.310  5.000  5.000  7.574
11.320  5.000  4.985  7.463
11.330  5.000  5.012  7.330
11.340  5.000  5.092  7.211
11.350  5.000  5.086  7.097
11.360  5.000  5.011  7.060
11.370  5.000  5.050  7.033
11.380  5.000  5.016  6.890
11.390  5.000  5.109  6.714
11.400  5.000  4.999  6.635
11.410  5.000  5.058  6.654
11.420  5.000  5.014  6.606
11.430  5.000  5.085  6.541
11.440  5.000  4.986  6.507
11.450  5.000  5.011  6.493
11.460  5.000  5.053  6.514
11.470  5.000  5.039  6.505
11.480  5.000  4.999  6.484
11.490  5.000  4.974  6.412
11.500  5.000  5.045  6.315
11.510  5.000  5.064  6.213
11.520  5.000  5.039  6.098
11.530  5.000  5.002  6.026
11.540  5.000  4.949  5.992
11.550  5.000  5.047  5.923
11.560  5.000  5.023  5.858
11.570  5.000  4.996  5.812
11.580  5.000  4.993  5.677
11.590  5.000  5.012  5.562
11.600  5.000  4.942  5.446
11.610  5.000  5.017  5.284
11.620  5.000  5.019  5.120
11.630  5.000  4.997  4.974
11.640  5.000  4.998  4.846
11.650  5.000  5.038  4.705
11.660  5.000  5.071  4.570
11.670  5.000  4.952  4.520
11.680  5.000  5.007  4.502
11.690  5.000  5.023  4.414
11.700  5.000  5.006  4.333
11.710  5.000  5.022  4.287
11.720  5.000  5.048  4.188
11.730  5.000  5.043  4.048
11.740  5.000  4.959  3.926
11.750  5.000  5.035  3.796
11.760  5.000  4.946  3.671
11.770  5.000  4.978  3.599
11.780  5.000  5.017  3.450
11.790  5.000  5.015  3.301
11.800  5.000  5.031  3.184
11.810  5.000  5.008  3.039
11.820  5.000  5.014  2.874
11.830  5.000  4.988  2.657
11.840  5.000  5.017  2.571
11.850  5.000  5.084  2.490
11.860  5.000  5.012  2.308
11.870  5.000  4.985  2.149
11.880  5.000  4.926  1.958
11.890  5.000  5.043  1.822
11.900  5.000  4.896  1.840
11.910  5.000  4.983  1.856
11.920  5.000  4.999  1.786
11.930  5.000  4.960  1.713
11.940  5.000  5.019  1.666
11.950  5.000  4.963  1.642
11.960  5.000  4.987  1.635
11.970  5.000  5.087  1.592
11.980  5.000  4.999  1.560
11.990  5.000  5.101  1.515
12.000  5.000  5.004  1.538
12.010  5.000  5.058  1.598
12.020  5.000  5.002  1.538
12.030  5.000  4.998  1.482
12.040  5.000  5.007  1.484
12.050  5.000  5.067  1.420
12.060  5.000  4.988  1.305
12.070  5.000  5.033  1.263
12.080  5.000  5.006  1.239
12.090  5.000  5.083  1.165
12.100  5.000  5.077  1.097
12.110  5.000  5.032  1.032
12.120  5.000  5.025  0.963
12.130  5.000  4.939  0.948
12.140  5.000  5.017  0.883
12.150  5.000  5.027  0.788
12.160  5.000  5.040  0.746
12.170  5.000  5.105  0.668
12.180  5.000  4.960  0.640
12.190  8.000  4.986  0.654
12.200  11.000  5.160  1.107
12.210  14.000  5.522  2.922
12.220  17.000  7.881  5.968
12.230  20.000  10.315  9.748
12.240  23.000  12.588  14.030
12.250  26.000  14.987  18.977
12.260  29.000  18.000  25.040
12.270  32.000  19.955  32.956
12.280  35.000  23.099  40.353
12.290  35.000  24.734  46.330
12.300  35.000  26.073  52.571
12.310  35.000  27.602  58.442
12.320  35.000  28.868  64.066
12.330  35.000  29.604  69.821
12.340  35.000  30.847  75.670
12.350  35.000  31.578  81.415
12.360  35.000  31.954  87.202
12.370  35.000  33.201  93.083
12.380  35.000  33.606  98.907
12.390  35.000  34.609  104.794
12.400  35.000  35.095  110.551
12.410  35.000  35.883  115.972
12.420  35.000  35.912  121.332
12.430  35.000  36.405  126.491
12.440  35.000  36.774  131.708
12.450  35.000  36.881  137.092
12.460  35.000  36.338  141.772
12.470  35.000  35.608  145.916
12.480  35.000  35.296  150.029
12.490  35.000  34.556  154.140
12.500  35.000  34.743  158.069
12.510  35.000  34.219  162.033
12.520  35.000  34.726  166.289
12.530  35.000  34.736  170.488
12.540  35.000  35.380  174.670
12.550  35.000  35.372  178.932
12.560  35.000  35.400  183.107
12.570  35.000  35.667  187.276
12.580  35.000  35.918  191.213
12.590  35.000  35.548  195.055
12.600  35.000  36.030  198.782
12.610  35.000  36.211  202.198
12.620  35.000  35.796  205.688
12.630  35.000  35.954  209.485
12.640  35.000  36.371  213.134
12.650  35.000  35.531  216.473
12.660  35.000  36.152  219.819
12.670  35.000  35.152  222.833
12.680  35.000  35.231  225.633
12.690  35.000  34.705  228.524
12.700  35.000  35.185  231.303
12.710  35.000  34.907  233.942
12.720  35.000  35.569  236.725
12.730  35.000  34.406  239.509
12.740  35.000  35.330  242.186
12.750  35.000  34.949  244.914
12.760  35.000  35.306  247.479
12.770  35.000  35.637  250.059
12.780  35.000  35.354  252.660
12.790  35.000  35.640  255.050
12.800  35.000  35.278  257.490
12.810  35.000  35.079  259.725
12.820  35.000  35.630  261.827
12.830  35.000  35.132  263.893
12.840  35.000  35.264  265.778
12.850  35.000  35.176  267.800
12.860  35.000  35.388  269.990
12.870  35.000  35.899  272.004
12.880  35.000  35.755  273.776
12.890  35.000  36.100  275.733
12.900  35.000  35.735  277.752
12.910  35.000  35.781  279.290
12.920  35.000  35.539  280.547
12.930  35.000  35.159  281.826
12.940  35.000  35.041  283.086
12.950  35.000  35.145  284.023
12.960  35.000  35.084  285.087
12.970  35.000  34.955  286.244
12.980  35.000  34.963  287.208
12.990  35.000  35.146  288.195
13.000  35.000  35.245  288.981
13.010  35.000  35.309  289.720
13.020  35.000  34.491  290.472
13.030  35.000  35.641  291.165
13.040  35.000  35.271  291.957
13.050  35.000  34.776  292.773
13.060  35.000  35.149  293.299
13.070  35.000  35.080  293.631
13.080  35.000  35.088  294.288
13.090  35.000  34.955  294.981
13.100  35.000  35.156  295.382
13.110  35.000  34.895  295.910
13.120  35.000  35.044  296.537
13.130  35.000  35.508  297.076
13.140  35.000  35.104  297.564
13.150  35.000  34.956  297.929
13.160  35.000  35.276  298.235
13.170  35.000  34.987  298.488
13.180  35.000  35.224  298.718
13.190  5.000  34.846  299.042
13.200  5.000  34.488  297.082
13.210  5.000  29.234  288.624
13.220  5.000  22.321  279.788
13.230  5.000  20.527  273.853
13.240  5.000  17.854  267.301
13.250  5.000  16.765  261.503
13.260  5.000  15.506  256.085
13.270  5.000  14.874  250.814
13.280  5.000  14.229  245.747
13.290  5.000  13.703  240.708
13.300  5.000  13.417  235.744
13.310  5.000  12.963  230.829
13.320  5.000  12.765  225.951
13.330  5.000  12.462  221.158
13.340  5.000  12.124  216.449
13.350  5.000  11.807  211.873
13.360  5.000  11.573  207.385
13.370  5.000  11.326  202.910
13.380  5.000  11.123  198.420
13.390  5.000  10.983  194.037
13.400  5.000  10.816  189.714
13.410  5.000  10.533  185.451
13.420  5.000  10.352  181.255
13.430  5.000  10.095  177.058
13.440  5.000  9.845  172.987
13.450  5.000  9.693  169.032
13.460  5.000  9.509  165.168
13.470  5.000  9.340  161.307
13.480  5.000  9.240  157.428
13.490  5.000  9.089  153.558
13.500  5.000  8.903  149.753
13.510  5.000  8.767  146.034
13.520  5.000  8.645  142.363
13.530  5.000  8.461  138.718
13.540  5.000  8.376  135.084
13.550  5.000  8.208  131.472
13.560  5.000  8.071  127.907
13.570  5.000  7.848  124.392
13.580  5.000  7.748  120.998
13.590  5.000  7.505  117.731
13.600  5.000  7.474  114.468
13.610  5.000  7.336  111.181
13.620  5.000  7.194  107.918
13.630  5.000  7.019  104.706
13.640  5.000  6.924  101.596
13.650  5.000  6.840  98.494
13.660  5.000  6.741  95.403
13.670  5.000  6.584  92.410
13.680  5.000  6.433  89.441
13.690  5.000  6.294  86.544
13.700  5.000  6.165  83.709
13.710  5.000  6.036  80.935
13.720  5.000  5.932  78.229
13.730  5.000  5.815  75.588
13.740  5.000  5.656  72.971
13.750  5.000  5.667  70.351
13.760  5.000  5.473  67.754
13.770  5.000  5.446  65.203
13.780  5.000  5.299  62.719
13.790  5.000  5.183  60.297
13.800  5.000  5.129  57.891
13.810  5.000  4.968  55.521
13.820  5.000  4.895  53.191
13.830  5.000  4.875  50.892
13.840  5.000  4.761  48.657
13.850  5.000  4.658  46.471
13.860  5.000  4.526  44.366
13.870  5.000  4.466  42.356
13.880  5.000  4.461  40.474
13.890  5.000  4.532  38.762
13.900  5.000  4.651  37.178
13.910  5.000  4.703  35.749
13.920  5.000  4.873  34.394
13.930  5.000  5.065  33.013
13.940  5.000  5.051  31.612
13.950  5.000  5.041  30.234
13.960  5.000  5.018  28.883
13.970  5.000  4.853  27.582
13.980  5.000  4.860  26.376
13.990  5.000  4.818  25.203
14.000  5.000  4.809  24.087
14.010  5.000  4.845  23.045
14.020  5.000  4.949  22.051
14.030  5.000  4.923  21.070
14.040  5.000  4.958  20.134
14.050  5.000  4.884  19.270
14.060  5.000  4.857  18.488
14.070  5.000  4.842  17.772
14.080  5.000  4.891  17.036
14.090  5.000  4.970  16.310
14.100  5.000  4.924  15.625
14.110  5.000  4.857  15.051
14.120  5.000  4.887  14.615
14.130  5.000  4.925  14.223
14.140  5.000  5.034  13.788
14.150  5.000  5.005  13.311
14.160  5.000  5.005  12.848
14.170  5.000  4.891  12.465
14.180  5.000  4.938  12.134
14.190  5.000  5.039  11.839
14.200  5.000  4.971  11.579
14.210  5.000  5.065  11.329
14.220  5.000  4.997  11.100
14.230  5.000  4.980  10.941
14.240  5.000  4.928  10.872
14.250  5.000  4.936  10.760
14.260  5.000  5.027  10.619
14.270  5.000  5.025  10.528
14.280  5.000  4.938  10.469
14.290  5.000  5.056  10.366
14.300  5.000  4.985  10.265
14.310  5.000  5.060  10.183
14.320  5.000  5.034  10.067
14.330  5.000  5.112  9.914
14.340  5.000  4.957  9.736
14.350  5.000  5.042  9.626
14.360  5.000  4.950  9.529
14.370  5.000  5.021  9.411
14.380  5.000  5.037  9.430
14.390  5.000  5.014  9.523
14.400  5.000  5.026  9.482
14.410  5.000  5.040  9.360
14.420  5.000  5.024  9.250
14.430  5.000  5.022  9.181
14.440  5.000  5.053  9.081
14.450  5.000  5.096  8.985
14.460  5.000  4.996  8.951
14.470  5.000  4.986  8.891
14.480  5.000  5.022  8.748
14.490  5.000  5.056  8.576
14.500  5.000  5.031  8.476
14.510  5.000  5.022  8.474
14.520  5.000  4.982  8.460
14.530  5.000  5.042  8.302
14.540  5.000  4.996  8.237
14.550  5.000  4.944  8.230
14.560  5.000  5.035  8.158
14.570  5.000  5.050  8.158
14.580  5.000  4.980  8.107
14.590  5.000  5.031  7.963
14.600  5.000  5.099  7.835
14.610  5.000  5.057  7.739
14.620  5.000  5.070  7.623
14.630  5.000  4.869  7.550
14.640  5.000  4.994  7.533
14.650  5.000  5.110  7.363
14.660  5.000  5.004  7.232
14.670  5.000  5.004  7.232
14.680  5.000  5.023  7.153
14.690  5.000  4.987  7.125
14.700  5.000  4.966  7.115
14.710  5.000  4.957  7.129
14.720  5.000  4.951  7.136
14.730  5.000  5.060  7.062
14.740  5.000  5.031  7.010
14.750  5.000  4.993  7.025
14.760  5.000  4.981  7.029
14.770  5.000  5.065  6.970
14.780  5.000  4.992  6.965
14.790  5.000  4.976  7.022
14.800  5.000  5.037  7.062
14.810  5.000  4.993  7.074
14.820  5.000  4.964  7.065
14.830  5.000  4.944  7.039
14.840  5.000  5.028  6.931
14.850  5.000  4.977  6.781
14.860  5.000  4.991  6.677
14.870  5.000  5.003  6.592
14.880  5.000  5.034  6.541
14.890  5.000  5.007  6.497
14.900  5.000  4.984  6.455
14.910  5.000  4.969  6.471
14.920  5.000  5.091  6.492
14.930  5.000  4.973  6.473
14.940  5.000  4.980  6.564
14.950  5.000  5.002  6.660
14.960  5.000  5.051  6.681
14.970  5.000  5.116  6.652
14.980  5.000  5.038  6.572
14.990  5.000  5.060  6.542
15.000  5.000  5.016  6.500
15.010  5.000  5.051  6.412
15.020  5.000  5.041  6.357
15.030  5.000  4.995  6.317
15.040  5.000  5.054  6.265
15.050  5.000  5.056  6.211
15.060  5.000  5.002  6.213
15.070  5.000  5.040  6.228
15.080  5.000  5.012  6.203
15.090  5.000  5.019  6.178
15.100  5.000  5.075  6.078
15.110  5.000  5.046  5.976
15.120  5.000  5.145  5.900
15.130  5.000  4.970  5.764
15.140  5.000  4.983  5.628
15.150  5.000  4.958  5.537
15.160  5.000  4.997  5.526
15.170  5.000  5.016  5.465
15.180  5.000  5.035  5.320
15.190  5.000  5.116  5.160
15.200  8.000  4.967  5.096
15.210  11.000  5.078  5.579
15.220  14.000  5.490  7.417
15.230  17.000  7.923  10.432
15.240  20.000  10.265  14.061
15.250  23.000  12.269  18.597
15.260  26.000  15.057  23.690
15.270  29.000  17.938  29.450
15.280  32.000  20.079  35.942
15.290  35.000  22.795  42.257
15.300  35.000  24.401  48.664
15.310  35.000  26.425  55.056
15.320  35.000  27.550  60.589
15.330  35.000  28.632  66.163
15.340  35.000  29.884  72.084
15.350  35.000  30.293  77.761
15.360  35.000  31.803  83.262
15.370  35.000  32.818  88.546
15.380  35.000  32.734  94.226
15.390  35.000  34.180  99.844
15.400  35.000  34.995  104.908
15.410  35.000  35.161  110.164
15.420  35.000  35.584  115.733
15.430  35.000  36.413  121.141
15.440  35.000  36.100  126.677
15.450  35.000  36.594  132.021
15.460  35.000  37.561  136.845
15.470  35.000  36.380  141.548
15.480  35.000  35.763  145.685
15.490  35.000  35.057  149.492
15.500  35.000  34.825  153.293
15.510  35.000  33.809  157.055
15.520  35.000  34.873  160.743
15.530  35.000  34.060  164.744
15.540  35.000  34.888  168.742
15.550  35.000  35.164  172.676
15.560  35.000  35.413  176.881
15.570  35.000  36.120  180.948
15.580  35.000  35.603  184.993
15.590  35.000  35.459  188.904
15.600  35.000  35.890  192.522
15.610  35.000  35.696  196.137
15.620  35.000  35.955  199.730
15.630  35.000  35.507  203.191
15.640  35.000  36.726  206.607
15.650  35.000  35.906  210.134
15.660  35.000  35.828  213.643
15.670  35.000  35.801  216.977
15.680  35.000  35.219  220.012
15.690  35.000  35.542  222.680
15.700  35.000  34.805  225.287
15.710  35.000  35.403  227.845
15.720  35.000  34.505  230.441
15.730  35.000  35.272  233.039
15.740  35.000  35.002  235.581
15.750  35.000  35.054  238.223
15.760  35.000  35.109  240.816
15.770  35.000  35.804  243.237
15.780  35.000  35.217  245.596
15.790  35.000  35.183  247.912
15.800  35.000  35.304  250.216
15.810  35.000  35.482  252.438
15.820  35.000  35.118  254.444
15.830  35.000  35.444  256.336
15.840  35.000  35.218  258.332
15.850  35.000  35.277  260.526
15.860  35.000  35.603  262.598
15.870  35.000  35.268  264.720
15.880  35.000  35.859  266.862
15.890  35.000  35.796  268.761
15.900  35.000  35.842  270.557
15.910  35.000  36.160  272.242
15.920  35.000  35.573  273.857
15.930  35.000  35.449  275.344
15.940  35.000  35.016  276.576
15.950  35.000  35.216  277.536
15.960  35.000  34.831  278.606
15.970  35.000  34.853  279.852
15.980  35.000  35.158  280.917
15.990  35.000  34.897  281.767
16.000  35.000  35.459  282.630
16.010  35.000  35.213  283.627
16.020  35.000  35.039  284.657
16.030  35.000  35.315  285.583
16.040  35.000  35.244  286.338
16.050  35.000  34.997  287.109
16.060  35.000  34.971  287.939
16.070  35.000  35.178  288.595
16.080  35.000  35.363  289.092
16.090  35.000  34.842  289.515
16.100  35.000  35.379  289.957
16.110  35.000  34.864  290.422
16.120  35.000  35.034  290.729
16.130  35.000  35.167  290.887
16.140  35.000  35.074  291.128
16.150  35.000  35.037  291.493
16.160  35.000  34.823  291.864
16.170  35.000  35.499  292.074
16.180  35.000  34.623  292.373
16.190  35.000  35.157  292.580
16.200  5.000  34.986  292.677
16.210  5.000  34.486  290.722
16.220  5.000  28.776  282.422
16.230  5.000  22.346  273.740
16.240  5.000  20.506  267.785
16.250  5.000  17.684  261.144
16.260  5.000  16.712  255.252
16.270  5.000  15.519  249.798
16.280  5.000  14.820  244.397
16.290  5.000  14.212  239.185
16.300  5.000  13.665  234.181
16.310  5.000  13.326  229.204
16.320  5.000  12.929  224.261
16.330  5.000  12.624  219.463
16.340  5.000  12.391  214.700
16.350  5.000  12.117  209.964
16.360  5.000  11.806  205.346
16.370  5.000  11.609  200.883
16.380  5.000  11.361  196.415
16.390  5.000  11.268  191.933
16.400  5.000  10.989  187.531
16.410  5.000  10.659  183.253
16.420  5.000  10.534  179.054
16.430  5.000  10.265  174.778
16.440  5.000  10.144  170.497
16.450  5.000  9.888  166.375
16.460  5.000  9.768  162.361
16.470  5.000  9.636  158.377
16.480  5.000  9.449  154.389
16.490  5.000  9.325  150.396
16.500  5.000  9.124  146.468
16.510  5.000  9.001  142.651
16.520  5.000  8.791  138.946
16.530  5.000  8.605  135.301
16.540  5.000  8.436  131.639
16.550  5.000  8.277  128.005
16.560  5.000  8.169  124.412
16.570  5.000  7.966  120.898
16.580  5.000  7.916  117.445
16.590  5.000  7.682  113.983
16.600  5.000  7.631  110.574
16.610  5.000  7.494  107.178
16.620  5.000  7.302  103.816
16.630  5.000  7.166  100.573
16.640  5.000  7.011  97.404
16.650  5.000  6.942  94.233
16.660  5.000  6.767  91.095
16.670  5.000  6.622  88.046
16.680  5.000  6.508  85.107
16.690  5.000  6.386  82.227
16.700  5.000  6.301  79.292
16.710  5.000  6.173  76.388
16.720  5.000  6.037  73.563
16.730  5.000  5.935  70.790
16.740  5.000  5.816  68.061
16.750  5.000  5.706  65.365
16.760  5.000  5.642  62.708
16.770  5.000  5.512  60.112
16.780  5.000  5.357  57.576
16.790  5.000  5.324  55.092
16.800  5.000  5.235  52.619
16.810  5.000  5.186  50.141
16.820  5.000  5.061  47.753
16.830  5.000  4.918  45.420
16.840  5.000  4.807  43.125
16.850  5.000  4.753  40.871
16.860  5.000  4.635  38.638
16.870  5.000  4.577  36.481
16.880  5.000  4.474  34.467
16.890  5.000  4.471  32.604
16.900  5.000  4.447  30.900
16.910  5.000  4.650  29.350
16.920  5.000  4.820  27.884
16.930  5.000  5.002  26.395
16.940  5.000  5.003  24.882
16.950  5.000  4.964  23.418
16.960  5.000  4.979  22.001
16.970  5.000  4.787  20.667
16.980  5.000  4.829  19.418
16.990  5.000  4.862  18.216
17.000  5.000  4.939  17.035
17.010  5.000  4.936  15.883
17.020  5.000  4.977  14.720
17.030  5.000  4.878  13.597
17.040  5.000  4.854  12.581
17.050  5.000  4.843  11.654
17.060  5.000  4.879  10.786
17.070  5.000  4.948  9.928
17.080  5.000  4.860  9.152
17.090  5.000  4.923  8.490
17.100  5.000  4.910  7.849
17.110  5.000  4.919  7.257
17.120  5.000  4.942  6.716
17.130  5.000  4.932  6.271
17.140  5.000  4.971  5.804
17.150  5.000  4.928  5.271
17.160  5.000  4.931  4.881
17.170  5.000  4.942  4.618
17.180  5.000  4.979  4.362
17.190  5.000  4.928  4.049
17.200  5.000  5.087  3.749
17.210  5.000  5.023  3.454
17.220  5.000  5.025  3.098
17.230  5.000  4.953  2.782
17.240  5.000  4.949  2.619
17.250  5.000  5.047  2.437
17.260  5.000  4.995  2.207
17.270  5.000  4.993  2.012
17.280  5.000  4.973  1.832
17.290  5.000  4.982  1.689
17.300  5.000  5.062  1.544
17.310  5.000  4.961  1.399
17.320  5.000  4.936  1.261
17.330  5.000  5.093  1.090
17.340  5.000  5.000  0.911
17.350  5.000  5.037  0.770
17.360  5.000  4.907  0.679
17.370  5.000  4.962  0.673
17.380  5.000  4.988  0.639
17.390  5.000  5.067  0.482
17.400  5.000  5.032  0.336
17.410  5.000  4.928  0.285
17.420  5.000  5.041  0.249
17.430  5.000  5.147  0.189
17.440  5.000  5.121  0.200
17.450  5.000  5.093  0.232
17.460  5.000  5.010  0.244
17.470  5.000  5.045  0.206
17.480  5.000  5.198  0.051
17.490  5.000  5.134  -0.071
17.500  5.000  5.094  -0.159
17.510  5.000  5.106  -0.277
17.520  5.000  5.100  -0.425
17.530  5.000  5.038  -0.583
17.540  5.000  5.079  -0.763
17.550  5.000  5.125  -0.912
17.560  5.000  4.991  -1.012
17.570  5.000  5.054  -1.158
17.580  5.000  4.957  -1.291
17.590  5.000  5.038  -1.463
17.600  5.000  5.107  -1.684
17.610  5.000  5.115  -1.877
17.620  5.000  4.912  -1.952
17.630  5.000  5.014  -1.999
17.640  5.000  4.945  -2.097
17.650  5.000  5.065  -2.257
17.660  5.000  4.954  -2.426
17.670  5.000  4.876  -2.619
17.680  5.000  4.964  -2.787
17.690  5.000  4.971  -2.821
17.700  5.000  4.981  -2.876
17.710  5.000  5.001  -3.033
17.720  5.000  4.952  -3.196
17.730  5.000  5.051  -3.282
17.740  5.000  4.954  -3.388
17.750  5.000  4.974  -3.510
17.760  5.000  4.929  -3.617
17.770  5.000  4.960  -3.719
17.780  5.000  5.033  -3.853
17.790  5.000  5.090  -4.112
17.800  5.000  4.959  -4.366
17.810  5.000  4.943  -4.494
17.820  5.000  4.947  -4.571
17.830  5.000  5.041  -4.725
17.840  5.000  4.939  -4.945
17.850  5.000  5.029  -5.062
17.860  5.000  5.009  -5.104
17.870  5.000  4.918  -5.110
17.880  5.000  4.970  -5.145
17.890  5.000  4.990  -5.201
17.900  5.000  4.996  -5.299
17.910  5.000  4.971  -5.421
17.920  5.000  5.071  -5.567
17.930  5.000  5.013  -5.702
17.940  5.000  4.968  -5.717
17.950  5.000  5.014  -5.742
17.960  5.000  4.993  -5.774
17.970  5.000  5.067  -5.884
17.980  5.000  5.019  -6.058
17.990  5.000  4.981  -6.158
18.000  5.000  4.905  -6.141
18.010  5.000  4.950  -6.160
18.020  5.000  5.009  -6.279
18.030  5.000  5.046  -6.321
18.040  5.000  4.991  -6.315
18.050  5.000  5.006  -6.285
18.060  5.000  4.965  -6.253
18.070  5.000  4.962  -6.223
18.080  5.000  5.026  -6.201
18.090  5.000  4.940  -6.189
18.100  5.000  5.083  -6.242
18.110  5.000  4.962  -6.293
18.120  5.000  5.028  -6.236
18.130  5.000  4.989  -6.166
18.140  5.000  5.052  -6.101
18.150  5.000  5.110  -6.041
18.160  5.000  5.045  -6.064
18.170  5.000  5.082  -6.119
18.180  5.000  5.042  -6.146
18.190  5.000  5.080  -6.174
18.200  5.000  4.983  -6.174
18.210  8.000  5.010  -6.122
18.220  11.000  5.219  -5.636
18.230  14.001  5.662  -3.845
18.240  17.000  7.950  -0.904
18.250  19.999  10.590  2.573
18.260  23.000  12.191  7.078
18.270  25.999  14.837  12.449
18.280  28.999  17.814  18.757
18.290  31.999  20.303  25.482
18.300  35.000  22.862  31.458
18.310  35.000  24.608  37.381
18.320  35.000  26.118  43.579
18.330  35.000  27.453  49.751
18.340  35.000  29.271  55.144
18.350  35.000  29.882  60.143
18.360  35.000  30.321  66.200
18.370  35.000  31.683  72.249
18.380  35.000  32.293  77.957
18.390  35.000  32.695  84.143
18.400  35.000  33.960  89.990
18.410  35.000  34.507  95.605
18.420  35.000  35.330  101.285
18.430  35.000  35.727  106.930
18.440  35.000  36.167  112.593
18.450  35.000  36.282  118.137
18.460  35.000  36.777  123.354
18.470  35.000  37.136  128.250
18.480  35.000  36.573  132.744
18.490  35.000  35.544  136.763
18.500  35.000  35.431  140.699
18.510  35.000  34.371  144.516
18.520  35.000  34.689  148.226
18.530  35.000  34.400  151.775
18.540  35.000  33.989  155.704
18.550  35.000  34.908  159.648
18.560  35.000  34.586  163.565
18.570  35.000  35.691  167.735
18.580  35.000  35.471  171.946
18.590  35.000  35.362  176.310
18.600  35.000  35.874  180.345
18.610  35.000  36.082  184.137
18.620  35.000  35.981  187.907
18.630  35.000  35.944  191.718
18.640  35.000  36.028  195.547
18.650  35.000  36.304  199.313
18.660  35.000  36.180  202.832
18.670  35.000  35.838  206.141
18.680  35.000  35.463  209.482
18.690  35.000  35.397  212.609
18.700  35.000  35.070  215.279
18.710  35.000  35.113  218.011
18.720  35.000  34.828  220.940
18.730  35.000  35.134  223.718
18.740  35.000  35.217  226.387
18.750  35.000  35.019  228.955
18.760  35.000  35.535  231.539
18.770  35.000  35.266  234.032
18.780  35.000  35.322  236.403
18.790  35.000  34.971  238.922
18.800  35.000  35.363  241.243
18.810  35.000  35.214  243.377
18.820  35.000  35.583  245.585
18.830  35.000  35.181  247.746
18.840  35.000  35.589  249.671
18.850  35.000  35.060  251.495
18.860  35.000  35.293  253.582
18.870  35.000  35.071  255.612
18.880  35.000  35.564  257.656
18.890  35.000  35.454  259.730
18.900  35.000  35.946  261.794
18.910  35.000  35.723  263.946
18.920  35.000  36.085  266.019
18.930  35.000  36.005  267.842
18.940  35.000  35.607  269.321
18.950  35.000  35.311  270.659
18.960  35.000  34.880  271.755
18.970  35.000  34.981  272.651
18.980  35.000  35.085  273.652
18.990  35.000  35.090  274.655
19.000  35.000  34.826  275.675
19.010  35.000  35.075  276.741
19.020  35.000  35.109  277.652
19.030  35.000  35.483  278.379
19.040  35.000  35.334  279.143
19.050  35.000  34.883  279.934
19.060  35.000  35.106  280.477
19.070  35.000  35.088  281.088
19.080  35.000  34.971  281.866
19.090  35.000  35.068  282.592
19.100  35.000  35.554  283.204
19.110  35.000  34.767  283.784
19.120  35.000  34.969  284.299
19.130  35.000  34.767  284.667
19.140  35.000  35.009  285.164
19.150  35.000  35.148  285.779
19.160  35.000  35.482  286.305
19.170  35.000  35.053  286.820
19.180  35.000  35.074  287.284
19.190  35.000  34.908  287.581
19.200  35.000  35.264  287.701
19.210  5.000  35.250  287.913
19.220  5.000  34.478  285.713
19.230  5.000  28.606  277.183
19.240  5.000  22.123  268.610
19.250  5.000  20.548  262.750
19.260  5.000  17.752  256.303
19.270  5.000  16.682  250.534
19.280  5.000  15.429  245.132
19.290  5.000  14.864  239.870
19.300  5.000  14.166  234.790
19.310  5.000  13.618  229.863
19.320  5.000  13.286  224.968
19.330  5.000  12.998  220.078
19.340  5.000  12.720  215.252
19.350  5.000  12.340  210.544
19.360  5.000  12.132  205.875
19.370  5.000  11.888  201.229
19.380  5.000  11.491  196.715
19.390  5.000  11.318  192.316
19.400  5.000  11.123  187.971
19.410  5.000  10.927  183.593
19.420  5.000  10.758  179.269
19.430  5.000  10.497  175.039
19.440  5.000  10.256  170.821
19.450  5.000  10.072  166.701
19.460  5.000  9.938  162.674
19.470  5.000  9.754  158.685
19.480  5.000  9.576  154.778
19.490  5.000  9.371  150.944
19.500  5.000  9.182  147.143
19.510  5.000  9.027  143.365
19.520  5.000  8.869  139.672
19.530  5.000  8.742  136.023
19.540  5.000  8.627  132.380
19.550  5.000  8.410  128.766
19.560  5.000  8.308  125.182
19.570  5.000  8.180  121.707
19.580  5.000  7.975  118.311
19.590  5.000  7.802  114.984
19.600  5.000  7.726  111.730
19.610  5.000  7.579  108.428
19.620  5.000  7.407  105.171
19.630  5.000  7.288  101.998
19.640  5.000  7.180  98.821
19.650  5.000  6.981  95.689
19.660  5.000  6.918  92.615
19.670  5.000  6.775  89.559
19.680  5.000  6.682  86.520
19.690  5.000  6.479  83.609
19.700  5.000  6.384  80.753
19.710  5.000  6.293  77.905
19.720  5.000  6.104  75.098
19.730  5.000  6.004  72.327
19.740  5.000  5.900  69.621
19.750  5.000  5.851  66.950
19.760  5.000  5.746  64.330
19.770  5.000  5.603  61.734
19.780  5.000  5.530  59.169
19.790  5.000  5.375  56.693
19.800  5.000  5.289  54.273
19.810  5.000  5.245  51.826
19.820  5.000  5.131  49.390
19.830  5.000  5.043  47.028
19.840  5.000  4.884  44.708
19.850  5.000  4.828  42.433
19.860  5.000  4.665  40.237
19.870  5.000  4.641  38.117
19.880  5.000  4.597  36.008
19.890  5.000  4.485  33.949
19.900  5.000  4.465  32.106
19.910  5.000  4.556  30.480
19.920  5.000  4.673  28.940
19.930  5.000  4.748  27.451
19.940  5.000  4.893  26.042
19.950  5.000  4.891  24.675
19.960  5.000  4.965  23.360
19.970  5.000  5.013  22.072
19.980  5.000  4.962  20.748
19.990  5.000  4.928  19.441
20.000  5.000  4.915  18.203
20.010  5.000  4.863  17.028
20.020  5.000  4.871  15.928
20.030  5.000  4.852  14.929
20.040  5.000  4.951  13.963
20.050  5.000  4.945  13.055
20.060  5.000  4.865  12.238
20.070  5.000  4.935  11.422
20.080  5.000  4.899  10.642
20.090  5.000  4.811  9.903
20.100  5.000  4.901  9.175
20.110  5.000  4.957  8.561
20.120  5.000  4.933  8.005
20.130  5.000  4.919  7.457
20.140  5.000  4.939  6.975
20.150  5.000  4.966  6.487
20.160  5.000  4.963  6.045
20.170  5.000  4.922  5.644
20.180  5.000  4.919  5.252
20.190  5.000  4.844  4.962
20.200  5.000  4.961  4.715
20.210  5.000  4.928  4.501
20.220  5.000  4.994  4.338
20.230  5.000  4.970  4.207
20.240  5.000  5.039  4.034
20.250  5.000  4.931  3.894
20.260  5.000  4.912  3.905
20.270  5.000  5.010  3.897
20.280  5.000  5.105  3.793
20.290  5.000  5.046  3.663
20.300  5.000  5.065  3.533
20.310  5.000  4.906  3.549
20.320  5.000  5.093  3.554
20.330  5.000  5.084  3.438
20.340  5.000  5.027  3.373
20.350  5.000  5.060  3.324
20.360  5.000  5.116  3.243
20.370  5.000  5.066  3.225
20.380  5.000  5.041  3.197
20.390  5.000  5.027  3.127
20.400  5.000  4.996  3.179
20.410  5.000  5.019  3.245
20.420  5.000  5.103  3.202
20.430  5.000  5.121  3.121
20.440  5.000  5.018  3.150
20.450  5.000  5.070  3.215
20.460  5.000  5.053  3.158
20.470  5.000  5.042  2.967
20.480  5.000  5.058  2.707
20.490  5.000  5.111  2.463
20.500  5.000  5.097  2.244
20.510  5.000  5.075  2.007
20.520  5.000  5.008  1.884
20.530  5.000  5.067  1.763
20.540  5.000  4.938  1.536
20.550  5.000  5.036  1.373
20.560  5.000  5.144  1.154
20.570  5.000  4.983  0.932
20.580  5.000  4.984  0.863
20.590  5.000  5.006  0.833
20.600  5.000  4.960  0.767
20.610  5.000  4.966  0.673
20.620  5.000  4.890  0.621
20.630  5.000  4.926  0.598
20.640  5.000  5.005  0.495
20.650  5.000  4.999  0.385
20.660  5.000  4.997  0.302
20.670  5.000  4.997  0.210
20.680  5.000  4.986  0.144
20.690  5.000  5.009  0.076
20.700  5.000  4.977  -0.021
20.710  5.000  4.946  -0.134
20.720  5.000  4.954  -0.256
20.730  5.000  4.968  -0.372
20.740  5.000  4.926  -0.517
20.750  5.000  4.903  -0.595
20.760  5.000  4.998  -0.666
20.770  5.000  4.976  -0.784
20.780  5.000  5.032  -0.875
20.790  5.000  5.013  -0.956
20.800  5.000  5.009  -0.970
20.810  5.000  4.964  -1.019
20.820  5.000  4.986  -1.165
20.830  5.000  5.048  -1.301
20.840  5.000  5.017  -1.354
20.850  5.000  5.039  -1.356
20.860  5.000  5.015  -1.371
20.870  5.000  5.109  -1.374
20.880  5.000  4.967  -1.379
20.890  5.000  5.014  -1.405
20.900  5.000  5.057  -1.483
20.910  5.000  5.007  -1.549
20.920  5.000  5.054  -1.580
20.930  5.000  5.040  -1.708
20.940  5.000  5.053  -1.791
20.950  5.000  5.052  -1.824
20.960  5.000  4.996  -1.892
20.970  5.000  5.059  -1.947
20.980  5.000  4.946  -1.965
20.990  5.000  5.020  -1.935
21.000  5.000  5.013  -1.938
21.010  5.000  5.144  -1.986
21.020  5.000  5.055  -2.030
21.030  5.000  4.930  -1.987
21.040  5.000  4.957  -1.932
21.050  5.000  4.992  -1.931
21.060  5.000  5.012  -1.910
21.070  5.000  4.996  -1.873
21.080  5.000  4.975  -1.884
21.090  5.000  5.005  -1.969
21.100  5.000  5.088  -2.091
21.110  5.000  4.947  -2.081
21.120  5.000  5.033  -2.035
21.130  5.000  4.972  -2.024
21.140  5.000  5.043  -1.982
21.150  5.000  5.038  -2.102
21.160  5.000  5.013  -2.320
21.170  5.000  5.063  -2.457
21.180  5.000  4.944  -2.517
21.190  5.000  4.917  -2.544
21.200  5.000  5.007  -2.578
21.210  5.000  4.958  -2.614
21.220  8.000  4.983  -2.653
21.230  11.000  5.189  -2.179
21.240  14.000  5.800  -0.365
21.250  17.000  7.919  2.589
21.260  20.000  10.336  6.225
21.270  23.000  12.405  10.627
21.280  26.000  14.753  15.856
21.290  29.000  17.845  21.744
21.300  32.000  20.224  27.681
21.310  34.999  22.939  33.415
21.320  35.000  24.613  39.260
21.330  35.000  26.235  44.992
21.340  35.000  27.588  50.691
21.350  35.000  28.713  56.623
21.360  35.000  29.755  62.528
21.370  35.000  30.506  68.519
21.380  35.000  31.708  74.478
21.390  35.000  32.617  79.880
21.400  35.000  33.163  85.030
21.410  35.000  34.244  90.280
21.420  35.000  34.618  95.656
21.430  35.000  35.539  100.924
21.440  35.000  35.539  106.413
21.450  35.000  36.182  111.726
21.460  35.000  36.474  116.958
21.470  35.000  36.560  122.539
21.480  35.000  37.150  127.565
21.490  35.000  36.250  131.937
21.500  35.000  35.704  136.054
21.510  35.000  35.295  140.041
21.520  35.000  34.531  143.938
21.530  35.000  34.530  147.740
21.540  35.000  33.934  151.599
21.550  35.000  34.751  155.582
21.560  35.000  34.498  159.706
21.570  35.000  35.205  164.054
21.580  35.000  35.468  168.140
21.590  35.000  35.726  172.230
21.600  35.000  35.908  176.255
21.610  35.000  35.801  179.777
21.620  35.000  36.208  183.375
21.630  35.000  35.369  187.399
21.640  35.000  36.134  190.981
21.650  35.000  36.257  194.274
21.660  35.000  35.982  197.886
21.670  35.000  35.938  201.367
21.680  35.000  35.834  204.779
21.690  35.000  35.462  207.927
21.700  35.000  35.112  210.735
21.710  35.000  35.013  213.642
21.720  35.000  35.275  216.603
21.730  35.000  34.646  219.438
21.740  35.000  35.262  222.063
21.750  35.000  34.939  224.798
21.760  35.000  35.398  227.580
21.770  35.000  35.256  230.289
21.780  35.000  35.406  232.964
21.790  35.000  35.262  235.569
21.800  35.000  35.189  238.302
21.810  35.000  35.285  240.827
21.820  35.000  35.292  243.176
21.830  35.000  35.332  245.491
21.840  35.000  35.338  247.725
21.850  35.000  35.276  249.962
21.860  35.000  35.241  252.127
21.870  35.000  34.831  254.205
21.880  35.000  35.794  256.089
21.890  35.000  35.921  257.901
21.900  35.000  35.889  259.709
21.910  35.000  35.792  261.494
21.920  35.000  36.109  263.290
21.930  35.000  35.902  265.002
21.940  35.000  35.491  266.533
21.950  35.000  35.309  267.670
21.960  35.000  35.043  268.667
21.970  35.000  34.815  269.811
21.980  35.000  34.821  270.884
21.990  35.000  35.392  271.797
22.000  35.000  34.960  272.816
22.010  35.000  35.143  273.724
22.020  35.000  35.249  274.638
22.030  35.000  35.058  275.748
22.040  35.000  35.173  276.655
22.050  35.000  35.163  277.529
22.060  35.000  35.231  278.396
22.070  35.000  35.069  279.228
22.080  35.000  35.172  279.941
22.090  35.000  35.259  280.466
22.100  35.000  34.857  281.054
22.110  35.000  35.003  281.703
22.120  35.000  35.166  282.168
22.130  35.000  35.003  282.560
22.140  35.000  34.768  282.991
22.150  35.000  35.230  283.371
22.160  35.000  35.345  283.801
22.170  35.000  34.819  284.227
22.180  35.000  34.870  284.653
22.190  35.000  35.210  285.133
22.200  35.000  35.279  285.424
22.210  35.000  35.168  285.619
22.220  5.000  34.950  286.058
22.230  5.000  34.325  283.976
22.240  5.000  29.169  275.466
22.250  5.000  22.460  266.825
22.260  5.000  20.528  260.889
22.270  5.000  17.754  254.431
22.280  5.000  16.874  248.667
22.290  5.000  15.558  243.184
22.300  5.000  14.893  237.823
22.310  5.000  14.152  232.700
22.320  5.000  13.620  227.687
22.330  5.000  13.234  222.696
22.340  5.000  12.924  217.781
22.350  5.000  12.589  213.047
22.360  5.000  12.397  208.395
22.370  5.000  12.044  203.713
22.380  5.000  11.882  199.100
22.390  5.000  11.532  194.556
22.400  5.000  11.281  190.121
22.410  5.000  11.139  185.778
22.420  5.000  10.929  181.402
22.430  5.000  10.764  177.094
22.440  5.000  10.518  172.931
22.450  5.000  10.409  168.669
22.460  5.000  10.261  164.429
22.470  5.000  9.943  160.325
22.480  5.000  9.819  156.225
22.490  5.000  9.628  152.175
22.500  5.000  9.473  148.213
22.510  5.000  9.291  144.327
22.520  5.000  9.120  140.517
22.530  5.000  8.941  136.793
22.540  5.000  8.769  133.114
22.550  5.000  8.648  129.504
22.560  5.000  8.447  125.929
22.570  5.000  8.323  122.395
22.580  5.000  8.114  118.919
22.590  5.000  7.966  115.463
22.600  5.000  7.833  112.085
22.610  5.000  7.703  108.731
22.620  5.000  7.598  105.426
22.630  5.000  7.495  102.178
22.640  5.000  7.290  99.018
22.650  5.000  7.134  95.934
22.660  5.000  7.104  92.796
22.670  5.000  6.885  89.677
22.680  5.000  6.767  86.640
22.690  5.000  6.667  83.610
22.700  5.000  6.489  80.647
22.710  5.000  6.429  77.801
22.720  5.000  6.277  74.996
22.730  5.000  6.138  72.210
22.740  5.000  6.043  69.430
22.750  5.000  5.936  66.656
22.760  5.000  5.805  63.962
22.770  5.000  5.691  61.333
22.780  5.000  5.584  58.708
22.790  5.000  5.467  56.152
22.800  5.000  5.377  53.662
22.810  5.000  5.295  51.173
22.820  5.000  5.197  48.693
22.830  5.000  5.089  46.299
22.840  5.000  4.967  43.992
22.850  5.000  4.866  41.732
22.860  5.000  4.806  39.507
22.870  5.000  4.676  37.349
22.880  5.000  4.614  35.244
22.890  5.000  4.548  33.161
22.900  5.000  4.525  31.187
22.910  5.000  4.423  29.386
22.920  5.000  4.562  27.766
22.930  5.000  4.716  26.279
22.940  5.000  4.840  24.888
22.950  5.000  4.968  23.550
22.960  5.000  4.959  22.211
22.970  5.000  5.041  20.827
22.980  5.000  5.008  19.441
22.990  5.000  4.938  18.071
23.000  5.000  4.886  16.783
23.010  5.000  4.811  15.588
23.020  5.000  4.856  14.378
23.030  5.000  4.858  13.154
23.040  5.000  4.864  12.028
23.050  5.000  4.886  11.010
23.060  5.000  4.923  10.026
23.070  5.000  4.831  9.150
23.080  5.000  4.867  8.344
23.090  5.000  4.996  7.562
23.100  5.000  4.905  6.861
23.110  5.000  4.935  6.245
23.120  5.000  4.895  5.680
23.130  5.000  4.931  5.176
23.140  5.000  4.920  4.674
23.150  5.000  4.964  4.140
23.160  5.000  4.908  3.715
23.170  5.000  4.884  3.330
23.180  5.000  4.868  2.962
23.190  5.000  4.983  2.671
23.200  5.000  5.028  2.417
23.210  5.000  4.963  2.181
23.220  5.000  4.996  1.915
23.230  5.000  4.893  1.744
23.240  5.000  5.030  1.642
23.250  5.000  5.046  1.538
23.260  5.000  4.982  1.422
23.270  5.000  5.002  1.266
23.280  5.000  4.922  1.137
23.290  5.000  5.003  1.014
23.300  5.000  4.987  0.938
23.310  5.000  4.992  0.882
23.320  5.000  4.952  0.860
23.330  5.000  5.013  0.831
23.340  5.000  5.043  0.775
23.350  5.000  4.984  0.749
23.360  5.000  5.045  0.628
23.370  5.000  5.032  0.558
23.380  5.000  5.074  0.621
23.390  5.000  4.964  0.746
23.400  5.000  5.016  0.858
23.410  5.000  4.963  0.901
23.420  5.000  5.053  0.920
23.430  5.000  5.059  0.909
23.440  5.000  5.065  0.859
23.450  5.000  5.093  0.813
23.460  5.000  5.083  0.744
23.470  5.000  5.127  0.733
23.480  5.000  5.092  0.823
23.490  5.000  5.050  0.829
23.500  5.000  5.098  0.742
23.510  5.000  5.089  0.681
23.520  5.000  5.055  0.688
23.530  5.000  5.122  0.620
23.540  5.000  5.070  0.448
23.550  5.000  5.004  0.362
23.560  5.000  5.052  0.260
23.570  5.000  5.023  0.084
23.580  5.000  5.049  -0.017
23.590  5.000  5.044  -0.045
23.600  5.000  5.058  -0.097
23.610  5.000  5.075  -0.145
23.620  5.000  4.999  -0.160
23.630  5.000  4.971  -0.234
23.640  5.000  5.096  -0.352
23.650  5.000  4.999  -0.469
23.660  5.000  4.987  -0.515
23.670  5.000  5.023  -0.507
23.680  5.000  5.002  -0.524
23.690  5.000  5.006  -0.554
23.700  5.000  4.986  -0.564
23.710  5.000  4.939  -0.534
23.720  5.000  5.022  -0.480
23.730  5.000  4.958  -0.389
23.740  5.000  4.991  -0.361
23.750  5.000  4.991  -0.408
23.760  5.000  5.028  -0.476
23.770  5.000  4.903  -0.536
23.780  5.000  5.025  -0.529
23.790  5.000  4.995  -0.510
23.800  5.000  4.959  -0.482
23.810  5.000  4.977  -0.490
23.820  5.000  5.012  -0.550
23.830  5.000  4.973  -0.649
23.840  5.000  4.955  -0.751
23.850  5.000  5.001  -0.786
23.860  5.000  5.070  -0.838
23.870  5.000  4.982  -0.939
23.880  5.000  4.915  -0.967
23.890  5.000  4.957  -1.047
23.900  5.000  5.028  -1.152
23.910  5.000  4.987  -1.193
23.920  5.000  5.022  -1.227
23.930  5.000  4.903  -1.264
23.940  5.000  5.026  -1.398
23.950  5.000  5.025  -1.515
23.960  5.000  4.983  -1.537
23.970  5.000  5.024  -1.565
23.980  5.000  5.043  -1.623
23.990  5.000  5.001  -1.610
24.000  5.000  5.037  -1.586
24.010  5.000  4.990  -1.622
24.020  5.000  4.891  -1.644
24.030  5.000  4.938  -1.712
24.040  5.000  5.015  -1.831
24.050  5.000  4.978  -1.935
24.060  5.000  5.043  -2.004
24.070  5.000  4.982  -2.012
24.080  5.000  5.059  -2.031
24.090  5.000  5.026  -2.124
24.100  5.000  5.009  -2.176
24.110  5.000  5.086  -2.232
24.120  5.000  4.976  -2.336
24.130  5.000  4.991  -2.375
24.140  5.000  4.990  -2.327
24.150  5.000  4.982  -2.307
24.160  5.000  5.013  -2.377
24.170  5.000  5.074  -2.438
24.180  5.000  4.994  -2.452
24.190  5.000  5.046  -2.457
24.200  5.000  5.037  -2.500
24.210  5.000  5.042  -2.567
24.220  5.000  5.077  -2.574
24.230  8.000  5.014  -2.563
24.240  11.000  5.162  -2.072
24.250  14.000  5.651  -0.251
24.260  17.000  7.993  2.919
24.270  19.999  10.444  6.791
24.280  22.999  12.470  11.263
24.290  25.999  14.624  16.464
24.300  28.999  17.989  22.558
24.310  31.999  19.946  29.227
24.320  34.999  23.264  35.282
24.330  35.000  24.519  41.121
24.340  35.000  26.180  46.910
24.350  35.000  27.633  52.282
24.360  35.000  28.740  58.164
24.370  35.000  29.491  64.016
24.380  35.000  30.899  69.529
24.390  35.000  31.077  75.252
24.400  35.000  32.512  80.932
24.410  35.000  33.354  86.334
24.420  35.000  33.929  91.729
24.430  35.000  34.724  97.201
24.440  35.000  34.837  102.769
24.450  35.000  35.622  108.787
24.460  35.000  36.025  114.665
24.470  35.000  36.644  119.910
24.480  35.000  36.747  124.988
24.490  35.000  37.405  129.912
24.500  35.000  36.088  134.571
24.510  35.000  36.117  138.747
24.520  35.000  34.966  142.567
24.530  35.000  35.056  146.206
24.540  35.000  34.206  149.860
24.550  35.000  33.781  153.856
24.560  35.000  34.366  158.014
24.570  35.000  34.895  162.334
24.580  35.000  35.402  166.864
24.590  35.000  35.430  171.263
24.600  35.000  35.664  175.595
24.610  35.000  35.278  179.844
24.620  35.000  35.690  183.837
24.630  35.000  35.713  187.853
24.640  35.000  35.923  191.536
24.650  35.000  35.978  195.107
24.660  35.000  36.346  198.803
24.670  35.000  36.088  202.427
24.680  35.000  36.581  205.749
24.690  35.000  35.236  209.038
24.700  35.000  36.410  212.315
24.710  35.000  35.099  215.268
24.720  35.000  35.067  218.091
24.730  35.000  35.091  220.731
24.740  35.000  34.994  223.314
24.750  35.000  34.698  225.910
24.760  35.000  35.418  228.395
24.770  35.000  34.784  231.096
24.780  35.000  35.015  233.969
24.790  35.000  35.492  236.652
24.800  35.000  35.092  239.236
24.810  35.000  35.243  241.818
24.820  35.000  35.607  244.240
24.830  35.000  35.428  246.353
24.840  35.000  35.158  248.593
24.850  35.000  35.151  251.091
24.860  35.000  35.360  253.299
24.870  35.000  34.911  255.328
24.880  35.000  35.874  257.366
24.890  35.000  35.306  259.321
24.900  35.000  35.808  261.277
24.910  35.000  35.380  263.334
24.920  35.000  35.810  265.356
24.930  35.000  36.084  267.256
24.940  35.000  36.344  269.264
24.950  35.000  35.454  271.208
24.960  35.000  35.594  272.773
24.970  35.000  35.024  273.989
24.980  35.000  35.144  274.975
24.990  35.000  34.897  275.852
25.000  35.000  34.830  276.787
25.010  35.000  34.978  277.812
25.020  35.000  34.971  278.816
25.030  35.000  35.441  279.671
25.040  35.000  34.987  280.637
25.050  35.000  35.591  281.589
25.060  35.000  34.735  282.356
25.070  35.000  35.511  283.035
25.080  35.000  35.006  283.719
25.090  35.000  35.094  284.517
25.100  35.000  34.837  285.226
25.110  35.000  35.110  285.812
25.120  35.000  34.753  286.328
25.130  35.000  35.064  286.830
25.140  35.000  35.345  287.461
25.150  35.000  34.934  288.089
25.160  35.000  35.048  288.565
25.170  35.000  35.204  289.069
25.180  35.000  34.821  289.557
25.190  35.000  35.396  289.879
25.200  35.000  35.016  290.138
25.210  35.000  35.476  290.395
25.220  35.000  34.925  290.657
25.230  5.000  34.933  290.772
25.240  5.000  34.758  288.609
25.250  5.000  28.940  280.178
25.260  5.000  22.388  271.435
25.270  5.000  20.712  265.428
25.280  5.000  17.716  258.899
25.290  5.000  16.670  253.283
25.300  5.000  15.560  247.926
25.310  5.000  14.842  242.732
25.320  5.000  14.218  237.661
25.330  5.000  13.783  232.624
25.340  5.000  13.258  227.732
25.350  5.000  13.046  222.883
25.360  5.000  12.687  218.121
25.370  5.000  12.301  213.451
25.380  5.000  12.107  208.851
25.390  5.000  11.834  204.285
25.400  5.000  11.612  199.742
25.410  5.000  11.410  195.287
25.420  5.000  11.176  190.915
25.430  5.000  10.966  186.599
25.440  5.000  10.729  182.354
25.450  5.000  10.562  178.139
25.460  5.000  10.416  173.919
25.470  5.000  10.194  169.783
25.480  5.000  9.970  165.718
25.490  5.000  9.765  161.711
25.500  5.000  9.589  157.781
25.510  5.000  9.407  153.963
25.520  5.000  9.233  150.196
25.530  5.000  9.111  146.383
25.540  5.000  8.945  142.595
25.550  5.000  8.748  138.905
25.560  5.000  8.638  135.226
25.570  5.000  8.431  131.584
25.580  5.000  8.281  128.087
25.590  5.000  8.212  124.665
25.600  5.000  8.076  121.278
25.610  5.000  7.881  117.938
25.620  5.000  7.738  114.582
25.630  5.000  7.561  111.327
25.640  5.000  7.421  108.147
25.650  5.000  7.349  104.919
25.660  5.000  7.201  101.745
25.670  5.000  7.085  98.632
25.680  5.000  6.908  95.537
25.690  5.000  6.784  92.522
25.700  5.000  6.561  89.587
25.710  5.000  6.492  86.711
25.720  5.000  6.477  83.816
25.730  5.000  6.290  80.912
25.740  5.000  6.143  78.162
25.750  5.000  6.054  75.513
25.760  5.000  5.957  72.865
25.770  5.000  5.859  70.204
25.780  5.000  5.716  67.596
25.790  5.000  5.608  65.068
25.800  5.000  5.521  62.517
25.810  5.000  5.452  59.962
25.820  5.000  5.311  57.525
25.830  5.000  5.228  55.158
25.840  5.000  5.096  52.821
25.850  5.000  5.050  50.519
25.860  5.000  4.871  48.258
25.870  5.000  4.833  46.033
25.880  5.000  4.716  43.838
25.890  5.000  4.677  41.675
25.900  5.000  4.581  39.557
25.910  5.000  4.468  37.538
25.920  5.000  4.511  35.640
25.930  5.000  4.545  33.953
25.940  5.000  4.623  32.459
25.950  5.000  4.799  31.044
25.960  5.000  4.895  29.627
25.970  5.000  4.966  28.246
25.980  5.000  4.945  26.925
25.990  5.000  4.980  25.572
26.000  5.000  5.014  24.260
26.010  5.000  4.901  23.089
26.020  5.000  4.819  21.953
26.030  5.000  4.918  20.794
26.040  5.000  4.858  19.676
26.050  5.000  4.916  18.610
26.060  5.000  4.909  17.547
26.070  5.000  4.929  16.487
26.080  5.000  4.933  15.517
26.090  5.000  4.886  14.630
26.100  5.000  4.928  13.763
26.110  5.000  4.916  12.901
26.120  5.000  4.813  12.118
26.130  5.000  4.899  11.428
26.140  5.000  4.825  10.854
26.150  5.000  4.932  10.363
26.160  5.000  4.911  9.898
26.170  5.000  4.943  9.476
26.180  5.000  4.927  9.091
26.190  5.000  4.926  8.800
26.200  5.000  5.083  8.495
26.210  5.000  4.947  8.240
26.220  5.000  4.976  8.054
26.230  5.000  5.006  7.836
26.240  5.000  5.034  7.574
26.250  5.000  4.932  7.297
26.260  5.000  4.995  7.060
26.270  5.000  5.026  6.808
26.280  5.000  4.974  6.539
26.290  5.000  5.011  6.297
26.300  5.000  5.037  6.088
26.310  5.000  5.003  5.906
26.320  5.000  4.922  5.830
26.330  5.000  4.994  5.774
26.340  5.000  4.914  5.759
26.350  5.000  4.884  5.776
26.360  5.000  5.041  5.703
26.370  5.000  5.104  5.602
26.380  5.000  5.018  5.588
26.390  5.000  5.044  5.619
26.400  5.000  5.027  5.603
26.410  5.000  5.164  5.501
26.420  5.000  5.026  5.413
26.430  5.000  5.028  5.359
26.440  5.000  5.064  5.307
26.450  5.000  4.987  5.344
26.460  5.000  4.939  5.398
26.470  5.000  5.114  5.371
26.480  5.000  5.048  5.207
26.490  5.000  5.106  5.076
26.500  5.000  5.081  5.016
26.510  5.000  5.040  4.962
26.520  5.000  5.003  4.911
26.530  5.000  5.041  4.837
26.540  5.000  5.077  4.758
26.550  5.000  5.079  4.705
26.560  5.000  5.050  4.709
26.570  5.000  5.038  4.638
26.580  5.000  5.132  4.460
26.590  5.000  5.061  4.306
26.600  5.000  5.073  4.196
26.610  5.000  5.013  4.145
26.620  5.000  5.044  4.130
26.630  5.000  5.074  4.109
26.640  5.000  5.062  4.005
