# covent_pc_2
# Captured 2020-06-18 04:16:50.881619 by unknown user
# Built at revision abe75e4 (dirty)
time(sec)  pc_setpoint  pressure  volume
0.000  10.000  10.273  45.997
0.010  10.000  10.141  40.972
0.020  10.000  10.081  35.511
0.030  10.000  9.904  30.437
0.040  10.000  9.971  25.838
0.050  10.000  9.819  20.702
0.060  10.000  9.837  15.624
0.070  10.000  9.767  10.988
0.080  10.000  9.755  6.421
0.090  10.000  9.621  1.680
0.100  10.000  9.628  -3.137
0.110  10.000  9.615  -7.772
0.120  10.000  9.498  -12.255
0.130  10.000  9.388  -16.646
0.140  10.000  9.517  -21.443
0.150  10.000  9.196  -26.049
0.160  10.000  9.219  -30.030
0.170  10.000  9.071  -34.875
0.180  10.000  9.057  -39.639
0.190  10.000  8.892  -43.524
0.200  10.000  8.704  -48.373
0.210  10.000  8.836  -53.185
0.220  10.000  9.024  -57.705
0.230  10.000  9.012  -62.357
0.240  10.000  8.790  -66.373
0.250  10.000  8.938  -69.994
0.260  10.000  8.632  -74.354
0.270  10.000  8.920  -79.793
0.280  10.000  8.888  -84.605
0.290  10.000  8.983  -88.332
0.300  10.000  9.147  -91.708
0.310  10.000  9.212  -95.454
0.320  10.000  9.035  -99.378
0.330  10.000  9.244  -103.291
0.340  10.000  9.136  -107.366
0.350  10.000  8.925  -111.334
0.360  10.000  8.984  -115.156
0.370  10.000  8.885  -119.672
0.380  10.000  9.015  -124.069
0.390  10.000  8.997  -127.893
0.400  10.000  8.895  -131.615
0.410  10.000  9.066  -134.940
0.420  10.000  9.127  -138.412
0.430  10.000  8.900  -141.960
0.440  10.000  9.013  -145.380
0.450  10.000  9.176  -148.735
0.460  10.000  9.153  -151.875
0.470  10.000  9.270  -154.965
0.480  10.000  9.225  -158.195
0.490  10.000  9.324  -161.367
0.500  10.000  9.321  -164.486
0.510  10.000  9.345  -167.575
0.520  10.000  9.446  -170.545
0.530  10.000  9.318  -173.360
0.540  10.000  9.420  -175.920
0.550  10.000  9.482  -178.517
0.560  10.000  9.485  -181.341
0.570  10.000  9.433  -184.168
0.580  10.000  9.389  -186.660
0.590  10.000  9.332  -189.079
0.600  10.000  9.390  -191.559
0.610  10.000  9.454  -193.976
0.620  10.000  9.339  -196.358
0.630  10.000  9.342  -198.718
0.640  10.000  9.310  -201.199
0.650  10.000  9.293  -203.634
0.660  10.000  9.138  -206.078
0.670  10.000  8.922  -208.763
0.680  10.000  8.849  -211.256
0.690  10.000  8.790  -213.360
0.700  10.000  8.820  -215.362
0.710  10.000  8.934  -217.409
0.720  10.000  8.992  -219.482
0.730  10.000  9.114  -221.280
0.740  10.000  9.253  -222.884
0.750  10.000  9.327  -224.737
0.760  10.000  9.390  -226.718
0.770  10.000  9.504  -228.379
0.780  10.000  9.597  -229.717
0.790  10.000  9.688  -231.007
0.800  10.000  9.736  -232.329
0.810  10.000  9.667  -233.573
0.820  10.000  9.738  -234.817
0.830  10.000  9.692  -236.128
0.840  10.000  9.737  -237.270
0.850  10.000  9.678  -238.144
0.860  10.000  9.759  -238.817
0.870  10.000  9.905  -239.337
0.880  10.000  9.886  -240.020
0.890  10.000  9.802  -240.826
0.900  10.000  9.787  -241.619
0.910  10.000  9.857  -242.381
0.920  10.000  10.020  -243.164
0.930  10.000  9.959  -244.141
0.940  10.000  9.792  -245.070
0.950  10.000  9.834  -245.746
0.960  10.000  9.785  -246.325
0.970  10.000  9.853  -247.033
0.980  10.000  9.792  -247.650
0.990  10.000  9.820  -247.885
1.000  10.000  9.855  -248.058
1.010  10.000  9.819  -248.317
1.020  10.000  9.948  -248.530
1.030  10.000  9.876  -248.820
1.040  10.000  9.811  -249.132
1.050  10.000  9.874  -249.348
1.060  10.000  9.767  -249.477
1.070  10.000  9.867  -249.556
1.080  10.000  9.804  -249.662
1.090  10.000  9.774  -249.869
1.100  10.000  9.834  -250.154
1.110  10.000  9.770  -250.271
1.120  10.000  9.814  -250.231
1.130  10.000  9.751  -250.238
1.140  10.000  9.610  -250.139
1.150  10.000  9.784  -250.095
1.160  10.000  9.709  -250.338
1.170  10.000  9.781  -250.542
1.180  10.000  9.687  -250.518
1.190  10.000  9.833  -250.643
1.200  10.000  9.749  -250.927
1.210  10.000  9.740  -250.956
1.220  10.000  9.620  -251.005
1.230  10.000  9.596  -251.363
1.240  10.000  9.702  -251.810
1.250  10.000  9.582  -252.130
1.260  10.000  9.488  -252.555
1.270  10.000  9.633  -253.044
1.280  10.000  9.744  -253.464
1.290  10.000  9.669  -253.626
1.300  10.000  9.549  -253.523
1.310  10.000  9.538  -253.534
1.320  10.000  9.561  -253.687
1.330  10.000  9.614  -253.759
1.340  10.000  9.539  -253.761
1.350  10.000  9.675  -253.719
1.360  10.000  9.365  -253.463
1.370  10.000  9.498  -252.919
1.380  10.000  9.552  -252.117
1.390  10.000  9.621  -251.380
1.400  10.000  9.465  -250.769
1.410  10.000  9.846  -250.244
1.420  10.000  9.484  -249.648
1.430  10.000  9.664  -248.757
1.440  10.000  9.585  -247.691
1.450  10.000  9.778  -246.512
1.460  10.000  9.709  -245.341
1.470  10.000  9.721  -244.163
1.480  10.000  9.674  -242.758
1.490  10.000  9.653  -241.209
1.500  10.000  9.799  -239.851
1.510  10.000  9.862  -238.694
1.520  10.000  9.888  -237.403
1.530  10.000  9.725  -235.887
1.540  10.000  9.780  -234.243
1.550  10.000  10.144  -232.704
1.560  10.000  10.006  -231.237
1.570  10.000  9.874  -229.600
1.580  10.000  9.988  -228.016
1.590  10.000  10.157  -226.773
1.600  10.000  10.151  -225.625
1.610  10.000  10.066  -224.250
1.620  10.000  10.108  -222.847
1.630  10.000  10.082  -221.477
1.640  10.000  10.218  -219.932
1.650  10.000  9.970  -218.286
1.660  10.000  10.141  -216.698
1.670  10.000  9.994  -215.212
1.680  10.000  10.213  -213.846
1.690  10.000  9.997  -212.616
1.700  10.000  10.064  -211.245
1.710  10.000  9.809  -209.518
1.720  10.000  10.097  -207.863
1.730  10.000  10.103  -206.545
1.740  10.000  10.165  -205.499
1.750  10.000  10.050  -204.450
1.760  10.000  10.228  -203.383
1.770  10.000  10.026  -202.334
1.780  10.000  10.299  -201.303
1.790  10.000  10.051  -200.280
1.800  10.000  10.319  -199.229
1.810  10.000  10.005  -198.348
1.820  10.000  10.216  -197.483
1.830  10.000  10.030  -196.567
1.840  10.000  10.130  -195.478
1.850  10.000  10.060  -194.301
1.860  10.000  10.225  -193.301
1.870  10.000  9.975  -192.360
1.880  10.000  10.269  -191.399
1.890  10.000  10.101  -190.586
1.900  10.000  10.266  -190.041
1.910  10.000  10.100  -189.541
1.920  10.000  9.999  -188.907
1.930  10.000  10.047  -188.153
1.940  10.000  10.032  -187.300
1.950  10.000  10.236  -186.512
1.960  10.000  10.122  -185.778
1.970  10.000  10.079  -185.086
1.980  10.000  10.162  -184.653
1.990  10.000  9.899  -184.194
2.000  10.000  10.197  -183.541
2.010  10.000  10.018  -182.903
2.020  10.000  10.045  -182.288
2.030  10.000  9.952  -181.694
2.040  10.000  9.936  -181.095
2.050  10.000  10.115  -180.559
2.060  10.000  9.917  -180.144
2.070  10.000  10.048  -179.765
2.080  10.000  10.032  -179.348
2.090  10.000  10.028  -178.867
2.100  10.000  9.990  -178.334
2.110  10.000  9.908  -177.684
2.120  10.000  9.934  -177.009
2.130  10.000  9.784  -176.378
2.140  10.000  9.899  -175.744
2.150  10.000  9.978  -175.256
2.160  10.000  9.994  -174.928
2.170  10.000  9.818  -174.559
2.180  10.000  9.867  -173.997
2.190  10.000  9.902  -173.284
2.200  10.000  9.938  -172.402
2.210  10.000  9.943  -171.471
2.220  10.000  9.887  -170.618
2.230  10.000  9.810  -169.625
2.240  10.000  9.825  -168.654
2.250  10.000  9.948  -167.835
2.260  10.000  9.873  -167.007
2.270  10.000  9.915  -166.145
2.280  10.000  9.782  -165.177
2.290  10.000  9.930  -164.176
2.300  10.000  9.878  -163.253
2.310  10.000  10.007  -162.499
2.320  10.000  9.803  -161.804
2.330  10.000  10.008  -160.905
2.340  10.000  9.939  -159.791
2.350  10.000  10.001  -158.579
2.360  10.000  9.950  -157.396
2.370  10.000  10.105  -156.296
2.380  10.000  9.954  -155.265
2.390  10.000  9.966  -154.248
2.400  10.000  9.974  -153.231
2.410  10.000  10.089  -152.249
2.420  10.000  10.015  -151.112
2.430  10.000  10.110  -149.956
2.440  10.000  9.857  -148.921
2.450  10.000  10.034  -147.999
2.460  10.000  9.995  -147.186
2.470  10.000  10.011  -146.152
2.480  10.000  9.966  -144.924
2.490  10.000  10.109  -143.779
2.500  10.000  9.804  -142.636
2.510  10.000  10.155  -141.384
2.520  10.000  9.775  -140.104
2.530  10.000  9.930  -138.786
2.540  10.000  9.991  -137.568
2.550  10.000  10.113  -136.570
2.560  10.000  10.096  -135.551
2.570  10.000  9.947  -134.377
2.580  10.000  10.172  -133.069
2.590  10.000  9.984  -131.672
2.600  10.000  10.193  -130.480
2.610  10.000  9.829  -129.486
2.620  10.000  10.075  -128.560
2.630  10.000  10.239  -127.737
2.640  10.000  10.021  -126.872
2.650  10.000  10.204  -126.032
2.660  10.000  10.146  -125.318
2.670  10.000  10.225  -124.658
2.680  10.000  9.951  -124.027
2.690  10.000  10.232  -123.354
2.700  10.000  10.022  -122.671
2.710  10.000  9.887  -122.039
2.720  10.000  10.137  -121.493
2.730  10.000  10.037  -120.891
2.740  10.000  10.067  -120.014
2.750  10.000  9.997  -119.155
2.760  10.000  10.143  -118.619
2.770  10.000  10.183  -118.172
2.780  10.000  9.979  -117.550
2.790  10.000  10.230  -116.827
2.800  10.000  10.008  -116.132
2.810  10.000  10.038  -115.469
2.820  10.000  10.049  -114.880
2.830  10.000  10.028  -114.411
2.840  10.000  9.985  -113.965
2.850  10.000  9.898  -113.393
2.860  10.000  10.162  -112.849
2.870  10.000  9.965  -112.276
2.880  10.000  10.222  -111.612
2.890  10.000  9.986  -110.958
2.900  10.000  10.062  -110.304
2.910  10.000  9.872  -109.787
2.920  10.000  9.796  -109.443
2.930  10.000  9.971  -109.103
2.940  10.000  9.846  -108.577
2.950  10.000  9.901  -107.847
2.960  10.000  9.889  -107.100
2.970  10.000  9.881  -106.435
2.980  10.000  9.831  -105.713
2.990  10.000  9.917  -104.920
3.000  10.000  9.848  -104.213
3.010  10.000  10.009  -103.514
3.020  10.000  9.897  -102.875
3.030  10.000  9.835  -102.352
3.040  10.000  10.177  -101.694
3.050  10.000  9.968  -100.808
3.060  10.000  9.773  -99.959
3.070  10.000  9.898  -99.301
3.080  10.000  9.853  -98.472
3.090  10.000  9.865  -97.503
3.100  10.000  9.860  -96.540
3.110  10.000  9.815  -95.492
3.120  10.000  9.824  -94.424
3.130  10.000  9.908  -93.318
3.140  10.000  9.988  -92.151
3.150  10.000  10.225  -90.958
3.160  10.000  9.992  -89.839
3.170  10.000  10.154  -88.873
3.180  10.000  10.119  -87.974
3.190  10.000  9.996  -86.978
3.200  10.000  10.020  -85.892
3.210  10.000  9.869  -84.742
3.220  10.000  10.125  -83.632
3.230  10.000  9.938  -82.696
3.240  10.000  9.945  -81.866
3.250  10.000  10.168  -81.086
3.260  10.000  10.054  -80.125
3.270  10.000  10.154  -79.014
3.280  10.000  9.885  -77.977
3.290  10.000  9.946  -77.072
3.300  10.000  10.108  -76.233
3.310  10.000  9.965  -75.336
3.320  10.000  9.856  -74.382
3.330  10.000  10.114  -73.457
3.340  10.000  10.179  -72.598
3.350  10.000  10.074  -71.665
3.360  10.000  10.146  -70.632
3.370  10.000  9.928  -69.568
3.380  10.000  9.953  -68.372
3.390  10.000  9.834  -67.264
3.400  10.000  10.162  -66.355
3.410  10.000  9.980  -65.461
3.420  10.000  10.108  -64.564
3.430  10.000  10.117  -63.711
3.440  10.000  9.799  -62.734
3.450  10.000  10.068  -61.666
3.460  10.000  9.967  -60.666
3.470  10.000  9.963  -59.606
3.480  10.000  9.995  -58.589
3.490  10.000  9.903  -57.754
3.500  10.000  10.068  -56.971
3.510  10.000  9.874  -55.969
3.520  10.000  9.935  -54.732
3.530  10.000  9.944  -53.672
3.540  10.000  9.977  -52.813
3.550  10.000  9.928  -51.848
3.560  10.000  10.061  -50.787
3.570  10.000  10.074  -49.727
3.580  10.000  9.853  -48.627
3.590  10.000  9.969  -47.406
3.600  10.000  9.965  -46.339
3.610  10.000  10.064  -45.365
3.620  10.000  10.117  -44.407
3.630  10.000  10.106  -43.676
3.640  10.000  10.039  -43.052
3.650  10.000  10.115  -42.384
3.660  10.000  10.186  -41.702
3.670  10.000  9.950  -41.048
3.680  11.500  10.108  -40.782
3.690  13.000  10.179  -40.741
3.700  14.500  10.224  -40.008
3.710  16.000  10.718  -38.352
3.720  17.500  11.163  -36.123
3.730  19.000  12.206  -33.288
3.740  20.500  13.269  -29.693
3.750  22.000  16.075  -25.138
3.760  23.500  18.012  -19.661
3.770  25.000  18.816  -13.257
3.780  25.000  21.046  -6.069
3.790  25.000  23.543  1.486
3.800  25.000  24.491  9.627
3.810  25.000  24.724  17.655
3.820  25.000  24.224  25.384
3.830  25.000  25.041  33.414
3.840  25.000  25.383  41.183
3.850  25.000  24.222  49.187
3.860  25.000  25.219  57.187
3.870  25.000  25.346  65.236
3.880  25.000  24.985  73.717
3.890  25.000  25.113  82.118
3.900  25.000  25.767  89.942
3.910  25.000  25.074  97.486
3.920  25.000  25.014  105.085
3.930  25.000  25.053  112.157
3.940  25.000  25.048  119.371
3.950  25.000  24.694  127.183
3.960  25.000  25.771  134.729
3.970  25.000  24.812  141.785
3.980  25.000  24.669  149.293
3.990  25.000  25.507  156.920
4.000  25.000  25.664  164.068
4.010  25.000  24.570  171.229
4.020  25.000  25.799  178.362
4.030  25.000  24.896  185.692
4.040  25.000  24.917  193.410
4.050  25.000  25.745  200.848
4.060  25.000  25.654  207.777
4.070  25.000  25.528  214.427
4.080  25.000  25.125  221.508
4.090  25.000  25.505  228.539
4.100  25.000  25.705  235.265
4.110  25.000  25.058  241.736
4.120  25.000  24.553  248.423
4.130  25.000  24.736  255.547
4.140  25.000  25.434  262.638
4.150  25.000  25.321  269.593
4.160  25.000  25.193  275.875
4.170  25.000  25.388  282.241
4.180  25.000  25.346  288.995
4.190  25.000  25.098  295.174
4.200  25.000  25.323  301.049
4.210  25.000  25.333  307.315
4.220  25.000  25.619  313.360
4.230  25.000  25.051  319.301
4.240  25.000  25.362  325.336
4.250  25.000  25.525  331.239
4.260  25.000  25.485  337.004
4.270  25.000  25.553  342.642
4.280  25.000  25.791  348.224
4.290  25.000  26.108  353.579
4.300  25.000  25.626  358.868
4.310  25.000  24.954  364.176
4.320  25.000  24.820  369.479
4.330  25.000  24.969  374.858
4.340  25.000  25.024  380.524
4.350  25.000  25.330  386.236
4.360  25.000  25.450  391.561
4.370  25.000  25.554  396.498
4.380  25.000  24.989  401.554
4.390  25.000  25.290  406.720
4.400  25.000  25.603  411.691
4.410  25.000  25.077  416.574
4.420  25.000  25.510  421.343
4.430  25.000  25.339  426.291
4.440  25.000  25.075  431.465
4.450  25.000  25.118  436.685
4.460  25.000  25.859  441.746
4.470  25.000  25.744  446.283
4.480  25.000  25.678  450.558
4.490  25.000  25.165  455.027
4.500  25.000  25.415  459.491
4.510  25.000  25.181  463.817
4.520  25.000  25.571  467.947
4.530  25.000  25.532  471.848
4.540  25.000  25.167  475.860
4.550  25.000  24.815  479.867
4.560  25.000  25.100  483.894
4.570  25.000  25.286  488.060
4.580  25.000  24.868  492.329
4.590  25.000  25.190  496.895
4.600  25.000  24.986  501.317
4.610  25.000  25.203  505.217
4.620  25.000  25.099  508.997
4.630  25.000  25.553  512.870
4.640  25.000  24.746  517.021
4.650  25.000  24.881  521.046
4.660  25.000  25.160  524.568
4.670  25.000  25.296  528.055
4.680  10.000  25.684  531.514
4.690  10.000  24.257  534.698
4.700  10.000  21.632  536.908
4.710  10.000  19.143  537.190
4.720  10.000  18.266  535.228
4.730  10.000  16.676  531.262
4.740  10.000  16.390  526.423
4.750  10.000  15.968  521.465
4.760  10.000  14.915  516.390
4.770  10.000  13.994  511.235
4.780  10.000  13.818  505.084
4.790  10.000  13.561  498.775
4.800  10.000  12.930  493.425
4.810  10.000  12.442  487.311
4.820  10.000  12.193  480.335
4.830  10.000  11.795  474.101
4.840  10.000  11.696  467.591
4.850  10.000  11.671  460.837
4.860  10.000  11.150  455.120
4.870  10.000  11.274  449.005
4.880  10.000  11.332  443.071
4.890  10.000  11.040  436.998
4.900  10.000  10.854  430.497
4.910  10.000  10.828  425.028
4.920  10.000  10.804  419.073
4.930  10.000  10.565  412.155
4.940  10.000  10.530  405.925
4.950  10.000  10.306  400.457
4.960  10.000  10.219  395.104
4.970  10.000  10.226  389.143
4.980  10.000  10.115  383.069
4.990  10.000  10.109  377.578
5.000  10.000  9.970  371.952
5.010  10.000  9.805  366.254
5.020  10.000  9.497  359.838
5.030  10.000  9.623  353.640
5.040  10.000  9.578  348.167
5.050  10.000  9.532  342.559
5.060  10.000  9.561  336.570
5.070  10.000  9.430  330.838
5.080  10.000  9.539  324.823
5.090  10.000  9.415  318.526
5.100  10.000  9.557  313.172
5.110  10.000  9.388  308.028
5.120  10.000  9.432  302.848
5.130  10.000  9.428  297.524
5.140  10.000  9.308  292.272
5.150  10.000  9.283  287.370
5.160  10.000  9.130  282.722
5.170  10.000  9.021  277.788
5.180  10.000  8.932  271.800
5.190  10.000  9.115  266.074
5.200  10.000  8.993  261.245
5.210  10.000  8.970  256.553
5.220  10.000  8.996  252.035
5.230  10.000  9.013  246.535
5.240  10.000  9.036  240.124
5.250  10.000  8.854  234.630
5.260  10.000  9.057  229.279
5.270  10.000  9.178  223.924
5.280  10.000  9.189  219.236
5.290  10.000  9.321  214.735
5.300  10.000  9.343  210.384
5.310  10.000  9.128  205.282
5.320  10.000  9.269  200.005
5.330  10.000  9.117  195.383
5.340  10.000  9.224  190.902
5.350  10.000  9.080  186.526
5.360  10.000  9.047  182.436
5.370  10.000  9.094  178.347
5.380  10.000  9.183  174.021
5.390  10.000  9.089  169.416
5.400  10.000  9.184  165.017
5.410  10.000  9.132  160.836
5.420  10.000  9.163  156.361
5.430  10.000  9.001  151.906
5.440  10.000  9.058  147.616
5.450  10.000  9.062  143.455
5.460  10.000  8.987  139.348
5.470  10.000  9.034  135.144
5.480  10.000  9.157  131.073
5.490  10.000  9.214  127.066
5.500  10.000  9.235  123.173
5.510  10.000  9.244  119.446
5.520  10.000  9.279  115.702
5.530  10.000  9.297  112.064
5.540  10.000  9.277  108.503
5.550  10.000  9.452  105.113
5.560  10.000  9.470  101.545
5.570  10.000  9.334  97.655
5.580  10.000  9.374  93.899
5.590  10.000  9.451  90.472
5.600  10.000  9.385  87.343
5.610  10.000  9.346  84.264
5.620  10.000  9.385  81.086
5.630  10.000  9.227  78.030
5.640  10.000  9.370  75.104
5.650  10.000  9.298  71.964
5.660  10.000  9.203  68.779
5.670  10.000  9.104  65.637
5.680  10.000  9.237  62.591
5.690  10.000  9.161  59.579
5.700  10.000  9.040  56.218
5.710  10.000  9.035  52.811
5.720  10.000  9.050  49.737
5.730  10.000  8.940  46.871
5.740  10.000  8.861  44.136
5.750  10.000  9.012  41.558
5.760  10.000  9.255  39.019
5.770  10.000  9.312  36.647
5.780  10.000  9.307  34.461
5.790  10.000  9.365  32.189
5.800  10.000  9.635  29.890
5.810  10.000  9.727  27.666
5.820  10.000  9.605  25.461
5.830  10.000  9.679  23.479
5.840  10.000  9.736  21.659
5.850  10.000  9.834  19.936
5.860  10.000  9.754  18.272
5.870  10.000  9.750  16.623
5.880  10.000  9.804  15.009
5.890  10.000  9.851  13.203
5.900  10.000  9.752  11.334
5.910  10.000  9.729  9.820
5.920  10.000  9.886  8.605
5.930  10.000  9.929  7.282
5.940  10.000  9.704  5.780
5.950  10.000  9.717  4.297
5.960  10.000  9.819  2.829
5.970  10.000  9.770  1.315
5.980  10.000  9.874  -0.150
5.990  10.000  9.675  -1.451
6.000  10.000  9.781  -2.664
6.010  10.000  9.800  -4.021
6.020  10.000  9.943  -5.326
6.030  10.000  9.827  -6.498
6.040  10.000  9.820  -7.617
6.050  10.000  9.942  -8.705
6.060  10.000  9.779  -9.722
6.070  10.000  10.010  -10.580
6.080  10.000  9.759  -11.536
6.090  10.000  9.718  -12.624
6.100  10.000  9.726  -13.658
6.110  10.000  9.732  -14.579
6.120  10.000  9.827  -15.471
6.130  10.000  9.715  -16.243
6.140  10.000  9.674  -16.839
6.150  10.000  9.623  -17.535
6.160  10.000  9.734  -18.341
6.170  10.000  9.772  -19.368
6.180  10.000  9.745  -20.755
6.190  10.000  9.599  -21.986
6.200  10.000  9.601  -22.983
6.210  10.000  9.653  -24.112
6.220  10.000  9.642  -25.264
6.230  10.000  9.574  -26.308
6.240  10.000  9.658  -27.244
6.250  10.000  9.655  -28.138
6.260  10.000  9.583  -29.085
6.270  10.000  9.519  -29.976
6.280  10.000  9.483  -30.668
6.290  10.000  9.556  -31.313
6.300  10.000  9.570  -32.092
6.310  10.000  9.630  -32.949
6.320  10.000  9.669  -33.662
6.330  10.000  9.727  -34.275
6.340  10.000  9.570  -34.870
6.350  10.000  9.610  -35.394
6.360  10.000  9.539  -35.688
6.370  10.000  9.755  -35.926
6.380  10.000  9.725  -36.239
6.390  10.000  9.667  -36.401
6.400  10.000  9.631  -36.534
6.410  10.000  9.745  -36.544
6.420  10.000  9.711  -36.309
6.430  10.000  9.595  -35.970
6.440  10.000  9.559  -35.569
6.450  10.000  9.778  -35.187
6.460  10.000  9.757  -35.083
6.470  10.000  9.739  -34.949
6.480  10.000  10.013  -34.686
6.490  10.000  9.751  -34.367
6.500  10.000  9.769  -33.828
6.510  10.000  9.877  -33.411
6.520  10.000  9.911  -33.043
6.530  10.000  9.854  -32.411
6.540  10.000  9.896  -31.662
6.550  10.000  9.762  -30.957
6.560  10.000  9.804  -30.180
6.570  10.000  9.996  -29.380
6.580  10.000  10.020  -28.640
6.590  10.000  10.015  -27.879
6.600  10.000  9.942  -27.133
6.610  10.000  10.023  -26.331
6.620  10.000  10.083  -25.651
6.630  10.000  9.949  -25.135
6.640  10.000  10.207  -24.768
6.650  10.000  10.186  -24.461
6.660  10.000  9.881  -23.836
6.670  10.000  10.121  -23.233
6.680  10.000  10.089  -22.885
6.690  10.000  9.968  -22.567
6.700  10.000  10.241  -22.284
6.710  10.000  10.027  -21.835
6.720  10.000  10.126  -21.261
6.730  10.000  10.041  -20.808
6.740  10.000  10.046  -20.375
6.750  10.000  10.223  -19.966
6.760  10.000  10.183  -19.655
6.770  10.000  10.106  -19.350
6.780  10.000  10.015  -19.020
6.790  10.000  10.271  -18.784
6.800  10.000  9.942  -18.435
6.810  10.000  10.164  -17.910
6.820  10.000  10.319  -17.563
6.830  10.000  9.934  -17.101
6.840  10.000  10.039  -16.508
6.850  10.000  10.067  -16.211
6.860  10.000  10.228  -16.131
6.870  10.000  10.061  -16.086
6.880  10.000  10.262  -16.027
6.890  10.000  9.949  -15.851
6.900  10.000  10.228  -15.531
6.910  10.000  10.110  -15.349
6.920  10.000  10.170  -15.301
6.930  10.000  9.997  -15.157
6.940  10.000  10.220  -15.003
6.950  10.000  10.055  -14.974
6.960  10.000  10.326  -15.034
6.970  10.000  10.077  -15.264
6.980  10.000  10.014  -15.485
6.990  10.000  10.152  -15.655
7.000  10.000  10.066  -15.755
7.010  10.000  9.981  -15.677
7.020  10.000  9.861  -15.520
7.030  10.000  10.008  -15.443
7.040  10.000  9.985  -15.628
7.050  10.000  10.113  -15.943
7.060  10.000  9.909  -16.267
7.070  10.000  10.042  -16.679
7.080  10.000  9.912  -17.111
7.090  10.000  10.018  -17.702
7.100  10.000  9.909  -18.068
7.110  10.000  10.035  -18.069
7.120  10.000  9.914  -18.089
7.130  10.000  9.876  -18.224
7.140  10.000  9.965  -18.500
7.150  10.000  9.919  -18.733
7.160  10.000  9.824  -18.788
7.170  10.000  9.892  -18.668
7.180  10.000  9.933  -18.674
7.190  10.000  9.970  -18.747
7.200  10.000  9.994  -18.670
7.210  10.000  9.848  -18.499
7.220  10.000  9.881  -18.292
7.230  10.000  9.800  -17.980
7.240  10.000  9.972  -17.554
7.250  10.000  9.939  -17.295
7.260  10.000  9.764  -17.203
7.270  10.000  9.844  -17.070
7.280  10.000  9.801  -17.027
7.290  10.000  10.008  -17.011
7.300  10.000  9.734  -16.766
7.310  10.000  10.278  -16.409
7.320  10.000  9.788  -16.023
7.330  10.000  10.048  -15.699
7.340  10.000  9.938  -15.388
7.350  10.000  9.974  -15.080
7.360  10.000  10.063  -14.938
7.370  10.000  10.059  -14.811
7.380  10.000  10.032  -14.616
7.390  10.000  9.915  -14.437
7.400  10.000  9.973  -14.142
7.410  10.000  9.973  -13.646
7.420  10.000  9.896  -13.137
7.430  10.000  10.202  -12.688
7.440  10.000  10.006  -12.267
7.450  10.000  10.009  -11.851
7.460  10.000  10.181  -11.521
7.470  10.000  10.088  -11.364
7.480  10.000  10.158  -11.212
7.490  10.000  10.138  -11.112
7.500  10.000  10.087  -11.244
7.510  10.000  10.131  -11.530
7.520  10.000  10.089  -11.604
7.530  10.000  9.813  -11.262
7.540  10.000  9.929  -10.914
7.550  10.000  9.918  -10.806
7.560  10.000  10.049  -10.797
7.570  10.000  10.187  -10.759
7.580  10.000  10.029  -10.608
7.590  10.000  10.175  -10.394
7.600  10.000  10.055  -10.369
7.610  10.000  9.893  -10.561
7.620  10.000  10.059  -10.765
7.630  10.000  10.033  -10.786
7.640  10.000  10.189  -10.812
7.650  10.000  10.121  -10.848
7.660  10.000  9.999  -10.794
7.670  10.000  9.921  -10.849
7.680  10.000  10.223  -11.005
7.690  10.000  10.014  -11.087
7.700  10.000  10.165  -11.120
7.710  10.000  9.820  -11.126
7.720  10.000  9.932  -11.138
7.730  10.000  10.129  -11.294
7.740  10.000  9.941  -11.466
7.750  10.000  9.985  -11.540
7.760  10.000  9.683  -11.412
7.770  10.000  9.978  -11.332
7.780  10.000  9.895  -11.499
7.790  10.000  10.055  -11.756
7.800  10.000  9.929  -12.004
7.810  10.000  9.862  -12.221
7.820  10.000  10.037  -12.382
7.830  10.000  9.933  -12.392
7.840  10.000  9.850  -12.220
7.850  10.000  10.065  -11.918
7.860  10.000  10.080  -11.726
7.870  10.000  9.841  -11.712
7.880  10.000  10.056  -11.641
7.890  10.000  9.846  -11.362
7.900  10.000  10.096  -10.931
7.910  10.000  10.052  -10.712
7.920  10.000  9.913  -10.740
7.930  10.000  10.122  -10.713
7.940  10.000  10.063  -10.514
7.950  10.000  9.678  -9.984
7.960  10.000  9.666  -9.314
7.970  10.000  9.763  -8.719
7.980  10.000  9.967  -8.221
7.990  10.000  9.943  -7.849
8.000  10.000  10.088  -7.586
8.010  10.000  10.048  -7.416
8.020  10.000  10.044  -7.084
8.030  10.000  10.045  -6.676
8.040  10.000  9.949  -6.322
8.050  10.000  10.145  -5.915
8.060  10.000  9.903  -5.399
8.070  10.000  9.926  -4.684
8.080  10.000  10.086  -4.080
8.090  10.000  9.977  -3.812
8.100  10.000  9.874  -3.651
8.110  10.000  9.815  -3.390
8.120  10.000  10.080  -3.131
8.130  10.000  10.243  -3.083
8.140  10.000  10.165  -3.060
8.150  10.000  9.985  -2.819
8.160  10.000  9.972  -2.547
8.170  10.000  9.826  -2.304
8.180  10.000  10.122  -2.095
8.190  10.000  9.929  -1.814
8.200  10.000  10.136  -1.349
8.210  10.000  10.060  -1.078
8.220  10.000  10.029  -0.982
8.230  10.000  10.081  -0.997
8.240  10.000  10.051  -1.172
8.250  10.000  10.156  -1.233
8.260  10.000  9.992  -1.076
8.270  10.000  10.190  -1.012
8.280  10.000  10.428  -1.145
8.290  10.000  9.959  -1.266
8.300  10.000  10.200  -1.264
8.310  10.000  9.874  -1.213
8.320  10.000  10.015  -1.263
8.330  10.000  9.965  -1.434
8.340  10.000  10.112  -1.519
8.350  10.000  10.002  -1.511
8.360  10.000  10.139  -1.604
8.370  10.000  10.094  -1.769
8.380  10.000  9.938  -2.025
8.390  10.000  10.131  -2.146
8.400  10.000  9.728  -1.939
8.410  10.000  10.004  -1.826
8.420  10.000  9.873  -1.947
8.430  10.000  9.909  -2.107
8.440  10.000  10.109  -2.319
8.450  10.000  9.781  -2.361
8.460  10.000  10.094  -2.363
8.470  10.000  9.940  -2.360
8.480  10.000  10.030  -2.218
8.490  10.000  9.968  -2.114
8.500  10.000  9.949  -1.963
8.510  10.000  9.931  -1.694
8.520  10.000  9.958  -1.438
8.530  10.000  9.790  -1.232
8.540  10.000  9.880  -0.931
8.550  10.000  9.697  -0.493
8.560  10.000  10.104  -0.133
8.570  10.000  9.959  0.043
8.580  10.000  10.186  0.089
8.590  10.000  9.993  -0.078
8.600  10.000  10.114  -0.246
8.610  10.000  10.097  -0.331
8.620  10.000  9.915  -0.558
8.630  10.000  10.062  -0.971
8.640  10.000  9.938  -1.317
8.650  10.000  10.174  -1.361
8.660  10.000  9.968  -1.168
8.670  10.000  10.143  -1.064
8.680  10.000  9.866  -1.168
8.690  11.500  10.088  -1.133
8.700  13.000  10.159  -0.990
8.710  14.500  10.478  -0.552
8.720  16.000  10.960  0.506
8.730  17.500  11.180  2.285
8.740  19.000  12.164  5.040
8.750  20.500  13.280  8.589
8.760  22.000  16.582  12.911
8.770  23.500  17.789  18.344
8.780  25.000  19.053  24.379
8.790  25.000  20.955  30.882
8.800  25.000  23.489  38.168
8.810  25.000  24.718  45.273
8.820  25.000  24.598  52.427
8.830  25.000  24.298  60.203
8.840  25.000  24.265  68.162
8.850  25.000  24.672  76.674
8.860  25.000  24.849  85.198
8.870  25.000  25.428  93.394
8.880  25.000  26.146  101.074
8.890  25.000  25.118  108.121
8.900  25.000  24.121  115.527
8.910  25.000  25.088  123.380
8.920  25.000  25.488  131.304
8.930  25.000  25.192  138.959
8.940  25.000  25.244  146.267
8.950  25.000  25.614  153.388
8.960  25.000  24.855  160.814
8.970  25.000  24.740  168.533
8.980  25.000  25.614  175.767
8.990  25.000  25.164  182.602
9.000  25.000  24.685  189.718
9.010  25.000  24.813  197.122
9.020  25.000  24.896  204.423
9.030  25.000  25.241  211.716
9.040  25.000  25.431  219.102
9.050  25.000  25.148  226.415
9.060  25.000  25.215  233.534
9.070  25.000  25.452  240.480
9.080  25.000  25.344  247.379
9.090  25.000  25.467  254.517
9.100  25.000  25.307  261.580
9.110  25.000  26.021  268.138
9.120  25.000  24.974  274.787
9.130  25.000  25.493  281.400
9.140  25.000  24.820  287.668
9.150  25.000  25.102  293.987
9.160  25.000  24.960  300.453
9.170  25.000  25.170  306.744
9.180  25.000  25.727  312.924
9.190  25.000  24.908  319.431
9.200  25.000  24.993  325.917
9.210  25.000  25.230  332.184
9.220  25.000  25.584  338.357
9.230  25.000  25.285  344.213
9.240  25.000  25.323  350.049
9.250  25.000  24.990  356.073
9.260  25.000  24.667  362.220
9.270  25.000  25.167  368.482
9.280  25.000  25.637  374.822
9.290  25.000  25.647  381.090
9.300  25.000  25.214  387.029
9.310  25.000  25.389  393.151
9.320  25.000  25.879  399.190
9.330  25.000  25.663  404.842
9.340  25.000  25.684  410.482
9.350  25.000  25.137  416.011
9.360  25.000  25.403  421.360
9.370  25.000  25.498  426.738
9.380  25.000  25.371  432.270
9.390  25.000  25.162  437.666
9.400  25.000  24.814  443.053
9.410  25.000  25.103  448.392
9.420  25.000  25.450  453.513
9.430  25.000  25.805  458.472
9.440  25.000  25.029  463.465
9.450  25.000  25.540  468.534
9.460  25.000  25.224  473.567
9.470  25.000  25.414  478.371
9.480  25.000  25.805  483.043
9.490  25.000  25.962  487.757
9.500  25.000  25.246  492.324
9.510  25.000  25.424  496.784
9.520  25.000  25.095  501.321
9.530  25.000  25.340  505.840
9.540  25.000  25.123  510.228
9.550  25.000  25.601  514.628
9.560  25.000  25.084  519.106
9.570  25.000  25.076  523.478
9.580  25.000  25.120  527.713
9.590  25.000  25.443  531.939
9.600  25.000  25.296  536.008
9.610  25.000  25.144  539.909
9.620  25.000  25.375  543.588
9.630  25.000  25.118  547.438
9.640  25.000  24.847  551.520
9.650  25.000  24.896  555.525
9.660  25.000  25.373  559.367
9.670  25.000  25.028  563.192
9.680  25.000  25.644  566.770
9.690  10.000  25.507  569.964
9.700  10.000  24.107  573.030
9.710  10.000  21.141  575.076
9.720  10.000  19.237  575.256
9.730  10.000  18.082  573.685
9.740  10.000  16.368  570.094
9.750  10.000  16.217  565.335
9.760  10.000  15.993  560.469
9.770  10.000  15.094  555.264
9.780  10.000  14.193  549.777
9.790  10.000  13.933  544.074
9.800  10.000  13.663  538.499
9.810  10.000  13.337  533.065
9.820  10.000  12.918  527.470
9.830  10.000  12.265  521.081
9.840  10.000  12.049  514.108
9.850  10.000  11.952  507.807
9.860  10.000  11.866  502.074
9.870  10.000  11.765  496.150
9.880  10.000  11.661  489.598
9.890  10.000  11.180  483.173
9.900  10.000  10.901  477.386
9.910  10.000  10.620  471.614
9.920  10.000  10.497  465.077
9.930  10.000  10.479  458.006
9.940  10.000  10.464  451.096
9.950  10.000  10.210  444.019
9.960  10.000  10.276  436.769
9.970  10.000  10.156  429.636
9.980  10.000  10.097  423.438
9.990  10.000  9.914  418.139
10.000  10.000  9.900  412.220
10.010  10.000  9.457  406.464
10.020  10.000  9.535  400.480
10.030  10.000  9.468  394.305
10.040  10.000  9.588  389.087
10.050  10.000  9.479  383.964
10.060  10.000  9.261  377.748
10.070  10.000  9.449  371.682
10.080  10.000  9.455  365.905
10.090  10.000  9.512  359.225
10.100  10.000  9.651  353.202
10.110  10.000  9.396  347.154
10.120  10.000  9.497  341.533
10.130  10.000  9.412  336.662
10.140  10.000  9.352  330.696
10.150  10.000  9.325  324.450
10.160  10.000  9.204  318.464
10.170  10.000  9.259  312.907
10.180  10.000  9.068  307.871
10.190  10.000  9.163  302.231
10.200  10.000  8.981  296.856
10.210  10.000  9.107  291.272
10.220  10.000  8.985  285.005
10.230  10.000  9.049  279.464
10.240  10.000  9.090  274.527
10.250  10.000  9.033  269.301
10.260  10.000  9.336  264.074
10.270  10.000  9.063  259.265
10.280  10.000  9.060  253.795
10.290  10.000  9.353  248.345
10.300  10.000  9.158  242.940
10.310  10.000  9.370  237.392
10.320  10.000  9.205  231.987
10.330  10.000  9.320  226.933
10.340  10.000  9.188  221.729
10.350  10.000  9.362  216.608
10.360  10.000  9.222  212.604
10.370  10.000  8.960  207.939
10.380  10.000  9.146  203.020
10.390  10.000  8.785  198.793
10.400  10.000  8.892  194.622
10.410  10.000  8.765  190.383
10.420  10.000  8.922  186.286
10.430  10.000  8.877  181.858
10.440  10.000  8.974  177.248
10.450  10.000  8.969  172.464
10.460  10.000  9.045  167.925
10.470  10.000  8.945  164.023
10.480  10.000  8.954  159.960
10.490  10.000  9.209  156.113
10.500  10.000  9.141  152.268
10.510  10.000  9.254  148.150
10.520  10.000  9.367  144.492
10.530  10.000  9.457  141.001
10.540  10.000  9.420  137.411
10.550  10.000  9.471  133.934
10.560  10.000  9.433  130.388
10.570  10.000  9.447  126.859
10.580  10.000  9.465  123.454
10.590  10.000  9.520  120.119
10.600  10.000  9.566  116.785
10.610  10.000  9.410  113.381
10.620  10.000  9.334  110.030
10.630  10.000  9.339  106.865
10.640  10.000  9.241  103.874
10.650  10.000  9.184  100.771
10.660  10.000  9.212  97.567
10.670  10.000  9.001  94.238
10.680  10.000  9.117  90.770
10.690  10.000  8.967  87.453
10.700  10.000  8.949  84.428
10.710  10.000  8.919  81.599
10.720  10.000  8.989  78.602
10.730  10.000  9.030  75.613
10.740  10.000  9.124  72.795
10.750  10.000  9.067  70.155
10.760  10.000  9.203  67.656
10.770  10.000  9.281  65.182
10.780  10.000  9.521  62.773
10.790  10.000  9.447  60.365
10.800  10.000  9.550  58.016
10.810  10.000  9.642  55.752
10.820  10.000  9.580  53.712
10.830  10.000  9.673  51.884
10.840  10.000  9.722  50.082
10.850  10.000  9.763  48.381
10.860  10.000  9.747  46.652
10.870  10.000  9.772  44.733
10.880  10.000  9.785  42.859
10.890  10.000  9.887  41.153
10.900  10.000  9.785  39.439
10.910  10.000  9.847  37.800
10.920  10.000  9.942  36.257
10.930  10.000  9.883  34.793
10.940  10.000  9.796  33.366
10.950  10.000  9.899  31.849
10.960  10.000  9.990  30.263
10.970  10.000  9.835  28.757
10.980  10.000  9.836  27.283
10.990  10.000  9.859  25.766
11.000  10.000  9.931  24.345
11.010  10.000  9.879  22.888
11.020  10.000  9.836  21.417
11.030  10.000  9.883  19.990
11.040  10.000  9.846  18.490
11.050  10.000  9.746  17.044
11.060  10.000  9.768  15.814
11.070  10.000  9.838  14.888
11.080  10.000  9.708  14.204
11.090  10.000  9.875  13.332
11.100  10.000  9.820  12.301
11.110  10.000  9.999  11.353
11.120  10.000  9.651  10.452
11.130  10.000  10.009  9.535
11.140  10.000  9.757  8.724
11.150  10.000  9.911  7.885
11.160  10.000  9.749  6.806
11.170  10.000  9.701  5.868
11.180  10.000  9.804  5.126
11.190  10.000  9.792  4.274
11.200  10.000  9.801  3.178
11.210  10.000  9.718  2.056
11.220  10.000  9.766  1.097
11.230  10.000  9.773  0.109
11.240  10.000  9.723  -0.868
11.250  10.000  9.748  -1.870
11.260  10.000  9.720  -3.087
11.270  10.000  9.634  -4.147
11.280  10.000  9.621  -4.952
11.290  10.000  9.550  -5.752
11.300  10.000  9.593  -6.672
11.310  10.000  9.574  -7.667
11.320  10.000  9.667  -8.665
11.330  10.000  9.564  -9.817
11.340  10.000  9.463  -11.095
11.350  10.000  9.565  -12.124
11.360  10.000  9.509  -12.973
11.370  10.000  9.448  -13.851
11.380  10.000  9.621  -14.755
11.390  10.000  9.444  -15.658
11.400  10.000  9.415  -16.280
11.410  10.000  9.652  -16.619
11.420  10.000  9.555  -16.813
11.430  10.000  9.732  -17.088
11.440  10.000  9.552  -17.432
11.450  10.000  9.718  -17.772
11.460  10.000  9.484  -18.103
11.470  10.000  9.704  -18.241
11.480  10.000  9.603  -18.348
11.490  10.000  9.847  -18.472
11.500  10.000  9.634  -18.361
11.510  10.000  9.791  -18.061
11.520  10.000  9.676  -17.691
11.530  10.000  9.822  -17.331
11.540  10.000  9.860  -17.067
11.550  10.000  9.819  -16.769
11.560  10.000  9.732  -16.313
11.570  10.000  9.957  -15.831
11.580  10.000  9.971  -15.398
11.590  10.000  9.931  -14.892
11.600  10.000  9.879  -14.180
11.610  10.000  9.885  -13.460
11.620  10.000  9.971  -12.855
11.630  10.000  10.139  -12.193
11.640  10.000  10.141  -11.726
11.650  10.000  9.785  -11.245
11.660  10.000  10.068  -10.649
11.670  10.000  10.070  -10.205
11.680  10.000  10.036  -9.675
11.690  10.000  9.963  -9.138
11.700  10.000  10.081  -8.669
11.710  10.000  10.145  -8.057
11.720  10.000  10.176  -7.366
11.730  10.000  10.175  -6.773
11.740  10.000  10.161  -6.234
11.750  10.000  10.175  -5.628
11.760  10.000  10.112  -5.141
11.770  10.000  10.290  -4.931
11.780  10.000  10.228  -4.854
11.790  10.000  10.104  -4.671
11.800  10.000  10.104  -4.381
11.810  10.000  10.031  -4.206
11.820  10.000  10.187  -4.079
11.830  10.000  10.033  -3.923
11.840  10.000  10.388  -3.802
11.850  10.000  10.221  -3.700
11.860  10.000  10.223  -3.627
11.870  10.000  10.010  -3.630
11.880  10.000  10.236  -3.788
11.890  10.000  10.042  -3.939
11.900  10.000  10.102  -4.061
11.910  10.000  10.083  -4.244
11.920  10.000  10.249  -4.409
11.930  10.000  10.097  -4.555
11.940  10.000  10.052  -4.704
11.950  10.000  9.864  -4.895
11.960  10.000  10.001  -5.285
11.970  10.000  10.007  -5.704
11.980  10.000  9.887  -5.862
11.990  10.000  9.917  -5.925
12.000  10.000  10.019  -5.968
12.010  10.000  10.026  -5.929
12.020  10.000  9.822  -5.902
12.030  10.000  10.139  -5.999
12.040  10.000  9.933  -6.155
12.050  10.000  10.082  -6.347
12.060  10.000  9.731  -6.569
12.070  10.000  10.063  -6.788
12.080  10.000  10.034  -6.903
12.090  10.000  10.106  -7.042
12.100  10.000  9.901  -7.295
12.110  10.000  10.029  -7.631
12.120  10.000  9.962  -8.115
12.130  10.000  9.939  -8.419
12.140  10.000  10.066  -8.484
12.150  10.000  10.009  -8.617
12.160  10.000  9.862  -8.780
12.170  10.000  10.056  -8.741
12.180  10.000  9.958  -8.660
12.190  10.000  10.004  -8.719
12.200  10.000  9.970  -8.810
12.210  10.000  10.066  -8.956
12.220  10.000  10.152  -9.150
12.230  10.000  9.909  -9.176
12.240  10.000  10.026  -9.119
12.250  10.000  9.955  -9.341
12.260  10.000  9.923  -9.547
12.270  10.000  10.028  -9.623
12.280  10.000  10.026  -9.707
12.290  10.000  9.957  -9.739
12.300  10.000  10.054  -9.776
12.310  10.000  10.110  -9.797
12.320  10.000  10.022  -9.844
12.330  10.000  9.816  -9.950
12.340  10.000  10.234  -10.144
12.350  10.000  9.842  -10.286
12.360  10.000  10.219  -10.391
12.370  10.000  9.988  -10.626
12.380  10.000  9.972  -10.771
12.390  10.000  9.917  -10.759
12.400  10.000  10.011  -10.845
12.410  10.000  9.969  -11.052
12.420  10.000  9.823  -11.269
12.430  10.000  9.812  -11.236
12.440  10.000  9.804  -10.960
12.450  10.000  9.813  -10.703
12.460  10.000  10.072  -10.502
12.470  10.000  9.917  -10.477
12.480  10.000  10.048  -10.656
12.490  10.000  9.975  -10.647
12.500  10.000  10.145  -10.450
12.510  10.000  9.868  -10.215
12.520  10.000  10.092  -10.064
12.530  10.000  9.872  -10.166
12.540  10.000  9.947  -10.267
12.550  10.000  9.999  -10.182
12.560  10.000  10.059  -9.941
12.570  10.000  9.858  -9.672
12.580  10.000  9.980  -9.363
12.590  10.000  9.800  -9.089
12.600  10.000  10.100  -8.944
12.610  10.000  9.763  -8.727
12.620  10.000  9.966  -8.439
12.630  10.000  9.985  -8.346
12.640  10.000  9.904  -8.322
12.650  10.000  9.914  -8.068
12.660  10.000  9.920  -7.512
12.670  10.000  9.900  -6.904
12.680  10.000  9.968  -6.548
12.690  10.000  10.071  -6.299
12.700  10.000  10.141  -5.964
12.710  10.000  10.032  -5.566
12.720  10.000  9.995  -5.214
12.730  10.000  10.044  -5.000
12.740  10.000  10.062  -4.816
12.750  10.000  9.839  -4.481
12.760  10.000  10.150  -4.125
12.770  10.000  9.848  -3.733
12.780  10.000  9.920  -3.229
12.790  10.000  9.983  -2.912
12.800  10.000  10.079  -2.687
12.810  10.000  10.039  -2.540
12.820  10.000  10.084  -2.591
12.830  10.000  10.105  -2.566
12.840  10.000  9.910  -2.447
12.850  10.000  10.069  -2.460
12.860  10.000  9.997  -2.302
12.870  10.000  9.991  -1.801
12.880  10.000  10.061  -1.266
12.890  10.000  9.966  -0.851
12.900  10.000  9.997  -0.690
12.910  10.000  10.086  -0.449
12.920  10.000  9.974  0.071
12.930  10.000  10.229  0.486
12.940  10.000  10.001  0.545
12.950  10.000  10.060  0.423
12.960  10.000  10.151  0.305
12.970  10.000  10.024  0.251
12.980  10.000  10.194  0.304
12.990  10.000  10.112  0.236
13.000  10.000  10.100  -0.000
13.010  10.000  10.116  -0.191
13.020  10.000  10.299  -0.404
13.030  10.000  10.103  -0.774
13.040  10.000  10.004  -1.183
13.050  10.000  10.114  -1.505
13.060  10.000  10.140  -1.750
13.070  10.000  10.126  -2.080
13.080  10.000  9.940  -2.495
13.090  10.000  10.041  -2.796
13.100  10.000  9.803  -2.980
13.110  10.000  9.967  -3.259
13.120  10.000  9.945  -3.620
13.130  10.000  10.032  -3.729
13.140  10.000  9.864  -3.635
13.150  10.000  10.015  -3.799
13.160  10.000  10.130  -4.218
13.170  10.000  10.155  -4.593
13.180  10.000  9.946  -4.905
13.190  10.000  9.951  -5.169
13.200  10.000  9.667  -5.393
13.210  10.000  9.921  -5.553
13.220  10.000  9.611  -5.485
13.230  10.000  9.861  -5.358
13.240  10.000  10.079  -5.454
13.250  10.000  9.971  -5.567
13.260  10.000  9.950  -5.424
13.270  10.000  9.958  -5.250
13.280  10.000  9.892  -5.133
13.290  10.000  9.878  -4.944
13.300  10.000  10.020  -4.800
13.310  10.000  10.087  -4.738
13.320  10.000  10.092  -4.868
13.330  10.000  10.013  -5.044
13.340  10.000  9.890  -5.021
13.350  10.000  9.929  -5.026
13.360  10.000  9.890  -5.147
13.370  10.000  9.970  -5.297
13.380  10.000  9.935  -5.393
13.390  10.000  9.953  -5.236
13.400  10.000  9.835  -4.884
13.410  10.000  9.968  -4.472
13.420  10.000  9.874  -4.201
13.430  10.000  10.117  -4.126
13.440  10.000  9.897  -3.953
13.450  10.000  10.017  -3.662
13.460  10.000  9.959  -3.209
13.470  10.000  10.038  -2.731
13.480  10.000  10.046  -2.348
13.490  10.000  10.084  -2.113
13.500  10.000  10.199  -2.166
13.510  10.000  9.934  -2.152
13.520  10.000  10.201  -2.140
13.530  10.000  10.140  -2.336
13.540  10.000  10.040  -2.507
13.550  10.000  10.105  -2.563
13.560  10.000  9.881  -2.717
13.570  10.000  10.001  -3.094
13.580  10.000  10.042  -3.432
13.590  10.000  10.098  -3.684
13.600  10.000  10.054  -3.849
13.610  10.000  10.021  -3.861
13.620  10.000  10.024  -3.988
13.630  10.000  10.064  -4.335
13.640  10.000  10.012  -4.648
13.650  10.000  10.034  -4.779
13.660  10.000  9.953  -4.806
13.670  10.000  9.936  -4.721
13.680  10.000  10.054  -4.571
13.690  10.000  9.846  -4.487
13.700  11.500  10.038  -4.561
13.710  13.000  10.125  -4.382
13.720  14.500  10.390  -3.568
13.730  16.000  10.878  -2.261
13.740  17.500  11.122  -0.344
13.750  19.000  12.474  2.327
13.760  20.500  13.418  5.748
13.770  22.000  16.251  10.024
13.780  23.500  17.550  15.497
13.790  25.000  18.954  21.882
13.800  25.000  21.226  28.633
13.810  25.000  23.546  35.908
13.820  25.000  24.303  43.410
13.830  25.000  24.403  51.073
13.840  25.000  24.860  58.853
13.850  25.000  25.134  66.180
13.860  25.000  24.639  73.548
13.870  25.000  24.531  81.521
13.880  25.000  24.959  89.811
13.890  25.000  25.065  98.032
13.900  25.000  24.836  106.113
13.910  25.000  24.881  114.220
13.920  25.000  25.877  122.289
13.930  25.000  25.712  129.996
13.940  25.000  24.766  137.386
13.950  25.000  24.482  145.096
13.960  25.000  25.187  152.965
13.970  25.000  25.131  160.513
13.980  25.000  25.429  167.907
13.990  25.000  24.996  175.427
14.000  25.000  25.115  183.025
14.010  25.000  25.225  190.841
14.020  25.000  25.897  198.502
14.030  25.000  24.781  205.844
14.040  25.000  25.318  212.971
14.050  25.000  25.310  220.134
14.060  25.000  24.799  227.616
14.070  25.000  25.775  234.939
14.080  25.000  24.808  241.817
14.090  25.000  25.445  248.742
14.100  25.000  25.084  255.798
14.110  25.000  25.477  262.594
14.120  25.000  25.589  269.218
14.130  25.000  25.289  275.743
14.140  25.000  25.721  282.182
14.150  25.000  25.170  288.611
14.160  25.000  24.752  295.274
14.170  25.000  25.217  301.788
14.180  25.000  25.317  307.980
14.190  25.000  25.588  314.042
14.200  25.000  24.762  320.566
14.210  25.000  25.162  327.414
14.220  25.000  25.107  333.971
14.230  25.000  25.020  340.236
14.240  25.000  25.551  346.288
14.250  25.000  25.204  352.362
14.260  25.000  25.470  358.275
14.270  25.000  25.306  364.100
14.280  25.000  25.177  369.925
14.290  25.000  25.548  375.802
14.300  25.000  25.251  381.867
14.310  25.000  25.570  387.697
14.320  25.000  25.519  393.457
14.330  25.000  25.334  399.316
14.340  25.000  25.589  404.775
14.350  25.000  25.056  410.381
14.360  25.000  25.219  416.196
14.370  25.000  25.784  421.873
14.380  25.000  25.820  427.305
14.390  25.000  25.307  432.376
14.400  25.000  24.657  437.681
14.410  25.000  25.228  442.801
14.420  25.000  25.366  447.807
14.430  25.000  25.367  452.996
14.440  25.000  25.050  458.056
14.450  25.000  25.195  463.024
14.460  25.000  25.385  467.759
14.470  25.000  25.484  472.205
14.480  25.000  25.309  476.859
14.490  25.000  25.475  481.921
14.500  25.000  25.641  486.924
14.510  25.000  25.973  491.586
14.520  25.000  25.392  496.119
14.530  25.000  25.119  500.693
14.540  25.000  24.971  505.308
14.550  25.000  25.299  509.857
14.560  25.000  25.433  514.438
14.570  25.000  25.265  518.787
14.580  25.000  24.958  523.055
14.590  25.000  25.327  527.334
14.600  25.000  25.431  531.183
14.610  25.000  25.065  535.100
14.620  25.000  24.934  539.106
14.630  25.000  25.072  543.051
14.640  25.000  25.086  547.169
14.650  25.000  25.268  551.268
14.660  25.000  25.455  555.296
14.670  25.000  25.056  559.333
14.680  25.000  25.193  563.118
14.690  25.000  25.225  566.783
14.700  10.000  25.080  570.522
14.710  10.000  24.245  573.958
14.720  10.000  21.651  575.851
14.730  10.000  19.412  575.662
14.740  10.000  18.124  573.557
14.750  10.000  16.437  569.592
14.760  10.000  16.344  564.932
14.770  10.000  16.013  559.835
14.780  10.000  15.114  553.796
14.790  10.000  14.165  547.837
14.800  10.000  13.942  542.433
14.810  10.000  13.776  536.939
14.820  10.000  13.407  530.944
14.830  10.000  12.782  524.944
14.840  10.000  12.290  518.914
14.850  10.000  12.066  512.675
14.860  10.000  11.985  506.794
14.870  10.000  11.889  501.009
14.880  10.000  11.733  495.187
14.890  10.000  11.534  489.233
14.900  10.000  11.289  483.119
14.910  10.000  11.200  476.570
14.920  10.000  10.929  469.686
14.930  10.000  10.744  463.442
14.940  10.000  10.477  457.080
14.950  10.000  10.436  450.023
14.960  10.000  10.440  443.471
14.970  10.000  10.293  437.634
14.980  10.000  10.157  431.710
14.990  10.000  10.145  425.853
15.000  10.000  10.168  420.149
15.010  10.000  9.895  414.171
15.020  10.000  10.005  407.696
15.030  10.000  9.748  401.319
15.040  10.000  9.796  395.470
15.050  10.000  9.656  389.743
15.060  10.000  9.595  383.432
15.070  10.000  9.663  377.301
15.080  10.000  9.514  371.820
15.090  10.000  9.554  366.286
15.100  10.000  9.444  360.732
15.110  10.000  9.549  355.156
15.120  10.000  9.416  349.745
15.130  10.000  9.547  343.727
15.140  10.000  9.455  337.463
15.150  10.000  9.420  331.853
15.160  10.000  9.325  326.582
15.170  10.000  9.570  321.451
15.180  10.000  9.464  316.285
15.190  10.000  9.341  310.948
15.200  10.000  9.278  305.533
15.210  10.000  9.206  300.252
15.220  10.000  9.078  294.660
15.230  10.000  9.119  289.035
15.240  10.000  9.095  283.874
15.250  10.000  8.993  278.694
15.260  10.000  8.917  273.538
15.270  10.000  8.908  268.377
15.280  10.000  8.890  263.259
15.290  10.000  9.012  257.791
15.300  10.000  8.923  252.411
15.310  10.000  9.035  247.436
15.320  10.000  8.930  242.548
15.330  10.000  9.148  237.827
15.340  10.000  9.121  233.085
15.350  10.000  9.145  228.367
15.360  10.000  9.136  223.751
15.370  10.000  9.192  219.393
15.380  10.000  9.095  214.983
15.390  10.000  9.046  210.211
15.400  10.000  9.006  205.570
15.410  10.000  8.821  201.061
15.420  10.000  8.726  195.862
15.430  10.000  8.838  190.891
15.440  10.000  8.588  186.629
15.450  10.000  8.618  182.602
15.460  10.000  8.564  179.001
15.470  10.000  8.563  175.487
15.480  10.000  8.733  171.603
15.490  10.000  8.777  167.573
15.500  10.000  8.842  163.673
15.510  10.000  9.190  159.762
15.520  10.000  9.053  155.880
15.530  10.000  8.873  152.199
15.540  10.000  9.083  148.694
15.550  10.000  9.235  145.279
15.560  10.000  9.255  141.830
15.570  10.000  9.300  138.442
15.580  10.000  9.105  135.150
15.590  10.000  9.094  131.812
15.600  10.000  9.174  128.408
15.610  10.000  9.071  124.949
15.620  10.000  8.996  121.787
15.630  10.000  9.075  118.890
15.640  10.000  9.048  115.831
15.650  10.000  8.877  112.726
15.660  10.000  8.989  109.639
15.670  10.000  8.866  106.394
15.680  10.000  8.919  103.385
15.690  10.000  9.077  100.597
15.700  10.000  9.068  97.685
15.710  10.000  9.277  94.747
15.720  10.000  9.182  91.877
15.730  10.000  9.386  89.158
15.740  10.000  9.334  86.464
15.750  10.000  9.557  83.780
15.760  10.000  9.612  81.327
15.770  10.000  9.628  79.178
15.780  10.000  9.721  77.054
15.790  10.000  9.727  74.740
15.800  10.000  9.682  72.510
15.810  10.000  9.815  70.368
15.820  10.000  9.778  68.250
15.830  10.000  9.898  66.269
15.840  10.000  9.816  64.451
15.850  10.000  9.747  62.777
15.860  10.000  9.711  61.219
15.870  10.000  9.962  59.648
15.880  10.000  9.868  58.006
15.890  10.000  9.815  56.299
15.900  10.000  9.856  54.441
15.910  10.000  9.757  52.622
15.920  10.000  9.838  51.017
15.930  10.000  9.825  49.627
15.940  10.000  9.978  48.323
15.950  10.000  9.956  46.980
15.960  10.000  9.759  45.667
15.970  10.000  9.738  44.338
15.980  10.000  9.752  42.979
15.990  10.000  9.815  41.701
16.000  10.000  9.878  40.425
16.010  10.000  9.866  39.239
16.020  10.000  9.818  38.228
16.030  10.000  9.820  37.217
16.040  10.000  9.716  36.213
16.050  10.000  9.939  35.247
16.060  10.000  9.823  34.227
16.070  10.000  9.841  33.223
16.080  10.000  9.975  32.191
16.090  10.000  9.851  31.119
16.100  10.000  9.769  30.161
16.110  10.000  9.885  29.211
16.120  10.000  9.987  28.248
16.130  10.000  9.791  27.477
16.140  10.000  9.859  26.681
16.150  10.000  9.810  25.617
16.160  10.000  9.822  24.517
16.170  10.000  9.850  23.537
16.180  10.000  9.777  22.535
16.190  10.000  9.723  21.491
16.200  10.000  9.848  20.465
16.210  10.000  9.795  19.353
16.220  10.000  9.682  18.146
16.230  10.000  9.698  16.982
16.240  10.000  9.585  15.891
16.250  10.000  9.698  14.896
16.260  10.000  9.627  13.979
16.270  10.000  9.774  13.082
16.280  10.000  9.588  12.217
16.290  10.000  9.587  11.374
16.300  10.000  9.619  10.456
16.310  10.000  9.550  9.610
16.320  10.000  9.455  8.959
16.330  10.000  9.624  8.174
16.340  10.000  9.467  7.120
16.350  10.000  9.460  6.083
16.360  10.000  9.613  5.101
16.370  10.000  9.528  4.171
16.380  10.000  9.631  3.433
16.390  10.000  9.587  2.719
16.400  10.000  9.481  2.086
16.410  10.000  9.583  1.693
16.420  10.000  9.735  1.204
16.430  10.000  9.663  0.470
16.440  10.000  9.631  -0.130
16.450  10.000  9.518  -0.417
16.460  10.000  9.471  -0.198
16.470  10.000  9.639  0.245
16.480  10.000  9.641  0.719
16.490  10.000  9.626  1.436
16.500  10.000  9.702  2.205
16.510  10.000  9.795  2.725
16.520  10.000  9.830  3.079
16.530  10.000  9.813  3.701
16.540  10.000  9.755  4.376
16.550  10.000  9.884  4.817
16.560  10.000  9.909  5.316
16.570  10.000  10.035  5.978
16.580  10.000  9.930  6.576
16.590  10.000  9.990  7.025
16.600  10.000  9.892  7.553
16.610  10.000  9.835  8.253
16.620  10.000  9.817  9.046
16.630  10.000  10.187  9.647
16.640  10.000  10.071  10.008
16.650  10.000  10.016  10.437
16.660  10.000  9.959  10.922
16.670  10.000  10.169  11.643
16.680  10.000  10.034  12.556
16.690  10.000  10.093  13.255
16.700  10.000  10.033  13.744
16.710  10.000  10.151  14.196
16.720  10.000  10.216  14.689
16.730  10.000  10.196  15.265
16.740  10.000  10.204  15.755
16.750  10.000  10.129  16.215
16.760  10.000  10.121  16.843
16.770  10.000  10.253  17.408
16.780  10.000  10.233  17.751
16.790  10.000  10.112  17.911
16.800  10.000  10.109  18.024
16.810  10.000  10.338  18.170
16.820  10.000  10.216  18.244
16.830  10.000  10.065  18.365
16.840  10.000  10.183  18.505
16.850  10.000  9.922  18.528
16.860  10.000  10.117  18.545
16.870  10.000  10.019  18.610
16.880  10.000  10.103  18.618
16.890  10.000  9.985  18.550
16.900  10.000  9.960  18.622
16.910  10.000  10.054  18.790
16.920  10.000  9.991  18.883
16.930  10.000  10.160  18.841
16.940  10.000  9.878  18.827
16.950  10.000  9.968  18.985
16.960  10.000  10.015  19.031
16.970  10.000  10.095  18.807
16.980  10.000  9.992  18.543
16.990  10.000  9.916  18.471
17.000  10.000  9.948  18.628
17.010  10.000  10.021  18.844
17.020  10.000  9.810  18.829
17.030  10.000  10.002  18.617
17.040  10.000  10.025  18.351
17.050  10.000  10.134  18.125
17.060  10.000  9.999  18.030
17.070  10.000  9.992  18.046
17.080  10.000  10.180  18.106
17.090  10.000  10.221  18.164
17.100  10.000  10.014  18.111
17.110  10.000  10.058  17.884
17.120  10.000  9.973  17.550
17.130  10.000  10.041  17.298
17.140  10.000  10.092  17.130
17.150  10.000  10.123  16.813
17.160  10.000  10.077  16.428
17.170  10.000  9.911  16.231
17.180  10.000  10.084  16.127
17.190  10.000  9.988  16.047
17.200  10.000  9.984  16.009
17.210  10.000  10.175  15.748
17.220  10.000  9.949  15.301
17.230  10.000  10.105  14.945
17.240  10.000  9.944  14.606
17.250  10.000  9.929  14.151
17.260  10.000  9.861  13.705
17.270  10.000  9.948  13.403
17.280  10.000  9.763  13.127
17.290  10.000  10.028  13.047
17.300  10.000  9.912  13.228
17.310  10.000  9.863  13.261
17.320  10.000  9.925  13.280
17.330  10.000  9.976  13.309
17.340  10.000  9.996  13.331
17.350  10.000  9.796  13.512
17.360  10.000  9.921  13.598
17.370  10.000  9.942  13.552
17.380  10.000  9.951  13.575
17.390  10.000  9.966  13.568
17.400  10.000  9.880  13.390
17.410  10.000  9.811  13.231
17.420  10.000  9.963  13.322
17.430  10.000  9.807  13.655
17.440  10.000  9.977  13.874
17.450  10.000  10.040  13.924
17.460  10.000  9.984  14.046
17.470  10.000  10.104  14.130
17.480  10.000  10.013  14.083
17.490  10.000  10.188  13.947
17.500  10.000  10.066  13.863
17.510  10.000  10.172  13.908
17.520  10.000  9.847  14.071
17.530  10.000  9.809  14.274
17.540  10.000  10.074  14.366
17.550  10.000  9.879  14.630
17.560  10.000  10.261  14.923
17.570  10.000  9.814  15.103
17.580  10.000  9.929  15.405
17.590  10.000  10.246  15.632
17.600  10.000  9.925  15.917
17.610  10.000  9.995  16.381
17.620  10.000  10.145  16.656
17.630  10.000  10.239  16.561
17.640  10.000  10.333  16.234
17.650  10.000  9.953  15.879
17.660  10.000  9.869  15.691
17.670  10.000  9.922  15.824
17.680  10.000  9.763  16.103
17.690  10.000  10.046  16.114
17.700  10.000  10.011  15.932
17.710  10.000  10.011  15.967
17.720  10.000  9.931  16.077
17.730  10.000  10.043  16.012
17.740  10.000  10.020  15.880
17.750  10.000  9.866  15.806
17.760  10.000  9.925  15.862
17.770  10.000  9.893  15.918
17.780  10.000  9.991  15.938
17.790  10.000  10.059  15.917
17.800  10.000  9.905  15.825
17.810  10.000  10.152  15.800
17.820  10.000  9.872  15.887
17.830  10.000  10.054  16.035
17.840  10.000  10.118  16.202
17.850  10.000  10.136  16.254
17.860  10.000  10.140  16.152
17.870  10.000  10.042  15.992
17.880  10.000  9.804  16.084
17.890  10.000  9.950  16.372
17.900  10.000  9.943  16.618
17.910  10.000  9.897  16.843
17.920  10.000  10.223  16.777
17.930  10.000  10.008  16.649
17.940  10.000  9.999  16.710
17.950  10.000  9.954  16.672
17.960  10.000  10.091  16.604
17.970  10.000  10.106  16.574
17.980  10.000  10.077  16.549
17.990  10.000  10.024  16.722
18.000  10.000  10.012  17.078
18.010  10.000  10.056  17.200
18.020  10.000  9.990  16.982
18.030  10.000  9.822  17.033
18.040  10.000  10.144  17.318
18.050  10.000  9.887  17.434
18.060  10.000  9.978  17.510
18.070  10.000  9.999  17.566
18.080  10.000  9.949  17.410
18.090  10.000  9.929  17.101
18.100  10.000  9.993  16.879
18.110  10.000  10.138  16.812
18.120  10.000  9.978  16.838
18.130  10.000  10.147  16.790
18.140  10.000  9.849  16.753
18.150  10.000  10.146  16.755
18.160  10.000  10.012  16.617
18.170  10.000  10.075  16.471
18.180  10.000  9.952  16.403
18.190  10.000  10.107  16.305
18.200  10.000  10.019  16.059
18.210  10.000  9.951  15.855
18.220  10.000  9.973  15.770
18.230  10.000  10.075  15.517
18.240  10.000  10.023  15.162
18.250  10.000  10.055  14.867
18.260  10.000  9.995  14.517
18.270  10.000  9.999  14.090
18.280  10.000  10.110  13.696
18.290  10.000  10.084  13.359
18.300  10.000  9.892  13.057
18.310  10.000  9.973  12.693
18.320  10.000  10.059  12.280
18.330  10.000  10.004  11.980
18.340  10.000  10.057  11.801
18.350  10.000  9.905  11.589
18.360  10.000  10.068  11.340
18.370  10.000  10.115  11.067
18.380  10.000  9.972  10.830
18.390  10.000  9.944  10.738
18.400  10.000  9.869  10.551
18.410  10.000  10.063  10.219
18.420  10.000  9.818  9.929
18.430  10.000  9.995  9.698
18.440  10.000  9.881  9.488
18.450  10.000  9.980  9.302
18.460  10.000  9.864  9.160
18.470  10.000  9.817  9.032
18.480  10.000  9.912  8.873
18.490  10.000  9.839  8.688
18.500  10.000  10.116  8.626
18.510  10.000  10.047  8.662
18.520  10.000  9.988  8.558
18.530  10.000  9.791  8.491
18.540  10.000  9.863  8.789
18.550  10.000  10.042  9.278
18.560  10.000  10.014  9.540
18.570  10.000  9.899  9.511
18.580  10.000  10.054  9.301
18.590  10.000  9.947  8.979
18.600  10.000  9.911  8.932
18.610  10.000  9.921  9.190
18.620  10.000  10.056  9.395
18.630  10.000  9.875  9.593
18.640  10.000  10.061  9.728
18.650  10.000  9.835  9.718
18.660  10.000  9.984  9.839
18.670  10.000  9.864  10.052
18.680  10.000  9.979  10.260
18.690  10.000  9.947  10.469
18.700  10.000  10.125  10.726
18.710  11.500  10.209  10.973
18.720  13.000  10.348  11.168
18.730  14.500  10.527  11.702
18.740  16.000  10.860  12.745
18.750  17.500  11.383  14.254
18.760  19.000  12.273  16.700
18.770  20.500  13.217  20.254
18.780  22.000  16.247  24.811
18.790  23.500  18.065  30.180
18.800  25.000  19.076  36.218
18.810  25.000  21.074  43.088
18.820  25.000  24.033  50.514
18.830  25.000  24.884  57.994
18.840  25.000  23.935  65.917
18.850  25.000  24.681  73.612
18.860  25.000  24.664  80.784
18.870  25.000  24.985  88.101
18.880  25.000  24.994  95.105
18.890  25.000  24.425  102.577
18.900  25.000  25.196  110.475
18.910  25.000  25.713  118.110
18.920  25.000  25.491  125.697
18.930  25.000  24.602  133.315
18.940  25.000  24.961  140.891
18.950  25.000  25.043  148.426
18.960  25.000  25.357  156.027
18.970  25.000  25.305  163.604
18.980  25.000  25.481  170.878
18.990  25.000  24.847  177.877
19.000  25.000  24.633  185.070
19.010  25.000  24.825  192.804
19.020  25.000  25.337  200.541
19.030  25.000  25.358  207.894
19.040  25.000  25.464  214.708
19.050  25.000  25.241  221.595
19.060  25.000  24.976  229.056
19.070  25.000  25.068  236.414
19.080  25.000  24.716  243.749
19.090  25.000  25.103  251.134
19.100  25.000  25.824  257.924
19.110  25.000  25.106  264.635
19.120  25.000  25.062  272.049
19.130  25.000  25.322  279.341
19.140  25.000  26.075  286.022
19.150  25.000  25.791  292.112
19.160  25.000  25.337  298.044
19.170  25.000  25.351  304.138
19.180  25.000  25.112  310.482
19.190  25.000  24.805  317.143
19.200  25.000  25.295  323.542
19.210  25.000  25.145  329.618
19.220  25.000  25.133  335.472
19.230  25.000  25.238  341.235
19.240  25.000  25.337  346.996
19.250  25.000  25.095  353.044
19.260  25.000  25.434  359.232
19.270  25.000  25.418  365.106
19.280  25.000  25.304  370.724
19.290  25.000  25.879  376.175
19.300  25.000  25.235  382.327
19.310  25.000  25.885  388.615
19.320  25.000  25.401  394.227
19.330  25.000  25.643  399.749
19.340  25.000  25.005  405.293
19.350  25.000  24.959  410.672
19.360  25.000  25.612  415.874
19.370  25.000  25.534  421.069
19.380  25.000  25.124  426.487
19.390  25.000  25.214  431.907
19.400  25.000  25.347  437.549
19.410  25.000  25.222  442.948
19.420  25.000  25.007  447.935
19.430  25.000  25.158  453.221
19.440  25.000  24.698  458.572
19.450  25.000  25.178  463.690
19.460  25.000  25.682  468.439
19.470  25.000  25.299  473.007
19.480  25.000  25.238  477.811
19.490  25.000  25.440  482.811
19.500  25.000  25.608  487.491
19.510  25.000  25.809  491.603
19.520  25.000  25.510  495.719
19.530  25.000  25.250  500.237
19.540  25.000  25.049  504.610
19.550  25.000  25.143  508.954
19.560  25.000  25.503  513.552
19.570  25.000  25.480  518.173
19.580  25.000  25.252  522.654
19.590  25.000  25.405  526.806
19.600  25.000  25.044  530.930
19.610  25.000  25.349  534.964
19.620  25.000  25.781  538.541
19.630  25.000  25.304  542.097
19.640  25.000  24.868  545.753
19.650  25.000  25.017  549.186
19.660  25.000  25.022  552.576
19.670  25.000  25.144  556.225
19.680  25.000  25.039  560.096
19.690  25.000  25.042  564.030
19.700  25.000  25.399  567.721
19.710  10.000  25.201  571.287
19.720  10.000  24.403  574.354
19.730  10.000  21.313  576.013
19.740  10.000  19.467  575.842
19.750  10.000  18.115  573.837
19.760  10.000  16.500  570.251
19.770  10.000  16.072  565.708
19.780  10.000  15.892  560.917
19.790  10.000  14.899  555.884
19.800  10.000  13.933  550.459
19.810  10.000  13.633  544.965
19.820  10.000  13.306  539.672
19.830  10.000  13.259  533.710
19.840  10.000  12.715  527.313
19.850  10.000  11.772  521.436
19.860  10.000  11.837  515.643
19.870  10.000  11.493  509.117
19.880  10.000  11.265  502.836
19.890  10.000  11.265  497.236
19.900  10.000  11.298  491.517
19.910  10.000  11.328  485.014
19.920  10.000  11.262  478.565
19.930  10.000  10.983  472.778
19.940  10.000  10.701  466.925
19.950  10.000  10.520  460.565
19.960  10.000  10.443  453.810
19.970  10.000  10.305  447.290
19.980  10.000  10.460  441.127
19.990  10.000  10.350  435.586
20.000  10.000  10.376  429.440
20.010  10.000  10.166  422.499
20.020  10.000  10.258  416.169
20.030  10.000  10.131  410.192
20.040  10.000  10.100  404.371
20.050  10.000  9.807  398.950
20.060  10.000  9.952  393.444
20.070  10.000  9.807  387.736
20.080  10.000  9.644  382.022
20.090  10.000  9.761  375.997
20.100  10.000  9.428  370.276
20.110  10.000  9.329  364.277
20.120  10.000  9.645  358.064
20.130  10.000  9.632  352.753
20.140  10.000  9.412  347.743
20.150  10.000  9.360  342.870
20.160  10.000  9.196  337.172
20.170  10.000  9.307  330.598
20.180  10.000  9.212  324.984
20.190  10.000  9.244  320.188
20.200  10.000  9.137  315.188
20.210  10.000  9.031  309.503
20.220  10.000  9.021  303.851
20.230  10.000  9.076  299.084
20.240  10.000  8.838  294.208
20.250  10.000  8.930  289.014
20.260  10.000  8.906  283.671
20.270  10.000  9.074  278.639
20.280  10.000  9.117  273.938
20.290  10.000  9.144  269.356
20.300  10.000  9.161  264.191
20.310  10.000  9.033  258.411
20.320  10.000  9.209  253.210
20.330  10.000  9.201  248.640
20.340  10.000  9.308  243.691
20.350  10.000  9.296  238.401
20.360  10.000  9.137  233.826
20.370  10.000  9.221  229.596
20.380  10.000  9.137  225.051
20.390  10.000  9.102  220.322
20.400  10.000  9.168  215.779
20.410  10.000  8.929  211.367
20.420  10.000  9.031  205.993
20.430  10.000  8.920  200.571
20.440  10.000  8.912  196.133
20.450  10.000  8.933  191.741
20.460  10.000  8.942  187.307
20.470  10.000  9.074  183.108
20.480  10.000  8.918  178.844
20.490  10.000  8.920  174.317
20.500  10.000  8.875  169.507
20.510  10.000  9.208  164.918
20.520  10.000  9.201  161.013
20.530  10.000  9.337  156.984
20.540  10.000  9.320  152.990
20.550  10.000  9.329  149.501
20.560  10.000  9.299  146.082
20.570  10.000  9.375  142.527
20.580  10.000  9.396  138.963
20.590  10.000  9.338  135.335
20.600  10.000  9.335  131.775
20.610  10.000  9.286  128.441
20.620  10.000  9.273  125.057
20.630  10.000  9.366  121.588
20.640  10.000  9.407  118.270
20.650  10.000  9.348  115.038
20.660  10.000  9.248  111.801
20.670  10.000  9.270  108.436
20.680  10.000  9.215  104.846
20.690  10.000  9.205  101.311
20.700  10.000  9.222  97.889
20.710  10.000  9.115  94.723
20.720  10.000  8.940  91.857
20.730  10.000  9.012  88.996
20.740  10.000  9.116  85.706
20.750  10.000  9.053  82.498
20.760  10.000  9.111  79.756
20.770  10.000  9.365  76.845
20.780  10.000  9.270  73.984
20.790  10.000  9.358  71.283
20.800  10.000  9.419  68.620
20.810  10.000  9.425  66.141
20.820  10.000  9.508  63.756
20.830  10.000  9.426  61.300
20.840  10.000  9.786  58.944
20.850  10.000  9.748  56.581
20.860  10.000  9.709  54.293
20.870  10.000  9.611  52.297
20.880  10.000  9.736  50.542
20.890  10.000  9.776  49.000
20.900  10.000  9.823  47.503
20.910  10.000  9.712  45.962
20.920  10.000  9.802  44.386
20.930  10.000  9.980  42.648
20.940  10.000  9.753  41.031
20.950  10.000  9.814  39.657
20.960  10.000  9.758  38.159
20.970  10.000  9.879  36.580
20.980  10.000  9.807  35.007
20.990  10.000  9.774  33.380
21.000  10.000  9.827  31.648
21.010  10.000  9.944  29.872
21.020  10.000  9.774  28.232
21.030  10.000  9.827  26.751
21.040  10.000  9.838  25.211
21.050  10.000  10.002  23.708
21.060  10.000  9.861  22.256
21.070  10.000  9.891  20.734
21.080  10.000  9.890  19.278
21.090  10.000  9.851  17.877
21.100  10.000  9.805  16.359
21.110  10.000  9.809  14.989
21.120  10.000  9.806  13.861
21.130  10.000  9.769  12.752
21.140  10.000  9.840  11.790
21.150  10.000  9.823  10.869
21.160  10.000  9.730  9.833
21.170  10.000  9.910  8.806
21.180  10.000  9.772  7.827
21.190  10.000  9.815  6.726
21.200  10.000  9.776  5.501
21.210  10.000  9.801  4.297
21.220  10.000  9.711  3.065
21.230  10.000  9.863  1.844
21.240  10.000  9.628  0.678
21.250  10.000  9.665  -0.491
21.260  10.000  9.689  -1.585
21.270  10.000  9.560  -2.616
21.280  10.000  9.635  -3.800
21.290  10.000  9.547  -5.030
21.300  10.000  9.580  -6.046
21.310  10.000  9.534  -6.893
21.320  10.000  9.456  -7.755
21.330  10.000  9.509  -8.734
21.340  10.000  9.559  -9.658
21.350  10.000  9.411  -10.340
21.360  10.000  9.588  -10.967
21.370  10.000  9.448  -11.625
21.380  10.000  9.487  -12.156
21.390  10.000  9.527  -12.594
21.400  10.000  9.592  -13.144
21.410  10.000  9.395  -13.742
21.420  10.000  9.821  -14.178
21.430  10.000  9.668  -14.528
21.440  10.000  9.738  -14.875
21.450  10.000  9.600  -15.127
21.460  10.000  9.701  -15.247
21.470  10.000  9.632  -15.323
21.480  10.000  9.723  -15.341
21.490  10.000  9.700  -15.189
21.500  10.000  9.799  -15.057
21.510  10.000  9.693  -14.958
21.520  10.000  9.724  -14.594
21.530  10.000  9.713  -13.924
21.540  10.000  9.799  -13.314
21.550  10.000  9.891  -12.839
21.560  10.000  9.855  -12.222
21.570  10.000  9.774  -11.568
21.580  10.000  9.759  -10.926
21.590  10.000  9.985  -10.260
21.600  10.000  9.978  -9.721
21.610  10.000  10.081  -9.197
21.620  10.000  9.842  -8.498
21.630  10.000  9.921  -7.843
21.640  10.000  10.133  -7.375
21.650  10.000  10.131  -6.948
21.660  10.000  9.992  -6.469
21.670  10.000  10.217  -6.074
21.680  10.000  10.122  -5.728
21.690  10.000  10.097  -5.531
21.700  10.000  10.191  -5.392
21.710  10.000  10.063  -4.978
21.720  10.000  10.095  -4.496
21.730  10.000  10.108  -3.996
21.740  10.000  10.126  -3.655
21.750  10.000  10.039  -3.387
21.760  10.000  10.000  -2.970
21.770  10.000  10.013  -2.525
21.780  10.000  9.890  -2.192
21.790  10.000  9.985  -1.875
21.800  10.000  10.119  -1.627
21.810  10.000  10.270  -1.576
21.820  10.000  10.216  -1.433
21.830  10.000  10.111  -1.200
21.840  10.000  10.111  -0.888
21.850  10.000  10.159  -0.509
21.860  10.000  10.185  -0.164
21.870  10.000  10.075  -0.032
21.880  10.000  10.116  0.021
21.890  10.000  10.017  0.081
21.900  10.000  10.023  0.052
21.910  10.000  10.093  0.103
21.920  10.000  9.993  0.193
21.930  10.000  10.219  0.273
21.940  10.000  10.089  0.374
21.950  10.000  10.230  0.427
21.960  10.000  10.001  0.395
21.970  10.000  9.932  0.474
21.980  10.000  9.944  0.537
21.990  10.000  10.169  0.324
22.000  10.000  10.125  0.077
22.010  10.000  10.014  -0.027
22.020  10.000  10.047  -0.197
22.030  10.000  9.969  -0.356
22.040  10.000  10.158  -0.437
22.050  10.000  9.904  -0.580
22.060  10.000  10.131  -0.891
22.070  10.000  10.026  -1.397
22.080  10.000  10.161  -1.924
22.090  10.000  9.863  -2.267
22.100  10.000  9.956  -2.531
22.110  10.000  9.960  -2.827
22.120  10.000  9.950  -3.064
22.130  10.000  10.090  -3.313
