# covent_pc_1
# Captured 2020-06-18 04:15:47.176245 by unknown user
# Built at revision abe75e4 (dirty)
time(sec)  pc_setpoint  pressure  volume
0.000  5.000  3.316  -85.987
0.010  5.000  3.305  -87.245
0.020  5.000  3.308  -88.293
0.030  5.000  3.344  -89.403
0.040  5.000  3.231  -90.565
0.050  5.000  3.208  -91.675
0.060  5.000  3.277  -92.718
0.070  5.000  3.261  -93.579
0.080  5.000  3.197  -94.460
0.090  5.000  3.324  -95.462
0.100  5.000  3.388  -96.071
0.110  5.000  3.318  -95.935
0.120  5.000  3.446  -95.562
0.130  5.000  3.357  -95.014
0.140  5.000  3.410  -93.945
0.150  5.000  3.559  -92.738
0.160  5.000  3.469  -91.378
0.170  5.000  3.647  -90.128
0.180  5.000  3.711  -89.435
0.190  5.000  3.654  -88.814
0.200  5.000  3.666  -87.928
0.210  5.000  3.796  -86.842
0.220  5.000  3.809  -85.350
0.230  5.000  3.922  -83.412
0.240  5.000  3.844  -81.282
0.250  5.000  4.134  -78.926
0.260  5.000  4.012  -76.086
0.270  5.000  4.360  -73.091
0.280  5.000  4.298  -70.398
0.290  5.000  4.515  -67.715
0.300  5.000  4.651  -64.954
0.310  5.000  4.673  -62.166
0.320  5.000  4.598  -59.313
0.330  5.000  4.833  -56.488
0.340  5.000  4.733  -53.761
0.350  5.000  4.869  -51.057
0.360  5.000  5.016  -48.155
0.370  5.000  4.961  -44.996
0.380  5.000  5.133  -41.977
0.390  5.000  4.956  -39.076
0.400  5.000  5.165  -35.996
0.410  5.000  5.295  -33.016
0.420  5.000  5.206  -30.295
0.430  5.000  5.453  -27.669
0.440  5.000  5.345  -24.938
0.450  5.000  5.343  -22.238
0.460  5.000  5.429  -19.651
0.470  5.000  5.518  -16.996
0.480  5.000  5.364  -14.262
0.490  5.000  5.494  -11.660
0.500  5.000  5.531  -9.241
0.510  5.000  5.594  -7.018
0.520  5.000  5.535  -5.131
0.530  5.000  5.667  -3.450
0.540  5.000  5.715  -1.792
0.550  5.000  5.586  -0.224
0.560  5.000  5.600  1.121
0.570  5.000  5.759  2.213
0.580  5.000  5.656  3.144
0.590  5.000  5.614  4.120
0.600  5.000  5.742  5.106
0.610  5.000  5.727  6.034
0.620  5.000  5.694  6.705
0.630  5.000  5.575  6.989
0.640  5.000  5.712  7.045
0.650  5.000  5.501  7.231
0.660  5.000  5.380  7.810
0.670  5.000  5.713  8.351
0.680  5.000  5.742  8.585
0.690  5.000  5.655  8.699
0.700  5.000  5.655  8.823
0.710  5.000  5.589  9.128
0.720  6.000  5.578  9.401
0.730  7.000  5.847  9.636
0.740  8.000  5.691  10.114
0.750  9.000  5.805  10.605
0.760  10.000  5.692  11.317
0.770  11.000  5.880  12.646
0.780  12.000  6.504  14.694
0.790  13.000  6.428  17.351
0.800  14.000  7.116  20.863
0.810  15.000  7.452  25.544
0.820  15.000  9.276  31.008
0.830  15.000  9.501  37.574
0.840  15.000  10.234  45.284
0.850  15.000  11.689  53.338
0.860  15.000  12.095  62.304
0.870  15.000  12.322  72.910
0.880  15.000  12.756  83.813
0.890  15.000  13.688  95.913
0.900  15.000  14.641  108.559
0.910  15.000  14.314  119.819
0.920  15.000  14.263  132.805
0.930  15.000  14.861  146.327
0.940  15.000  15.651  157.994
0.950  15.000  15.863  168.841
0.960  15.000  15.750  179.633
0.970  15.000  15.762  190.826
0.980  15.000  15.391  201.995
0.990  15.000  14.992  213.338
1.000  15.000  14.688  224.065
1.010  15.000  16.030  233.855
1.020  15.000  15.593  243.591
1.030  15.000  15.316  253.202
1.040  15.000  15.696  262.210
1.050  15.000  16.264  271.146
1.060  15.000  15.836  279.877
1.070  15.000  15.687  288.784
1.080  15.000  15.594  298.126
1.090  15.000  15.490  306.867
1.100  15.000  15.944  315.233
1.110  15.000  15.417  323.276
1.120  15.000  15.656  331.433
1.130  15.000  15.896  339.866
1.140  15.000  16.026  347.752
1.150  15.000  16.217  355.162
1.160  15.000  16.378  362.692
1.170  15.000  15.840  370.291
1.180  15.000  15.968  377.502
1.190  15.000  15.878  384.292
1.200  15.000  16.007  390.762
1.210  15.000  16.174  397.073
1.220  15.000  16.247  403.577
1.230  15.000  16.047  409.946
1.240  15.000  15.686  416.135
1.250  15.000  15.939  422.142
1.260  15.000  16.190  427.715
1.270  15.000  15.897  432.940
1.280  15.000  16.431  437.708
1.290  15.000  16.036  442.356
1.300  15.000  16.064  447.319
1.310  15.000  15.789  452.157
1.320  15.000  16.289  456.364
1.330  15.000  15.893  460.318
1.340  15.000  15.992  464.339
1.350  15.000  15.916  468.240
1.360  15.000  15.782  471.846
1.370  15.000  15.868  475.038
1.380  15.000  15.706  477.901
1.390  15.000  16.199  480.434
1.400  15.000  15.870  483.079
1.410  15.000  16.165  485.827
1.420  15.000  16.162  488.364
1.430  15.000  16.115  491.062
1.440  15.000  15.998  493.644
1.450  15.000  16.067  495.965
1.460  15.000  16.156  498.221
1.470  15.000  16.167  500.319
1.480  15.000  16.067  502.107
1.490  15.000  15.954  503.391
1.500  15.000  16.070  504.414
1.510  15.000  15.833  505.398
1.520  15.000  16.100  505.938
1.530  15.000  15.771  506.164
1.540  15.000  15.892  506.553
1.550  15.000  15.926  506.963
1.560  15.000  15.945  507.398
1.570  15.000  15.671  507.896
1.580  15.000  15.674  508.338
1.590  15.000  15.751  508.439
1.600  15.000  15.588  508.354
1.610  15.000  15.693  508.360
1.620  15.000  15.486  508.206
1.630  15.000  15.702  507.716
1.640  15.000  15.545  507.004
1.650  15.000  15.648  506.236
1.660  15.000  15.758  505.318
1.670  15.000  15.378  504.267
1.680  15.000  15.449  503.254
1.690  15.000  15.445  502.351
1.700  15.000  15.461  501.477
1.710  15.000  15.467  500.482
1.720  5.000  15.480  499.303
1.730  5.000  15.354  497.773
1.740  5.000  13.377  494.747
1.750  5.000  13.516  490.409
1.760  5.000  12.845  485.633
1.770  5.000  12.573  480.266
1.780  5.000  12.262  474.619
1.790  5.000  11.540  468.750
1.800  5.000  11.495  462.919
1.810  5.000  10.918  456.725
1.820  5.000  10.602  450.227
1.830  5.000  10.703  443.365
1.840  5.000  10.122  436.564
1.850  5.000  10.008  430.395
1.860  5.000  9.808  424.277
1.870  5.000  9.725  418.375
1.880  5.000  9.582  412.532
1.890  5.000  9.556  406.647
1.900  5.000  9.613  399.996
1.910  5.000  9.512  392.610
1.920  5.000  9.338  385.296
1.930  5.000  9.247  377.997
1.940  5.000  9.239  371.225
1.950  5.000  9.109  364.475
1.960  5.000  8.824  357.446
1.970  5.000  8.862  351.132
1.980  5.000  9.014  344.560
1.990  5.000  8.930  338.055
2.000  5.000  8.666  332.288
2.010  5.000  8.727  326.557
2.020  5.000  8.617  320.526
2.030  5.000  8.618  314.397
2.040  5.000  8.293  308.284
2.050  5.000  8.298  302.335
2.060  5.000  8.121  296.735
2.070  5.000  8.033  290.406
2.080  5.000  8.029  284.111
2.090  5.000  7.924  278.082
2.100  5.000  7.815  272.015
2.110  5.000  7.636  266.327
2.120  5.000  7.734  260.788
2.130  5.000  7.669  255.437
2.140  5.000  7.607  250.098
2.150  5.000  7.533  244.002
2.160  5.000  7.318  237.848
2.170  5.000  7.172  232.467
2.180  5.000  7.134  227.165
2.190  5.000  7.070  222.003
2.200  5.000  6.976  217.043
2.210  5.000  6.846  211.839
2.220  5.000  6.829  206.485
2.230  5.000  6.752  200.954
2.240  5.000  6.695  195.420
2.250  5.000  6.667  190.288
2.260  5.000  6.761  185.148
2.270  5.000  6.494  179.656
2.280  5.000  6.536  174.253
2.290  5.000  6.294  169.149
2.300  5.000  6.073  163.616
2.310  5.000  6.062  158.035
2.320  5.000  6.107  152.899
2.330  5.000  6.070  148.062
2.340  5.000  5.934  142.765
2.350  5.000  5.844  137.319
2.360  5.000  5.881  132.270
2.370  5.000  5.930  126.791
2.380  5.000  5.831  121.530
2.390  5.000  5.699  116.811
2.400  5.000  5.518  112.281
2.410  5.000  5.472  107.963
2.420  5.000  5.355  103.579
2.430  5.000  5.347  98.644
2.440  5.000  5.220  93.591
2.450  5.000  5.192  88.576
2.460  5.000  5.139  83.650
2.470  5.000  5.081  78.886
2.480  5.000  5.050  73.667
2.490  5.000  4.939  68.752
2.500  5.000  4.913  64.374
2.510  5.000  4.750  59.732
2.520  5.000  4.744  54.610
2.530  5.000  4.724  49.812
2.540  5.000  4.624  45.184
2.550  5.000  4.636  40.521
2.560  5.000  4.550  35.919
2.570  5.000  4.544  31.429
2.580  5.000  4.499  27.044
2.590  5.000  4.419  22.847
2.600  5.000  4.428  18.638
2.610  5.000  4.295  14.220
2.620  5.000  4.301  10.147
2.630  5.000  4.272  5.761
2.640  5.000  4.272  1.509
2.650  5.000  4.225  -2.258
2.660  5.000  4.101  -6.497
2.670  5.000  4.052  -11.136
2.680  5.000  4.062  -15.066
2.690  5.000  3.976  -18.598
2.700  5.000  3.892  -22.771
2.710  5.000  3.870  -26.964
2.720  5.000  3.857  -30.603
2.730  5.000  3.857  -34.476
2.740  5.000  3.826  -38.731
2.750  5.000  3.826  -42.535
2.760  5.000  3.777  -45.956
2.770  5.000  3.755  -49.367
2.780  5.000  3.718  -52.810
2.790  5.000  3.660  -56.498
2.800  5.000  3.615  -60.571
2.810  5.000  3.627  -64.315
2.820  5.000  3.501  -67.373
2.830  5.000  3.537  -70.426
2.840  5.000  3.476  -73.546
2.850  5.000  3.434  -76.519
2.860  5.000  3.441  -79.362
2.870  5.000  3.400  -82.220
2.880  5.000  3.453  -85.091
2.890  5.000  3.440  -87.964
2.900  5.000  3.374  -90.670
2.910  5.000  3.384  -92.980
2.920  5.000  3.275  -95.276
2.930  5.000  3.232  -97.565
2.940  5.000  3.317  -99.754
2.950  5.000  3.287  -101.994
2.960  5.000  3.263  -104.253
2.970  5.000  3.299  -106.580
2.980  5.000  3.358  -108.935
2.990  5.000  3.292  -110.972
3.000  5.000  3.370  -112.573
3.010  5.000  3.304  -114.032
3.020  5.000  3.256  -115.565
3.030  5.000  3.283  -116.985
3.040  5.000  3.299  -118.327
3.050  5.000  3.260  -119.682
3.060  5.000  3.239  -120.946
3.070  5.000  3.192  -122.240
3.080  5.000  3.338  -123.638
3.090  5.000  3.322  -124.723
3.100  5.000  3.338  -125.436
3.110  5.000  3.410  -126.059
3.120  5.000  3.482  -126.391
3.130  5.000  3.350  -126.185
3.140  5.000  3.499  -125.630
3.150  5.000  3.518  -124.811
3.160  5.000  3.471  -123.494
3.170  5.000  3.534  -122.052
3.180  5.000  3.470  -120.908
3.190  5.000  3.582  -119.950
3.200  5.000  3.519  -118.682
3.210  5.000  3.602  -117.028
3.220  5.000  3.658  -115.347
3.230  5.000  3.799  -113.512
3.240  5.000  3.840  -111.738
3.250  5.000  4.101  -110.059
3.260  5.000  4.081  -108.020
3.270  5.000  4.015  -105.604
3.280  5.000  4.180  -102.896
3.290  5.000  4.508  -100.247
3.300  5.000  4.434  -97.776
3.310  5.000  4.602  -95.110
3.320  5.000  4.704  -92.355
3.330  5.000  4.756  -89.742
3.340  5.000  4.657  -86.786
3.350  5.000  4.846  -83.573
3.360  5.000  5.064  -80.674
3.370  5.000  4.945  -77.872
3.380  5.000  4.884  -75.103
3.390  5.000  4.852  -72.382
3.400  5.000  5.090  -69.755
3.410  5.000  5.091  -67.014
3.420  5.000  5.118  -63.924
3.430  5.000  5.253  -61.007
3.440  5.000  5.413  -58.578
3.450  5.000  5.483  -56.442
3.460  5.000  5.267  -54.207
3.470  5.000  5.559  -51.804
3.480  5.000  5.494  -49.434
3.490  5.000  5.267  -47.053
3.500  5.000  5.543  -44.755
3.510  5.000  5.572  -42.639
3.520  5.000  5.622  -40.667
3.530  5.000  5.506  -38.629
3.540  5.000  5.533  -36.574
3.550  5.000  5.476  -34.689
3.560  5.000  5.607  -32.903
3.570  5.000  5.630  -31.597
3.580  5.000  5.646  -30.909
3.590  5.000  5.565  -30.378
3.600  5.000  5.464  -29.530
3.610  5.000  5.680  -28.556
3.620  5.000  5.515  -27.511
3.630  5.000  5.571  -26.393
3.640  5.000  5.682  -25.780
3.650  5.000  5.552  -25.423
3.660  5.000  5.528  -25.002
3.670  5.000  5.716  -24.816
3.680  5.000  5.631  -24.725
3.690  5.000  5.716  -24.660
3.700  5.000  5.749  -24.705
3.710  5.000  5.673  -24.613
3.720  5.000  5.701  -24.518
3.730  6.000  5.707  -24.353
3.740  7.000  5.593  -23.682
3.750  8.000  5.764  -23.037
3.760  9.000  5.557  -22.624
3.770  10.000  5.859  -21.870
3.780  11.000  6.103  -20.193
3.790  12.000  6.607  -17.803
3.800  13.000  6.346  -14.843
3.810  14.000  7.125  -10.865
3.820  15.000  7.557  -6.012
3.830  15.000  9.356  -0.066
3.840  15.000  9.229  7.418
3.850  15.000  9.479  16.052
3.860  15.000  11.398  24.940
3.870  15.000  12.378  33.791
3.880  15.000  12.498  44.790
3.890  15.000  12.936  57.164
3.900  15.000  13.748  68.576
3.910  15.000  14.761  81.455
3.920  15.000  15.049  93.981
3.930  15.000  15.071  104.586
3.940  15.000  14.963  116.047
3.950  15.000  14.679  127.922
3.960  15.000  15.117  140.016
3.970  15.000  15.188  152.643
3.980  15.000  15.198  164.773
3.990  15.000  16.050  176.172
4.000  15.000  15.738  187.387
4.010  15.000  16.404  197.757
4.020  15.000  15.085  207.399
4.030  15.000  15.747  217.573
4.040  15.000  15.282  227.872
4.050  15.000  15.500  237.871
4.060  15.000  15.102  247.330
4.070  15.000  15.539  256.364
4.080  15.000  15.404  265.763
4.090  15.000  15.740  275.113
4.100  15.000  15.750  284.234
4.110  15.000  15.928  293.649
4.120  15.000  15.981  303.041
4.130  15.000  15.906  311.659
4.140  15.000  15.961  319.806
4.150  15.000  16.447  327.644
4.160  15.000  16.167  335.397
4.170  15.000  16.367  343.085
4.180  15.000  16.010  350.975
4.190  15.000  16.344  358.598
4.200  15.000  16.083  365.408
4.210  15.000  16.118  372.259
4.220  15.000  16.319  379.127
4.230  15.000  15.943  385.928
4.240  15.000  16.412  392.199
4.250  15.000  15.593  398.063
4.260  15.000  15.792  403.838
4.270  15.000  15.687  409.507
4.280  15.000  16.136  414.973
4.290  15.000  15.837  420.246
4.300  15.000  16.170  425.542
4.310  15.000  15.917  430.709
4.320  15.000  15.841  435.788
4.330  15.000  16.077  440.589
4.340  15.000  16.125  445.009
4.350  15.000  16.142  449.148
4.360  15.000  15.966  452.963
4.370  15.000  15.813  456.579
4.380  15.000  15.852  459.997
4.390  15.000  15.896  463.145
4.400  15.000  15.878  466.070
4.410  15.000  15.965  469.059
4.420  15.000  16.009  472.128
4.430  15.000  16.304  475.109
4.440  15.000  15.820  478.187
4.450  15.000  15.921  481.195
4.460  15.000  16.270  483.668
4.470  15.000  16.010  485.946
4.480  15.000  16.128  488.178
4.490  15.000  15.946  490.176
4.500  15.000  16.061  491.911
4.510  15.000  16.161  493.082
4.520  15.000  15.812  493.897
4.530  15.000  15.972  494.528
4.540  15.000  15.931  495.031
4.550  15.000  15.739  495.679
4.560  15.000  15.929  496.468
4.570  15.000  15.556  497.361
4.580  15.000  16.012  498.266
4.590  15.000  15.835  499.035
4.600  15.000  15.775  499.549
4.610  15.000  15.783  499.921
4.620  15.000  15.817  500.220
4.630  15.000  15.702  500.257
4.640  15.000  15.567  500.029
4.650  15.000  15.546  499.805
4.660  15.000  15.572  499.367
4.670  15.000  15.559  498.711
4.680  15.000  15.712  498.102
4.690  15.000  15.635  497.251
4.700  15.000  15.312  496.165
4.710  15.000  15.253  495.067
4.720  15.000  15.302  493.890
4.730  5.000  15.366  492.694
4.740  5.000  15.286  491.333
4.750  5.000  13.398  488.668
4.760  5.000  13.490  484.687
4.770  5.000  12.631  480.323
4.780  5.000  12.375  475.253
4.790  5.000  12.335  469.730
4.800  5.000  11.605  464.255
4.810  5.000  11.183  458.190
4.820  5.000  10.925  451.627
4.830  5.000  10.610  445.540
4.840  5.000  10.532  439.779
4.850  5.000  10.203  433.706
4.860  5.000  10.015  427.335
4.870  5.000  10.030  421.190
4.880  5.000  9.752  415.443
4.890  5.000  9.874  409.411
4.900  5.000  9.976  402.619
4.910  5.000  9.910  395.864
4.920  5.000  9.655  390.009
4.930  5.000  9.497  384.527
4.940  5.000  9.386  378.189
4.950  5.000  9.252  371.707
4.960  5.000  9.102  365.082
4.970  5.000  9.054  357.877
4.980  5.000  9.055  350.989
4.990  5.000  9.029  344.096
5.000  5.000  8.783  337.098
5.010  5.000  8.727  330.863
5.020  5.000  8.495  325.365
5.030  5.000  8.403  319.946
5.040  5.000  8.330  314.423
5.050  5.000  8.294  308.279
5.060  5.000  8.188  302.214
5.070  5.000  8.077  296.956
5.080  5.000  8.088  291.343
5.090  5.000  7.829  285.826
5.100  5.000  7.945  280.794
5.110  5.000  7.736  275.074
5.120  5.000  7.700  269.312
5.130  5.000  7.607  263.883
5.140  5.000  7.517  258.705
5.150  5.000  7.516  253.683
5.160  5.000  7.413  248.530
5.170  5.000  7.314  242.905
5.180  5.000  7.499  237.271
5.190  5.000  7.238  232.118
5.200  5.000  7.266  227.207
5.210  5.000  7.040  221.811
5.220  5.000  6.972  215.825
5.230  5.000  6.815  209.968
5.240  5.000  6.702  204.105
5.250  5.000  6.572  198.680
5.260  5.000  6.562  193.936
5.270  5.000  6.517  189.325
5.280  5.000  6.344  184.723
5.290  5.000  6.307  180.057
5.300  5.000  6.362  175.176
5.310  5.000  6.193  170.056
5.320  5.000  6.092  164.485
5.330  5.000  6.092  158.849
5.340  5.000  5.958  153.885
5.350  5.000  5.972  149.300
5.360  5.000  5.889  144.563
5.370  5.000  5.810  139.881
5.380  5.000  5.760  135.289
5.390  5.000  5.651  130.870
5.400  5.000  5.609  126.165
5.410  5.000  5.598  121.476
5.420  5.000  5.428  117.320
5.430  5.000  5.404  113.160
5.440  5.000  5.296  109.034
5.450  5.000  5.216  104.548
5.460  5.000  5.179  99.696
5.470  5.000  5.129  95.123
5.480  5.000  5.028  90.831
5.490  5.000  5.019  86.297
5.500  5.000  4.975  81.820
5.510  5.000  4.912  77.618
5.520  5.000  4.894  73.412
5.530  5.000  4.809  69.317
5.540  5.000  4.739  65.133
5.550  5.000  4.588  60.965
5.560  5.000  4.608  56.487
5.570  5.000  4.549  51.561
5.580  5.000  4.508  47.173
5.590  5.000  4.447  42.868
5.600  5.000  4.425  38.580
5.610  5.000  4.390  34.716
5.620  5.000  4.319  30.835
5.630  5.000  4.348  27.175
5.640  5.000  4.232  23.554
5.650  5.000  4.061  19.403
5.660  5.000  4.121  14.946
5.670  5.000  4.079  10.861
5.680  5.000  3.987  6.987
5.690  5.000  4.001  3.441
5.700  5.000  3.959  0.136
5.710  5.000  3.897  -3.222
5.720  5.000  3.887  -6.407
5.730  5.000  3.866  -9.494
5.740  5.000  3.790  -12.683
5.750  5.000  3.857  -16.429
5.760  5.000  3.856  -20.262
5.770  5.000  3.778  -23.958
5.780  5.000  3.754  -27.750
5.790  5.000  3.661  -31.169
5.800  5.000  3.670  -34.528
5.810  5.000  3.572  -37.779
5.820  5.000  3.523  -40.722
5.830  5.000  3.579  -43.659
5.840  5.000  3.458  -46.580
5.850  5.000  3.474  -49.351
5.860  5.000  3.490  -51.899
5.870  5.000  3.465  -54.402
5.880  5.000  3.453  -56.974
5.890  5.000  3.489  -59.515
5.900  5.000  3.453  -61.934
5.910  5.000  3.400  -64.293
5.920  5.000  3.339  -66.978
5.930  5.000  3.369  -69.697
5.940  5.000  3.260  -72.166
5.950  5.000  3.306  -74.766
5.960  5.000  3.293  -77.346
5.970  5.000  3.274  -79.627
5.980  5.000  3.256  -81.643
5.990  5.000  3.305  -83.618
6.000  5.000  3.341  -85.590
6.010  5.000  3.281  -87.377
6.020  5.000  3.413  -88.918
6.030  5.000  3.322  -90.144
6.040  5.000  3.280  -91.224
6.050  5.000  3.199  -92.476
6.060  5.000  3.267  -93.705
6.070  5.000  3.247  -94.798
6.080  5.000  3.211  -95.870
6.090  5.000  3.320  -96.863
6.100  5.000  3.251  -97.691
6.110  5.000  3.305  -98.302
6.120  5.000  3.330  -98.461
6.130  5.000  3.371  -98.041
6.140  5.000  3.492  -97.418
6.150  5.000  3.446  -96.616
6.160  5.000  3.371  -95.475
6.170  5.000  3.456  -94.342
6.180  5.000  3.334  -93.075
6.190  5.000  3.495  -91.537
6.200  5.000  3.637  -90.105
6.210  5.000  3.760  -88.653
6.220  5.000  3.701  -87.121
6.230  5.000  3.682  -85.606
6.240  5.000  3.611  -83.917
6.250  5.000  3.846  -81.793
6.260  5.000  3.919  -79.311
6.270  5.000  4.214  -76.766
6.280  5.000  4.151  -74.192
6.290  5.000  4.241  -71.509
6.300  5.000  4.482  -68.867
6.310  5.000  4.572  -66.272
6.320  5.000  4.450  -63.248
6.330  5.000  4.679  -59.814
6.340  5.000  4.768  -56.605
6.350  5.000  4.786  -53.473
6.360  5.000  4.768  -50.361
6.370  5.000  4.996  -47.548
6.380  5.000  4.973  -44.929
6.390  5.000  5.010  -42.278
6.400  5.000  5.092  -39.363
6.410  5.000  5.096  -36.084
6.420  5.000  4.945  -32.801
6.430  5.000  5.013  -29.785
6.440  5.000  5.330  -27.092
6.450  5.000  5.239  -24.444
6.460  5.000  5.385  -21.711
6.470  5.000  5.347  -19.228
6.480  5.000  5.558  -16.911
6.490  5.000  5.599  -14.550
6.500  5.000  5.447  -11.884
6.510  5.000  5.687  -9.207
6.520  5.000  5.484  -6.768
6.530  5.000  5.568  -4.430
6.540  5.000  5.676  -2.305
6.550  5.000  5.604  -0.324
6.560  5.000  5.596  1.741
6.570  5.000  5.379  3.806
6.580  5.000  5.675  5.488
6.590  5.000  5.568  6.918
6.600  5.000  5.499  8.459
6.610  5.000  5.574  10.115
6.620  5.000  5.600  11.825
6.630  5.000  5.462  13.430
6.640  5.000  5.613  14.572
6.650  5.000  5.713  15.220
6.660  5.000  5.574  15.731
6.670  5.000  5.589  16.144
6.680  5.000  5.686  16.409
6.690  5.000  5.666  16.472
6.700  5.000  5.771  16.711
6.710  5.000  5.791  17.337
6.720  5.000  5.645  17.991
6.730  5.000  5.645  18.665
6.740  6.000  5.530  19.351
6.750  7.000  5.746  19.571
6.760  8.000  5.641  19.503
6.770  9.000  5.725  19.577
6.780  10.000  5.761  20.268
6.790  11.000  6.270  21.715
6.800  12.000  6.637  23.703
6.810  13.000  6.607  26.471
6.820  14.000  7.112  30.245
6.830  15.000  7.534  34.668
6.840  15.000  8.997  39.811
6.850  15.000  9.605  46.731
6.860  15.000  10.009  54.787
6.870  15.000  11.480  63.174
6.880  15.000  11.673  72.245
6.890  15.000  12.869  82.568
6.900  15.000  13.721  93.036
6.910  15.000  13.831  103.170
6.920  15.000  13.896  113.848
6.930  15.000  14.582  124.419
6.940  15.000  15.439  135.214
6.950  15.000  15.759  146.540
6.960  15.000  15.241  157.427
6.970  15.000  15.370  167.875
6.980  15.000  15.140  178.153
6.990  15.000  14.485  188.228
7.000  15.000  14.808  199.045
7.010  15.000  15.639  210.036
7.020  15.000  15.251  220.909
7.030  15.000  15.161  232.953
7.040  15.000  15.239  244.324
7.050  15.000  15.162  254.429
7.060  15.000  15.659  264.471
7.070  15.000  16.006  274.422
7.080  15.000  15.144  284.531
7.090  15.000  15.546  293.780
7.100  15.000  16.182  302.600
7.110  15.000  16.036  311.954
7.120  15.000  15.850  321.685
7.130  15.000  16.134  330.976
7.140  15.000  15.709  339.643
7.150  15.000  15.809  348.060
7.160  15.000  16.037  356.218
7.170  15.000  16.174  364.055
7.180  15.000  16.031  371.524
7.190  15.000  16.071  378.953
7.200  15.000  16.208  385.987
7.210  15.000  16.148  392.820
7.220  15.000  16.243  399.528
7.230  15.000  16.060  406.410
7.240  15.000  16.227  413.341
7.250  15.000  16.368  419.688
7.260  15.000  16.162  425.802
7.270  15.000  16.152  431.477
7.280  15.000  16.162  436.493
7.290  15.000  15.906  441.402
7.300  15.000  16.313  446.204
7.310  15.000  16.153  451.100
7.320  15.000  15.897  456.123
7.330  15.000  16.044  460.750
7.340  15.000  15.880  465.126
7.350  15.000  15.734  469.352
7.360  15.000  16.110  473.163
7.370  15.000  15.966  476.525
7.380  15.000  16.028  479.611
7.390  15.000  15.988  482.410
7.400  15.000  15.915  485.048
7.410  15.000  15.890  487.729
7.420  15.000  15.912  490.462
7.430  15.000  15.873  493.231
7.440  15.000  15.721  495.828
7.450  15.000  16.038  498.194
7.460  15.000  16.173  500.526
7.470  15.000  16.048  502.867
7.480  15.000  16.539  504.892
7.490  15.000  16.303  506.535
7.500  15.000  15.847  508.014
7.510  15.000  15.933  509.241
7.520  15.000  15.941  510.143
7.530  15.000  15.827  510.770
7.540  15.000  16.119  511.205
7.550  15.000  15.939  511.646
7.560  15.000  15.824  512.075
7.570  15.000  15.812  512.482
7.580  15.000  15.844  512.918
7.590  15.000  15.761  513.285
7.600  15.000  15.861  513.363
7.610  15.000  15.504  513.189
7.620  15.000  15.864  513.006
7.630  15.000  15.509  512.792
7.640  15.000  15.871  512.326
7.650  15.000  15.407  511.602
7.660  15.000  15.662  510.854
7.670  15.000  15.593  510.026
7.680  15.000  15.500  509.075
7.690  15.000  15.379  507.993
7.700  15.000  15.444  506.864
7.710  15.000  15.387  505.765
7.720  15.000  15.490  504.474
7.730  15.000  15.431  503.094
7.740  5.000  15.190  501.627
7.750  5.000  15.223  499.861
7.760  5.000  13.436  496.806
7.770  5.000  13.355  492.455
7.780  5.000  12.605  487.926
7.790  5.000  12.365  482.904
7.800  5.000  12.162  477.212
7.810  5.000  11.584  471.347
7.820  5.000  11.387  465.462
7.830  5.000  11.035  458.967
7.840  5.000  10.643  451.980
7.850  5.000  10.326  445.389
7.860  5.000  10.275  438.585
7.870  5.000  10.062  431.307
7.880  5.000  10.070  424.578
7.890  5.000  9.958  417.695
7.900  5.000  9.932  410.922
7.910  5.000  9.890  404.889
7.920  5.000  9.785  398.334
7.930  5.000  9.625  391.744
7.940  5.000  9.407  385.148
7.950  5.000  9.170  378.274
7.960  5.000  9.099  372.024
7.970  5.000  8.843  366.264
7.980  5.000  8.941  360.828
7.990  5.000  8.906  355.616
8.000  5.000  8.746  350.084
8.010  5.000  8.622  344.253
8.020  5.000  8.636  338.326
8.030  5.000  8.529  332.326
8.040  5.000  8.453  326.616
8.050  5.000  8.317  320.855
8.060  5.000  8.265  315.060
8.070  5.000  8.120  309.567
8.080  5.000  8.208  303.535
8.090  5.000  7.998  297.375
8.100  5.000  7.941  291.515
8.110  5.000  7.874  285.161
8.120  5.000  7.651  278.649
8.130  5.000  7.584  272.236
8.140  5.000  7.527  266.304
8.150  5.000  7.464  260.909
8.160  5.000  7.411  255.655
8.170  5.000  7.360  250.092
8.180  5.000  7.167  244.543
8.190  5.000  7.085  238.974
8.200  5.000  7.039  232.799
8.210  5.000  7.153  226.994
8.220  5.000  6.884  221.904
8.230  5.000  6.937  217.062
8.240  5.000  6.750  212.144
8.250  5.000  6.780  207.058
8.260  5.000  6.568  201.871
8.270  5.000  6.642  196.947
8.280  5.000  6.492  192.303
8.290  5.000  6.392  187.755
8.300  5.000  6.360  182.735
8.310  5.000  6.325  177.651
8.320  5.000  6.249  172.869
8.330  5.000  6.151  167.758
8.340  5.000  6.101  162.733
8.350  5.000  6.018  157.544
8.360  5.000  5.973  152.305
8.370  5.000  5.837  147.511
8.380  5.000  5.821  142.851
8.390  5.000  5.618  138.385
8.400  5.000  5.631  133.949
8.410  5.000  5.615  129.248
8.420  5.000  5.531  124.504
8.430  5.000  5.511  119.869
8.440  5.000  5.363  114.862
8.450  5.000  5.326  109.955
8.460  5.000  5.237  105.207
8.470  5.000  5.238  100.537
8.480  5.000  5.245  96.095
8.490  5.000  5.121  91.173
8.500  5.000  5.027  86.410
8.510  5.000  4.909  82.023
8.520  5.000  4.948  77.550
8.530  5.000  4.835  73.185
8.540  5.000  4.768  69.031
8.550  5.000  4.725  64.411
8.560  5.000  4.650  59.723
8.570  5.000  4.612  55.632
8.580  5.000  4.546  51.304
8.590  5.000  4.485  46.980
8.600  5.000  4.470  43.122
8.610  5.000  4.414  39.337
8.620  5.000  4.409  34.948
8.630  5.000  4.400  30.543
8.640  5.000  4.293  26.815
8.650  5.000  4.313  22.995
8.660  5.000  4.176  19.204
8.670  5.000  4.201  15.715
8.680  5.000  4.066  12.135
8.690  5.000  3.967  8.376
8.700  5.000  3.984  4.255
8.710  5.000  3.880  0.222
8.720  5.000  3.902  -3.462
8.730  5.000  3.900  -7.387
8.740  5.000  3.829  -11.122
8.750  5.000  3.863  -14.548
8.760  5.000  3.848  -17.779
8.770  5.000  3.843  -20.925
8.780  5.000  3.772  -24.364
8.790  5.000  3.688  -27.802
8.800  5.000  3.703  -31.044
8.810  5.000  3.684  -34.177
8.820  5.000  3.544  -37.252
8.830  5.000  3.529  -40.317
8.840  5.000  3.512  -43.471
8.850  5.000  3.484  -46.626
8.860  5.000  3.513  -49.666
8.870  5.000  3.486  -52.580
8.880  5.000  3.447  -55.414
8.890  5.000  3.460  -58.189
8.900  5.000  3.447  -60.863
8.910  5.000  3.450  -63.508
8.920  5.000  3.335  -66.086
8.930  5.000  3.416  -68.501
8.940  5.000  3.361  -70.941
8.950  5.000  3.254  -73.477
8.960  5.000  3.291  -75.804
8.970  5.000  3.317  -77.991
8.980  5.000  3.249  -80.153
8.990  5.000  3.254  -82.246
9.000  5.000  3.370  -84.367
9.010  5.000  3.309  -86.454
9.020  5.000  3.281  -88.313
9.030  5.000  3.339  -89.949
9.040  5.000  3.359  -91.506
9.050  5.000  3.317  -92.968
9.060  5.000  3.306  -94.303
9.070  5.000  3.231  -95.541
9.080  5.000  3.268  -96.829
9.090  5.000  3.204  -98.198
9.100  5.000  3.254  -99.544
9.110  5.000  3.266  -100.676
9.120  5.000  3.345  -101.613
9.130  5.000  3.261  -102.298
9.140  5.000  3.425  -102.421
9.150  5.000  3.355  -101.927
9.160  5.000  3.420  -100.983
9.170  5.000  3.515  -100.052
9.180  5.000  3.426  -99.407
9.190  5.000  3.480  -98.664
9.200  5.000  3.368  -97.574
9.210  5.000  3.444  -96.366
9.220  5.000  3.529  -95.074
9.230  5.000  3.486  -93.532
9.240  5.000  3.783  -91.949
9.250  5.000  3.855  -90.148
9.260  5.000  3.983  -88.118
9.270  5.000  4.028  -85.900
9.280  5.000  4.063  -83.343
9.290  5.000  4.179  -81.039
9.300  5.000  4.297  -78.589
9.310  5.000  4.254  -75.618
9.320  5.000  4.435  -72.719
9.330  5.000  4.534  -69.950
9.340  5.000  4.497  -66.818
9.350  5.000  4.498  -63.579
9.360  5.000  4.789  -60.811
9.370  5.000  4.722  -58.135
9.380  5.000  4.877  -55.238
9.390  5.000  4.909  -52.259
9.400  5.000  4.968  -49.406
9.410  5.000  5.044  -46.907
9.420  5.000  5.092  -44.485
9.430  5.000  5.092  -41.974
9.440  5.000  5.174  -39.282
9.450  5.000  5.203  -36.725
9.460  5.000  5.236  -34.366
9.470  5.000  5.448  -31.922
9.480  5.000  5.317  -29.408
9.490  5.000  5.370  -26.699
9.500  5.000  5.528  -23.938
9.510  5.000  5.608  -21.463
9.520  5.000  5.470  -19.198
9.530  5.000  5.620  -16.714
9.540  5.000  5.731  -14.197
9.550  5.000  5.632  -12.039
9.560  5.000  5.618  -10.260
9.570  5.000  5.716  -8.659
9.580  5.000  5.706  -7.314
9.590  5.000  5.688  -6.190
9.600  5.000  5.818  -5.150
9.610  5.000  5.621  -4.058
9.620  5.000  5.699  -3.112
9.630  5.000  5.601  -2.402
9.640  5.000  5.622  -1.523
9.650  5.000  5.667  -0.586
9.660  5.000  5.589  -0.025
9.670  5.000  5.793  0.143
9.680  5.000  5.706  0.159
9.690  5.000  5.667  0.170
9.700  5.000  5.773  0.278
9.710  5.000  5.699  0.615
9.720  5.000  5.613  1.085
9.730  5.000  5.674  1.339
9.740  5.000  5.670  1.239
9.750  6.000  5.584  1.104
9.760  7.000  5.813  1.235
9.770  8.000  5.765  1.553
9.780  9.000  5.612  2.120
9.790  10.000  5.777  2.873
9.800  11.000  6.114  4.114
9.810  12.000  6.451  6.182
9.820  13.000  6.419  9.031
9.830  14.000  7.081  12.930
9.840  15.000  7.388  17.827
9.850  15.000  9.265  23.637
9.860  15.000  9.062  30.722
9.870  15.000  9.841  39.128
9.880  15.000  11.882  48.049
9.890  15.000  12.362  57.450
9.900  15.000  12.978  67.017
9.910  15.000  13.130  76.613
9.920  15.000  13.926  86.820
9.930  15.000  14.420  97.746
9.940  15.000  14.652  109.498
9.950  15.000  14.678  121.085
9.960  15.000  14.440  132.603
9.970  15.000  15.010  144.733
9.980  15.000  14.936  158.087
9.990  15.000  15.567  172.445
10.000  15.000  15.730  185.151
10.010  15.000  15.385  197.222
10.020  15.000  15.423  208.757
10.030  15.000  15.907  218.874
10.040  15.000  15.376  231.014
10.050  15.000  15.588  242.848
10.060  15.000  15.531  252.443
10.070  15.000  14.900  261.940
10.080  15.000  15.899  270.989
10.090  15.000  15.572  280.483
10.100  15.000  16.027  289.984
10.110  15.000  15.666  298.677
10.120  15.000  15.913  307.588
10.130  15.000  15.975  316.999
10.140  15.000  15.756  326.482
10.150  15.000  15.616  335.170
10.160  15.000  16.378  343.202
10.170  15.000  16.178  351.122
10.180  15.000  15.865  359.050
10.190  15.000  16.004  366.762
10.200  15.000  15.883  374.452
10.210  15.000  15.878  381.815
10.220  15.000  15.918  388.419
10.230  15.000  16.099  394.828
10.240  15.000  15.906  401.730
10.250  15.000  16.047  408.999
10.260  15.000  16.109  415.907
10.270  15.000  16.444  422.141
10.280  15.000  15.962  427.862
10.290  15.000  15.727  433.508
10.300  15.000  15.988  439.108
10.310  15.000  16.141  444.491
10.320  15.000  15.902  449.835
10.330  15.000  16.225  455.015
10.340  15.000  15.760  460.210
10.350  15.000  16.213  465.291
10.360  15.000  16.155  470.007
10.370  15.000  16.156  474.261
10.380  15.000  16.101  477.881
10.390  15.000  15.869  481.261
10.400  15.000  15.947  484.277
10.410  15.000  15.553  486.982
10.420  15.000  16.015  489.461
10.430  15.000  15.841  491.900
10.440  15.000  16.178  494.471
10.450  15.000  15.869  497.245
10.460  15.000  16.314  499.946
10.470  15.000  16.216  502.400
10.480  15.000  16.187  504.759
10.490  15.000  15.907  506.913
10.500  15.000  16.107  508.826
10.510  15.000  16.225  510.392
10.520  15.000  16.304  511.684
10.530  15.000  16.302  512.677
10.540  15.000  15.953  513.372
10.550  15.000  15.986  514.047
10.560  15.000  15.947  514.751
10.570  15.000  16.089  515.258
10.580  15.000  15.893  515.534
10.590  15.000  15.841  515.715
10.600  15.000  16.035  515.828
10.610  15.000  15.835  516.029
10.620  15.000  15.865  516.079
10.630  15.000  15.883  515.707
10.640  15.000  15.806  515.236
10.650  15.000  15.508  514.783
10.660  15.000  15.272  514.266
10.670  15.000  15.432  513.732
10.680  15.000  15.309  513.176
10.690  15.000  15.154  512.376
10.700  15.000  15.531  511.293
10.710  15.000  15.180  510.248
10.720  15.000  15.404  509.220
10.730  15.000  15.467  507.869
10.740  15.000  15.286  506.254
10.750  5.000  15.215  504.663
10.760  5.000  15.101  502.821
10.770  5.000  13.353  499.727
10.780  5.000  13.404  495.539
10.790  5.000  12.814  490.884
10.800  5.000  12.384  485.695
10.810  5.000  12.394  479.610
10.820  5.000  11.936  473.439
10.830  5.000  11.371  467.307
10.840  5.000  10.981  461.046
10.850  5.000  10.739  454.594
10.860  5.000  10.528  447.928
10.870  5.000  10.007  441.721
10.880  5.000  9.849  435.055
10.890  5.000  9.917  428.576
10.900  5.000  9.622  422.747
10.910  5.000  9.627  416.140
10.920  5.000  9.545  409.593
10.930  5.000  9.651  403.704
10.940  5.000  9.446  397.605
10.950  5.000  9.311  391.049
10.960  5.000  9.085  384.566
10.970  5.000  9.111  378.543
10.980  5.000  8.970  372.054
10.990  5.000  8.903  364.940
11.000  5.000  8.754  358.454
11.010  5.000  8.695  352.225
11.020  5.000  8.626  345.292
11.030  5.000  8.424  338.316
11.040  5.000  8.528  332.137
11.050  5.000  8.358  326.552
11.060  5.000  8.256  320.553
11.070  5.000  8.202  314.508
11.080  5.000  8.099  308.533
11.090  5.000  7.924  302.228
11.100  5.000  7.893  295.624
11.110  5.000  7.707  289.098
11.120  5.000  7.747  282.850
11.130  5.000  7.663  277.202
11.140  5.000  7.601  272.202
11.150  5.000  7.623  267.209
11.160  5.000  7.432  261.474
11.170  5.000  7.481  255.004
11.180  5.000  7.286  248.779
11.190  5.000  7.242  243.282
11.200  5.000  7.041  237.737
11.210  5.000  7.041  232.347
11.220  5.000  7.051  227.450
11.230  5.000  6.946  222.178
11.240  5.000  6.810  216.899
11.250  5.000  6.824  211.765
11.260  5.000  6.623  206.744
11.270  5.000  6.490  201.705
11.280  5.000  6.581  196.780
11.290  5.000  6.581  191.384
11.300  5.000  6.393  185.337
11.310  5.000  6.285  179.457
11.320  5.000  6.226  174.008
11.330  5.000  6.147  169.244
11.340  5.000  6.286  164.676
11.350  5.000  6.180  159.381
11.360  5.000  5.950  153.556
11.370  5.000  5.919  148.417
11.380  5.000  5.872  143.843
11.390  5.000  5.834  139.167
11.400  5.000  5.673  134.174
11.410  5.000  5.649  128.921
11.420  5.000  5.521  124.047
11.430  5.000  5.522  119.679
11.440  5.000  5.336  115.237
11.450  5.000  5.380  110.850
11.460  5.000  5.338  106.530
11.470  5.000  5.279  101.659
11.480  5.000  5.223  96.795
11.490  5.000  5.180  91.861
11.500  5.000  5.173  87.041
11.510  5.000  5.002  82.402
11.520  5.000  4.910  77.299
11.530  5.000  4.894  72.289
11.540  5.000  4.753  67.687
11.550  5.000  4.737  63.338
11.560  5.000  4.699  59.306
11.570  5.000  4.675  55.614
11.580  5.000  4.668  51.784
11.590  5.000  4.616  47.674
11.600  5.000  4.495  43.464
11.610  5.000  4.464  38.831
11.620  5.000  4.368  33.887
11.630  5.000  4.293  29.546
11.640  5.000  4.300  25.188
11.650  5.000  4.260  20.285
11.660  5.000  4.215  16.134
11.670  5.000  4.148  12.272
11.680  5.000  4.120  8.277
11.690  5.000  4.015  4.735
11.700  5.000  4.011  0.763
11.710  5.000  3.974  -3.761
11.720  5.000  3.895  -8.364
11.730  5.000  3.873  -12.431
11.740  5.000  3.857  -15.858
11.750  5.000  3.868  -19.296
11.760  5.000  3.722  -22.831
11.770  5.000  3.751  -26.148
11.780  5.000  3.780  -29.176
11.790  5.000  3.761  -32.192
11.800  5.000  3.716  -35.250
11.810  5.000  3.710  -38.336
11.820  5.000  3.603  -41.768
11.830  5.000  3.553  -45.365
11.840  5.000  3.538  -49.031
11.850  5.000  3.533  -52.322
11.860  5.000  3.502  -55.185
11.870  5.000  3.428  -58.104
11.880  5.000  3.406  -60.833
11.890  5.000  3.419  -63.322
11.900  5.000  3.491  -65.672
11.910  5.000  3.432  -68.076
11.920  5.000  3.381  -70.399
11.930  5.000  3.432  -72.582
11.940  5.000  3.358  -74.712
11.950  5.000  3.311  -76.885
11.960  5.000  3.307  -78.953
11.970  5.000  3.267  -80.935
11.980  5.000  3.273  -83.035
11.990  5.000  3.270  -85.223
12.000  5.000  3.326  -87.276
12.010  5.000  3.403  -89.109
12.020  5.000  3.333  -90.977
12.030  5.000  3.316  -92.737
12.040  5.000  3.323  -94.314
12.050  5.000  3.322  -95.697
12.060  5.000  3.277  -96.866
12.070  5.000  3.154  -97.844
12.080  5.000  3.212  -98.832
12.090  5.000  3.180  -99.927
12.100  5.000  3.229  -101.032
12.110  5.000  3.334  -101.998
12.120  5.000  3.336  -102.691
12.130  5.000  3.416  -103.273
12.140  5.000  3.287  -103.605
12.150  5.000  3.468  -103.563
12.160  5.000  3.492  -103.118
12.170  5.000  3.428  -102.224
12.180  5.000  3.412  -101.208
12.190  5.000  3.450  -100.264
12.200  5.000  3.470  -99.105
12.210  5.000  3.538  -97.837
12.220  5.000  3.564  -96.564
12.230  5.000  3.568  -95.351
12.240  5.000  3.580  -94.066
12.250  5.000  3.684  -92.275
12.260  5.000  3.935  -90.331
12.270  5.000  4.084  -88.436
12.280  5.000  3.981  -86.126
12.290  5.000  4.224  -83.647
12.300  5.000  4.369  -81.296
12.310  5.000  4.445  -78.987
12.320  5.000  4.272  -76.313
12.330  5.000  4.381  -72.951
12.340  5.000  4.683  -69.776
12.350  5.000  4.734  -66.959
12.360  5.000  4.745  -64.091
12.370  5.000  4.961  -61.528
12.380  5.000  4.616  -58.867
12.390  5.000  5.051  -56.170
12.400  5.000  4.901  -53.233
12.410  5.000  4.829  -49.934
12.420  5.000  5.049  -46.884
12.430  5.000  5.130  -43.691
12.440  5.000  4.992  -40.353
12.450  5.000  5.216  -37.325
12.460  5.000  5.212  -34.551
12.470  5.000  5.359  -31.838
12.480  5.000  5.388  -29.113
12.490  5.000  5.557  -26.412
12.500  5.000  5.494  -23.947
12.510  5.000  5.548  -21.519
12.520  5.000  5.495  -19.055
12.530  5.000  5.812  -16.796
12.540  5.000  5.387  -14.792
12.550  5.000  5.556  -12.723
12.560  5.000  5.446  -10.585
12.570  5.000  5.585  -8.480
12.580  5.000  5.542  -6.423
12.590  5.000  5.591  -4.714
12.600  5.000  5.651  -3.413
12.610  5.000  5.700  -2.207
12.620  5.000  5.633  -1.107
12.630  5.000  5.864  -0.506
12.640  5.000  5.651  -0.203
12.650  5.000  5.848  0.077
12.660  5.000  5.678  0.356
12.670  5.000  5.664  0.720
12.680  5.000  5.724  0.923
12.690  5.000  5.541  1.096
12.700  5.000  5.660  1.379
12.710  5.000  5.601  1.587
12.720  5.000  5.542  1.955
12.730  5.000  5.636  2.405
12.740  5.000  5.685  2.698
12.750  5.000  5.704  2.918
12.760  6.000  5.648  3.250
12.770  7.000  5.725  3.769
12.780  8.000  5.544  4.132
12.790  9.000  5.800  4.294
12.800  10.000  5.569  4.973
12.810  11.000  6.063  6.264
12.820  12.000  6.496  7.948
12.830  13.000  6.654  10.225
12.840  14.000  7.100  13.770
12.850  15.000  7.322  18.590
12.860  15.000  9.061  24.052
12.870  15.000  9.259  31.126
12.880  15.000  9.702  39.605
12.890  15.000  11.283  48.729
12.900  15.000  12.457  57.975
12.910  15.000  12.399  67.939
12.920  15.000  13.196  78.135
12.930  15.000  14.169  87.992
12.940  15.000  14.143  98.962
12.950  15.000  14.672  112.118
12.960  15.000  15.793  124.585
12.970  15.000  14.698  136.240
12.980  15.000  14.511  149.962
12.990  15.000  15.658  163.236
13.000  15.000  15.099  176.081
13.010  15.000  15.763  189.774
13.020  15.000  15.852  202.224
13.030  15.000  15.769  212.859
13.040  15.000  14.667  224.930
13.050  15.000  15.360  236.782
13.060  15.000  15.320  246.329
13.070  15.000  15.988  255.462
13.080  15.000  15.519  264.680
13.090  15.000  15.182  274.929
13.100  15.000  15.818  284.748
13.110  15.000  15.547  293.553
13.120  15.000  16.002  301.946
13.130  15.000  15.914  310.761
13.140  15.000  15.978  320.232
13.150  15.000  16.452  328.595
13.160  15.000  15.809  336.615
13.170  15.000  15.837  345.190
13.180  15.000  15.641  353.171
13.190  15.000  16.291  360.500
13.200  15.000  15.801  368.413
13.210  15.000  15.780  376.196
13.220  15.000  16.467  382.913
13.230  15.000  16.141  389.227
13.240  15.000  16.204  395.583
13.250  15.000  16.327  401.543
13.260  15.000  16.006  407.539
13.270  15.000  15.963  413.592
13.280  15.000  15.763  419.190
13.290  15.000  15.859  424.732
13.300  15.000  16.024  430.240
13.310  15.000  15.542  435.581
13.320  15.000  16.206  440.689
13.330  15.000  15.981  445.821
13.340  15.000  16.316  450.738
13.350  15.000  16.007  455.352
13.360  15.000  15.759  459.981
13.370  15.000  15.979  464.361
13.380  15.000  16.423  468.366
13.390  15.000  15.824  472.233
13.400  15.000  16.075  475.765
13.410  15.000  15.814  478.949
13.420  15.000  15.915  482.019
13.430  15.000  15.727  484.718
13.440  15.000  15.883  487.221
13.450  15.000  16.253  489.604
13.460  15.000  15.854  492.140
13.470  15.000  16.105  494.834
13.480  15.000  16.165  497.260
13.490  15.000  16.249  499.458
13.500  15.000  15.936  501.647
13.510  15.000  16.150  503.645
13.520  15.000  16.064  505.224
13.530  15.000  16.069  506.485
13.540  15.000  15.746  507.522
13.550  15.000  15.841  508.343
13.560  15.000  16.064  508.879
13.570  15.000  15.790  509.310
13.580  15.000  16.113  509.752
13.590  15.000  15.781  510.178
13.600  15.000  15.962  510.558
13.610  15.000  16.073  510.723
13.620  15.000  15.897  510.740
13.630  15.000  15.655  510.754
13.640  15.000  15.821  510.781
13.650  15.000  15.684  510.692
13.660  15.000  15.903  510.430
13.670  15.000  15.639  509.939
13.680  15.000  15.428  509.263
13.690  15.000  15.605  508.577
13.700  15.000  15.462  507.801
13.710  15.000  15.478  506.879
13.720  15.000  15.498  505.683
13.730  15.000  15.326  504.326
13.740  15.000  15.181  503.082
13.750  15.000  15.271  501.787
13.760  5.000  15.191  500.251
13.770  5.000  15.032  498.432
13.780  5.000  13.375  495.239
13.790  5.000  13.368  490.949
13.800  5.000  12.704  486.639
13.810  5.000  12.276  481.766
13.820  5.000  12.370  476.333
13.830  5.000  11.757  470.647
13.840  5.000  11.392  464.749
13.850  5.000  10.912  458.435
13.860  5.000  10.603  451.820
13.870  5.000  10.506  444.596
13.880  5.000  9.935  436.931
13.890  5.000  9.757  430.121
13.900  5.000  9.861  423.170
13.910  5.000  9.651  416.339
13.920  5.000  9.839  409.697
13.930  5.000  9.635  402.988
13.940  5.000  9.440  397.063
13.950  5.000  9.493  391.151
13.960  5.000  9.285  385.096
13.970  5.000  9.213  378.460
13.980  5.000  8.987  371.923
13.990  5.000  8.920  366.123
14.000  5.000  8.916  360.473
14.010  5.000  8.891  354.947
14.020  5.000  8.842  349.297
14.030  5.000  8.758  343.301
14.040  5.000  8.534  336.832
14.050  5.000  8.507  329.989
14.060  5.000  8.385  323.656
14.070  5.000  8.329  317.667
14.080  5.000  8.190  311.251
14.090  5.000  7.934  304.514
14.100  5.000  8.139  297.679
14.110  5.000  7.888  290.747
14.120  5.000  7.776  284.642
14.130  5.000  7.749  279.365
14.140  5.000  7.623  273.915
14.150  5.000  7.566  268.473
14.160  5.000  7.572  262.660
14.170  5.000  7.519  256.336
14.180  5.000  7.543  249.967
14.190  5.000  7.204  243.626
14.200  5.000  7.196  237.462
14.210  5.000  7.166  231.821
14.220  5.000  7.043  226.695
14.230  5.000  7.001  221.629
14.240  5.000  6.911  216.652
14.250  5.000  6.905  211.716
14.260  5.000  6.725  206.149
14.270  5.000  6.656  200.205
14.280  5.000  6.636  194.816
14.290  5.000  6.600  189.847
14.300  5.000  6.440  185.053
14.310  5.000  6.345  180.486
14.320  5.000  6.353  175.429
14.330  5.000  6.267  169.836
14.340  5.000  6.134  164.653
14.350  5.000  6.087  159.485
14.360  5.000  6.099  154.425
14.370  5.000  5.972  149.934
14.380  5.000  5.846  144.869
14.390  5.000  5.848  139.699
14.400  5.000  5.865  134.869
14.410  5.000  5.662  129.624
14.420  5.000  5.670  124.483
14.430  5.000  5.617  119.921
14.440  5.000  5.467  115.061
14.450  5.000  5.519  110.171
14.460  5.000  5.389  105.814
14.470  5.000  5.355  101.306
14.480  5.000  5.291  96.760
14.490  5.000  5.178  92.226
14.500  5.000  5.138  87.660
14.510  5.000  5.051  83.295
14.520  5.000  5.009  79.118
14.530  5.000  4.973  75.117
14.540  5.000  4.927  71.291
14.550  5.000  4.870  67.419
14.560  5.000  4.760  63.373
14.570  5.000  4.697  59.182
14.580  5.000  4.597  54.817
14.590  5.000  4.617  50.677
14.600  5.000  4.534  46.391
14.610  5.000  4.532  41.714
14.620  5.000  4.467  36.950
14.630  5.000  4.362  32.634
14.640  5.000  4.375  28.793
14.650  5.000  4.313  24.402
14.660  5.000  4.285  20.134
14.670  5.000  4.177  15.994
14.680  5.000  4.150  11.855
14.690  5.000  4.180  7.787
14.700  5.000  4.037  3.623
14.710  5.000  3.999  -0.495
14.720  5.000  3.973  -4.780
14.730  5.000  3.953  -9.147
14.740  5.000  3.939  -13.535
14.750  5.000  3.931  -17.457
14.760  5.000  3.865  -21.055
14.770  5.000  3.815  -24.552
14.780  5.000  3.788  -27.872
14.790  5.000  3.768  -31.495
14.800  5.000  3.803  -35.185
14.810  5.000  3.687  -38.482
14.820  5.000  3.666  -41.614
14.830  5.000  3.537  -44.833
14.840  5.000  3.599  -47.981
14.850  5.000  3.552  -50.924
14.860  5.000  3.517  -53.867
14.870  5.000  3.450  -56.822
14.880  5.000  3.456  -59.724
14.890  5.000  3.500  -62.481
14.900  5.000  3.449  -65.097
14.910  5.000  3.439  -67.800
14.920  5.000  3.439  -70.555
14.930  5.000  3.379  -73.063
14.940  5.000  3.424  -75.402
14.950  5.000  3.371  -77.763
14.960  5.000  3.354  -80.170
14.970  5.000  3.258  -82.521
14.980  5.000  3.267  -84.659
14.990  5.000  3.269  -86.672
15.000  5.000  3.235  -88.613
15.010  5.000  3.314  -90.360
15.020  5.000  3.321  -92.036
15.030  5.000  3.282  -93.717
15.040  5.000  3.359  -95.371
15.050  5.000  3.339  -97.057
15.060  5.000  3.274  -98.698
15.070  5.000  3.353  -100.223
15.080  5.000  3.275  -101.606
15.090  5.000  3.271  -102.845
15.100  5.000  3.290  -104.106
15.110  5.000  3.282  -105.329
15.120  5.000  3.307  -106.276
15.130  5.000  3.336  -107.048
15.140  5.000  3.422  -107.739
15.150  5.000  3.505  -108.067
15.160  5.000  3.385  -108.041
15.170  5.000  3.336  -107.962
15.180  5.000  3.406  -107.571
15.190  5.000  3.436  -106.872
15.200  5.000  3.428  -105.903
15.210  5.000  3.494  -104.765
15.220  5.000  3.473  -103.849
15.230  5.000  3.487  -103.088
15.240  5.000  3.532  -102.107
15.250  5.000  3.602  -100.670
15.260  5.000  3.608  -98.843
15.270  5.000  3.835  -96.961
15.280  5.000  3.870  -94.985
15.290  5.000  3.995  -92.670
15.300  5.000  4.072  -90.128
15.310  5.000  4.085  -87.551
15.320  5.000  4.360  -85.211
15.330  5.000  4.355  -82.764
15.340  5.000  4.515  -80.030
15.350  5.000  4.502  -77.151
15.360  5.000  4.398  -73.879
15.370  5.000  4.626  -70.675
15.380  5.000  4.932  -67.901
15.390  5.000  4.808  -65.105
15.400  5.000  4.928  -62.213
15.410  5.000  5.165  -59.578
15.420  5.000  4.953  -56.984
15.430  5.000  5.153  -54.348
15.440  5.000  5.138  -51.760
15.450  5.000  5.165  -49.063
15.460  5.000  5.169  -46.409
15.470  5.000  5.111  -43.324
15.480  5.000  5.308  -40.019
15.490  5.000  5.183  -37.133
15.500  5.000  5.450  -34.495
15.510  5.000  5.423  -31.934
15.520  5.000  5.728  -29.471
15.530  5.000  5.569  -27.066
15.540  5.000  5.633  -24.618
15.550  5.000  5.642  -22.247
15.560  5.000  5.384  -19.894
15.570  5.000  5.512  -17.495
15.580  5.000  5.686  -15.516
15.590  5.000  5.625  -14.073
15.600  5.000  5.524  -12.469
15.610  5.000  5.665  -10.839
15.620  5.000  5.603  -9.425
15.630  5.000  5.416  -8.036
15.640  5.000  5.632  -6.895
15.650  5.000  5.719  -5.838
15.660  5.000  5.695  -4.832
15.670  5.000  5.692  -4.167
15.680  5.000  5.755  -3.648
15.690  5.000  5.682  -3.327
15.700  5.000  5.480  -3.158
15.710  5.000  5.767  -2.933
15.720  5.000  5.521  -2.590
15.730  5.000  5.704  -2.183
15.740  5.000  5.807  -2.005
15.750  5.000  5.585  -1.739
15.760  5.000  5.737  -1.249
15.770  6.000  5.646  -0.803
15.780  7.000  5.706  -0.403
15.790  8.000  5.732  0.077
15.800  9.000  5.720  0.482
15.810  10.000  5.788  1.071
15.820  11.000  6.251  2.425
15.830  12.000  6.485  4.471
15.840  13.000  6.636  6.975
15.850  14.000  7.063  10.286
15.860  15.000  7.420  14.484
15.870  15.000  9.137  19.593
15.880  15.000  9.597  26.209
15.890  15.000  9.399  35.657
15.900  15.000  11.404  46.422
15.910  15.000  12.148  57.205
15.920  15.000  11.972  68.592
15.930  15.000  12.971  79.806
15.940  15.000  14.269  91.204
15.950  15.000  13.407  103.871
15.960  15.000  15.124  116.192
15.970  15.000  15.220  127.572
15.980  15.000  15.701  139.219
15.990  15.000  15.426  151.114
16.000  15.000  16.157  162.402
16.010  15.000  15.203  173.435
16.020  15.000  15.242  185.181
16.030  15.000  15.843  196.503
16.040  15.000  14.833  208.200
16.050  15.000  15.303  219.711
16.060  15.000  15.679  229.839
16.070  15.000  15.527  240.193
16.080  15.000  15.288  250.360
16.090  15.000  15.565  259.763
16.100  15.000  15.020  269.835
16.110  15.000  15.667  279.854
16.120  15.000  15.538  289.322
16.130  15.000  15.163  299.643
16.140  15.000  15.785  310.630
16.150  15.000  15.840  320.890
16.160  15.000  15.885  329.878
16.170  15.000  16.142  338.565
16.180  15.000  16.389  347.318
16.190  15.000  16.294  355.461
16.200  15.000  16.058  363.679
16.210  15.000  16.312  371.858
16.220  15.000  16.669  378.878
16.230  15.000  15.861  385.373
16.240  15.000  15.794  392.198
16.250  15.000  15.704  399.379
16.260  15.000  16.558  406.169
16.270  15.000  16.196  412.507
16.280  15.000  15.821  418.902
16.290  15.000  16.013  424.857
16.300  15.000  15.926  430.464
16.310  15.000  16.112  436.109
16.320  15.000  16.070  441.588
16.330  15.000  16.253  446.575
16.340  15.000  16.088  451.309
16.350  15.000  16.435  455.847
16.360  15.000  15.903  460.216
16.370  15.000  15.760  464.464
16.380  15.000  16.212  468.298
16.390  15.000  16.229  471.706
16.400  15.000  16.013  474.738
16.410  15.000  15.840  477.615
16.420  15.000  15.968  480.355
16.430  15.000  16.086  482.890
16.440  15.000  15.953  485.408
16.450  15.000  16.112  487.818
16.460  15.000  16.078  490.131
16.470  15.000  15.749  492.675
16.480  15.000  16.146  495.194
16.490  15.000  16.268  497.440
16.500  15.000  16.061  499.587
16.510  15.000  15.943  501.666
16.520  15.000  15.775  503.716
16.530  15.000  15.716  505.488
16.540  15.000  15.983  506.777
16.550  15.000  15.797  507.792
16.560  15.000  15.893  508.544
16.570  15.000  15.841  509.053
16.580  15.000  15.773  509.514
16.590  15.000  15.847  509.904
16.600  15.000  15.702  510.123
16.610  15.000  15.933  510.256
16.620  15.000  15.916  510.396
16.630  15.000  15.804  510.394
16.640  15.000  16.112  510.120
16.650  15.000  15.767  509.841
16.660  15.000  15.551  509.728
16.670  15.000  15.475  509.450
16.680  15.000  15.840  508.995
16.690  15.000  15.424  508.638
16.700  15.000  15.635  508.200
16.710  15.000  15.543  507.430
16.720  15.000  15.263  506.567
16.730  15.000  15.499  505.752
16.740  15.000  15.450  504.780
16.750  15.000  15.253  503.621
16.760  15.000  15.378  502.355
16.770  5.000  15.135  501.121
16.780  5.000  15.199  499.541
16.790  5.000  13.243  496.150
16.800  5.000  13.349  490.726
16.810  5.000  12.712  485.244
16.820  5.000  12.286  480.218
16.830  5.000  12.448  474.279
16.840  5.000  11.551  468.079
16.850  5.000  11.260  462.266
16.860  5.000  11.032  456.469
16.870  5.000  10.677  450.098
16.880  5.000  10.373  442.971
16.890  5.000  10.221  436.182
16.900  5.000  10.128  429.140
16.910  5.000  9.881  421.914
16.920  5.000  9.913  414.632
16.930  5.000  9.756  407.024
16.940  5.000  9.673  400.386
16.950  5.000  9.549  394.706
16.960  5.000  9.404  389.088
16.970  5.000  9.393  383.221
16.980  5.000  9.166  377.218
16.990  5.000  9.154  371.290
17.000  5.000  8.979  365.574
17.010  5.000  8.978  360.025
17.020  5.000  8.702  353.760
17.030  5.000  8.688  347.245
17.040  5.000  8.619  341.401
17.050  5.000  8.692  335.850
17.060  5.000  8.398  329.874
17.070  5.000  8.333  323.006
17.080  5.000  8.240  316.668
17.090  5.000  8.212  311.214
17.100  5.000  8.110  305.684
17.110  5.000  7.887  299.499
17.120  5.000  8.020  293.160
17.130  5.000  7.745  286.951
17.140  5.000  7.688  280.550
17.150  5.000  7.677  274.786
17.160  5.000  7.632  269.516
17.170  5.000  7.646  264.050
17.180  5.000  7.391  258.660
17.190  5.000  7.324  253.556
17.200  5.000  7.257  248.047
17.210  5.000  7.191  242.402
17.220  5.000  7.223  236.643
17.230  5.000  7.078  230.540
17.240  5.000  7.074  224.586
17.250  5.000  6.877  219.239
17.260  5.000  6.854  214.424
17.270  5.000  6.820  209.441
17.280  5.000  6.726  204.417
17.290  5.000  6.693  199.449
17.300  5.000  6.488  194.459
17.310  5.000  6.519  188.948
17.320  5.000  6.509  183.501
17.330  5.000  6.360  178.625
17.340  5.000  6.214  173.749
17.350  5.000  6.142  168.831
17.360  5.000  6.096  163.431
17.370  5.000  6.131  158.023
17.380  5.000  5.925  153.041
17.390  5.000  6.036  148.347
17.400  5.000  5.821  143.637
17.410  5.000  5.739  138.959
17.420  5.000  5.753  134.510
17.430  5.000  5.701  129.548
17.440  5.000  5.572  124.571
17.450  5.000  5.618  119.926
17.460  5.000  5.437  114.772
17.470  5.000  5.326  109.300
17.480  5.000  5.279  104.356
17.490  5.000  5.182  99.997
17.500  5.000  5.198  95.178
17.510  5.000  5.103  90.073
17.520  5.000  5.077  85.474
17.530  5.000  5.055  80.800
17.540  5.000  5.014  75.705
17.550  5.000  4.902  71.107
17.560  5.000  4.808  67.090
17.570  5.000  4.772  62.841
17.580  5.000  4.788  58.627
17.590  5.000  4.676  54.496
17.600  5.000  4.537  49.907
17.610  5.000  4.507  45.384
17.620  5.000  4.533  40.959
17.630  5.000  4.387  36.736
17.640  5.000  4.495  33.176
17.650  5.000  4.403  29.609
17.660  5.000  4.281  25.849
17.670  5.000  4.291  22.191
17.680  5.000  4.296  18.152
17.690  5.000  4.137  13.976
17.700  5.000  4.124  10.285
17.710  5.000  4.049  6.727
17.720  5.000  3.973  2.736
17.730  5.000  3.892  -1.570
17.740  5.000  3.956  -5.529
17.750  5.000  3.867  -8.963
17.760  5.000  3.840  -12.570
17.770  5.000  3.824  -16.471
17.780  5.000  3.860  -20.032
17.790  5.000  3.747  -23.536
17.800  5.000  3.779  -26.884
17.810  5.000  3.758  -29.958
17.820  5.000  3.675  -33.032
17.830  5.000  3.630  -36.099
17.840  5.000  3.643  -39.313
17.850  5.000  3.617  -42.445
17.860  5.000  3.510  -45.451
17.870  5.000  3.561  -48.442
17.880  5.000  3.536  -51.284
17.890  5.000  3.472  -54.131
17.900  5.000  3.421  -56.922
17.910  5.000  3.460  -59.656
17.920  5.000  3.392  -62.234
17.930  5.000  3.414  -64.621
17.940  5.000  3.367  -66.877
17.950  5.000  3.413  -69.112
17.960  5.000  3.364  -71.577
17.970  5.000  3.338  -74.035
17.980  5.000  3.379  -76.205
17.990  5.000  3.275  -78.238
18.000  5.000  3.232  -80.422
18.010  5.000  3.305  -82.676
18.020  5.000  3.298  -84.781
18.030  5.000  3.346  -86.663
18.040  5.000  3.319  -88.186
18.050  5.000  3.311  -89.515
18.060  5.000  3.326  -90.830
18.070  5.000  3.262  -92.041
18.080  5.000  3.318  -93.129
18.090  5.000  3.276  -94.281
18.100  5.000  3.219  -95.405
18.110  5.000  3.224  -96.417
18.120  5.000  3.262  -97.631
18.130  5.000  3.264  -98.947
18.140  5.000  3.278  -99.962
18.150  5.000  3.277  -100.544
18.160  5.000  3.400  -100.836
18.170  5.000  3.302  -101.081
18.180  5.000  3.429  -101.013
18.190  5.000  3.447  -100.479
18.200  5.000  3.374  -99.674
18.210  5.000  3.572  -98.703
18.220  5.000  3.399  -97.737
18.230  5.000  3.545  -96.899
18.240  5.000  3.628  -96.234
18.250  5.000  3.671  -95.339
18.260  5.000  3.565  -93.926
18.270  5.000  3.532  -92.309
18.280  5.000  3.900  -90.602
18.290  5.000  4.033  -88.685
18.300  5.000  4.039  -86.466
18.310  5.000  4.334  -84.231
18.320  5.000  4.369  -81.998
18.330  5.000  4.118  -79.365
18.340  5.000  4.258  -76.129
18.350  5.000  4.507  -72.898
18.360  5.000  4.371  -69.920
18.370  5.000  4.625  -67.021
18.380  5.000  4.652  -64.317
18.390  5.000  4.683  -61.500
18.400  5.000  4.848  -58.692
18.410  5.000  4.978  -56.024
18.420  5.000  4.995  -53.486
18.430  5.000  4.889  -51.065
18.440  5.000  5.232  -48.694
18.450  5.000  5.031  -46.293
18.460  5.000  5.049  -43.729
18.470  5.000  5.144  -41.088
18.480  5.000  5.261  -38.719
18.490  5.000  5.077  -36.137
18.500  5.000  5.187  -32.920
18.510  5.000  5.356  -29.470
18.520  5.000  5.594  -26.336
18.530  5.000  5.404  -23.467
18.540  5.000  5.543  -20.714
18.550  5.000  5.661  -18.293
18.560  5.000  5.606  -16.072
18.570  5.000  5.710  -13.878
18.580  5.000  5.571  -11.749
18.590  5.000  5.596  -9.660
18.600  5.000  5.508  -7.724
18.610  5.000  5.615  -6.026
18.620  5.000  5.563  -4.429
18.630  5.000  5.433  -2.735
18.640  5.000  5.663  -1.144
18.650  5.000  5.650  0.147
18.660  5.000  5.753  1.341
18.670  5.000  5.553  2.592
18.680  5.000  5.658  3.786
18.690  5.000  5.662  4.541
18.700  5.000  5.639  5.242
18.710  5.000  5.574  6.335
18.720  5.000  5.727  7.292
18.730  5.000  5.700  7.771
18.740  5.000  5.723  8.048
18.750  5.000  5.706  8.300
18.760  5.000  5.668  8.545
18.770  5.000  5.738  8.798
18.780  6.000  5.752  8.962
18.790  7.000  5.836  9.045
18.800  8.000  5.654  9.289
18.810  9.000  5.754  9.479
18.820  10.000  5.767  9.936
18.830  11.000  6.172  11.269
18.840  12.000  6.410  13.411
18.850  13.000  6.356  16.058
18.860  14.000  6.749  19.823
18.870  15.000  7.783  24.320
18.880  15.000  9.311  29.539
18.890  15.000  9.674  36.181
18.900  15.000  10.141  43.455
18.910  15.000  10.893  51.930
18.920  15.000  11.755  62.240
18.930  15.000  13.085  72.586
18.940  15.000  13.301  83.104
18.950  15.000  13.284  94.799
18.960  15.000  14.876  106.906
18.970  15.000  14.472  118.901
18.980  15.000  14.122  131.491
18.990  15.000  15.548  144.241
19.000  15.000  15.408  155.654
19.010  15.000  16.256  165.852
19.020  15.000  14.905  177.083
19.030  15.000  14.803  189.500
19.040  15.000  15.663  201.455
19.050  15.000  16.064  212.615
19.060  15.000  15.650  223.154
19.070  15.000  15.346  233.270
19.080  15.000  14.936  242.930
19.090  15.000  15.332  252.932
19.100  15.000  15.836  262.583
19.110  15.000  16.360  271.627
19.120  15.000  15.595  280.848
19.130  15.000  14.808  290.235
19.140  15.000  16.244  299.014
19.150  15.000  15.840  307.241
19.160  15.000  16.277  315.237
19.170  15.000  16.003  322.967
19.180  15.000  16.054  330.654
19.190  15.000  15.559  338.911
19.200  15.000  15.664  347.283
19.210  15.000  16.218  355.170
19.220  15.000  16.119  363.080
19.230  15.000  16.788  370.513
19.240  15.000  16.287  377.379
19.250  15.000  15.902  384.147
19.260  15.000  16.118  390.830
19.270  15.000  16.254  397.059
19.280  15.000  16.123  402.873
19.290  15.000  15.870  408.461
19.300  15.000  15.961  413.736
19.310  15.000  15.856  419.008
19.320  15.000  15.763  424.277
19.330  15.000  15.847  429.385
19.340  15.000  16.154  434.077
19.350  15.000  15.760  438.849
19.360  15.000  16.151  443.607
19.370  15.000  16.216  447.942
19.380  15.000  15.789  452.247
19.390  15.000  15.987  456.283
19.400  15.000  15.831  460.072
19.410  15.000  15.911  463.689
19.420  15.000  15.944  466.841
19.430  15.000  15.710  469.615
19.440  15.000  15.811  472.318
19.450  15.000  15.932  475.104
19.460  15.000  15.894  477.989
19.470  15.000  15.858  480.815
19.480  15.000  16.006  483.502
19.490  15.000  15.847  486.255
19.500  15.000  16.250  489.040
19.510  15.000  16.423  491.502
19.520  15.000  16.159  493.668
19.530  15.000  16.244  495.476
19.540  15.000  16.056  497.086
19.550  15.000  16.159  498.577
19.560  15.000  15.599  499.746
19.570  15.000  15.869  500.758
19.580  15.000  15.723  501.653
19.590  15.000  15.848  502.260
19.600  15.000  15.967  502.642
19.610  15.000  15.528  503.300
19.620  15.000  15.997  503.964
19.630  15.000  15.645  504.279
19.640  15.000  15.978  504.357
19.650  15.000  15.808  504.344
19.660  15.000  15.767  504.532
19.670  15.000  15.802  504.607
19.680  15.000  15.741  504.353
19.690  15.000  15.805  503.880
19.700  15.000  15.785  503.155
19.710  15.000  15.701  502.293
19.720  15.000  15.486  501.414
19.730  15.000  15.205  500.464
19.740  15.000  15.486  499.175
19.750  15.000  15.286  497.642
19.760  15.000  15.329  496.119
19.770  15.000  15.371  494.555
19.780  5.000  15.325  492.895
19.790  5.000  15.248  490.829
19.800  5.000  13.491  487.006
19.810  5.000  13.412  481.950
19.820  5.000  12.632  477.159
19.830  5.000  12.424  472.112
19.840  5.000  12.519  466.534
19.850  5.000  11.735  460.889
19.860  5.000  11.358  455.636
19.870  5.000  10.984  449.513
19.880  5.000  10.605  442.314
19.890  5.000  10.472  435.157
19.900  5.000  10.129  428.120
19.910  5.000  9.929  421.593
19.920  5.000  9.852  415.445
19.930  5.000  9.749  409.373
19.940  5.000  9.808  403.333
19.950  5.000  9.780  397.181
19.960  5.000  9.588  391.184
19.970  5.000  9.452  385.261
19.980  5.000  9.306  379.264
19.990  5.000  9.213  373.099
20.000  5.000  9.091  366.339
20.010  5.000  9.081  359.317
20.020  5.000  8.847  353.099
20.030  5.000  8.774  347.514
20.040  5.000  8.794  341.560
20.050  5.000  8.742  335.405
20.060  5.000  8.503  329.609
20.070  5.000  8.505  324.122
20.080  5.000  8.390  318.562
20.090  5.000  8.302  312.538
20.100  5.000  8.321  306.408
20.110  5.000  8.147  300.733
20.120  5.000  8.131  295.015
20.130  5.000  8.015  288.855
20.140  5.000  8.056  282.681
20.150  5.000  7.876  276.948
20.160  5.000  7.800  271.435
20.170  5.000  7.583  266.000
20.180  5.000  7.531  260.537
20.190  5.000  7.508  255.033
20.200  5.000  7.415  249.221
20.210  5.000  7.343  242.930
20.220  5.000  7.200  236.555
20.230  5.000  7.183  230.122
20.240  5.000  7.080  224.430
20.250  5.000  6.969  219.342
20.260  5.000  6.831  213.593
20.270  5.000  6.858  208.052
20.280  5.000  6.732  202.916
20.290  5.000  6.666  197.898
20.300  5.000  6.716  193.239
20.310  5.000  6.568  188.379
20.320  5.000  6.543  183.598
20.330  5.000  6.406  178.311
20.340  5.000  6.348  172.766
20.350  5.000  6.284  167.858
20.360  5.000  6.068  163.219
20.370  5.000  6.172  158.442
20.380  5.000  6.016  153.081
20.390  5.000  5.982  147.463
20.400  5.000  5.897  142.412
20.410  5.000  5.914  137.715
20.420  5.000  5.739  132.886
20.430  5.000  5.668  127.943
20.440  5.000  5.647  122.993
20.450  5.000  5.608  117.741
20.460  5.000  5.555  112.717
20.470  5.000  5.502  108.147
20.480  5.000  5.391  103.409
20.490  5.000  5.375  98.346
20.500  5.000  5.257  93.506
20.510  5.000  5.245  88.665
20.520  5.000  5.136  83.308
20.530  5.000  5.092  78.385
20.540  5.000  4.933  73.895
20.550  5.000  4.924  69.691
20.560  5.000  4.934  65.725
20.570  5.000  4.852  61.531
20.580  5.000  4.804  57.265
20.590  5.000  4.778  52.663
20.600  5.000  4.675  48.177
20.610  5.000  4.613  44.288
20.620  5.000  4.534  40.208
20.630  5.000  4.517  36.039
20.640  5.000  4.572  31.863
20.650  5.000  4.422  27.732
20.660  5.000  4.357  23.290
20.670  5.000  4.320  18.819
20.680  5.000  4.288  14.947
20.690  5.000  4.258  11.120
20.700  5.000  4.182  7.334
20.710  5.000  4.140  3.839
20.720  5.000  4.074  0.519
20.730  5.000  4.054  -2.766
20.740  5.000  3.982  -6.214
20.750  5.000  3.952  -10.269
20.760  5.000  3.888  -14.695
20.770  5.000  3.847  -18.723
20.780  5.000  3.831  -22.375
20.790  5.000  3.849  -25.817
20.800  5.000  3.804  -29.304
20.810  5.000  3.763  -32.815
20.820  5.000  3.838  -36.002
20.830  5.000  3.746  -39.192
20.840  5.000  3.683  -42.520
20.850  5.000  3.565  -45.581
20.860  5.000  3.564  -48.397
20.870  5.000  3.498  -51.407
20.880  5.000  3.481  -54.462
20.890  5.000  3.513  -57.475
20.900  5.000  3.421  -60.451
20.910  5.000  3.428  -63.286
20.920  5.000  3.482  -65.969
20.930  5.000  3.431  -68.542
20.940  5.000  3.478  -71.184
20.950  5.000  3.382  -73.772
20.960  5.000  3.326  -76.230
20.970  5.000  3.405  -78.624
20.980  5.000  3.364  -81.043
20.990  5.000  3.304  -83.331
21.000  5.000  3.303  -85.606
21.010  5.000  3.243  -88.262
21.020  5.000  3.250  -90.888
21.030  5.000  3.341  -93.141
21.040  5.000  3.335  -95.196
21.050  5.000  3.280  -97.074
21.060  5.000  3.357  -98.891
21.070  5.000  3.254  -100.730
21.080  5.000  3.288  -102.440
21.090  5.000  3.330  -103.853
21.100  5.000  3.241  -105.053
21.110  5.000  3.187  -106.190
21.120  5.000  3.213  -107.270
21.130  5.000  3.251  -108.400
21.140  5.000  3.245  -109.475
21.150  5.000  3.280  -110.179
21.160  5.000  3.253  -110.640
21.170  5.000  3.462  -110.966
21.180  5.000  3.463  -111.179
21.190  5.000  3.315  -111.015
21.200  5.000  3.301  -110.275
21.210  5.000  3.459  -109.315
21.220  5.000  3.464  -108.408
21.230  5.000  3.529  -107.686
21.240  5.000  3.390  -106.896
21.250  5.000  3.441  -105.963
21.260  5.000  3.408  -104.742
21.270  5.000  3.697  -103.225
21.280  5.000  3.648  -101.728
21.290  5.000  3.768  -100.105
21.300  5.000  4.046  -98.222
21.310  5.000  4.263  -96.129
21.320  5.000  4.327  -94.025
21.330  5.000  4.032  -91.650
21.340  5.000  4.194  -88.991
21.350  5.000  4.248  -86.232
21.360  5.000  4.711  -83.466
21.370  5.000  4.637  -80.789
21.380  5.000  4.805  -78.296
21.390  5.000  4.661  -75.776
21.400  5.000  4.614  -72.988
21.410  5.000  4.939  -70.297
21.420  5.000  4.950  -67.662
21.430  5.000  5.061  -64.894
21.440  5.000  4.952  -62.193
21.450  5.000  5.045  -59.603
21.460  5.000  4.997  -56.658
21.470  5.000  5.024  -53.679
21.480  5.000  5.287  -51.220
21.490  5.000  5.412  -49.073
21.500  5.000  5.224  -46.801
21.510  5.000  5.511  -44.280
21.520  5.000  5.492  -41.925
21.530  5.000  5.312  -39.640
21.540  5.000  5.479  -37.196
21.550  5.000  5.445  -34.747
21.560  5.000  5.439  -32.336
21.570  5.000  5.411  -30.134
21.580  5.000  5.458  -27.955
21.590  5.000  5.781  -26.084
21.600  5.000  5.651  -24.760
21.610  5.000  5.613  -23.335
21.620  5.000  5.425  -21.885
21.630  5.000  5.566  -20.717
21.640  5.000  5.814  -19.899
21.650  5.000  5.743  -19.162
21.660  5.000  5.511  -18.261
21.670  5.000  5.732  -17.487
21.680  5.000  5.812  -17.039
21.690  5.000  5.673  -16.825
21.700  5.000  5.577  -16.675
21.710  5.000  5.675  -16.607
21.720  5.000  5.647  -16.563
