# covent_pc_4
# Captured 2020-06-18 04:18:46.017701 by unknown user
# Built at revision abe75e4 (dirty)
time(sec)  pc_setpoint  pressure  volume
0.000  10.000  10.261  9.152
0.010  10.000  9.973  8.738
0.020  10.000  10.230  8.357
0.030  10.000  10.185  7.926
0.040  10.000  9.926  7.613
0.050  10.000  9.976  7.413
0.060  10.000  9.939  7.087
0.070  10.000  10.011  6.735
0.080  10.000  9.938  6.463
0.090  10.000  10.027  6.243
0.100  10.000  9.884  5.973
0.110  10.000  9.827  5.591
0.120  10.000  10.016  5.111
0.130  10.000  9.870  4.687
0.140  10.000  9.883  4.359
0.150  10.000  9.790  4.087
0.160  10.000  9.700  4.029
0.170  10.000  9.618  4.162
0.180  10.000  9.846  4.220
0.190  10.000  9.899  4.000
0.200  10.000  9.680  3.728
0.210  10.000  9.756  3.585
0.220  10.000  9.733  3.411
0.230  10.000  9.781  3.331
0.240  10.000  9.709  3.560
0.250  10.000  9.914  3.872
0.260  10.000  9.699  4.098
0.270  10.000  9.825  4.469
0.280  10.000  9.749  5.118
0.290  10.000  9.789  5.737
0.300  10.000  9.997  6.209
0.310  10.000  9.908  6.656
0.320  10.000  9.847  7.180
0.330  10.000  10.094  7.824
0.340  10.000  10.102  8.366
0.350  10.000  9.999  8.801
0.360  10.000  10.046  9.371
0.370  10.000  10.032  9.923
0.380  10.000  10.389  10.261
0.390  10.000  10.095  10.437
0.400  10.000  10.119  10.528
0.410  10.000  10.096  10.758
0.420  10.000  10.068  11.145
0.430  10.000  10.020  11.503
0.440  10.000  10.177  11.625
0.450  10.000  10.186  11.479
0.460  10.000  10.113  11.282
0.470  10.000  9.905  11.295
0.480  10.000  10.161  11.568
0.490  10.000  10.046  11.862
0.500  10.000  10.357  12.047
0.510  10.000  10.082  12.314
0.520  10.000  9.957  12.585
0.530  10.000  10.162  12.539
0.540  10.000  10.158  12.189
0.550  10.000  10.106  12.003
0.560  10.000  10.046  12.163
0.570  10.000  9.963  12.354
0.580  10.000  9.982  12.472
0.590  10.000  9.967  12.542
0.600  10.000  9.988  12.553
0.610  10.000  9.876  12.631
0.620  10.000  9.899  12.916
0.630  10.000  9.994  13.165
0.640  10.000  10.178  13.189
0.650  10.000  9.830  13.165
0.660  10.000  9.962  13.091
0.670  10.000  9.925  12.901
0.680  10.000  9.916  12.828
0.690  10.000  9.949  13.008
0.700  12.500  9.970  13.210
0.710  15.000  10.246  13.640
0.720  17.500  10.614  14.669
0.730  20.000  10.981  16.343
0.740  22.500  13.092  19.000
0.750  25.000  14.879  23.114
0.760  27.500  17.539  28.537
0.770  30.000  21.001  34.515
0.780  32.500  24.498  41.273
0.790  35.000  26.313  49.731
0.800  35.000  27.642  59.468
0.810  35.000  29.389  69.055
0.820  35.000  30.179  78.090
0.830  35.000  30.577  87.091
0.840  35.000  31.535  96.334
0.850  35.000  30.926  105.251
0.860  35.000  31.185  113.988
0.870  35.000  31.063  123.271
0.880  35.000  32.185  132.286
0.890  35.000  31.946  140.551
0.900  35.000  32.706  149.114
0.910  35.000  33.015  157.788
0.920  35.000  32.623  165.904
0.930  35.000  33.151  173.636
0.940  35.000  32.860  181.464
0.950  35.000  33.630  189.784
0.960  35.000  33.973  197.942
0.970  35.000  33.908  205.829
0.980  35.000  34.194  213.874
0.990  35.000  34.967  221.461
1.000  35.000  34.770  229.008
1.010  35.000  35.402  237.071
1.020  35.000  34.716  245.485
1.030  35.000  35.298  253.621
1.040  35.000  35.664  261.507
1.050  35.000  36.150  269.408
1.060  35.000  36.095  276.802
1.070  35.000  36.183  284.033
1.080  35.000  35.760  291.154
1.090  35.000  35.834  298.543
1.100  35.000  36.882  305.743
1.110  35.000  36.606  312.648
1.120  35.000  37.234  319.540
1.130  35.000  36.650  326.499
1.140  35.000  36.667  333.478
1.150  35.000  37.190  339.649
1.160  35.000  36.329  345.351
1.170  35.000  35.609  351.361
1.180  35.000  35.651  357.443
1.190  35.000  35.155  363.271
1.200  35.000  35.522  368.503
1.210  35.000  35.271  373.084
1.220  35.000  35.490  377.413
1.230  35.000  34.915  381.814
1.240  35.000  35.721  386.154
1.250  35.000  35.220  390.355
1.260  35.000  35.942  394.937
1.270  35.000  35.279  399.548
1.280  35.000  35.556  403.854
1.290  35.000  35.342  407.978
1.300  35.000  36.046  411.704
1.310  35.000  35.573  415.276
1.320  35.000  35.946  418.937
1.330  35.000  36.015  422.542
1.340  35.000  36.196  426.177
1.350  35.000  35.944  429.657
1.360  35.000  35.577  432.842
1.370  35.000  36.094  435.819
1.380  35.000  35.917  438.989
1.390  35.000  36.108  442.056
1.400  35.000  35.944  444.681
1.410  35.000  35.690  447.331
1.420  35.000  35.595  450.001
1.430  35.000  35.831  452.654
1.440  35.000  35.766  455.069
1.450  35.000  35.640  457.070
1.460  35.000  35.577  458.706
1.470  35.000  35.874  460.032
1.480  35.000  35.345  461.232
1.490  35.000  35.555  462.401
1.500  35.000  35.747  463.786
1.510  35.000  35.806  465.179
1.520  35.000  35.521  466.303
1.530  35.000  35.565  467.567
1.540  35.000  35.719  468.875
1.550  35.000  35.436  469.939
1.560  35.000  35.419  470.866
1.570  35.000  35.017  471.722
1.580  35.000  35.384  472.366
1.590  35.000  35.508  473.026
1.600  35.000  35.526  473.708
1.610  35.000  35.967  473.938
1.620  35.000  35.303  473.982
1.630  35.000  35.549  473.861
1.640  35.000  35.340  473.427
1.650  35.000  35.543  473.044
1.660  35.000  35.046  472.659
1.670  35.000  35.235  472.138
1.680  35.000  35.516  471.548
1.690  35.000  34.856  471.072
1.700  10.000  34.946  470.719
1.710  10.000  34.666  470.155
1.720  10.000  31.299  468.064
1.730  10.000  27.602  463.678
1.740  10.000  23.041  457.509
1.750  10.000  20.385  449.296
1.760  10.000  18.499  440.186
1.770  10.000  17.125  431.059
1.780  10.000  16.565  421.686
1.790  10.000  16.393  412.273
1.800  10.000  15.937  402.933
1.810  10.000  16.080  394.465
1.820  10.000  15.379  386.089
1.830  10.000  15.149  377.695
1.840  10.000  14.937  369.443
1.850  10.000  14.718  360.986
1.860  10.000  14.543  352.513
1.870  10.000  14.357  344.555
1.880  10.000  14.156  336.635
1.890  10.000  13.764  328.643
1.900  10.000  13.608  321.177
1.910  10.000  13.374  313.553
1.920  10.000  13.024  305.715
1.930  10.000  12.921  298.057
1.940  10.000  12.741  290.794
1.950  10.000  12.454  283.730
1.960  10.000  12.232  276.799
1.970  10.000  12.075  269.784
1.980  10.000  12.107  262.922
1.990  10.000  11.732  255.665
2.000  10.000  11.442  248.364
2.010  10.000  11.155  241.215
2.020  10.000  11.143  234.122
2.030  10.000  11.067  226.925
2.040  10.000  10.769  219.825
2.050  10.000  10.601  213.432
2.060  10.000  10.191  207.056
2.070  10.000  10.165  200.549
2.080  10.000  10.155  193.487
2.090  10.000  9.807  186.309
2.100  10.000  9.653  179.761
2.110  10.000  9.539  173.560
2.120  10.000  9.407  167.463
2.130  10.000  9.165  161.444
2.140  10.000  9.126  155.564
2.150  10.000  9.008  149.991
2.160  10.000  8.950  143.886
2.170  10.000  8.764  137.694
2.180  10.000  8.639  132.025
2.190  10.000  8.535  125.945
2.200  10.000  8.350  120.071
2.210  10.000  8.236  114.681
2.220  10.000  8.197  109.291
2.230  10.000  8.135  103.628
2.240  10.000  8.168  97.933
2.250  10.000  8.159  92.819
2.260  10.000  8.133  87.901
2.270  10.000  7.925  82.940
2.280  10.000  7.818  78.032
2.290  10.000  7.709  73.187
2.300  10.000  7.672  68.342
2.310  10.000  7.573  63.632
2.320  10.000  7.814  59.118
2.330  10.000  7.696  54.858
2.340  10.000  7.732  50.832
2.350  10.000  7.734  46.870
2.360  10.000  7.580  43.000
2.370  10.000  7.442  39.190
2.380  10.000  7.451  35.302
2.390  10.000  7.520  31.359
2.400  10.000  7.549  27.590
2.410  10.000  7.730  24.194
2.420  10.000  7.858  20.982
2.430  10.000  7.911  17.808
2.440  10.000  7.882  14.803
2.450  10.000  7.802  11.989
2.460  10.000  7.627  9.326
2.470  10.000  7.616  6.682
2.480  10.000  7.622  4.207
2.490  10.000  7.791  1.935
2.500  10.000  8.033  0.005
2.510  10.000  8.378  -1.499
2.520  10.000  8.573  -2.704
2.530  10.000  8.586  -3.672
2.540  10.000  8.696  -4.477
2.550  10.000  8.751  -5.232
2.560  10.000  8.395  -5.928
2.570  10.000  8.555  -6.705
2.580  10.000  8.430  -7.546
2.590  10.000  8.622  -8.170
2.600  10.000  8.326  -8.505
2.610  10.000  8.772  -8.580
2.620  10.000  8.700  -8.459
2.630  10.000  8.756  -8.233
2.640  10.000  8.944  -7.767
2.650  10.000  9.216  -7.006
2.660  10.000  9.194  -6.079
2.670  10.000  9.379  -4.969
2.680  10.000  9.476  -3.674
2.690  10.000  9.664  -2.230
2.700  10.000  9.857  -0.883
2.710  10.000  9.594  0.371
2.720  10.000  9.839  1.481
2.730  10.000  10.073  2.469
2.740  10.000  10.123  3.723
2.750  10.000  10.067  5.234
2.760  10.000  10.251  6.637
2.770  10.000  10.049  7.810
2.780  10.000  10.157  9.032
2.790  10.000  10.204  10.350
2.800  10.000  10.308  11.558
2.810  10.000  10.395  12.701
2.820  10.000  10.329  13.797
2.830  10.000  10.496  14.720
2.840  10.000  10.456  15.513
2.850  10.000  10.433  16.175
2.860  10.000  10.381  16.839
2.870  10.000  10.498  17.625
2.880  10.000  10.391  18.203
2.890  10.000  10.468  18.496
2.900  10.000  10.456  18.704
2.910  10.000  10.443  18.830
2.920  10.000  10.397  18.933
2.930  10.000  10.495  18.927
2.940  10.000  10.198  18.785
2.950  10.000  10.586  18.530
2.960  10.000  10.181  18.325
2.970  10.000  10.198  18.182
2.980  10.000  10.224  17.894
2.990  10.000  10.140  17.655
3.000  10.000  10.246  17.320
3.010  10.000  10.194  16.757
3.020  10.000  10.221  16.158
3.030  10.000  10.007  15.554
3.040  10.000  10.138  14.925
3.050  10.000  9.892  14.361
3.060  10.000  10.071  13.832
3.070  10.000  10.143  13.214
3.080  10.000  9.982  12.647
3.090  10.000  9.921  12.275
3.100  10.000  9.836  11.934
3.110  10.000  9.765  11.520
3.120  10.000  9.837  11.038
3.130  10.000  9.823  10.581
3.140  10.000  9.696  10.201
3.150  10.000  9.721  9.949
3.160  10.000  9.855  9.768
3.170  10.000  9.904  9.376
3.180  10.000  9.601  8.974
3.190  10.000  9.824  8.773
3.200  10.000  9.810  8.527
3.210  10.000  9.818  8.287
3.220  10.000  9.825  8.183
3.230  10.000  9.918  8.094
3.240  10.000  9.816  8.037
3.250  10.000  9.959  7.890
3.260  10.000  9.762  7.934
3.270  10.000  10.008  8.235
3.280  10.000  9.964  8.354
3.290  10.000  9.871  8.220
3.300  10.000  9.908  8.104
3.310  10.000  9.626  8.232
3.320  10.000  9.847  8.445
3.330  10.000  9.876  8.775
3.340  10.000  9.920  9.186
3.350  10.000  9.818  9.526
3.360  10.000  9.918  9.715
3.370  10.000  10.105  9.850
3.380  10.000  10.038  10.284
3.390  10.000  9.887  10.913
3.400  10.000  9.879  11.537
3.410  10.000  10.234  11.918
3.420  10.000  10.095  12.047
3.430  10.000  10.194  12.294
3.440  10.000  9.998  12.537
3.450  10.000  10.008  12.748
3.460  10.000  9.990  12.885
3.470  10.000  10.155  12.848
3.480  10.000  10.233  12.728
3.490  10.000  10.058  12.662
3.500  10.000  10.253  12.778
3.510  10.000  10.092  12.972
3.520  10.000  10.256  13.149
3.530  10.000  10.133  13.184
3.540  10.000  10.132  13.011
3.550  10.000  10.200  12.710
3.560  10.000  10.226  12.277
3.570  10.000  10.177  11.945
3.580  10.000  10.006  11.791
3.590  10.000  10.055  11.577
3.600  10.000  10.145  11.397
3.610  10.000  10.025  11.189
3.620  10.000  10.108  10.783
3.630  10.000  9.981  10.348
3.640  10.000  10.007  9.951
3.650  10.000  9.997  9.466
3.660  10.000  10.031  9.117
3.670  10.000  9.806  9.056
3.680  10.000  10.084  9.076
3.690  10.000  9.906  9.044
3.700  10.000  10.030  8.859
3.710  12.500  9.861  8.558
3.720  15.000  10.187  8.692
3.730  17.500  10.819  9.667
3.740  20.000  10.977  11.460
3.750  22.500  12.733  13.954
3.760  25.000  14.701  17.803
3.770  27.500  17.459  23.408
3.780  30.000  20.679  29.908
3.790  32.500  23.705  37.257
3.800  35.000  26.039  45.615
3.810  35.000  27.892  54.495
3.820  35.000  29.227  63.520
3.830  35.000  30.078  72.743
3.840  35.000  30.503  81.887
3.850  35.000  30.908  90.664
3.860  35.000  31.411  99.066
3.870  35.000  31.812  107.299
3.880  35.000  31.442  115.438
3.890  35.000  32.226  123.964
3.900  35.000  32.499  133.346
3.910  35.000  32.314  142.135
3.920  35.000  32.053  150.097
3.930  35.000  33.148  157.959
3.940  35.000  33.134  165.983
3.950  35.000  33.288  174.394
3.960  35.000  33.596  182.750
3.970  35.000  33.460  191.208
3.980  35.000  34.005  199.728
3.990  35.000  34.002  207.985
4.000  35.000  34.793  216.318
4.010  35.000  35.096  224.358
4.020  35.000  34.723  232.363
4.030  35.000  35.596  240.066
4.040  35.000  35.468  247.393
4.050  35.000  35.885  255.387
4.060  35.000  35.602  263.627
4.070  35.000  35.881  271.145
4.080  35.000  35.957  278.283
4.090  35.000  36.176  285.587
4.100  35.000  36.369  293.132
4.110  35.000  36.074  300.750
4.120  35.000  36.999  307.972
4.130  35.000  36.871  314.992
4.140  35.000  36.198  321.862
4.150  35.000  36.408  328.445
4.160  35.000  37.118  334.120
4.170  35.000  36.215  339.701
4.180  35.000  35.409  345.887
4.190  35.000  36.178  351.590
4.200  35.000  35.450  356.891
4.210  35.000  35.574  361.962
4.220  35.000  34.933  366.666
4.230  35.000  35.363  371.223
4.240  35.000  35.393  375.694
4.250  35.000  35.459  380.031
4.260  35.000  35.195  384.681
4.270  35.000  35.535  389.490
4.280  35.000  35.516  393.916
4.290  35.000  35.976  397.972
4.300  35.000  35.943  402.021
4.310  35.000  35.482  406.060
4.320  35.000  35.426  409.857
4.330  35.000  35.698  413.547
4.340  35.000  35.568  417.087
4.350  35.000  35.901  420.537
4.360  35.000  35.938  423.764
4.370  35.000  35.820  427.105
4.380  35.000  35.980  430.466
4.390  35.000  36.239  433.506
4.400  35.000  35.950  436.403
4.410  35.000  36.258  439.358
4.420  35.000  36.080  442.438
4.430  35.000  35.578  445.258
4.440  35.000  35.908  447.444
4.450  35.000  35.923  449.513
4.460  35.000  35.650  451.614
4.470  35.000  35.506  453.324
4.480  35.000  35.646  454.989
4.490  35.000  35.631  456.641
4.500  35.000  35.424  458.305
4.510  35.000  35.880  459.788
4.520  35.000  35.588  460.908
4.530  35.000  35.770  461.999
4.540  35.000  35.784  463.089
4.550  35.000  35.525  464.006
4.560  35.000  35.927  464.652
4.570  35.000  35.499  465.194
4.580  35.000  35.472  465.661
4.590  35.000  35.721  465.994
4.600  35.000  35.610  466.330
4.610  35.000  35.347  466.529
4.620  35.000  35.590  466.581
4.630  35.000  34.965  466.710
4.640  35.000  35.308  466.775
4.650  35.000  35.327  466.589
4.660  35.000  35.545  466.166
4.670  35.000  35.131  465.693
4.680  35.000  35.026  465.228
4.690  35.000  34.802  464.656
4.700  35.000  35.045  464.188
4.710  10.000  34.755  463.857
4.720  10.000  35.031  463.163
4.730  10.000  31.472  460.783
4.740  10.000  27.821  455.875
4.750  10.000  23.111  449.391
4.760  10.000  20.223  441.412
4.770  10.000  18.483  432.537
4.780  10.000  17.102  423.383
4.790  10.000  15.980  414.611
4.800  10.000  15.286  405.940
4.810  10.000  15.448  397.462
4.820  10.000  15.018  390.255
4.830  10.000  14.237  381.821
4.840  10.000  14.456  372.061
4.850  10.000  14.036  363.647
4.860  10.000  14.046  356.141
4.870  10.000  13.904  348.369
4.880  10.000  13.953  340.194
4.890  10.000  13.408  332.258
4.900  10.000  13.426  325.136
4.910  10.000  13.036  317.993
4.920  10.000  12.672  310.176
4.930  10.000  12.889  301.930
4.940  10.000  12.524  294.557
4.950  10.000  12.403  287.002
4.960  10.000  11.835  279.418
4.970  10.000  12.160  272.846
4.980  10.000  11.615  265.369
4.990  10.000  11.333  257.431
5.000  10.000  11.274  250.288
5.010  10.000  11.056  243.535
5.020  10.000  10.961  236.882
5.030  10.000  10.738  229.878
5.040  10.000  10.585  222.383
5.050  10.000  10.655  215.864
5.060  10.000  10.203  210.312
5.070  10.000  9.903  204.310
5.080  10.000  9.662  197.148
5.090  10.000  9.634  190.225
5.100  10.000  9.606  183.695
5.110  10.000  9.441  176.502
5.120  10.000  9.391  169.246
5.130  10.000  9.077  162.799
5.140  10.000  8.929  156.343
5.150  10.000  9.254  149.788
5.160  10.000  8.881  143.637
5.170  10.000  8.664  136.850
5.180  10.000  8.676  130.590
5.190  10.000  8.339  124.674
5.200  10.000  8.425  118.712
5.210  10.000  8.237  112.740
5.220  10.000  8.312  106.242
5.230  10.000  8.166  100.525
5.240  10.000  8.305  95.921
5.250  10.000  8.226  90.552
5.260  10.000  8.202  84.949
5.270  10.000  8.125  79.456
5.280  10.000  7.866  74.166
5.290  10.000  7.820  69.663
5.300  10.000  7.679  64.394
5.310  10.000  7.743  58.549
5.320  10.000  7.886  53.553
5.330  10.000  7.873  49.400
5.340  10.000  7.924  45.009
5.350  10.000  7.773  40.878
5.360  10.000  7.781  37.112
5.370  10.000  7.541  32.699
5.380  10.000  7.670  28.284
5.390  10.000  7.548  24.426
5.400  10.000  7.618  20.710
5.410  10.000  7.744  17.222
5.420  10.000  7.848  13.986
5.430  10.000  8.025  10.788
5.440  10.000  8.016  7.814
5.450  10.000  7.924  5.133
5.460  10.000  7.823  2.366
5.470  10.000  7.783  -0.578
5.480  10.000  7.897  -3.392
5.490  10.000  7.920  -5.964
5.500  10.000  8.034  -8.274
5.510  10.000  8.232  -10.381
5.520  10.000  8.570  -12.092
5.530  10.000  8.729  -13.344
5.540  10.000  8.862  -14.486
5.550  10.000  8.836  -15.592
5.560  10.000  8.937  -16.602
5.570  10.000  9.033  -17.573
5.580  10.000  8.980  -18.499
5.590  10.000  8.891  -19.352
5.600  10.000  8.803  -20.018
5.610  10.000  8.928  -20.587
5.620  10.000  8.592  -21.085
5.630  10.000  8.652  -21.492
5.640  10.000  8.669  -21.916
5.650  10.000  8.996  -22.205
5.660  10.000  8.936  -22.305
5.670  10.000  9.080  -22.107
5.680  10.000  9.062  -21.423
5.690  10.000  9.088  -20.353
5.700  10.000  9.176  -19.230
5.710  10.000  9.187  -18.137
5.720  10.000  9.698  -16.884
5.730  10.000  9.530  -15.416
5.740  10.000  9.858  -14.031
5.750  10.000  9.800  -12.737
5.760  10.000  9.993  -11.457
5.770  10.000  10.057  -10.180
5.780  10.000  10.029  -8.859
5.790  10.000  10.185  -7.567
5.800  10.000  9.988  -6.389
5.810  10.000  10.140  -5.339
5.820  10.000  10.403  -4.246
5.830  10.000  10.384  -3.184
5.840  10.000  10.463  -2.293
5.850  10.000  10.157  -1.384
5.860  10.000  10.394  -0.475
5.870  10.000  10.464  0.053
5.880  10.000  10.523  0.428
5.890  10.000  10.499  0.841
5.900  10.000  10.395  1.178
5.910  10.000  10.303  1.450
5.920  10.000  10.363  1.592
5.930  10.000  10.258  1.688
5.940  10.000  10.442  1.736
5.950  10.000  10.447  1.618
5.960  10.000  10.402  1.351
5.970  10.000  10.379  0.972
5.980  10.000  10.233  0.604
5.990  10.000  10.360  0.293
6.000  10.000  10.450  -0.074
6.010  10.000  10.316  -0.565
6.020  10.000  10.276  -1.140
6.030  10.000  10.371  -1.674
6.040  10.000  10.137  -2.217
6.050  10.000  10.257  -2.982
6.060  10.000  10.129  -3.790
6.070  10.000  10.070  -4.469
6.080  10.000  9.906  -5.172
6.090  10.000  9.888  -5.853
6.100  10.000  9.962  -6.472
6.110  10.000  9.806  -7.076
6.120  10.000  9.664  -7.698
6.130  10.000  9.614  -8.330
6.140  10.000  9.763  -8.810
6.150  10.000  9.858  -9.246
6.160  10.000  9.759  -9.716
6.170  10.000  9.650  -10.058
6.180  10.000  9.830  -10.486
6.190  10.000  9.649  -10.926
6.200  10.000  9.755  -11.139
6.210  10.000  9.749  -11.233
6.220  10.000  9.710  -11.340
6.230  10.000  9.525  -11.435
6.240  10.000  9.734  -11.326
6.250  10.000  9.877  -11.088
6.260  10.000  9.871  -10.778
6.270  10.000  9.938  -10.575
6.280  10.000  10.085  -10.507
6.290  10.000  9.816  -10.303
6.300  10.000  9.862  -10.112
6.310  10.000  9.797  -9.987
6.320  10.000  9.812  -9.765
6.330  10.000  9.921  -9.444
6.340  10.000  9.988  -9.047
6.350  10.000  9.944  -8.505
6.360  10.000  9.933  -7.884
6.370  10.000  10.079  -7.402
6.380  10.000  10.146  -7.142
6.390  10.000  10.132  -6.891
6.400  10.000  10.108  -6.589
6.410  10.000  10.234  -6.321
6.420  10.000  10.093  -6.206
6.430  10.000  10.223  -6.206
6.440  10.000  10.111  -6.222
6.450  10.000  9.990  -6.226
6.460  10.000  10.127  -6.089
6.470  10.000  10.206  -5.958
6.480  10.000  10.013  -6.064
6.490  10.000  10.178  -6.187
6.500  10.000  10.069  -6.216
6.510  10.000  10.195  -6.254
6.520  10.000  10.098  -6.163
6.530  10.000  10.163  -6.077
6.540  10.000  10.042  -6.225
6.550  10.000  10.271  -6.519
6.560  10.000  9.973  -6.676
6.570  10.000  10.089  -6.956
6.580  10.000  10.110  -7.334
6.590  10.000  10.103  -7.557
6.600  10.000  10.087  -8.003
6.610  10.000  10.010  -8.562
6.620  10.000  10.100  -9.057
6.630  10.000  9.912  -9.417
6.640  10.000  9.954  -9.616
6.650  10.000  9.931  -9.865
6.660  10.000  9.969  -10.128
6.670  10.000  9.778  -10.375
6.680  10.000  9.802  -10.570
6.690  10.000  9.944  -10.757
6.700  10.000  9.892  -10.807
6.710  10.000  9.925  -10.788
6.720  12.500  9.842  -10.826
6.730  15.000  10.086  -10.639
6.740  17.500  10.529  -9.811
6.750  20.000  11.147  -8.219
6.760  22.500  13.324  -5.686
6.770  25.000  15.162  -1.633
6.780  27.500  17.466  3.971
6.790  30.000  20.899  10.713
6.800  32.500  24.107  18.180
6.810  35.000  25.889  26.745
6.820  35.000  27.917  36.184
6.830  35.000  29.066  47.069
6.840  35.000  30.746  58.260
6.850  35.000  30.683  67.724
6.860  35.000  30.826  76.566
6.870  35.000  30.575  85.966
6.880  35.000  30.800  95.701
6.890  35.000  31.725  105.087
6.900  35.000  32.120  113.384
6.910  35.000  32.304  121.326
6.920  35.000  32.378  130.137
6.930  35.000  32.268  139.190
6.940  35.000  33.491  147.580
6.950  35.000  32.614  155.859
6.960  35.000  33.722  164.063
6.970  35.000  33.825  171.801
6.980  35.000  33.392  179.535
6.990  35.000  34.276  187.287
7.000  35.000  34.478  195.491
7.010  35.000  34.803  203.508
7.020  35.000  35.043  211.191
7.030  35.000  34.869  218.956
7.040  35.000  35.204  226.642
7.050  35.000  36.009  234.457
7.060  35.000  35.465  242.124
7.070  35.000  34.947  249.935
7.080  35.000  35.774  257.867
7.090  35.000  36.163  265.568
7.100  35.000  36.017  273.388
7.110  35.000  36.312  281.267
7.120  35.000  36.567  288.662
7.130  35.000  37.333  295.422
7.140  35.000  37.192  302.121
7.150  35.000  36.847  308.958
7.160  35.000  37.027  315.511
7.170  35.000  36.018  322.250
7.180  35.000  36.799  329.168
7.190  35.000  35.718  335.305
7.200  35.000  35.737  341.035
7.210  35.000  35.569  346.762
7.220  35.000  35.282  351.969
7.230  35.000  34.897  356.545
7.240  35.000  34.825  360.980
7.250  35.000  35.155  365.581
7.260  35.000  35.645  370.435
7.270  35.000  35.438  375.408
7.280  35.000  35.480  380.232
7.290  35.000  35.906  384.551
7.300  35.000  36.062  388.494
7.310  35.000  36.209  392.482
7.320  35.000  35.919  396.405
7.330  35.000  35.966  399.971
7.340  35.000  35.765  403.282
7.350  35.000  36.126  406.501
7.360  35.000  35.558  409.982
7.370  35.000  35.460  413.456
7.380  35.000  35.640  416.558
7.390  35.000  36.212  419.487
7.400  35.000  35.992  422.786
7.410  35.000  36.535  426.136
7.420  35.000  35.916  428.914
7.430  35.000  35.578  431.316
7.440  35.000  35.403  433.933
7.450  35.000  35.354  436.808
7.460  35.000  35.573  439.228
7.470  35.000  35.635  441.168
7.480  35.000  35.798  442.981
7.490  35.000  35.901  444.604
7.500  35.000  35.520  446.049
7.510  35.000  35.906  447.254
7.520  35.000  35.772  448.261
7.530  35.000  35.492  449.548
7.540  35.000  35.430  450.823
7.550  35.000  35.644  451.691
7.560  35.000  35.422  452.418
7.570  35.000  35.193  453.394
7.580  35.000  35.501  454.531
7.590  35.000  35.219  455.422
7.600  35.000  35.586  456.077
7.610  35.000  35.610  456.581
7.620  35.000  35.703  456.794
7.630  35.000  34.883  456.819
7.640  35.000  35.892  456.792
7.650  35.000  35.031  456.857
7.660  35.000  35.201  456.922
7.670  35.000  35.317  456.962
7.680  35.000  34.959  456.938
7.690  35.000  35.244  456.798
7.700  35.000  34.887  456.712
7.710  35.000  35.668  456.391
7.720  10.000  35.315  455.781
7.730  10.000  34.391  455.153
7.740  10.000  31.382  453.069
7.750  10.000  27.621  448.273
7.760  10.000  22.935  441.598
7.770  10.000  20.102  433.953
7.780  10.000  18.266  425.138
7.790  10.000  17.084  415.487
7.800  10.000  16.542  406.626
7.810  10.000  16.226  398.804
7.820  10.000  16.008  390.430
7.830  10.000  15.579  381.361
7.840  10.000  15.436  372.727
7.850  10.000  15.128  364.178
7.860  10.000  14.856  355.985
7.870  10.000  14.829  348.539
7.880  10.000  14.436  340.532
7.890  10.000  14.316  332.569
7.900  10.000  13.743  325.337
7.910  10.000  13.691  318.172
7.920  10.000  13.420  310.440
7.930  10.000  13.446  302.519
7.940  10.000  13.062  295.213
7.950  10.000  12.928  287.366
7.960  10.000  12.685  279.076
7.970  10.000  12.579  271.057
7.980  10.000  12.203  262.949
7.990  10.000  11.988  255.511
8.000  10.000  11.813  248.921
8.010  10.000  11.761  242.272
8.020  10.000  11.420  235.051
8.030  10.000  11.415  227.783
8.040  10.000  11.019  221.140
8.050  10.000  10.935  214.814
8.060  10.000  10.670  208.035
8.070  10.000  10.278  200.609
8.080  10.000  10.177  193.879
8.090  10.000  10.102  187.713
8.100  10.000  9.833  180.876
8.110  10.000  9.646  174.240
8.120  10.000  9.521  167.500
8.130  10.000  9.369  160.778
8.140  10.000  9.325  154.970
8.150  10.000  9.139  149.160
8.160  10.000  9.015  143.263
8.170  10.000  8.909  136.823
8.180  10.000  8.806  130.585
8.190  10.000  8.825  125.218
8.200  10.000  8.598  119.974
8.210  10.000  8.563  114.865
8.220  10.000  8.323  109.707
8.230  10.000  8.067  104.361
8.240  10.000  8.181  99.119
8.250  10.000  8.071  93.923
8.260  10.000  8.149  88.905
8.270  10.000  8.100  84.274
8.280  10.000  7.770  79.817
8.290  10.000  8.017  74.560
8.300  10.000  7.381  69.165
8.310  10.000  7.504  64.515
8.320  10.000  7.555  59.798
8.330  10.000  7.635  55.406
8.340  10.000  7.803  51.329
8.350  10.000  7.731  47.338
8.360  10.000  7.630  43.543
8.370  10.000  7.377  39.873
8.380  10.000  7.473  36.428
8.390  10.000  7.597  32.994
8.400  10.000  7.524  29.564
8.410  10.000  7.486  26.232
8.420  10.000  7.603  23.012
8.430  10.000  7.920  20.073
8.440  10.000  7.895  17.213
8.450  10.000  7.806  14.475
8.460  10.000  7.631  11.942
8.470  10.000  7.725  9.394
8.480  10.000  7.526  6.977
8.490  10.000  7.716  4.799
8.500  10.000  7.955  2.798
8.510  10.000  8.293  0.964
8.520  10.000  8.510  -0.757
8.530  10.000  8.755  -2.166
8.540  10.000  8.930  -3.196
8.550  10.000  8.837  -3.935
8.560  10.000  9.028  -4.740
8.570  10.000  8.980  -5.594
8.580  10.000  8.857  -6.095
8.590  10.000  8.716  -6.446
8.600  10.000  8.678  -6.851
8.610  10.000  8.680  -7.444
8.620  10.000  8.828  -8.153
8.630  10.000  8.691  -8.553
8.640  10.000  8.935  -8.538
8.650  10.000  8.827  -8.314
8.660  10.000  8.910  -7.834
8.670  10.000  9.190  -7.063
8.680  10.000  9.216  -6.301
8.690  10.000  9.155  -5.442
8.700  10.000  9.319  -4.408
8.710  10.000  9.652  -3.311
8.720  10.000  9.752  -2.022
8.730  10.000  9.727  -0.617
8.740  10.000  9.888  0.745
8.750  10.000  9.735  1.916
8.760  10.000  10.116  3.065
8.770  10.000  10.162  4.406
8.780  10.000  10.280  5.676
8.790  10.000  10.155  6.665
8.800  10.000  10.133  7.612
8.810  10.000  10.091  8.751
8.820  10.000  10.234  10.071
8.830  10.000  10.393  11.337
8.840  10.000  10.260  12.535
8.850  10.000  10.056  13.693
8.860  10.000  10.529  14.618
8.870  10.000  10.343  15.455
8.880  10.000  10.295  16.334
8.890  10.000  10.427  17.037
8.900  10.000  10.202  17.539
8.910  10.000  10.370  18.092
8.920  10.000  10.350  18.506
8.930  10.000  10.251  18.665
8.940  10.000  10.441  18.850
8.950  10.000  10.305  19.041
8.960  10.000  10.350  19.125
8.970  10.000  10.306  19.251
8.980  10.000  10.282  19.285
8.990  10.000  10.018  19.165
9.000  10.000  10.125  19.102
9.010  10.000  10.283  18.917
9.020  10.000  10.381  18.437
9.030  10.000  10.307  17.990
9.040  10.000  10.432  17.574
9.050  10.000  10.108  16.856
9.060  10.000  10.214  16.096
9.070  10.000  10.044  15.399
9.080  10.000  10.012  14.689
9.090  10.000  10.060  14.063
9.100  10.000  9.936  13.561
9.110  10.000  9.957  13.131
9.120  10.000  9.909  12.625
9.130  10.000  9.917  12.025
9.140  10.000  9.881  11.276
9.150  10.000  9.773  10.526
9.160  10.000  9.902  9.828
9.170  10.000  9.820  9.084
9.180  10.000  9.769  8.447
9.190  10.000  9.828  7.898
9.200  10.000  9.620  7.505
9.210  10.000  9.661  7.415
9.220  10.000  9.744  7.455
9.230  10.000  9.637  7.455
9.240  10.000  9.966  7.334
9.250  10.000  9.511  7.389
9.260  10.000  9.734  7.761
9.270  10.000  9.688  8.242
9.280  10.000  9.822  8.770
9.290  10.000  9.924  9.199
9.300  10.000  9.970  9.435
9.310  10.000  9.921  9.589
9.320  10.000  10.091  9.757
9.330  10.000  10.005  9.884
9.340  10.000  9.985  10.038
9.350  10.000  9.944  10.463
9.360  10.000  9.797  11.020
9.370  10.000  9.904  11.505
9.380  10.000  9.995  12.044
9.390  10.000  10.147  12.517
9.400  10.000  9.890  12.980
9.410  10.000  10.070  13.491
9.420  10.000  10.110  13.807
9.430  10.000  10.342  14.019
9.440  10.000  10.054  14.254
9.450  10.000  10.178  14.250
9.460  10.000  9.893  14.166
9.470  10.000  10.102  14.394
9.480  10.000  10.088  14.594
9.490  10.000  10.084  14.523
9.500  10.000  9.956  14.361
9.510  10.000  10.265  14.279
9.520  10.000  10.095  14.417
9.530  10.000  10.142  14.572
9.540  10.000  9.948  14.646
9.550  10.000  10.014  14.912
9.560  10.000  10.098  15.273
9.570  10.000  10.389  15.497
9.580  10.000  10.138  15.535
9.590  10.000  10.278  15.469
9.600  10.000  10.074  15.408
9.610  10.000  9.976  15.305
9.620  10.000  9.809  15.261
9.630  10.000  10.174  15.406
9.640  10.000  10.014  15.503
9.650  10.000  9.951  15.348
9.660  10.000  10.032  15.113
9.670  10.000  9.905  14.997
9.680  10.000  9.822  15.107
9.690  10.000  9.788  15.235
9.700  10.000  10.002  15.167
9.710  10.000  10.019  15.056
9.720  10.000  9.918  15.085
9.730  12.500  10.014  15.061
9.740  15.000  10.346  15.166
9.750  17.500  10.873  15.899
9.760  20.000  11.221  17.445
9.770  22.500  12.746  20.061
9.780  25.000  14.587  23.876
9.790  27.500  17.651  28.875
9.800  30.000  21.265  34.806
9.810  32.500  23.170  42.260
9.820  35.000  26.280  50.634
9.830  35.000  27.601  59.129
9.840  35.000  29.846  67.943
9.850  35.000  30.070  76.880
9.860  35.000  30.809  85.813
9.870  35.000  30.866  94.862
9.880  35.000  31.186  103.973
9.890  35.000  31.294  112.817
9.900  35.000  31.371  121.743
9.910  35.000  32.136  130.459
9.920  35.000  32.017  139.039
9.930  35.000  31.985  147.736
9.940  35.000  32.158  156.352
9.950  35.000  32.770  164.761
9.960  35.000  33.557  173.090
9.970  35.000  33.593  181.423
9.980  35.000  33.658  189.689
9.990  35.000  34.097  197.592
10.000  35.000  33.488  205.590
10.010  35.000  34.078  214.042
10.020  35.000  34.945  222.035
10.030  35.000  34.631  229.658
10.040  35.000  34.382  237.513
10.050  35.000  34.760  245.510
10.060  35.000  34.909  253.324
10.070  35.000  35.120  261.004
10.080  35.000  35.367  268.343
10.090  35.000  36.164  275.550
10.100  35.000  35.530  283.218
10.110  35.000  36.477  290.741
10.120  35.000  35.880  297.937
10.130  35.000  36.033  305.327
10.140  35.000  36.653  312.408
10.150  35.000  36.923  318.930
10.160  35.000  37.119  325.311
10.170  35.000  36.475  331.700
10.180  35.000  37.074  337.726
10.190  35.000  37.090  343.730
10.200  35.000  36.496  349.784
10.210  35.000  35.926  355.783
10.220  35.000  36.032  361.458
10.230  35.000  36.041  366.642
10.240  35.000  35.552  371.590
10.250  35.000  34.953  376.087
10.260  35.000  35.334  380.378
10.270  35.000  34.920  384.933
10.280  35.000  35.551  389.526
10.290  35.000  35.861  393.808
10.300  35.000  35.894  397.857
10.310  35.000  35.368  401.618
10.320  35.000  35.277  405.272
10.330  35.000  35.954  408.801
10.340  35.000  35.909  412.260
10.350  35.000  35.865  415.819
10.360  35.000  35.946  419.304
10.370  35.000  36.013  422.479
10.380  35.000  36.121  425.246
10.390  35.000  36.159  427.778
10.400  35.000  35.304  430.584
10.410  35.000  35.805  433.434
10.420  35.000  35.849  436.077
10.430  35.000  35.829  438.723
10.440  35.000  35.987  441.145
10.450  35.000  35.766  443.350
10.460  35.000  35.423  445.569
10.470  35.000  35.712  447.818
10.480  35.000  35.872  449.812
10.490  35.000  35.617  451.266
10.500  35.000  35.843  452.377
10.510  35.000  35.223  453.714
10.520  35.000  35.596  455.106
10.530  35.000  35.890  456.448
10.540  35.000  35.360  458.030
10.550  35.000  35.676  459.629
10.560  35.000  35.787  461.032
10.570  35.000  35.122  462.109
10.580  35.000  35.710  462.872
10.590  35.000  35.264  463.433
10.600  35.000  35.601  463.967
10.610  35.000  35.242  464.445
10.620  35.000  35.534  464.724
10.630  35.000  35.715  464.922
10.640  35.000  35.768  465.057
10.650  35.000  35.379  465.036
10.660  35.000  35.586  464.912
10.670  35.000  35.308  464.379
10.680  35.000  35.098  463.688
10.690  35.000  35.060  463.290
10.700  35.000  35.266  462.837
10.710  35.000  34.742  462.181
10.720  35.000  35.425  461.420
10.730  10.000  34.773  460.712
10.740  10.000  34.884  459.943
10.750  10.000  31.425  457.555
10.760  10.000  27.272  452.897
10.770  10.000  23.028  446.652
10.780  10.000  20.346  438.364
10.790  10.000  18.437  429.357
10.800  10.000  16.943  421.161
10.810  10.000  16.481  412.566
10.820  10.000  16.267  403.916
10.830  10.000  15.749  395.372
10.840  10.000  15.883  386.264
10.850  10.000  15.254  377.111
10.860  10.000  15.279  368.728
10.870  10.000  14.961  360.341
10.880  10.000  14.694  351.300
10.890  10.000  14.435  342.968
10.900  10.000  14.359  335.193
10.910  10.000  14.129  327.268
10.920  10.000  13.627  318.967
10.930  10.000  13.655  310.135
10.940  10.000  13.410  301.258
10.950  10.000  13.230  292.458
10.960  10.000  12.915  284.241
10.970  10.000  12.744  276.700
10.980  10.000  12.672  268.733
10.990  10.000  12.418  260.918
11.000  10.000  12.208  253.612
11.010  10.000  12.079  246.275
11.020  10.000  11.764  238.579
11.030  10.000  11.390  230.364
11.040  10.000  11.345  222.872
11.050  10.000  11.185  216.328
11.060  10.000  10.836  209.987
11.070  10.000  10.615  203.066
11.080  10.000  10.458  195.816
11.090  10.000  10.252  188.701
11.100  10.000  10.041  181.855
11.110  10.000  10.008  174.911
11.120  10.000  9.950  167.481
11.130  10.000  9.619  160.645
11.140  10.000  9.557  153.909
11.150  10.000  9.298  147.408
11.160  10.000  9.271  140.876
11.170  10.000  8.923  134.276
11.180  10.000  9.030  127.940
11.190  10.000  8.764  121.704
11.200  10.000  8.690  115.887
11.210  10.000  8.619  110.177
11.220  10.000  8.565  104.397
11.230  10.000  8.243  98.626
11.240  10.000  8.198  93.219
11.250  10.000  8.212  87.923
11.260  10.000  8.173  82.520
11.270  10.000  8.198  77.263
11.280  10.000  8.206  72.248
11.290  10.000  8.078  67.404
11.300  10.000  7.955  62.630
11.310  10.000  7.705  57.857
11.320  10.000  7.695  53.112
11.330  10.000  7.604  48.400
11.340  10.000  7.679  43.864
11.350  10.000  7.723  39.530
11.360  10.000  7.799  35.288
11.370  10.000  7.745  31.244
11.380  10.000  7.744  27.246
11.390  10.000  7.556  23.111
11.400  10.000  7.377  18.582
11.410  10.000  7.432  14.237
11.420  10.000  7.441  10.633
11.430  10.000  7.641  7.291
11.440  10.000  7.717  4.084
11.450  10.000  7.765  0.967
11.460  10.000  7.753  -1.807
11.470  10.000  7.642  -4.491
11.480  10.000  7.532  -7.383
11.490  10.000  7.517  -10.180
11.500  10.000  7.531  -12.866
11.510  10.000  7.633  -15.398
11.520  10.000  7.979  -17.543
11.530  10.000  8.257  -19.364
11.540  10.000  8.416  -21.075
11.550  10.000  8.694  -22.599
11.560  10.000  8.560  -23.697
11.570  10.000  8.659  -24.561
11.580  10.000  8.724  -25.314
11.590  10.000  8.672  -25.811
11.600  10.000  8.518  -26.387
11.610  10.000  8.625  -27.197
11.620  10.000  8.491  -27.799
11.630  10.000  8.677  -28.096
11.640  10.000  8.660  -28.233
11.650  10.000  8.743  -28.084
11.660  10.000  8.801  -27.691
11.670  10.000  9.072  -27.261
11.680  10.000  8.996  -26.740
11.690  10.000  9.155  -25.974
11.700  10.000  9.353  -25.106
11.710  10.000  9.585  -24.041
11.720  10.000  9.591  -22.695
11.730  10.000  9.676  -21.286
11.740  10.000  9.810  -19.985
11.750  10.000  10.220  -18.807
11.760  10.000  9.950  -17.347
11.770  10.000  10.020  -15.639
11.780  10.000  9.977  -13.963
11.790  10.000  10.226  -12.598
11.800  10.000  10.184  -11.474
11.810  10.000  10.211  -10.245
11.820  10.000  10.403  -9.113
11.830  10.000  10.354  -8.045
11.840  10.000  10.360  -7.014
11.850  10.000  10.481  -6.174
11.860  10.000  10.708  -5.585
11.870  10.000  10.398  -5.142
11.880  10.000  10.442  -4.622
11.890  10.000  10.653  -4.070
11.900  10.000  10.378  -3.712
11.910  10.000  10.395  -3.344
11.920  10.000  10.515  -2.818
11.930  10.000  10.572  -2.497
11.940  10.000  10.504  -2.509
11.950  10.000  10.406  -2.647
11.960  10.000  10.329  -2.869
11.970  10.000  10.219  -3.167
11.980  10.000  10.249  -3.462
11.990  10.000  10.169  -3.778
12.000  10.000  10.350  -4.028
12.010  10.000  10.247  -4.281
12.020  10.000  10.158  -4.824
12.030  10.000  10.243  -5.684
12.040  10.000  10.138  -6.516
12.050  10.000  9.983  -7.236
12.060  10.000  10.008  -8.089
12.070  10.000  10.110  -8.998
12.080  10.000  10.151  -9.783
12.090  10.000  10.014  -10.562
12.100  10.000  9.764  -11.369
12.110  10.000  9.864  -12.084
12.120  10.000  9.876  -12.774
12.130  10.000  9.850  -13.598
12.140  10.000  9.689  -14.389
12.150  10.000  9.810  -14.850
12.160  10.000  9.772  -15.160
12.170  10.000  9.796  -15.516
12.180  10.000  9.878  -15.830
12.190  10.000  9.640  -15.994
12.200  10.000  9.669  -16.109
12.210  10.000  9.774  -16.319
12.220  10.000  9.610  -16.578
12.230  10.000  9.679  -16.852
12.240  10.000  9.734  -16.997
12.250  10.000  9.753  -16.952
12.260  10.000  9.729  -16.839
12.270  10.000  9.844  -16.759
12.280  10.000  9.771  -16.684
12.290  10.000  9.860  -16.621
12.300  10.000  9.946  -16.515
12.310  10.000  9.951  -16.401
12.320  10.000  9.912  -16.169
12.330  10.000  9.920  -15.897
12.340  10.000  9.959  -15.643
12.350  10.000  9.986  -15.292
12.360  10.000  10.091  -15.063
12.370  10.000  9.994  -14.782
12.380  10.000  10.180  -14.341
12.390  10.000  10.220  -13.990
12.400  10.000  10.105  -13.770
12.410  10.000  10.132  -13.517
12.420  10.000  10.292  -13.525
12.430  10.000  10.229  -13.873
12.440  10.000  10.015  -14.041
12.450  10.000  10.148  -13.965
12.460  10.000  10.039  -13.910
12.470  10.000  10.290  -13.958
12.480  10.000  10.237  -14.009
12.490  10.000  10.114  -14.017
12.500  10.000  10.213  -14.085
12.510  10.000  10.249  -14.495
12.520  10.000  10.274  -15.140
12.530  10.000  10.028  -15.635
12.540  10.000  10.150  -16.172
12.550  10.000  9.966  -16.845
12.560  10.000  10.029  -17.368
12.570  10.000  9.885  -17.634
12.580  10.000  10.016  -17.832
12.590  10.000  9.745  -18.100
12.600  10.000  9.931  -18.478
12.610  10.000  9.952  -18.828
12.620  10.000  9.900  -19.008
12.630  10.000  10.043  -19.291
12.640  10.000  9.883  -19.568
12.650  10.000  9.837  -19.612
12.660  10.000  9.876  -19.666
12.670  10.000  9.992  -19.921
12.680  10.000  9.913  -20.246
12.690  10.000  9.945  -20.376
12.700  10.000  9.836  -20.257
12.710  10.000  9.808  -20.058
12.720  10.000  9.743  -19.802
12.730  10.000  9.989  -19.502
12.740  12.500  9.868  -19.397
12.750  15.000  10.178  -19.177
12.760  17.500  10.883  -18.201
12.770  20.000  11.134  -16.254
12.780  22.500  13.053  -13.310
12.790  25.000  15.305  -9.226
12.800  27.500  17.800  -3.724
12.810  30.000  20.967  3.087
12.820  32.500  24.162  10.812
12.830  35.000  26.145  20.611
12.840  35.000  28.130  30.857
12.850  35.000  29.879  40.026
12.860  35.000  30.279  49.379
12.870  35.000  30.823  58.869
12.880  35.000  31.381  68.449
12.890  35.000  31.245  78.166
12.900  35.000  31.719  87.308
12.910  35.000  31.869  95.647
12.920  35.000  31.905  104.222
12.930  35.000  31.298  113.627
12.940  35.000  32.084  122.764
12.950  35.000  33.087  130.882
12.960  35.000  32.575  139.440
12.970  35.000  33.571  147.645
12.980  35.000  33.559  155.388
12.990  35.000  33.438  163.602
13.000  35.000  34.396  171.689
13.010  35.000  33.888  180.050
13.020  35.000  34.283  188.772
13.030  35.000  35.046  196.812
13.040  35.000  34.162  204.918
13.050  35.000  34.579  213.251
13.060  35.000  35.259  220.656
13.070  35.000  35.783  227.657
13.080  35.000  35.752  234.893
13.090  35.000  35.524  242.246
13.100  35.000  36.775  249.580
13.110  35.000  36.079  256.923
13.120  35.000  35.506  264.282
13.130  35.000  35.936  271.607
13.140  35.000  36.049  278.830
13.150  35.000  36.341  286.305
13.160  35.000  36.406  293.652
13.170  35.000  37.365  300.605
13.180  35.000  36.426  307.746
13.190  35.000  36.352  315.111
13.200  35.000  36.668  321.530
13.210  35.000  36.601  327.338
13.220  35.000  35.713  333.053
13.230  35.000  36.201  338.349
13.240  35.000  35.323  343.320
13.250  35.000  34.626  348.008
13.260  35.000  35.508  352.616
13.270  35.000  34.964  357.270
13.280  35.000  35.141  361.934
13.290  35.000  35.379  366.444
13.300  35.000  35.625  370.955
13.310  35.000  36.015  375.398
13.320  35.000  35.132  379.803
13.330  35.000  35.314  384.433
13.340  35.000  35.594  389.013
13.350  35.000  36.016  393.122
13.360  35.000  35.854  396.814
13.370  35.000  36.452  400.093
13.380  35.000  36.097  403.375
13.390  35.000  35.862  407.024
13.400  35.000  35.705  410.529
13.410  35.000  36.021  413.533
13.420  35.000  36.197  416.371
13.430  35.000  36.233  419.175
13.440  35.000  36.142  422.027
13.450  35.000  35.621  424.936
13.460  35.000  36.111  427.616
13.470  35.000  35.815  430.052
13.480  35.000  35.730  432.374
13.490  35.000  35.358  434.557
13.500  35.000  35.549  436.429
13.510  35.000  35.542  438.126
13.520  35.000  35.460  439.856
13.530  35.000  35.451  441.533
13.540  35.000  35.428  443.015
13.550  35.000  35.322  444.592
13.560  35.000  35.471  446.314
13.570  35.000  35.413  447.913
13.580  35.000  35.629  449.189
13.590  35.000  35.243  450.234
13.600  35.000  35.769  451.296
13.610  35.000  35.842  452.392
13.620  35.000  35.368  453.349
13.630  35.000  35.936  454.191
13.640  35.000  35.576  454.967
13.650  35.000  35.565  455.460
13.660  35.000  35.440  455.783
13.670  35.000  35.748  455.992
13.680  35.000  35.248  456.086
13.690  35.000  35.143  455.988
13.700  35.000  35.226  455.507
13.710  35.000  34.639  455.047
13.720  35.000  35.303  454.689
13.730  35.000  34.840  454.473
13.740  10.000  35.382  454.279
13.750  10.000  34.632  453.739
13.760  10.000  31.611  451.718
13.770  10.000  27.815  446.996
13.780  10.000  23.147  440.831
13.790  10.000  20.185  433.730
13.800  10.000  18.312  424.912
13.810  10.000  17.021  415.194
13.820  10.000  16.432  406.602
13.830  10.000  16.236  399.069
13.840  10.000  15.749  391.245
13.850  10.000  15.846  383.208
13.860  10.000  15.357  374.492
13.870  10.000  15.104  365.954
13.880  10.000  15.024  357.525
13.890  10.000  14.669  348.559
13.900  10.000  14.237  339.987
13.910  10.000  14.446  331.480
13.920  10.000  13.865  323.401
13.930  10.000  13.815  316.100
13.940  10.000  13.648  308.698
13.950  10.000  13.178  301.139
13.960  10.000  13.163  293.902
13.970  10.000  12.965  286.822
13.980  10.000  12.499  279.980
13.990  10.000  12.423  273.413
14.000  10.000  12.235  266.247
14.010  10.000  11.947  258.770
14.020  10.000  11.752  251.819
14.030  10.000  11.659  245.328
14.040  10.000  11.313  239.053
14.050  10.000  11.074  232.784
14.060  10.000  10.984  225.791
14.070  10.000  10.561  218.145
14.080  10.000  10.662  210.623
14.090  10.000  10.269  203.850
14.100  10.000  9.828  197.954
14.110  10.000  9.998  191.430
14.120  10.000  9.647  184.201
14.130  10.000  9.652  176.971
14.140  10.000  9.411  169.717
14.150  10.000  9.453  163.088
14.160  10.000  8.841  156.736
14.170  10.000  8.997  150.710
14.180  10.000  8.648  144.470
14.190  10.000  8.700  137.845
14.200  10.000  8.693  131.632
14.210  10.000  8.543  125.217
14.220  10.000  8.353  119.307
14.230  10.000  8.175  113.691
14.240  10.000  8.354  107.858
14.250  10.000  8.317  102.587
14.260  10.000  8.327  97.014
14.270  10.000  8.328  91.471
14.280  10.000  8.081  86.078
14.290  10.000  8.201  80.482
14.300  10.000  8.013  75.582
14.310  10.000  7.733  70.271
14.320  10.000  7.846  65.034
14.330  10.000  7.758  60.004
14.340  10.000  7.882  54.339
14.350  10.000  7.844  49.388
14.360  10.000  7.862  44.939
14.370  10.000  7.838  40.050
14.380  10.000  7.932  34.810
14.390  10.000  7.731  29.904
14.400  10.000  7.526  26.127
14.410  10.000  7.522  22.921
14.420  10.000  7.595  19.396
14.430  10.000  7.658  15.784
14.440  10.000  7.579  12.282
14.450  10.000  7.982  9.031
14.460  10.000  7.841  6.137
14.470  10.000  7.928  3.168
14.480  10.000  7.758  0.216
14.490  10.000  7.683  -2.390
14.500  10.000  7.825  -4.846
14.510  10.000  7.667  -7.337
14.520  10.000  7.884  -9.834
14.530  10.000  8.248  -12.190
14.540  10.000  8.565  -14.096
14.550  10.000  8.634  -15.570
14.560  10.000  8.790  -16.772
14.570  10.000  8.850  -17.719
14.580  10.000  9.071  -18.583
14.590  10.000  8.956  -19.332
14.600  10.000  8.985  -19.999
14.610  10.000  8.911  -20.886
14.620  10.000  8.759  -21.689
14.630  10.000  8.675  -22.130
14.640  10.000  8.679  -22.360
14.650  10.000  8.743  -22.473
14.660  10.000  8.754  -22.506
14.670  10.000  8.953  -22.443
14.680  10.000  8.921  -22.261
14.690  10.000  9.024  -21.751
14.700  10.000  9.006  -20.894
14.710  10.000  9.175  -19.975
14.720  10.000  9.318  -19.072
14.730  10.000  9.398  -17.905
14.740  10.000  9.712  -16.493
14.750  10.000  9.596  -15.141
14.760  10.000  9.696  -13.684
14.770  10.000  9.889  -12.161
14.780  10.000  10.002  -10.812
14.790  10.000  9.762  -9.517
14.800  10.000  10.127  -8.098
14.810  10.000  10.154  -6.668
14.820  10.000  10.082  -5.346
14.830  10.000  9.990  -4.052
14.840  10.000  10.477  -2.864
14.850  10.000  10.227  -1.722
14.860  10.000  10.264  -0.541
14.870  10.000  10.255  0.522
14.880  10.000  10.329  1.622
14.890  10.000  10.444  2.815
14.900  10.000  10.692  3.779
14.910  10.000  10.613  4.385
14.920  10.000  10.369  4.965
14.930  10.000  10.576  5.541
14.940  10.000  10.419  5.832
14.950  10.000  10.416  6.068
14.960  10.000  10.472  6.192
14.970  10.000  10.250  6.171
14.980  10.000  10.435  6.056
14.990  10.000  10.309  5.854
15.000  10.000  10.263  5.685
15.010  10.000  10.342  5.532
15.020  10.000  9.976  5.371
15.030  10.000  10.173  5.018
15.040  10.000  10.158  4.552
15.050  10.000  10.104  4.150
15.060  10.000  10.040  3.685
15.070  10.000  10.038  3.080
15.080  10.000  10.117  2.554
15.090  10.000  9.836  2.181
15.100  10.000  10.058  1.746
15.110  10.000  10.042  1.204
15.120  10.000  10.031  0.570
15.130  10.000  9.996  0.017
15.140  10.000  9.927  -0.356
15.150  10.000  9.826  -0.604
15.160  10.000  9.861  -0.818
15.170  10.000  9.789  -1.198
15.180  10.000  9.749  -1.703
15.190  10.000  9.934  -2.087
15.200  10.000  9.736  -2.316
15.210  10.000  9.648  -2.419
15.220  10.000  9.701  -2.514
15.230  10.000  9.994  -2.753
15.240  10.000  9.816  -2.990
15.250  10.000  9.951  -3.263
15.260  10.000  9.784  -3.565
15.270  10.000  9.926  -3.770
15.280  10.000  9.860  -3.821
15.290  10.000  9.908  -3.744
15.300  10.000  9.820  -3.597
15.310  10.000  9.890  -3.358
15.320  10.000  9.913  -3.132
15.330  10.000  9.960  -3.168
15.340  10.000  9.908  -3.259
15.350  10.000  9.811  -3.064
15.360  10.000  9.879  -2.816
15.370  10.000  9.904  -2.789
15.380  10.000  9.978  -2.732
15.390  10.000  9.883  -2.406
15.400  10.000  9.921  -2.045
15.410  10.000  9.885  -1.703
15.420  10.000  10.254  -1.372
15.430  10.000  10.009  -1.077
15.440  10.000  10.033  -0.759
15.450  10.000  10.077  -0.450
15.460  10.000  10.237  -0.115
15.470  10.000  10.014  0.236
15.480  10.000  9.970  0.604
15.490  10.000  10.056  0.953
15.500  10.000  10.107  1.160
15.510  10.000  10.187  1.360
15.520  10.000  10.244  1.524
15.530  10.000  10.105  1.558
15.540  10.000  9.966  1.600
15.550  10.000  10.055  1.644
15.560  10.000  10.150  1.595
15.570  10.000  9.979  1.543
15.580  10.000  9.946  1.700
15.590  10.000  10.091  1.901
15.600  10.000  10.022  1.959
15.610  10.000  10.093  2.001
15.620  10.000  9.931  2.116
15.630  10.000  9.974  2.280
15.640  10.000  10.036  2.298
15.650  10.000  9.939  2.170
15.660  10.000  10.212  2.102
15.670  10.000  9.928  2.170
15.680  10.000  10.163  2.186
15.690  10.000  10.035  2.033
15.700  10.000  10.098  1.903
15.710  10.000  10.047  1.937
15.720  10.000  10.027  2.003
15.730  10.000  10.024  1.831
15.740  10.000  9.989  1.492
15.750  12.500  9.997  1.118
15.760  15.000  10.151  1.100
15.770  17.500  10.748  1.764
15.780  20.000  11.088  3.385
15.790  22.500  12.800  6.128
15.800  25.000  14.750  10.042
15.810  27.500  17.469  15.601
15.820  30.000  20.916  22.296
15.830  32.500  24.049  29.280
15.840  35.000  25.944  37.061
15.850  35.000  27.616  46.105
15.860  35.000  28.982  55.409
15.870  35.000  29.140  64.715
15.880  35.000  29.879  74.034
15.890  35.000  31.027  83.247
15.900  35.000  30.588  92.337
15.910  35.000  31.826  101.132
15.920  35.000  31.553  110.270
15.930  35.000  31.869  119.138
15.940  35.000  32.976  127.288
15.950  35.000  31.993  135.606
15.960  35.000  32.919  143.759
15.970  35.000  33.358  151.763
15.980  35.000  33.272  159.725
15.990  35.000  33.671  167.627
16.000  35.000  33.673  176.257
16.010  35.000  33.993  185.102
16.020  35.000  34.306  193.195
16.030  35.000  33.932  201.631
16.040  35.000  34.979  209.872
16.050  35.000  35.247  217.040
16.060  35.000  34.313  224.664
16.070  35.000  34.372  232.920
16.080  35.000  35.348  240.813
16.090  35.000  35.370  248.040
16.100  35.000  35.734  254.844
16.110  35.000  36.655  261.571
16.120  35.000  35.215  269.082
16.130  35.000  36.605  276.431
16.140  35.000  35.606  283.690
16.150  35.000  35.885  291.275
16.160  35.000  36.619  298.146
16.170  35.000  37.522  304.594
16.180  35.000  36.966  311.034
16.190  35.000  36.621  317.629
16.200  35.000  37.254  324.027
16.210  35.000  36.150  329.968
16.220  35.000  36.685  335.755
16.230  35.000  34.965  341.479
16.240  35.000  35.931  347.061
16.250  35.000  35.361  352.389
16.260  35.000  35.148  357.684
16.270  35.000  35.315  362.704
16.280  35.000  35.108  367.524
16.290  35.000  35.766  372.280
16.300  35.000  35.261  376.841
16.310  35.000  35.107  381.554
16.320  35.000  35.044  386.359
16.330  35.000  36.130  390.908
16.340  35.000  35.440  395.027
16.350  35.000  35.046  399.223
16.360  35.000  35.825  403.226
16.370  35.000  36.428  406.640
16.380  35.000  36.338  410.078
16.390  35.000  36.296  413.658
16.400  35.000  36.420  416.939
16.410  35.000  36.540  419.844
16.420  35.000  35.245  422.752
16.430  35.000  36.404  425.520
16.440  35.000  35.850  428.181
16.450  35.000  35.952  430.941
16.460  35.000  35.816  433.421
16.470  35.000  35.949  435.729
16.480  35.000  35.563  437.942
16.490  35.000  35.898  439.955
16.500  35.000  35.613  441.926
16.510  35.000  35.846  443.556
16.520  35.000  35.468  444.785
16.530  35.000  35.249  445.845
16.540  35.000  35.954  446.809
16.550  35.000  35.432  448.067
16.560  35.000  35.593  449.550
16.570  35.000  35.321  450.919
16.580  35.000  35.461  451.948
16.590  35.000  35.282  453.054
16.600  35.000  35.339  454.426
16.610  35.000  35.965  455.305
16.620  35.000  35.292  455.898
16.630  35.000  35.647  456.547
16.640  35.000  35.502  457.112
16.650  35.000  35.711  457.621
16.660  35.000  35.307  457.920
16.670  35.000  35.296  457.952
16.680  35.000  35.472  457.917
16.690  35.000  34.973  457.968
16.700  35.000  35.464  458.074
16.710  35.000  34.755  458.173
16.720  35.000  35.138  458.249
16.730  35.000  35.224  458.207
16.740  35.000  35.031  458.003
16.750  10.000  34.748  457.737
16.760  10.000  34.603  457.248
16.770  10.000  31.332  455.127
16.780  10.000  27.939  450.104
16.790  10.000  23.173  443.405
16.800  10.000  20.381  435.912
16.810  10.000  18.514  426.999
16.820  10.000  17.206  417.505
16.830  10.000  16.510  408.906
16.840  10.000  16.222  400.195
16.850  10.000  15.781  391.003
16.860  10.000  15.566  382.728
16.870  10.000  15.339  375.034
16.880  10.000  15.197  367.196
16.890  10.000  14.980  359.402
16.900  10.000  14.805  351.093
16.910  10.000  14.199  342.143
16.920  10.000  14.209  333.878
16.930  10.000  14.018  326.110
16.940  10.000  13.764  318.137
16.950  10.000  13.680  310.437
16.960  10.000  13.528  302.980
16.970  10.000  13.082  295.877
16.980  10.000  12.889  288.466
16.990  10.000  12.701  280.341
17.000  10.000  12.487  272.047
17.010  10.000  12.182  263.898
17.020  10.000  11.911  256.602
17.030  10.000  11.791  249.741
17.040  10.000  11.621  242.707
17.050  10.000  11.534  235.272
17.060  10.000  11.326  227.998
17.070  10.000  11.331  221.182
17.080  10.000  10.991  214.544
17.090  10.000  10.849  207.988
17.100  10.000  10.449  201.441
17.110  10.000  10.318  195.085
17.120  10.000  10.156  188.915
17.130  10.000  9.829  182.261
17.140  10.000  9.817  175.617
17.150  10.000  9.659  169.631
17.160  10.000  9.360  163.222
17.170  10.000  9.327  157.085
17.180  10.000  9.240  150.969
17.190  10.000  9.242  144.747
17.200  10.000  9.025  138.580
17.210  10.000  8.742  132.288
17.220  10.000  8.799  126.632
17.230  10.000  8.578  121.078
17.240  10.000  8.473  115.018
17.250  10.000  8.353  109.052
17.260  10.000  8.136  103.225
17.270  10.000  8.160  97.494
17.280  10.000  8.119  92.428
17.290  10.000  8.232  87.377
17.300  10.000  8.144  82.089
17.310  10.000  7.931  77.243
17.320  10.000  7.890  72.793
17.330  10.000  7.616  67.506
17.340  10.000  7.619  61.829
17.350  10.000  7.572  56.984
17.360  10.000  7.516  52.488
17.370  10.000  7.501  47.927
17.380  10.000  7.635  43.867
17.390  10.000  7.658  40.139
17.400  10.000  7.414  36.475
17.410  10.000  7.401  33.161
17.420  10.000  7.466  29.473
17.430  10.000  7.474  25.697
17.440  10.000  7.525  21.701
17.450  10.000  7.736  17.453
17.460  10.000  7.884  13.957
17.470  10.000  7.770  11.050
17.480  10.000  7.749  8.479
17.490  10.000  7.588  5.833
17.500  10.000  7.646  2.790
17.510  10.000  7.506  -0.104
17.520  10.000  7.666  -2.421
17.530  10.000  7.861  -4.675
17.540  10.000  8.145  -6.860
17.550  10.000  8.403  -8.437
17.560  10.000  8.616  -9.429
17.570  10.000  8.679  -10.154
17.580  10.000  8.892  -10.624
17.590  10.000  8.950  -11.038
17.600  10.000  8.821  -11.689
17.610  10.000  8.774  -12.321
17.620  10.000  8.648  -12.756
17.630  10.000  8.609  -13.292
17.640  10.000  8.777  -13.935
17.650  10.000  8.783  -14.392
17.660  10.000  8.909  -14.596
17.670  10.000  8.961  -14.741
17.680  10.000  8.884  -14.730
17.690  10.000  9.070  -14.318
17.700  10.000  9.186  -13.832
17.710  10.000  9.177  -13.370
17.720  10.000  9.257  -12.757
17.730  10.000  9.510  -11.895
17.740  10.000  9.446  -10.788
17.750  10.000  9.668  -9.739
17.760  10.000  9.659  -8.732
17.770  10.000  9.824  -7.621
17.780  10.000  9.888  -6.547
17.790  10.000  10.128  -5.444
17.800  10.000  9.790  -4.106
17.810  10.000  10.150  -2.837
17.820  10.000  10.176  -1.736
17.830  10.000  10.309  -0.589
17.840  10.000  10.108  0.636
17.850  10.000  10.121  2.113
17.860  10.000  10.268  3.591
17.870  10.000  10.214  4.867
17.880  10.000  10.544  6.092
17.890  10.000  10.410  7.029
17.900  10.000  10.434  7.715
17.910  10.000  10.479  8.389
17.920  10.000  10.398  9.112
17.930  10.000  10.287  9.793
17.940  10.000  10.468  10.176
17.950  10.000  10.433  10.346
17.960  10.000  10.382  10.404
17.970  10.000  10.418  10.403
17.980  10.000  10.497  10.244
17.990  10.000  10.490  9.753
18.000  10.000  10.363  9.166
18.010  10.000  10.359  8.700
18.020  10.000  10.358  8.184
18.030  10.000  10.198  7.641
18.040  10.000  10.057  7.293
18.050  10.000  10.170  6.890
18.060  10.000  10.231  6.268
18.070  10.000  9.954  5.797
18.080  10.000  10.188  5.544
18.090  10.000  10.091  5.125
18.100  10.000  10.037  4.462
18.110  10.000  9.885  3.746
18.120  10.000  9.993  3.052
18.130  10.000  9.957  2.396
18.140  10.000  10.002  1.740
18.150  10.000  9.872  1.235
18.160  10.000  9.790  0.797
18.170  10.000  9.839  0.156
18.180  10.000  9.812  -0.444
18.190  10.000  9.785  -0.807
18.200  10.000  9.651  -1.131
18.210  10.000  9.813  -1.633
18.220  10.000  9.986  -2.188
18.230  10.000  9.948  -2.601
18.240  10.000  9.872  -2.897
18.250  10.000  9.860  -3.214
18.260  10.000  9.834  -3.594
18.270  10.000  9.934  -3.891
18.280  10.000  9.697  -4.130
18.290  10.000  9.540  -4.441
18.300  10.000  9.720  -4.633
18.310  10.000  9.716  -4.637
18.320  10.000  9.708  -4.540
18.330  10.000  10.012  -4.349
18.340  10.000  9.613  -4.046
18.350  10.000  9.950  -3.706
18.360  10.000  9.973  -3.387
18.370  10.000  9.939  -3.009
18.380  10.000  9.966  -2.590
18.390  10.000  9.863  -2.249
18.400  10.000  9.974  -2.048
18.410  10.000  9.801  -1.809
18.420  10.000  9.858  -1.360
18.430  10.000  9.901  -0.744
18.440  10.000  9.935  -0.107
18.450  10.000  10.125  0.290
18.460  10.000  10.045  0.541
18.470  10.000  10.051  1.130
18.480  10.000  10.016  1.869
18.490  10.000  10.075  2.388
18.500  10.000  10.249  2.755
18.510  10.000  10.186  3.119
18.520  10.000  10.017  3.476
18.530  10.000  10.215  3.770
18.540  10.000  10.246  4.040
18.550  10.000  10.324  4.372
18.560  10.000  10.104  4.830
18.570  10.000  10.251  5.136
18.580  10.000  10.086  5.355
18.590  10.000  10.248  5.599
18.600  10.000  10.225  5.647
18.610  10.000  10.131  5.507
18.620  10.000  10.231  5.375
18.630  10.000  10.142  5.464
18.640  10.000  10.181  5.527
18.650  10.000  10.298  5.443
18.660  10.000  10.093  5.289
18.670  10.000  10.045  5.090
18.680  10.000  10.144  4.859
18.690  10.000  10.095  4.534
18.700  10.000  10.016  4.354
18.710  10.000  9.920  4.304
18.720  10.000  10.017  4.262
18.730  10.000  10.045  3.985
18.740  10.000  9.905  3.527
18.750  10.000  9.932  3.379
18.760  12.500  9.904  3.243
18.770  15.000  10.082  3.138
18.780  17.500  10.546  3.692
18.790  20.000  11.255  5.106
18.800  22.500  12.637  7.522
18.810  25.000  14.328  11.479
18.820  27.500  17.577  16.811
18.830  30.000  20.299  23.083
18.840  32.500  23.395  30.419
18.850  35.000  25.454  39.261
18.860  35.000  27.883  48.810
18.870  35.000  29.580  57.758
18.880  35.000  30.341  66.715
18.890  35.000  30.699  76.153
18.900  35.000  31.475  85.319
18.910  35.000  32.232  93.504
18.920  35.000  31.404  101.506
18.930  35.000  32.183  109.632
18.940  35.000  31.690  117.932
18.950  35.000  32.252  126.841
18.960  35.000  32.657  135.569
18.970  35.000  33.163  143.540
18.980  35.000  32.617  151.759
18.990  35.000  32.856  160.376
19.000  35.000  34.010  168.488
19.010  35.000  33.872  176.473
19.020  35.000  33.569  184.936
19.030  35.000  33.770  193.504
19.040  35.000  34.361  201.337
19.050  35.000  34.761  209.158
19.060  35.000  34.428  217.601
19.070  35.000  35.145  226.045
19.080  35.000  35.137  234.220
19.090  35.000  34.345  242.676
19.100  35.000  35.988  250.942
19.110  35.000  35.235  258.801
19.120  35.000  36.145  266.598
19.130  35.000  35.631  274.189
19.140  35.000  36.281  281.616
19.150  35.000  36.003  289.186
19.160  35.000  36.492  296.866
19.170  35.000  36.335  304.052
19.180  35.000  36.680  310.823
19.190  35.000  37.470  317.519
19.200  35.000  37.007  324.226
19.210  35.000  36.247  331.171
19.220  35.000  36.801  337.707
19.230  35.000  35.654  343.924
19.240  35.000  36.279  350.074
19.250  35.000  35.819  355.565
19.260  35.000  35.504  360.774
19.270  35.000  35.343  365.734
19.280  35.000  34.702  370.428
19.290  35.000  35.444  374.879
19.300  35.000  35.201  379.500
19.310  35.000  35.012  384.123
19.320  35.000  35.729  388.287
19.330  35.000  35.284  392.441
19.340  35.000  35.806  396.703
19.350  35.000  35.322  400.856
19.360  35.000  35.367  404.899
19.370  35.000  36.020  408.919
19.380  35.000  35.941  412.862
19.390  35.000  36.133  416.478
19.400  35.000  36.162  420.001
19.410  35.000  36.013  423.748
19.420  35.000  36.068  427.301
19.430  35.000  35.985  430.735
19.440  35.000  36.096  433.838
19.450  35.000  35.876  436.517
19.460  35.000  36.166  439.353
19.470  35.000  36.473  442.092
19.480  35.000  35.870  444.498
19.490  35.000  35.531  446.813
19.500  35.000  35.776  449.217
19.510  35.000  35.528  451.343
19.520  35.000  35.748  453.161
19.530  35.000  35.477  454.787
19.540  35.000  35.757  456.113
19.550  35.000  35.886  457.442
19.560  35.000  35.160  459.014
19.570  35.000  35.952  460.426
19.580  35.000  35.687  461.617
19.590  35.000  35.430  462.892
19.600  35.000  35.628  463.991
19.610  35.000  35.355  464.915
19.620  35.000  35.426  465.807
19.630  35.000  35.381  466.516
19.640  35.000  35.305  467.037
19.650  35.000  35.577  467.615
19.660  35.000  35.132  468.194
19.670  35.000  35.614  468.634
19.680  35.000  35.432  468.856
19.690  35.000  35.401  468.798
19.700  35.000  35.622  468.527
19.710  35.000  35.405  468.147
19.720  35.000  35.178  467.815
19.730  35.000  35.219  467.646
19.740  35.000  34.995  467.540
19.750  35.000  35.201  467.213
19.760  10.000  34.961  466.817
19.770  10.000  34.909  466.189
19.780  10.000  31.411  463.817
19.790  10.000  27.572  459.179
19.800  10.000  23.194  452.891
19.810  10.000  20.237  445.256
19.820  10.000  18.204  436.245
19.830  10.000  16.917  427.202
19.840  10.000  16.343  418.594
19.850  10.000  16.034  409.469
19.860  10.000  15.668  401.021
19.870  10.000  15.671  392.697
19.880  10.000  15.413  383.653
19.890  10.000  15.032  375.167
19.900  10.000  15.069  366.849
19.910  10.000  14.559  358.656
19.920  10.000  14.535  350.487
19.930  10.000  14.122  342.404
19.940  10.000  14.221  334.938
19.950  10.000  13.926  327.408
19.960  10.000  13.668  319.354
19.970  10.000  13.357  311.432
19.980  10.000  13.163  304.246
19.990  10.000  12.838  296.637
20.000  10.000  12.696  288.902
20.010  10.000  12.535  281.579
20.020  10.000  12.365  273.693
20.030  10.000  12.123  265.452
20.040  10.000  11.940  257.978
20.050  10.000  11.651  251.062
20.060  10.000  11.421  244.206
20.070  10.000  11.332  236.957
20.080  10.000  11.153  229.205
20.090  10.000  10.994  222.024
20.100  10.000  10.691  215.570
20.110  10.000  10.574  209.257
20.120  10.000  10.174  202.439
20.130  10.000  10.160  195.469
20.140  10.000  9.946  189.061
20.150  10.000  9.757  182.223
20.160  10.000  9.578  175.461
20.170  10.000  9.489  168.934
20.180  10.000  9.194  161.903
20.190  10.000  9.201  155.559
20.200  10.000  9.059  149.697
20.210  10.000  8.850  143.692
20.220  10.000  8.835  137.838
20.230  10.000  8.762  131.665
20.240  10.000  8.799  125.617
20.250  10.000  8.506  120.333
20.260  10.000  8.367  114.531
20.270  10.000  8.270  108.505
20.280  10.000  8.079  103.201
20.290  10.000  8.106  98.133
20.300  10.000  8.170  93.134
20.310  10.000  8.095  87.625
20.320  10.000  8.119  82.168
20.330  10.000  7.929  77.273
20.340  10.000  7.829  72.491
20.350  10.000  7.660  67.881
20.360  10.000  7.677  62.643
20.370  10.000  7.481  57.777
20.380  10.000  7.433  53.505
20.390  10.000  7.727  49.099
20.400  10.000  7.513  45.084
20.410  10.000  7.560  41.007
20.420  10.000  7.473  36.749
20.430  10.000  7.145  32.709
20.440  10.000  7.161  29.164
20.450  10.000  7.625  25.554
20.460  10.000  7.556  22.178
20.470  10.000  7.714  19.325
20.480  10.000  7.792  16.500
20.490  10.000  7.743  13.762
20.500  10.000  7.639  11.130
20.510  10.000  7.519  8.496
20.520  10.000  7.530  5.884
20.530  10.000  7.687  3.403
20.540  10.000  7.924  1.259
20.550  10.000  8.227  -0.454
20.560  10.000  8.520  -1.919
20.570  10.000  8.664  -3.136
20.580  10.000  8.942  -4.127
20.590  10.000  8.751  -4.983
20.600  10.000  8.793  -5.702
20.610  10.000  8.830  -6.330
20.620  10.000  8.824  -7.032
20.630  10.000  8.772  -7.734
20.640  10.000  8.847  -8.440
20.650  10.000  8.845  -9.205
20.660  10.000  8.662  -9.854
20.670  10.000  8.823  -10.435
20.680  10.000  8.716  -10.779
20.690  10.000  8.917  -10.635
20.700  10.000  8.999  -10.177
20.710  10.000  9.329  -9.490
20.720  10.000  9.204  -8.536
20.730  10.000  9.214  -7.484
20.740  10.000  9.475  -6.270
20.750  10.000  9.483  -5.005
20.760  10.000  9.762  -3.873
20.770  10.000  9.877  -2.816
20.780  10.000  9.798  -1.712
20.790  10.000  9.860  -0.436
20.800  10.000  10.097  0.774
20.810  10.000  10.221  1.793
20.820  10.000  9.692  2.926
20.830  10.000  10.236  4.172
20.840  10.000  10.129  5.338
20.850  10.000  10.193  6.576
20.860  10.000  10.216  7.676
20.870  10.000  10.342  8.574
20.880  10.000  10.231  9.658
20.890  10.000  10.409  10.643
20.900  10.000  10.328  11.289
20.910  10.000  10.428  11.788
20.920  10.000  10.469  12.435
20.930  10.000  10.428  13.153
20.940  10.000  10.573  13.670
20.950  10.000  10.293  14.166
20.960  10.000  10.399  14.716
20.970  10.000  10.288  15.281
20.980  10.000  10.441  15.608
20.990  10.000  10.510  15.513
21.000  10.000  10.496  15.185
21.010  10.000  10.545  14.825
21.020  10.000  10.409  14.599
21.030  10.000  10.284  14.477
21.040  10.000  10.025  14.339
21.050  10.000  10.215  14.108
21.060  10.000  10.296  13.631
21.070  10.000  10.117  13.032
21.080  10.000  10.112  12.624
21.090  10.000  10.094  12.318
21.100  10.000  9.937  11.965
21.110  10.000  9.971  11.430
21.120  10.000  9.865  10.746
21.130  10.000  9.961  10.144
21.140  10.000  9.919  9.699
21.150  10.000  9.915  9.176
21.160  10.000  9.802  8.634
21.170  10.000  9.831  8.316
21.180  10.000  9.953  7.971
21.190  10.000  9.832  7.580
21.200  10.000  9.815  7.212
21.210  10.000  9.802  6.954
21.220  10.000  9.583  6.868
21.230  10.000  9.729  6.774
21.240  10.000  9.628  6.662
21.250  10.000  9.741  6.582
21.260  10.000  9.681  6.453
21.270  10.000  9.812  6.334
21.280  10.000  9.704  6.312
21.290  10.000  9.903  6.361
21.300  10.000  9.696  6.523
21.310  10.000  9.827  6.859
21.320  10.000  9.883  7.348
21.330  10.000  9.713  7.894
21.340  10.000  9.876  8.407
21.350  10.000  9.953  8.994
21.360  10.000  9.775  9.462
21.370  10.000  10.042  9.703
21.380  10.000  10.071  10.013
21.390  10.000  9.995  10.361
21.400  10.000  9.947  10.495
21.410  10.000  10.220  10.474
21.420  10.000  10.002  10.643
21.430  10.000  10.050  10.847
21.440  10.000  10.020  11.049
21.450  10.000  9.992  11.481
21.460  10.000  10.271  11.953
21.470  10.000  10.109  12.370
21.480  10.000  10.141  12.645
21.490  10.000  10.228  12.669
21.500  10.000  10.100  12.775
21.510  10.000  10.190  13.004
21.520  10.000  10.146  13.147
21.530  10.000  9.963  13.382
21.540  10.000  10.125  13.640
21.550  10.000  10.125  13.778
21.560  10.000  10.148  13.832
21.570  10.000  10.380  13.593
21.580  10.000  10.119  13.244
21.590  10.000  10.115  13.116
21.600  10.000  10.319  12.933
21.610  10.000  9.888  12.706
21.620  10.000  10.234  12.496
21.630  10.000  10.025  12.109
21.640  10.000  10.071  11.821
21.650  10.000  10.013  11.696
21.660  10.000  9.751  11.625
21.670  10.000  10.048  11.540
21.680  10.000  10.043  11.300
21.690  10.000  9.980  10.990
21.700  10.000  9.988  10.614
21.710  10.000  9.787  10.296
21.720  10.000  9.848  10.135
