# covent_pc_7
# Captured 2020-06-18 04:21:24.567952 by unknown user
# Built at revision abe75e4 (dirty)
time(sec)  pc_setpoint  pressure  volume
0.000  5.000  5.001  3.452
0.010  5.000  4.873  3.542
0.020  5.000  4.958  3.661
0.030  5.000  4.977  3.498
0.040  5.000  5.032  3.148
0.050  5.000  4.918  2.951
0.060  5.000  4.985  3.120
0.070  5.000  4.940  3.398
0.080  5.000  4.850  3.522
0.090  5.000  4.962  3.556
0.100  5.000  4.918  3.681
0.110  5.000  4.956  3.959
0.120  5.000  4.984  4.129
0.130  5.000  4.981  4.125
0.140  5.000  4.919  4.150
0.150  5.000  4.941  4.073
0.160  5.000  4.871  3.969
0.170  5.000  5.022  3.817
0.180  5.000  4.969  3.550
0.190  5.000  4.963  3.523
0.200  5.000  5.029  3.537
0.210  5.000  5.012  3.350
0.220  5.000  5.039  3.109
0.230  5.000  4.945  3.115
0.240  5.000  5.059  3.293
0.250  5.000  5.112  3.180
0.260  5.000  4.952  2.838
0.270  5.000  4.980  2.516
0.280  5.000  5.077  2.460
0.290  5.000  4.998  2.572
0.300  5.000  4.976  2.470
0.310  5.000  4.965  2.189
0.320  5.000  5.028  1.967
0.330  5.000  4.990  1.842
0.340  5.000  5.038  1.762
0.350  5.000  5.066  1.771
0.360  5.000  4.879  1.986
0.370  5.000  5.061  2.257
0.380  5.000  5.116  2.343
0.390  5.000  4.973  2.398
0.400  5.000  5.087  2.560
0.410  5.000  4.903  2.678
0.420  5.000  4.922  2.717
0.430  5.000  4.843  2.579
0.440  5.000  4.865  2.359
0.450  5.000  5.026  2.259
0.460  5.000  4.925  2.343
0.470  5.000  5.078  2.426
0.480  5.000  5.040  2.532
0.490  5.000  5.011  2.876
0.500  5.000  5.053  3.037
0.510  5.000  4.973  2.998
0.520  5.000  5.111  2.811
0.530  5.000  4.965  2.547
0.540  5.000  4.890  2.551
0.550  5.000  5.057  2.730
0.560  5.000  5.019  2.938
0.570  5.000  5.052  3.029
0.580  5.000  4.954  3.150
0.590  5.000  4.913  3.487
0.600  5.000  5.112  3.818
0.610  5.000  5.030  4.231
0.620  5.000  5.001  4.503
0.630  5.000  4.983  4.369
0.640  5.000  5.232  4.092
0.650  5.000  5.056  4.071
0.660  5.000  4.961  4.320
0.670  5.000  4.997  4.366
0.680  5.000  4.978  4.121
0.690  5.000  5.030  3.847
0.700  5.000  5.046  3.684
0.710  5.000  4.884  3.535
0.720  8.000  4.995  3.459
0.730  11.000  5.113  3.539
0.740  14.000  5.260  3.678
0.750  17.000  6.501  4.634
0.760  20.000  8.844  6.680
0.770  23.000  13.097  9.472
0.780  26.000  18.509  13.481
0.790  29.000  23.348  18.395
0.800  32.000  27.142  23.710
0.810  35.000  30.073  29.608
0.820  35.000  33.541  35.757
0.830  35.000  35.860  42.160
0.840  35.000  37.430  48.519
0.850  35.000  37.481  54.061
0.860  35.000  34.638  59.237
0.870  35.000  33.491  64.690
0.880  35.000  34.384  70.165
0.890  35.000  34.897  75.827
0.900  35.000  35.618  81.494
0.910  35.000  35.306  86.575
0.920  35.000  35.033  91.515
0.930  35.000  35.492  96.428
0.940  35.000  35.112  101.368
0.950  35.000  36.027  105.929
0.960  35.000  34.987  110.421
0.970  35.000  35.298  115.258
0.980  35.000  35.967  119.725
0.990  35.000  35.132  124.138
1.000  35.000  35.285  128.792
1.010  35.000  35.134  133.334
1.020  35.000  35.452  137.655
1.030  35.000  34.946  141.908
1.040  35.000  35.462  146.184
1.050  35.000  35.302  150.464
1.060  35.000  35.566  154.357
1.070  35.000  35.267  157.917
1.080  35.000  35.206  161.582
1.090  35.000  35.933  165.161
1.100  35.000  35.561  168.750
1.110  35.000  35.884  172.279
1.120  35.000  36.331  175.688
1.130  35.000  35.831  179.238
1.140  35.000  35.139  182.811
1.150  35.000  35.065  186.254
1.160  35.000  34.688  189.647
1.170  35.000  35.742  193.062
1.180  35.000  35.697  196.494
1.190  35.000  35.616  199.706
1.200  35.000  35.303  202.731
1.210  35.000  35.824  205.799
1.220  35.000  35.832  208.751
1.230  35.000  35.995  211.382
1.240  35.000  35.901  214.011
1.250  35.000  35.195  216.865
1.260  35.000  35.583  219.411
1.270  35.000  35.353  221.732
1.280  35.000  34.660  224.159
1.290  35.000  35.301  226.341
1.300  35.000  35.555  228.245
1.310  35.000  35.209  230.130
1.320  35.000  35.258  231.874
1.330  35.000  35.340  233.551
1.340  35.000  35.131  235.464
1.350  35.000  35.408  237.525
1.360  35.000  35.179  239.616
1.370  35.000  35.142  241.597
1.380  35.000  35.115  243.383
1.390  35.000  35.375  245.096
1.400  35.000  35.410  246.678
1.410  35.000  35.417  248.063
1.420  35.000  35.341  249.282
1.430  35.000  35.406  250.572
1.440  35.000  35.163  251.917
1.450  35.000  35.521  253.154
1.460  35.000  35.506  254.444
1.470  35.000  35.433  255.760
1.480  35.000  35.506  256.884
1.490  35.000  35.367  257.870
1.500  35.000  35.230  258.923
1.510  35.000  35.476  259.943
1.520  35.000  35.838  260.739
1.530  35.000  34.919  261.473
1.540  35.000  35.358  262.078
1.550  35.000  35.212  262.543
1.560  35.000  34.873  263.037
1.570  35.000  35.454  263.657
1.580  35.000  34.905  264.373
1.590  35.000  34.950  265.015
1.600  35.000  34.933  265.597
1.610  35.000  35.501  266.115
1.620  35.000  34.950  266.688
1.630  35.000  34.818  267.302
1.640  35.000  34.788  268.015
1.650  35.000  35.010  268.586
1.660  35.000  35.323  268.839
1.670  35.000  35.335  268.905
1.680  35.000  35.181  269.028
1.690  35.000  35.622  269.273
1.700  35.000  34.987  269.325
1.710  35.000  35.468  269.192
1.720  5.000  35.250  269.063
1.730  5.000  34.337  268.797
1.740  5.000  30.717  266.818
1.750  5.000  24.410  262.438
1.760  5.000  16.937  257.128
1.770  5.000  11.986  251.007
1.780  5.000  9.185  244.659
1.790  5.000  7.805  238.457
1.800  5.000  7.457  232.547
1.810  5.000  7.307  226.893
1.820  5.000  7.058  221.390
1.830  5.000  6.860  216.438
1.840  5.000  6.692  210.915
1.850  5.000  6.592  205.482
1.860  5.000  6.391  200.170
1.870  5.000  6.203  194.737
1.880  5.000  6.152  189.841
1.890  5.000  5.947  184.980
1.900  5.000  5.819  180.190
1.910  5.000  5.674  175.372
1.920  5.000  5.551  170.500
1.930  5.000  5.518  165.587
1.940  5.000  5.361  160.887
1.950  5.000  5.165  156.233
1.960  5.000  5.060  151.505
1.970  5.000  4.889  147.216
1.980  5.000  4.768  142.978
1.990  5.000  4.672  138.793
2.000  5.000  4.580  134.737
2.010  5.000  4.486  130.517
2.020  5.000  4.366  126.005
2.030  5.000  4.281  121.740
2.040  5.000  4.246  117.789
2.050  5.000  4.165  113.873
2.060  5.000  4.057  110.072
2.070  5.000  4.012  106.314
2.080  5.000  3.945  102.698
2.090  5.000  3.880  98.979
2.100  5.000  3.790  95.239
2.110  5.000  3.750  91.763
2.120  5.000  3.555  88.263
2.130  5.000  3.586  84.715
2.140  5.000  3.496  81.349
2.150  5.000  3.532  78.224
2.160  5.000  3.511  75.119
2.170  5.000  3.511  71.988
2.180  5.000  3.506  68.970
2.190  5.000  3.405  66.068
2.200  5.000  3.330  63.166
2.210  5.000  3.210  60.166
2.220  5.000  3.107  57.156
2.230  5.000  3.155  54.389
2.240  5.000  3.095  51.860
2.250  5.000  3.129  49.309
2.260  5.000  3.226  46.813
2.270  5.000  3.204  44.538
2.280  5.000  3.205  42.344
2.290  5.000  3.202  40.102
2.300  5.000  3.231  37.832
2.310  5.000  3.059  35.541
2.320  5.000  3.034  33.240
2.330  5.000  3.029  31.055
2.340  5.000  3.001  29.003
2.350  5.000  3.045  26.983
2.360  5.000  3.083  25.050
2.370  5.000  3.194  23.347
2.380  5.000  3.324  21.762
2.390  5.000  3.517  20.263
2.400  5.000  3.509  18.900
2.410  5.000  3.487  17.622
2.420  5.000  3.525  16.270
2.430  5.000  3.508  14.753
2.440  5.000  3.408  13.230
2.450  5.000  3.367  11.843
2.460  5.000  3.373  10.734
2.470  5.000  3.394  9.642
2.480  5.000  3.507  8.412
2.490  5.000  3.693  7.375
2.500  5.000  3.810  6.839
2.510  5.000  4.071  6.563
2.520  5.000  4.258  6.085
2.530  5.000  4.327  5.658
2.540  5.000  4.444  5.430
2.550  5.000  4.416  5.200
2.560  5.000  4.443  5.019
2.570  5.000  4.668  4.930
2.580  5.000  4.582  4.827
2.590  5.000  4.522  4.890
2.600  5.000  4.622  5.212
2.610  5.000  4.791  5.437
2.620  5.000  4.688  5.663
2.630  5.000  4.737  6.010
2.640  5.000  4.854  6.347
2.650  5.000  4.739  6.688
2.660  5.000  4.865  6.972
2.670  5.000  4.834  7.359
2.680  5.000  5.040  7.653
2.690  5.000  4.997  7.724
2.700  5.000  5.180  7.793
2.710  5.000  4.995  7.914
2.720  5.000  4.959  8.002
2.730  5.000  5.019  7.885
2.740  5.000  5.228  7.796
2.750  5.000  5.111  7.873
2.760  5.000  5.173  7.895
2.770  5.000  5.048  8.002
2.780  5.000  5.234  8.337
2.790  5.000  5.113  8.574
2.800  5.000  5.223  8.622
2.810  5.000  5.155  8.656
2.820  5.000  5.198  8.739
2.830  5.000  5.305  8.837
2.840  5.000  5.307  8.919
2.850  5.000  5.221  8.952
2.860  5.000  5.323  8.808
2.870  5.000  5.207  8.482
2.880  5.000  5.117  8.146
2.890  5.000  5.135  7.722
2.900  5.000  5.104  7.359
2.910  5.000  5.226  7.125
2.920  5.000  5.076  6.991
2.930  5.000  5.036  6.997
2.940  5.000  4.988  6.808
2.950  5.000  4.978  6.512
2.960  5.000  4.993  6.341
2.970  5.000  4.945  6.144
2.980  5.000  4.975  5.843
2.990  5.000  4.876  5.622
3.000  5.000  4.948  5.598
3.010  5.000  4.863  5.677
3.020  5.000  4.963  5.570
3.030  5.000  4.821  5.422
3.040  5.000  4.823  5.408
3.050  5.000  4.872  5.407
3.060  5.000  4.828  5.495
3.070  5.000  4.777  5.585
3.080  5.000  5.058  5.483
3.090  5.000  4.864  5.148
3.100  5.000  5.051  4.710
3.110  5.000  4.938  4.497
3.120  5.000  4.994  4.369
3.130  5.000  4.971  4.185
3.140  5.000  5.010  4.306
3.150  5.000  4.877  4.609
3.160  5.000  5.054  4.793
3.170  5.000  5.069  4.720
3.180  5.000  5.056  4.559
3.190  5.000  5.073  4.578
3.200  5.000  5.053  4.534
3.210  5.000  4.975  4.336
3.220  5.000  5.017  4.321
3.230  5.000  4.922  4.543
3.240  5.000  4.971  4.849
3.250  5.000  4.854  5.092
3.260  5.000  5.080  5.351
3.270  5.000  5.045  5.531
3.280  5.000  5.001  5.411
3.290  5.000  5.190  5.256
3.300  5.000  5.008  5.282
3.310  5.000  5.132  5.293
3.320  5.000  4.756  5.377
3.330  5.000  4.962  5.564
3.340  5.000  4.939  5.582
3.350  5.000  5.029  5.531
3.360  5.000  4.999  5.592
3.370  5.000  4.977  5.707
3.380  5.000  4.960  5.939
3.390  5.000  5.118  6.111
3.400  5.000  4.969  5.891
3.410  5.000  5.105  5.679
3.420  5.000  5.040  5.613
3.430  5.000  4.993  5.496
3.440  5.000  4.980  5.455
3.450  5.000  4.941  5.477
3.460  5.000  5.016  5.463
3.470  5.000  5.084  5.217
3.480  5.000  4.971  4.774
3.490  5.000  4.980  4.622
3.500  5.000  4.982  4.911
3.510  5.000  4.856  5.323
3.520  5.000  4.966  5.396
3.530  5.000  4.915  5.204
3.540  5.000  5.054  4.956
3.550  5.000  4.995  4.764
3.560  5.000  5.083  4.732
3.570  5.000  5.071  4.542
3.580  5.000  5.063  4.158
3.590  5.000  4.888  4.030
3.600  5.000  5.075  4.288
3.610  5.000  4.968  4.488
3.620  5.000  5.034  4.431
3.630  5.000  5.095  4.155
3.640  5.000  4.958  3.815
3.650  5.000  5.051  3.728
3.660  5.000  4.879  3.990
3.670  5.000  5.101  4.100
3.680  5.000  4.875  3.984
3.690  5.000  5.022  3.895
3.700  5.000  5.012  3.607
3.710  5.000  4.991  3.366
3.720  5.000  4.895  3.288
3.730  8.000  4.941  2.977
3.740  11.000  5.061  2.568
3.750  14.000  5.047  2.655
3.760  17.000  6.527  3.802
3.770  20.000  8.870  5.792
3.780  23.000  12.822  8.537
3.790  26.000  18.597  12.319
3.800  29.000  23.449  16.987
3.810  32.000  27.264  22.254
3.820  35.000  31.133  27.757
3.830  35.000  34.130  33.713
3.840  35.000  35.671  40.046
3.850  35.000  36.776  45.882
3.860  35.000  35.714  51.303
3.870  35.000  34.296  56.470
3.880  35.000  34.487  61.403
3.890  35.000  34.617  66.538
3.900  35.000  35.264  71.638
3.910  35.000  35.809  76.656
3.920  35.000  35.444  81.649
3.930  35.000  35.195  86.420
3.940  35.000  35.125  91.095
3.950  35.000  35.284  95.951
3.960  35.000  36.309  100.469
3.970  35.000  35.130  104.739
3.980  35.000  34.773  109.368
3.990  35.000  35.393  114.121
4.000  35.000  35.225  118.593
4.010  35.000  34.946  122.908
4.020  35.000  35.312  127.288
4.030  35.000  35.465  131.964
4.040  35.000  36.067  136.514
4.050  35.000  35.505  140.405
4.060  35.000  35.566  143.938
4.070  35.000  34.661  147.811
4.080  35.000  34.936  151.838
4.090  35.000  35.715  155.422
4.100  35.000  35.967  158.775
4.110  35.000  35.661  162.231
4.120  35.000  35.933  165.688
4.130  35.000  36.272  169.073
4.140  35.000  35.697  172.457
4.150  35.000  35.213  175.608
4.160  35.000  34.647  178.780
4.170  35.000  35.211  182.069
4.180  35.000  35.404  185.308
4.190  35.000  35.431  188.434
4.200  35.000  35.280  191.477
4.210  35.000  35.122  194.488
4.220  35.000  35.482  197.475
4.230  35.000  35.157  200.784
4.240  35.000  35.727  204.093
4.250  35.000  35.609  207.094
4.260  35.000  36.174  209.814
4.270  35.000  35.617  212.311
4.280  35.000  35.801  214.915
4.290  35.000  35.406  217.392
4.300  35.000  35.587  219.674
4.310  35.000  35.433  221.666
4.320  35.000  34.949  223.534
4.330  35.000  35.169  225.597
4.340  35.000  35.442  227.766
4.350  35.000  35.360  229.622
4.360  35.000  35.299  231.247
4.370  35.000  35.386  232.921
4.380  35.000  35.247  234.439
4.390  35.000  35.037  235.924
4.400  35.000  34.984  237.534
4.410  35.000  35.212  239.047
4.420  35.000  35.466  240.499
4.430  35.000  35.225  241.759
4.440  35.000  35.708  242.866
4.450  35.000  35.031  244.324
4.460  35.000  35.411  245.831
4.470  35.000  35.442  247.029
4.480  35.000  35.048  248.140
4.490  35.000  35.199  249.198
4.500  35.000  35.442  250.224
4.510  35.000  35.335  251.346
4.520  35.000  35.688  252.581
4.530  35.000  35.465  253.803
4.540  35.000  35.890  254.765
4.550  35.000  35.179  255.607
4.560  35.000  35.330  256.396
4.570  35.000  35.215  257.077
4.580  35.000  35.012  257.538
4.590  35.000  35.306  257.850
4.600  35.000  35.262  258.151
4.610  35.000  35.247  258.411
4.620  35.000  35.392  258.668
4.630  35.000  35.013  258.808
4.640  35.000  35.505  258.834
4.650  35.000  35.119  258.929
4.660  35.000  35.108  259.000
4.670  35.000  35.099  258.894
4.680  35.000  35.034  258.792
4.690  35.000  35.282  258.738
4.700  35.000  35.190  258.716
4.710  35.000  35.062  258.631
4.720  35.000  35.024  258.467
4.730  5.000  34.744  258.308
4.740  5.000  34.185  257.830
4.750  5.000  30.552  255.866
4.760  5.000  24.160  251.632
4.770  5.000  16.720  246.530
4.780  5.000  11.862  240.628
4.790  5.000  9.155  234.314
4.800  5.000  7.788  228.137
4.810  5.000  7.285  221.951
4.820  5.000  7.283  216.562
4.830  5.000  7.071  211.045
4.840  5.000  6.831  205.419
4.850  5.000  6.757  200.272
4.860  5.000  6.538  195.150
4.870  5.000  6.439  189.976
4.880  5.000  6.279  184.445
4.890  5.000  6.141  178.986
4.900  5.000  5.868  174.058
4.910  5.000  5.729  168.760
4.920  5.000  5.661  163.591
4.930  5.000  5.552  159.000
4.940  5.000  5.326  154.477
4.950  5.000  5.237  149.981
4.960  5.000  5.131  145.626
4.970  5.000  4.975  141.203
4.980  5.000  4.842  136.759
4.990  5.000  4.743  132.532
5.000  5.000  4.650  128.296
5.010  5.000  4.561  123.796
5.020  5.000  4.402  119.415
5.030  5.000  4.370  115.026
5.040  5.000  4.237  110.807
5.050  5.000  4.210  106.987
5.060  5.000  4.101  103.200
5.070  5.000  4.084  99.406
5.080  5.000  3.905  95.644
5.090  5.000  3.904  91.919
5.100  5.000  3.854  88.008
5.110  5.000  3.726  84.317
5.120  5.000  3.619  80.833
5.130  5.000  3.561  77.401
5.140  5.000  3.508  74.108
5.150  5.000  3.515  70.828
5.160  5.000  3.448  67.622
5.170  5.000  3.517  64.527
5.180  5.000  3.539  61.343
5.190  5.000  3.467  58.066
5.200  5.000  3.372  54.954
5.210  5.000  3.304  52.074
5.220  5.000  3.130  49.130
5.230  5.000  3.138  46.069
5.240  5.000  3.119  43.041
5.250  5.000  3.132  40.045
5.260  5.000  3.147  37.292
5.270  5.000  3.176  34.859
5.280  5.000  3.263  32.454
5.290  5.000  3.242  30.001
5.300  5.000  3.196  27.687
5.310  5.000  3.162  25.368
5.320  5.000  3.018  23.055
5.330  5.000  3.008  20.933
5.340  5.000  2.915  18.922
5.350  5.000  2.992  16.890
5.360  5.000  3.073  14.928
5.370  5.000  3.177  13.147
5.380  5.000  3.308  11.461
5.390  5.000  3.409  9.783
5.400  5.000  3.526  8.069
5.410  5.000  3.508  6.531
5.420  5.000  3.524  5.031
5.430  5.000  3.444  3.499
5.440  5.000  3.380  1.952
5.450  5.000  3.332  0.360
5.460  5.000  3.310  -1.035
5.470  5.000  3.332  -2.306
5.480  5.000  3.385  -3.433
5.490  5.000  3.643  -4.337
5.500  5.000  3.840  -5.127
5.510  5.000  3.844  -5.652
5.520  5.000  4.178  -5.996
5.530  5.000  4.286  -6.190
5.540  5.000  4.381  -6.218
5.550  5.000  4.403  -6.145
5.560  5.000  4.455  -6.030
5.570  5.000  4.650  -6.003
5.580  5.000  4.640  -5.828
5.590  5.000  4.511  -5.451
5.600  5.000  4.605  -5.127
5.610  5.000  4.731  -5.080
5.620  5.000  4.711  -5.100
5.630  5.000  4.791  -5.042
5.640  5.000  4.780  -4.861
5.650  5.000  4.857  -4.441
5.660  5.000  4.892  -4.059
5.670  5.000  4.800  -3.867
5.680  5.000  4.899  -3.778
5.690  5.000  4.924  -3.701
5.700  5.000  5.018  -3.688
5.710  5.000  5.024  -3.725
5.720  5.000  5.044  -3.710
5.730  5.000  5.091  -3.702
5.740  5.000  4.907  -3.609
5.750  5.000  5.127  -3.598
5.760  5.000  5.131  -3.647
5.770  5.000  5.175  -3.509
5.780  5.000  5.163  -3.432
5.790  5.000  5.162  -3.532
5.800  5.000  5.211  -3.534
5.810  5.000  5.253  -3.389
5.820  5.000  5.064  -3.182
5.830  5.000  5.203  -2.976
5.840  5.000  5.154  -2.897
5.850  5.000  5.341  -2.973
5.860  5.000  5.195  -3.034
5.870  5.000  5.246  -2.888
5.880  5.000  5.168  -2.671
5.890  5.000  5.215  -2.707
5.900  5.000  5.162  -2.905
5.910  5.000  5.121  -3.035
5.920  5.000  5.109  -3.298
5.930  5.000  5.085  -3.643
5.940  5.000  5.167  -3.910
5.950  5.000  5.072  -4.088
5.960  5.000  5.150  -4.364
5.970  5.000  4.864  -4.611
5.980  5.000  4.981  -4.769
5.990  5.000  4.927  -4.959
6.000  5.000  4.849  -4.862
6.010  5.000  4.943  -4.722
6.020  5.000  4.984  -4.817
6.030  5.000  4.873  -4.873
6.040  5.000  4.930  -5.044
6.050  5.000  4.913  -5.387
6.060  5.000  4.901  -5.393
6.070  5.000  4.961  -5.312
6.080  5.000  4.895  -5.491
6.090  5.000  4.938  -5.648
6.100  5.000  4.892  -5.506
6.110  5.000  4.884  -5.333
6.120  5.000  4.767  -5.445
6.130  5.000  4.879  -5.521
6.140  5.000  4.950  -5.437
6.150  5.000  4.915  -5.384
6.160  5.000  5.027  -5.277
6.170  5.000  5.014  -5.119
6.180  5.000  4.941  -5.004
6.190  5.000  4.980  -4.863
6.200  5.000  5.157  -4.933
6.210  5.000  4.916  -5.054
6.220  5.000  5.110  -5.218
6.230  5.000  5.084  -5.547
6.240  5.000  4.969  -5.592
6.250  5.000  4.909  -5.524
6.260  5.000  5.058  -5.745
6.270  5.000  5.015  -5.915
6.280  5.000  5.058  -5.817
6.290  5.000  5.029  -5.838
6.300  5.000  5.079  -6.069
6.310  5.000  5.109  -6.255
6.320  5.000  4.973  -6.334
6.330  5.000  5.010  -6.359
6.340  5.000  5.027  -6.175
6.350  5.000  4.978  -5.886
6.360  5.000  5.005  -5.908
6.370  5.000  4.888  -6.302
6.380  5.000  4.933  -6.604
6.390  5.000  5.027  -6.567
6.400  5.000  4.908  -6.416
6.410  5.000  5.069  -6.504
6.420  5.000  5.130  -6.708
6.430  5.000  4.994  -6.598
6.440  5.000  5.044  -6.484
6.450  5.000  5.047  -6.600
6.460  5.000  4.926  -6.602
6.470  5.000  5.026  -6.730
6.480  5.000  4.978  -7.132
6.490  5.000  4.985  -7.554
6.500  5.000  5.021  -8.060
6.510  5.000  5.103  -8.533
6.520  5.000  4.884  -8.718
6.530  5.000  5.044  -8.716
6.540  5.000  4.990  -8.782
6.550  5.000  4.923  -8.898
6.560  5.000  4.974  -9.057
6.570  5.000  4.999  -9.284
6.580  5.000  4.917  -9.560
6.590  5.000  5.075  -9.928
6.600  5.000  4.981  -10.300
6.610  5.000  4.979  -10.491
6.620  5.000  5.033  -10.583
6.630  5.000  5.060  -10.633
6.640  5.000  4.924  -10.586
6.650  5.000  5.029  -10.702
6.660  5.000  5.009  -11.079
6.670  5.000  5.039  -11.511
6.680  5.000  5.060  -11.757
6.690  5.000  5.096  -11.765
6.700  5.000  4.942  -11.866
6.710  5.000  4.938  -12.024
6.720  5.000  5.055  -12.050
6.730  5.000  4.942  -12.153
6.740  8.000  5.027  -12.483
6.750  11.000  4.985  -12.655
6.760  14.000  5.043  -12.284
6.770  17.000  6.364  -10.862
6.780  20.000  8.861  -8.616
6.790  23.000  12.892  -5.903
6.800  26.000  18.716  -2.350
6.810  29.000  23.394  2.321
6.820  32.000  27.506  7.702
6.830  35.000  30.613  13.602
6.840  35.000  33.834  19.958
6.850  35.000  36.783  26.177
6.860  35.000  36.924  32.161
6.870  35.000  35.260  37.885
6.880  35.000  34.188  43.519
6.890  35.000  34.277  49.203
6.900  35.000  34.869  54.775
6.910  35.000  35.797  60.022
6.920  35.000  35.375  65.023
6.930  35.000  35.055  69.881
6.940  35.000  34.846  74.878
6.950  35.000  35.382  80.029
6.960  35.000  35.337  84.925
6.970  35.000  35.407  89.331
6.980  35.000  35.426  93.668
6.990  35.000  35.077  98.258
7.000  35.000  35.387  102.711
7.010  35.000  35.521  107.130
7.020  35.000  35.623  111.562
7.030  35.000  35.159  115.847
7.040  35.000  35.192  120.151
7.050  35.000  35.373  124.926
7.060  35.000  35.316  129.565
7.070  35.000  35.071  133.558
7.080  35.000  35.300  137.498
7.090  35.000  35.466  141.482
7.100  35.000  35.659  145.292
7.110  35.000  35.005  149.345
7.120  35.000  35.781  153.322
7.130  35.000  35.798  156.769
7.140  35.000  36.147  160.068
7.150  35.000  36.189  163.437
7.160  35.000  36.022  166.850
7.170  35.000  35.440  169.966
7.180  35.000  34.834  173.098
7.190  35.000  35.045  176.482
7.200  35.000  35.640  179.612
7.210  35.000  35.638  182.322
7.220  35.000  35.737  184.875
7.230  35.000  35.257  187.407
7.240  35.000  35.995  190.007
7.250  35.000  35.572  192.737
7.260  35.000  35.393  195.627
7.270  35.000  35.430  198.564
7.280  35.000  35.845  201.367
7.290  35.000  35.515  203.832
7.300  35.000  35.144  206.106
7.310  35.000  35.119  208.422
7.320  35.000  35.216  210.757
7.330  35.000  35.530  213.169
7.340  35.000  35.160  215.524
7.350  35.000  34.905  217.599
7.360  35.000  35.130  219.677
7.370  35.000  35.398  221.940
7.380  35.000  35.470  224.023
7.390  35.000  35.645  225.734
7.400  35.000  35.238  227.240
7.410  35.000  35.440  228.679
7.420  35.000  35.346  230.087
7.430  35.000  35.311  231.483
7.440  35.000  35.385  232.825
7.450  35.000  35.448  234.030
7.460  35.000  35.064  235.308
7.470  35.000  35.395  236.691
7.480  35.000  35.454  237.887
7.490  35.000  35.341  238.949
7.500  35.000  35.362  240.094
7.510  35.000  35.139  241.357
7.520  35.000  35.542  242.759
7.530  35.000  35.325  244.120
7.540  35.000  35.736  245.197
7.550  35.000  35.469  245.966
7.560  35.000  35.180  246.568
7.570  35.000  35.233  247.040
7.580  35.000  35.302  247.260
7.590  35.000  35.239  247.390
7.600  35.000  35.443  247.668
7.610  35.000  35.011  248.299
7.620  35.000  34.852  249.110
7.630  35.000  35.365  249.731
7.640  35.000  34.865  250.058
7.650  35.000  34.895  250.407
7.660  35.000  35.001  250.899
7.670  35.000  35.284  251.269
7.680  35.000  35.249  251.382
7.690  35.000  35.039  251.314
7.700  35.000  34.803  251.392
7.710  35.000  35.070  251.589
7.720  35.000  35.003  251.611
7.730  35.000  35.255  251.714
7.740  5.000  34.928  251.995
7.750  5.000  34.721  251.812
7.760  5.000  30.834  249.966
7.770  5.000  24.484  245.804
7.780  5.000  17.032  240.433
7.790  5.000  12.082  234.919
7.800  5.000  9.146  229.202
7.810  5.000  7.758  223.367
7.820  5.000  7.493  217.882
7.830  5.000  7.308  212.505
7.840  5.000  7.019  206.763
7.850  5.000  6.928  200.881
7.860  5.000  6.731  195.491
7.870  5.000  6.718  190.381
7.880  5.000  6.438  185.152
7.890  5.000  6.119  180.194
7.900  5.000  6.108  175.602
7.910  5.000  5.939  170.937
7.920  5.000  5.837  166.040
7.930  5.000  5.598  160.806
7.940  5.000  5.591  155.910
7.950  5.000  5.417  151.176
7.960  5.000  5.299  146.086
7.970  5.000  5.067  141.419
7.980  5.000  5.003  136.822
7.990  5.000  4.918  132.241
8.000  5.000  4.722  127.498
8.010  5.000  4.670  122.981
8.020  5.000  4.498  119.030
8.030  5.000  4.373  115.061
8.040  5.000  4.402  111.172
8.050  5.000  4.250  107.300
8.060  5.000  4.190  103.343
8.070  5.000  4.155  99.451
8.080  5.000  4.096  95.586
8.090  5.000  4.018  91.787
8.100  5.000  3.946  87.912
8.110  5.000  3.819  84.062
8.120  5.000  3.764  80.591
8.130  5.000  3.598  77.208
8.140  5.000  3.599  73.508
8.150  5.000  3.486  70.019
8.160  5.000  3.530  66.838
8.170  5.000  3.474  63.599
8.180  5.000  3.509  60.560
8.190  5.000  3.534  57.641
8.200  5.000  3.422  54.795
8.210  5.000  3.351  51.879
8.220  5.000  3.259  48.989
8.230  5.000  3.157  46.221
8.240  5.000  3.048  43.401
8.250  5.000  3.081  40.618
8.260  5.000  3.120  38.062
8.270  5.000  3.141  35.419
8.280  5.000  3.239  32.785
8.290  5.000  3.288  30.421
8.300  5.000  3.241  28.120
8.310  5.000  3.233  25.779
8.320  5.000  3.202  23.515
8.330  5.000  3.077  21.285
8.340  5.000  3.046  18.945
8.350  5.000  2.985  16.861
8.360  5.000  2.998  15.026
8.370  5.000  3.065  12.982
8.380  5.000  3.168  11.023
8.390  5.000  3.305  9.343
8.400  5.000  3.369  7.747
8.410  5.000  3.480  6.272
8.420  5.000  3.497  4.967
8.430  5.000  3.573  3.707
8.440  5.000  3.495  2.342
8.450  5.000  3.478  0.962
8.460  5.000  3.402  -0.353
8.470  5.000  3.251  -1.462
8.480  5.000  3.291  -2.485
8.490  5.000  3.262  -3.450
8.500  5.000  3.478  -4.270
8.510  5.000  3.780  -4.920
8.520  5.000  4.000  -5.398
8.530  5.000  4.311  -5.890
8.540  5.000  4.315  -6.339
8.550  5.000  4.300  -6.521
8.560  5.000  4.393  -6.724
8.570  5.000  4.426  -7.047
8.580  5.000  4.512  -7.208
8.590  5.000  4.623  -7.277
8.600  5.000  4.585  -7.258
8.610  5.000  4.670  -7.116
8.620  5.000  4.661  -6.899
8.630  5.000  4.647  -6.620
8.640  5.000  4.791  -6.396
8.650  5.000  4.678  -6.138
8.660  5.000  4.714  -5.705
8.670  5.000  4.866  -5.189
8.680  5.000  4.670  -4.633
8.690  5.000  4.803  -4.189
8.700  5.000  4.820  -3.654
8.710  5.000  4.968  -3.059
8.720  5.000  5.028  -2.997
8.730  5.000  4.962  -3.289
8.740  5.000  4.875  -3.176
8.750  5.000  5.116  -2.629
8.760  5.000  5.150  -2.229
8.770  5.000  5.196  -2.080
8.780  5.000  5.188  -1.891
8.790  5.000  5.114  -1.490
8.800  5.000  5.213  -1.206
8.810  5.000  5.189  -1.209
8.820  5.000  5.172  -0.905
8.830  5.000  5.151  -0.391
8.840  5.000  5.146  -0.222
8.850  5.000  5.297  -0.186
8.860  5.000  5.269  -0.161
8.870  5.000  5.318  -0.190
8.880  5.000  5.283  -0.144
8.890  5.000  5.279  -0.126
8.900  5.000  5.266  -0.126
8.910  5.000  5.209  0.002
8.920  5.000  5.170  0.246
8.930  5.000  5.310  0.332
8.940  5.000  5.097  0.284
8.950  5.000  5.020  0.336
8.960  5.000  5.052  0.339
8.970  5.000  4.938  0.215
8.980  5.000  5.180  0.037
8.990  5.000  4.999  -0.133
9.000  5.000  5.047  -0.304
9.010  5.000  5.034  -0.564
9.020  5.000  5.114  -0.777
9.030  5.000  4.959  -0.890
9.040  5.000  5.096  -1.066
9.050  5.000  4.835  -1.276
9.060  5.000  4.956  -1.492
9.070  5.000  4.954  -1.692
9.080  5.000  4.814  -1.771
9.090  5.000  4.886  -1.769
9.100  5.000  4.920  -1.721
9.110  5.000  4.875  -1.773
9.120  5.000  4.919  -1.964
9.130  5.000  4.843  -2.133
9.140  5.000  4.907  -2.230
9.150  5.000  4.853  -2.062
9.160  5.000  4.764  -1.670
9.170  5.000  4.871  -1.289
9.180  5.000  4.907  -1.118
9.190  5.000  5.009  -1.145
9.200  5.000  5.006  -0.959
9.210  5.000  4.978  -0.595
9.220  5.000  5.068  -0.576
9.230  5.000  4.917  -0.809
9.240  5.000  4.938  -0.879
9.250  5.000  4.862  -0.934
9.260  5.000  4.976  -1.039
9.270  5.000  4.925  -0.853
9.280  5.000  5.045  -0.457
9.290  5.000  4.889  -0.072
9.300  5.000  5.099  0.101
9.310  5.000  5.051  -0.003
9.320  5.000  4.863  -0.047
9.330  5.000  5.174  -0.020
9.340  5.000  5.043  0.069
9.350  5.000  5.134  0.338
9.360  5.000  4.997  0.664
9.370  5.000  5.067  0.977
9.380  5.000  5.009  1.086
9.390  5.000  5.073  1.060
9.400  5.000  5.150  1.224
9.410  5.000  5.059  1.414
9.420  5.000  4.995  1.389
9.430  5.000  4.980  1.193
9.440  5.000  5.146  1.039
9.450  5.000  4.922  1.036
9.460  5.000  4.958  1.116
9.470  5.000  5.112  1.073
9.480  5.000  5.090  0.810
9.490  5.000  5.027  0.466
9.500  5.000  5.010  0.183
9.510  5.000  4.904  0.095
9.520  5.000  4.920  0.188
9.530  5.000  4.962  0.270
9.540  5.000  4.981  0.319
9.550  5.000  4.902  0.397
9.560  5.000  5.022  0.436
9.570  5.000  5.061  0.408
9.580  5.000  5.049  0.350
9.590  5.000  4.971  0.191
9.600  5.000  5.098  -0.121
9.610  5.000  5.021  -0.451
9.620  5.000  5.122  -0.762
9.630  5.000  4.869  -0.989
9.640  5.000  5.065  -0.952
9.650  5.000  4.894  -0.652
9.660  5.000  5.007  -0.281
9.670  5.000  4.927  0.070
9.680  5.000  5.054  0.389
9.690  5.000  4.950  0.443
9.700  5.000  5.047  0.371
9.710  5.000  4.969  0.558
9.720  5.000  4.989  0.710
9.730  5.000  4.959  0.557
9.740  5.000  4.934  0.410
9.750  8.000  4.947  0.223
9.760  11.000  5.008  0.040
9.770  14.000  5.146  0.120
9.780  17.000  6.580  1.036
9.790  20.000  8.862  2.929
9.800  23.000  12.782  5.611
9.810  26.000  18.831  9.320
9.820  29.000  23.493  14.035
9.830  32.000  27.380  19.203
9.840  35.000  30.551  24.643
9.850  35.000  33.931  30.602
9.860  35.000  36.871  36.556
9.870  35.000  36.577  42.199
9.880  35.000  35.122  47.434
9.890  35.000  33.678  52.608
9.900  35.000  34.381  57.893
9.910  35.000  34.910  63.154
9.920  35.000  35.656  68.811
9.930  35.000  36.059  74.366
9.940  35.000  35.028  79.416
9.950  35.000  35.242  84.309
9.960  35.000  34.538  89.226
9.970  35.000  35.623  94.085
9.980  35.000  35.401  98.983
9.990  35.000  35.581  103.862
10.000  35.000  35.337  108.339
10.010  35.000  35.232  113.022
10.020  35.000  35.528  117.816
10.030  35.000  35.296  122.176
10.040  35.000  35.740  126.382
10.050  35.000  35.679  130.641
10.060  35.000  34.876  135.148
10.070  35.000  35.357  139.448
10.080  35.000  34.883  143.474
10.090  35.000  35.781  147.424
10.100  35.000  35.717  151.150
10.110  35.000  35.671  154.670
10.120  35.000  35.401  158.309
10.130  35.000  34.887  162.237
10.140  35.000  35.297  165.949
10.150  35.000  35.729  169.541
10.160  35.000  35.872  173.128
10.170  35.000  35.734  176.583
10.180  35.000  35.922  179.847
10.190  35.000  35.240  182.989
10.200  35.000  34.654  185.972
10.210  35.000  35.158  188.971
10.220  35.000  35.552  192.173
10.230  35.000  35.667  195.201
10.240  35.000  35.167  198.160
10.250  35.000  35.788  201.127
10.260  35.000  35.396  204.295
10.270  35.000  35.976  207.339
10.280  35.000  36.134  210.011
10.290  35.000  35.691  212.531
10.300  35.000  35.132  214.874
10.310  35.000  35.302  217.261
10.320  35.000  35.318  219.702
10.330  35.000  35.535  222.102
10.340  35.000  35.578  224.276
10.350  35.000  35.185  226.308
10.360  35.000  35.307  228.296
10.370  35.000  35.374  230.178
10.380  35.000  35.396  232.015
10.390  35.000  35.227  233.746
10.400  35.000  35.108  235.430
10.410  35.000  35.197  237.063
10.420  35.000  35.383  238.611
10.430  35.000  35.002  240.346
10.440  35.000  35.314  242.063
10.450  35.000  35.444  243.539
10.460  35.000  35.414  244.858
10.470  35.000  35.499  246.070
10.480  35.000  35.240  247.349
10.490  35.000  35.527  248.799
10.500  35.000  35.231  250.161
10.510  35.000  35.509  251.277
10.520  35.000  35.586  252.498
10.530  35.000  35.243  253.780
10.540  35.000  35.522  254.627
10.550  35.000  35.537  255.254
10.560  35.000  35.316  255.920
10.570  35.000  35.763  256.506
10.580  35.000  35.287  257.073
10.590  35.000  35.057  257.601
10.600  35.000  34.660  258.194
10.610  35.000  34.964  258.930
10.620  35.000  35.298  259.576
10.630  35.000  35.388  260.197
10.640  35.000  35.551  260.557
10.650  35.000  34.852  260.643
10.660  35.000  35.059  260.812
10.670  35.000  34.822  260.987
10.680  35.000  35.134  261.174
10.690  35.000  35.184  261.214
10.700  35.000  34.844  261.303
10.710  35.000  35.280  261.529
10.720  35.000  34.890  261.680
10.730  35.000  35.273  261.725
10.740  35.000  34.998  261.659
10.750  5.000  35.356  261.664
10.760  5.000  34.363  261.559
10.770  5.000  30.935  260.027
10.780  5.000  24.635  256.182
10.790  5.000  17.016  250.803
10.800  5.000  12.281  244.845
10.810  5.000  9.173  238.836
10.820  5.000  7.897  233.155
10.830  5.000  7.424  227.338
10.840  5.000  7.251  221.731
10.850  5.000  7.044  216.553
10.860  5.000  6.969  210.911
10.870  5.000  6.787  205.425
10.880  5.000  6.650  200.478
10.890  5.000  6.454  195.521
10.900  5.000  6.226  190.430
10.910  5.000  6.043  185.508
10.920  5.000  6.016  180.782
10.930  5.000  5.813  176.080
10.940  5.000  5.730  171.300
10.950  5.000  5.557  166.547
10.960  5.000  5.425  161.583
10.970  5.000  5.271  156.743
10.980  5.000  5.067  152.330
10.990  5.000  4.990  147.554
11.000  5.000  4.862  142.523
11.010  5.000  4.766  137.923
11.020  5.000  4.647  133.573
11.030  5.000  4.529  129.356
11.040  5.000  4.487  125.032
11.050  5.000  4.351  120.774
11.060  5.000  4.269  116.978
11.070  5.000  4.185  113.162
11.080  5.000  4.151  109.285
11.090  5.000  4.039  105.100
11.100  5.000  4.018  101.007
11.110  5.000  3.969  97.465
11.120  5.000  3.780  93.976
11.130  5.000  3.748  90.102
11.140  5.000  3.668  86.315
11.150  5.000  3.535  82.949
11.160  5.000  3.539  79.599
11.170  5.000  3.525  76.202
11.180  5.000  3.518  72.901
11.190  5.000  3.525  69.705
11.200  5.000  3.592  66.632
11.210  5.000  3.490  63.715
11.220  5.000  3.403  60.776
11.230  5.000  3.368  57.750
11.240  5.000  3.225  54.824
11.250  5.000  3.165  52.065
11.260  5.000  3.077  49.287
11.270  5.000  3.097  46.611
11.280  5.000  3.119  43.984
11.290  5.000  3.123  41.401
11.300  5.000  3.227  39.076
11.310  5.000  3.239  36.810
11.320  5.000  3.223  34.536
11.330  5.000  3.137  32.383
11.340  5.000  3.035  30.272
11.350  5.000  3.013  28.113
11.360  5.000  3.024  25.943
11.370  5.000  2.994  23.930
11.380  5.000  3.041  22.122
11.390  5.000  3.144  20.389
11.400  5.000  3.303  18.738
11.410  5.000  3.401  17.004
11.420  5.000  3.461  15.358
11.430  5.000  3.552  13.902
11.440  5.000  3.534  12.289
11.450  5.000  3.535  10.616
11.460  5.000  3.472  8.975
11.470  5.000  3.456  7.388
11.480  5.000  3.357  5.834
11.490  5.000  3.328  4.204
11.500  5.000  3.347  2.854
11.510  5.000  3.442  1.941
11.520  5.000  3.773  1.150
11.530  5.000  3.932  0.291
11.540  5.000  4.091  -0.561
11.550  5.000  4.227  -1.219
11.560  5.000  4.434  -1.583
11.570  5.000  4.421  -1.775
11.580  5.000  4.420  -1.918
11.590  5.000  4.474  -1.967
11.600  5.000  4.588  -1.785
11.610  5.000  4.410  -1.355
11.620  5.000  4.396  -0.858
11.630  5.000  4.573  -0.489
11.640  5.000  4.667  -0.169
11.650  5.000  4.747  0.081
11.660  5.000  4.557  0.372
11.670  5.000  4.714  0.769
11.680  5.000  4.710  1.125
11.690  5.000  4.883  1.581
11.700  5.000  4.743  2.160
11.710  5.000  4.954  2.626
11.720  5.000  5.065  2.861
11.730  5.000  5.009  3.070
11.740  5.000  4.923  3.338
11.750  5.000  4.942  3.618
11.760  5.000  4.988  3.838
11.770  5.000  5.044  3.944
11.780  5.000  5.120  3.876
11.790  5.000  5.120  3.734
11.800  5.000  5.238  3.596
11.810  5.000  5.219  3.551
11.820  5.000  5.207  3.714
11.830  5.000  5.148  3.791
11.840  5.000  5.159  3.768
11.850  5.000  5.191  4.169
11.860  5.000  5.228  4.659
11.870  5.000  5.124  4.835
11.880  5.000  5.253  4.832
11.890  5.000  5.174  4.726
11.900  5.000  5.239  4.590
11.910  5.000  5.259  4.475
11.920  5.000  5.303  4.408
11.930  5.000  5.093  4.511
11.940  5.000  5.151  4.747
11.950  5.000  5.166  4.785
11.960  5.000  5.296  4.813
11.970  5.000  5.220  4.860
11.980  5.000  5.183  4.699
11.990  5.000  5.111  4.390
12.000  5.000  5.165  3.995
12.010  5.000  5.172  3.715
12.020  5.000  5.047  3.651
12.030  5.000  5.041  3.485
12.040  5.000  5.112  3.067
12.050  5.000  4.950  2.721
12.060  5.000  5.013  2.590
12.070  5.000  5.016  2.507
12.080  5.000  4.925  2.527
12.090  5.000  4.959  2.473
12.100  5.000  4.882  2.313
12.110  5.000  4.850  2.270
12.120  5.000  4.856  2.153
12.130  5.000  4.943  2.142
12.140  5.000  4.985  2.335
12.150  5.000  4.918  2.408
12.160  5.000  4.841  2.386
12.170  5.000  4.931  2.227
12.180  5.000  4.993  1.820
12.190  5.000  4.887  1.498
12.200  5.000  4.832  1.375
12.210  5.000  5.007  1.256
12.220  5.000  4.941  1.104
12.230  5.000  4.844  1.053
12.240  5.000  4.877  0.965
12.250  5.000  4.910  0.615
12.260  5.000  4.895  0.382
12.270  5.000  5.010  0.260
12.280  5.000  4.790  0.198
12.290  5.000  4.787  0.461
12.300  5.000  4.902  0.640
12.310  5.000  4.802  0.691
12.320  5.000  5.053  0.799
12.330  5.000  5.034  0.880
12.340  5.000  4.935  1.078
12.350  5.000  5.034  1.466
12.360  5.000  5.019  1.737
12.370  5.000  4.960  1.712
12.380  5.000  5.054  1.717
12.390  5.000  5.003  1.826
12.400  5.000  4.950  1.896
12.410  5.000  5.041  1.888
12.420  5.000  5.085  1.920
12.430  5.000  5.149  2.057
12.440  5.000  5.148  2.287
12.450  5.000  5.268  2.540
12.460  5.000  5.037  2.690
12.470  5.000  5.127  2.580
12.480  5.000  5.091  2.194
12.490  5.000  5.099  1.822
12.500  5.000  5.044  1.508
12.510  5.000  5.095  1.287
12.520  5.000  5.139  1.181
12.530  5.000  4.885  1.016
12.540  5.000  5.204  0.800
12.550  5.000  5.139  0.661
12.560  5.000  5.018  0.543
12.570  5.000  4.975  0.419
12.580  5.000  4.906  0.539
12.590  5.000  5.061  0.774
12.600  5.000  4.958  0.912
12.610  5.000  5.011  1.105
12.620  5.000  4.878  1.204
12.630  5.000  5.059  1.161
12.640  5.000  4.915  1.178
12.650  5.000  4.976  1.205
12.660  5.000  5.052  1.197
12.670  5.000  4.988  1.067
12.680  5.000  4.796  1.090
12.690  5.000  4.926  1.363
12.700  5.000  4.930  1.566
12.710  5.000  4.962  1.692
12.720  5.000  4.882  1.777
12.730  5.000  5.071  1.767
12.740  5.000  4.897  1.749
12.750  5.000  4.932  1.639
12.760  8.000  4.928  1.384
12.770  11.000  5.036  1.404
12.780  14.000  5.010  1.915
12.790  17.000  6.435  3.328
12.800  20.000  8.929  5.633
12.810  23.000  12.891  8.701
12.820  26.000  18.686  12.756
12.830  29.000  23.417  17.644
12.840  32.000  27.719  23.104
12.850  35.000  31.037  28.908
12.860  35.000  34.216  34.884
12.870  35.000  35.906  40.935
12.880  35.000  36.311  46.725
12.890  35.000  35.021  52.105
12.900  35.000  34.796  57.504
12.910  35.000  33.736  63.365
12.920  35.000  35.646  69.023
12.930  35.000  35.461  74.517
12.940  35.000  35.085  80.089
12.950  35.000  35.328  85.022
12.960  35.000  35.314  89.887
12.970  35.000  35.362  95.109
12.980  35.000  35.583  100.367
12.990  35.000  35.594  105.312
13.000  35.000  34.686  110.150
13.010  35.000  35.717  115.236
13.020  35.000  34.929  120.583
13.030  35.000  35.724  125.666
13.040  35.000  35.590  130.341
13.050  35.000  35.509  134.851
13.060  35.000  35.570  139.074
13.070  35.000  35.326  143.133
13.080  35.000  35.301  147.052
13.090  35.000  34.908  151.082
13.100  35.000  34.991  155.304
13.110  35.000  34.910  159.549
13.120  35.000  36.026  163.707
13.130  35.000  35.805  167.665
13.140  35.000  35.726  171.449
13.150  35.000  35.610  175.175
13.160  35.000  35.809  179.018
13.170  35.000  36.131  182.508
13.180  35.000  36.160  185.491
13.190  35.000  35.285  188.345
13.200  35.000  35.102  191.057
13.210  35.000  34.955  193.907
13.220  35.000  35.401  196.792
13.230  35.000  35.370  199.568
13.240  35.000  35.726  202.426
13.250  35.000  35.617  205.386
13.260  35.000  35.750  208.348
13.270  35.000  36.060  211.124
13.280  35.000  35.689  213.732
13.290  35.000  34.940  216.171
13.300  35.000  35.739  218.415
13.310  35.000  35.148  220.816
13.320  35.000  34.843  223.352
13.330  35.000  35.490  225.738
13.340  35.000  35.556  228.012
13.350  35.000  35.345  230.198
13.360  35.000  35.217  232.241
13.370  35.000  35.185  234.190
13.380  35.000  35.111  236.091
13.390  35.000  34.861  237.946
13.400  35.000  35.520  239.864
13.410  35.000  35.892  241.664
13.420  35.000  34.915  243.330
13.430  35.000  35.055  244.903
13.440  35.000  35.223  246.371
13.450  35.000  35.244  247.905
13.460  35.000  35.064  249.490
13.470  35.000  35.309  251.159
13.480  35.000  35.350  252.903
13.490  35.000  35.868  254.402
13.500  35.000  35.473  255.540
13.510  35.000  35.332  256.469
13.520  35.000  35.675  257.418
13.530  35.000  35.391  258.549
13.540  35.000  35.273  259.857
13.550  35.000  35.602  260.980
13.560  35.000  35.201  261.801
13.570  35.000  35.386  262.514
13.580  35.000  35.434  263.093
13.590  35.000  35.644  263.575
13.600  35.000  35.442  264.025
13.610  35.000  35.266  264.369
13.620  35.000  34.993  264.494
13.630  35.000  35.399  264.461
13.640  35.000  35.317  264.426
13.650  35.000  35.302  264.416
13.660  35.000  34.898  264.340
13.670  35.000  34.911  264.280
13.680  35.000  35.150  264.267
13.690  35.000  35.012  264.337
13.700  35.000  34.937  264.446
13.710  35.000  35.248  264.380
13.720  35.000  35.038  264.227
13.730  35.000  34.755  264.225
13.740  35.000  35.219  264.356
13.750  35.000  34.454  264.495
13.760  5.000  34.841  264.624
13.770  5.000  34.243  264.509
13.780  5.000  31.095  262.897
13.790  5.000  24.781  259.008
13.800  5.000  17.219  253.562
13.810  5.000  12.387  247.657
13.820  5.000  9.182  241.817
13.830  5.000  7.800  236.108
13.840  5.000  7.483  230.752
13.850  5.000  7.301  225.451
13.860  5.000  7.032  220.081
13.870  5.000  6.940  214.678
13.880  5.000  6.701  208.835
13.890  5.000  6.500  202.818
13.900  5.000  6.424  196.972
13.910  5.000  6.337  191.703
13.920  5.000  6.080  186.426
13.930  5.000  5.967  180.723
13.940  5.000  5.805  175.095
13.950  5.000  5.674  169.916
13.960  5.000  5.596  165.387
13.970  5.000  5.418  160.832
13.980  5.000  5.209  156.100
13.990  5.000  5.134  151.217
14.000  5.000  5.069  146.519
14.010  5.000  4.865  141.786
14.020  5.000  4.833  136.703
14.030  5.000  4.662  132.053
14.040  5.000  4.502  127.543
14.050  5.000  4.397  123.186
14.060  5.000  4.289  119.240
14.070  5.000  4.270  115.377
14.080  5.000  4.224  111.222
14.090  5.000  4.086  107.106
14.100  5.000  4.015  103.466
14.110  5.000  3.961  99.444
14.120  5.000  3.916  95.398
14.130  5.000  3.883  91.842
14.140  5.000  3.727  88.374
14.150  5.000  3.610  84.875
14.160  5.000  3.568  81.446
14.170  5.000  3.599  78.005
14.180  5.000  3.478  74.438
14.190  5.000  3.493  71.046
14.200  5.000  3.550  68.001
14.210  5.000  3.507  64.934
14.220  5.000  3.495  61.758
14.230  5.000  3.425  58.678
14.240  5.000  3.329  55.532
14.250  5.000  3.186  52.342
14.260  5.000  3.186  49.376
14.270  5.000  3.091  46.566
14.280  5.000  3.113  43.754
14.290  5.000  3.148  41.173
14.300  5.000  3.192  38.806
14.310  5.000  3.190  36.417
14.320  5.000  3.222  33.952
14.330  5.000  3.222  31.546
14.340  5.000  3.140  29.088
14.350  5.000  3.097  26.588
14.360  5.000  3.012  24.341
14.370  5.000  2.976  22.193
14.380  5.000  2.973  20.012
14.390  5.000  3.038  18.093
14.400  5.000  3.129  16.409
14.410  5.000  3.209  14.601
14.420  5.000  3.410  12.821
14.430  5.000  3.485  11.269
14.440  5.000  3.472  9.914
14.450  5.000  3.564  8.654
14.460  5.000  3.468  7.414
14.470  5.000  3.454  6.001
14.480  5.000  3.373  4.443
14.490  5.000  3.378  3.038
14.500  5.000  3.264  1.830
14.510  5.000  3.366  0.812
14.520  5.000  3.556  -0.121
14.530  5.000  3.782  -1.106
14.540  5.000  3.934  -1.964
14.550  5.000  4.187  -2.589
14.560  5.000  4.321  -3.037
14.570  5.000  4.291  -3.205
14.580  5.000  4.353  -3.170
14.590  5.000  4.461  -3.221
14.600  5.000  4.563  -3.301
14.610  5.000  4.577  -3.201
14.620  5.000  4.622  -3.104
14.630  5.000  4.675  -2.954
14.640  5.000  4.610  -2.469
14.650  5.000  4.749  -1.913
14.660  5.000  4.688  -1.417
14.670  5.000  4.667  -0.901
14.680  5.000  4.792  -0.633
14.690  5.000  4.868  -0.679
14.700  5.000  4.852  -0.861
14.710  5.000  4.875  -0.858
14.720  5.000  4.860  -0.408
14.730  5.000  4.844  0.103
14.740  5.000  5.023  0.319
14.750  5.000  5.025  0.702
14.760  5.000  4.998  1.265
14.770  5.000  5.188  1.505
14.780  5.000  5.021  1.721
14.790  5.000  5.105  1.968
14.800  5.000  5.156  1.971
14.810  5.000  5.114  1.772
14.820  5.000  5.152  1.578
14.830  5.000  5.034  1.705
14.840  5.000  5.121  1.728
14.850  5.000  5.269  1.488
14.860  5.000  5.220  1.470
14.870  5.000  5.110  1.511
14.880  5.000  5.260  1.479
14.890  5.000  5.103  1.447
14.900  5.000  5.406  1.192
14.910  5.000  5.253  0.944
14.920  5.000  5.201  1.142
14.930  5.000  5.281  1.313
14.940  5.000  5.152  1.325
14.950  5.000  5.156  1.374
14.960  5.000  5.191  1.343
14.970  5.000  5.194  1.196
14.980  5.000  5.083  0.966
14.990  5.000  5.152  0.738
15.000  5.000  5.020  0.597
15.010  5.000  5.084  0.812
15.020  5.000  4.992  1.173
15.030  5.000  5.154  1.167
15.040  5.000  5.034  0.996
15.050  5.000  4.913  1.105
15.060  5.000  4.986  1.048
15.070  5.000  4.877  0.711
15.080  5.000  4.947  0.534
15.090  5.000  4.965  0.384
15.100  5.000  4.811  0.307
15.110  5.000  5.006  0.258
15.120  5.000  4.971  0.282
15.130  5.000  4.883  0.579
15.140  5.000  4.922  0.782
15.150  5.000  4.865  0.624
15.160  5.000  4.843  0.523
15.170  5.000  4.940  0.665
15.180  5.000  4.884  0.706
15.190  5.000  4.858  0.771
15.200  5.000  4.772  0.903
15.210  5.000  4.969  0.828
15.220  5.000  4.908  0.770
15.230  5.000  4.876  0.884
15.240  5.000  4.952  0.951
15.250  5.000  4.979  0.898
15.260  5.000  4.909  0.747
15.270  5.000  5.073  0.610
15.280  5.000  4.883  0.531
15.290  5.000  4.976  0.459
15.300  5.000  5.017  0.417
15.310  5.000  5.085  0.318
15.320  5.000  5.032  0.055
15.330  5.000  5.051  -0.046
15.340  5.000  5.078  0.088
15.350  5.000  5.021  0.126
15.360  5.000  5.202  -0.136
15.370  5.000  5.135  -0.587
15.380  5.000  5.241  -1.101
15.390  5.000  5.106  -1.491
15.400  5.000  4.988  -1.674
15.410  5.000  5.162  -2.055
15.420  5.000  5.041  -2.531
15.430  5.000  4.969  -2.924
15.440  5.000  5.022  -3.270
15.450  5.000  4.920  -3.455
15.460  5.000  5.042  -3.559
15.470  5.000  4.900  -3.725
15.480  5.000  4.825  -3.885
15.490  5.000  5.054  -3.986
15.500  5.000  4.921  -4.082
15.510  5.000  5.022  -4.335
15.520  5.000  4.956  -4.465
15.530  5.000  4.910  -4.268
15.540  5.000  5.060  -4.031
15.550  5.000  5.072  -3.974
15.560  5.000  5.005  -4.122
15.570  5.000  4.904  -4.235
15.580  5.000  5.092  -4.371
15.590  5.000  4.912  -4.652
15.600  5.000  4.958  -4.929
15.610  5.000  4.999  -4.956
15.620  5.000  5.011  -4.836
15.630  5.000  5.056  -4.881
15.640  5.000  5.000  -5.112
15.650  5.000  4.918  -5.331
15.660  5.000  4.966  -5.402
15.670  5.000  4.979  -5.542
15.680  5.000  4.975  -5.761
15.690  5.000  5.030  -5.910
15.700  5.000  5.051  -5.883
15.710  5.000  4.935  -5.739
15.720  5.000  4.957  -5.685
15.730  5.000  5.066  -5.575
15.740  5.000  4.818  -5.321
15.750  5.000  5.051  -5.232
15.760  5.000  4.963  -5.364
15.770  8.000  4.938  -5.271
15.780  11.000  4.860  -4.712
15.790  14.000  4.977  -3.938
15.800  17.000  6.653  -2.567
15.810  20.000  8.924  -0.234
15.820  23.000  13.112  2.738
15.830  26.000  18.670  6.723
15.840  29.000  23.359  11.723
15.850  32.000  27.072  17.200
15.860  35.000  30.673  23.325
15.870  35.000  33.973  29.522
15.880  35.000  36.234  35.809
15.890  35.000  36.438  42.373
15.900  35.000  36.113  48.147
15.910  35.000  34.472  53.547
15.920  35.000  34.852  59.018
15.930  35.000  34.562  64.627
15.940  35.000  35.528  70.024
15.950  35.000  35.532  74.855
15.960  35.000  35.252  79.731
15.970  35.000  34.865  84.740
15.980  35.000  35.274  89.770
15.990  35.000  35.619  94.752
16.000  35.000  35.423  99.462
16.010  35.000  35.687  103.987
16.020  35.000  35.484  108.509
16.030  35.000  35.742  112.615
16.040  35.000  34.988  116.552
16.050  35.000  35.492  120.604
16.060  35.000  35.318  124.607
16.070  35.000  34.894  128.690
16.080  35.000  34.773  133.021
16.090  35.000  35.274  137.211
16.100  35.000  35.673  141.235
16.110  35.000  35.899  145.146
16.120  35.000  35.811  148.615
16.130  35.000  35.734  152.197
16.140  35.000  35.667  155.896
16.150  35.000  35.884  159.427
16.160  35.000  35.217  162.928
16.170  35.000  35.447  166.409
16.180  35.000  35.779  169.716
16.190  35.000  35.294  172.787
16.200  35.000  34.818  175.985
16.210  35.000  35.053  179.454
16.220  35.000  35.382  183.031
16.230  35.000  35.630  186.652
16.240  35.000  35.355  189.963
16.250  35.000  35.716  193.068
16.260  35.000  35.735  196.149
16.270  35.000  36.090  199.011
16.280  35.000  35.741  201.848
16.290  35.000  35.718  204.473
16.300  35.000  35.060  206.825
16.310  35.000  35.840  209.068
16.320  35.000  35.503  211.361
16.330  35.000  35.102  213.731
16.340  35.000  35.082  215.988
16.350  35.000  35.218  218.088
16.360  35.000  35.315  220.115
16.370  35.000  35.263  222.305
16.380  35.000  35.618  224.525
16.390  35.000  34.814  226.739
16.400  35.000  34.851  228.821
16.410  35.000  36.005  230.748
16.420  35.000  35.152  232.614
16.430  35.000  35.298  234.273
16.440  35.000  34.949  235.998
16.450  35.000  35.023  237.844
16.460  35.000  35.318  239.624
16.470  35.000  36.080  241.152
16.480  35.000  35.452  242.463
16.490  35.000  35.387  243.878
16.500  35.000  35.247  245.484
16.510  35.000  35.397  246.906
16.520  35.000  35.299  248.200
16.530  35.000  35.312  249.489
16.540  35.000  35.934  250.492
16.550  35.000  35.417  251.384
16.560  35.000  35.148  252.303
16.570  35.000  35.315  253.206
16.580  35.000  35.078  254.151
16.590  35.000  35.050  255.075
16.600  35.000  35.168  255.768
16.610  35.000  35.330  256.413
16.620  35.000  35.400  257.074
16.630  35.000  35.324  257.539
16.640  35.000  35.214  257.888
16.650  35.000  35.191  258.174
16.660  35.000  35.313  258.495
16.670  35.000  34.823  258.835
16.680  35.000  35.359  258.886
16.690  35.000  34.822  258.984
16.700  35.000  34.786  259.375
16.710  35.000  35.355  259.753
16.720  35.000  34.584  260.149
16.730  35.000  35.157  260.463
16.740  35.000  35.044  260.629
16.750  35.000  35.163  260.870
16.760  35.000  34.803  261.301
16.770  5.000  35.132  261.639
16.780  5.000  34.630  261.639
16.790  5.000  30.998  260.266
16.800  5.000  24.941  256.588
16.810  5.000  17.342  250.375
16.820  5.000  12.359  243.675
16.830  5.000  9.251  237.797
16.840  5.000  7.848  232.020
16.850  5.000  7.510  226.566
16.860  5.000  7.148  221.239
16.870  5.000  7.049  216.020
16.880  5.000  6.893  210.940
16.890  5.000  6.866  205.488
16.900  5.000  6.629  199.953
16.910  5.000  6.447  194.820
16.920  5.000  6.316  189.456
16.930  5.000  6.165  184.301
16.940  5.000  6.015  179.572
16.950  5.000  5.794  174.877
16.960  5.000  5.714  170.287
16.970  5.000  5.534  165.741
16.980  5.000  5.478  161.184
16.990  5.000  5.322  156.715
17.000  5.000  5.116  152.381
17.010  5.000  5.078  148.032
17.020  5.000  4.989  143.788
17.030  5.000  4.821  139.446
17.040  5.000  4.629  135.204
17.050  5.000  4.589  131.341
17.060  5.000  4.485  127.460
17.070  5.000  4.388  123.453
17.080  5.000  4.285  119.201
17.090  5.000  4.213  115.143
17.100  5.000  4.170  110.934
17.110  5.000  4.119  106.747
17.120  5.000  4.024  103.166
17.130  5.000  3.980  99.625
17.140  5.000  3.841  96.020
17.150  5.000  3.790  92.419
17.160  5.000  3.674  88.928
17.170  5.000  3.539  85.350
17.180  5.000  3.522  81.718
17.190  5.000  3.531  78.429
17.200  5.000  3.448  75.331
17.210  5.000  3.500  72.031
17.220  5.000  3.535  68.715
17.230  5.000  3.477  65.509
17.240  5.000  3.401  62.406
17.250  5.000  3.334  59.469
17.260  5.000  3.174  56.625
17.270  5.000  3.120  53.855
17.280  5.000  3.081  51.094
17.290  5.000  3.077  48.394
17.300  5.000  3.099  45.847
17.310  5.000  3.164  43.442
17.320  5.000  3.234  41.112
17.330  5.000  3.183  38.733
17.340  5.000  3.246  36.384
17.350  5.000  3.165  34.243
17.360  5.000  3.099  32.127
17.370  5.000  3.007  29.849
17.380  5.000  3.010  27.630
17.390  5.000  2.955  25.676
17.400  5.000  2.999  23.857
17.410  5.000  3.119  22.083
17.420  5.000  3.310  20.315
17.430  5.000  3.369  18.699
17.440  5.000  3.500  17.316
17.450  5.000  3.542  16.005
17.460  5.000  3.528  14.711
17.470  5.000  3.478  13.257
17.480  5.000  3.407  11.842
17.490  5.000  3.354  10.691
17.500  5.000  3.303  9.481
17.510  5.000  3.308  8.254
17.520  5.000  3.339  7.178
17.530  5.000  3.519  6.153
17.540  5.000  3.688  5.320
17.550  5.000  3.959  4.632
17.560  5.000  4.116  3.993
17.570  5.000  4.223  3.463
17.580  5.000  4.387  3.099
17.590  5.000  4.363  2.796
17.600  5.000  4.465  2.453
17.610  5.000  4.533  2.261
17.620  5.000  4.460  2.393
17.630  5.000  4.594  2.616
17.640  5.000  4.588  2.605
17.650  5.000  4.637  2.553
17.660  5.000  4.692  2.660
17.670  5.000  4.732  2.841
17.680  5.000  4.606  3.126
17.690  5.000  4.825  3.571
17.700  5.000  4.757  3.983
17.710  5.000  4.804  4.020
17.720  5.000  4.751  4.100
17.730  5.000  4.786  4.636
17.740  5.000  4.819  5.040
17.750  5.000  4.927  5.099
17.760  5.000  4.862  5.316
17.770  5.000  5.007  5.717
17.780  5.000  4.918  6.043
17.790  5.000  5.016  6.336
17.800  5.000  5.008  6.632
17.810  5.000  4.986  6.901
17.820  5.000  4.974  7.079
17.830  5.000  5.156  7.112
17.840  5.000  4.989  7.223
17.850  5.000  5.199  7.536
17.860  5.000  5.184  7.715
17.870  5.000  5.265  7.572
17.880  5.000  5.162  7.424
17.890  5.000  5.172  7.467
17.900  5.000  5.178  7.524
17.910  5.000  5.230  7.425
17.920  5.000  5.246  7.288
17.930  5.000  5.344  7.496
17.940  5.000  5.234  7.897
17.950  5.000  5.378  8.118
17.960  5.000  5.199  8.107
17.970  5.000  5.217  8.069
17.980  5.000  5.290  7.945
17.990  5.000  5.236  7.828
18.000  5.000  5.263  7.703
18.010  5.000  5.251  7.355
18.020  5.000  5.224  7.082
18.030  5.000  5.082  7.078
18.040  5.000  5.081  7.177
18.050  5.000  4.969  6.981
18.060  5.000  5.140  6.366
18.070  5.000  5.007  5.831
18.080  5.000  5.000  5.645
18.090  5.000  5.071  5.467
18.100  5.000  4.943  5.350
18.110  5.000  4.919  5.314
18.120  5.000  5.089  5.162
18.130  5.000  4.866  4.982
18.140  5.000  4.968  4.909
18.150  5.000  4.830  4.851
18.160  5.000  4.928  4.732
18.170  5.000  4.951  4.753
18.180  5.000  4.968  4.785
18.190  5.000  4.850  4.791
18.200  5.000  4.948  4.821
18.210  5.000  4.871  4.824
18.220  5.000  4.889  4.981
18.230  5.000  5.038  5.105
18.240  5.000  4.817  5.223
18.250  5.000  4.946  5.463
18.260  5.000  4.845  5.582
18.270  5.000  4.936  5.515
18.280  5.000  4.878  5.510
18.290  5.000  4.936  5.781
18.300  5.000  4.929  6.009
18.310  5.000  4.963  6.179
18.320  5.000  4.953  6.348
18.330  5.000  5.036  6.275
18.340  5.000  4.902  6.225
18.350  5.000  5.025  6.356
18.360  5.000  5.023  6.442
18.370  5.000  4.998  6.474
18.380  5.000  4.994  6.541
18.390  5.000  5.161  6.690
18.400  5.000  5.004  6.927
18.410  5.000  5.103  7.131
18.420  5.000  5.101  7.339
18.430  5.000  5.004  7.403
18.440  5.000  5.063  7.346
18.450  5.000  4.953  7.303
18.460  5.000  4.953  7.143
18.470  5.000  5.021  6.835
18.480  5.000  4.927  6.496
18.490  5.000  5.138  6.141
18.500  5.000  4.875  5.995
18.510  5.000  5.215  5.906
18.520  5.000  4.996  5.707
18.530  5.000  5.014  5.660
18.540  5.000  5.040  5.683
18.550  5.000  5.029  5.594
18.560  5.000  4.918  5.423
18.570  5.000  5.123  5.323
18.580  5.000  4.984  5.249
18.590  5.000  5.005  5.025
18.600  5.000  4.967  4.711
18.610  5.000  4.891  4.606
18.620  5.000  5.073  4.410
18.630  5.000  4.991  4.032
18.640  5.000  5.057  3.850
18.650  5.000  4.777  3.945
18.660  5.000  4.938  4.084
18.670  5.000  5.058  4.069
18.680  5.000  5.016  3.950
18.690  5.000  5.024  3.943
18.700  5.000  4.949  4.174
18.710  5.000  4.949  4.444
18.720  5.000  4.882  4.576
18.730  5.000  4.966  4.568
18.740  5.000  4.969  4.584
18.750  5.000  5.020  4.682
18.760  5.000  4.893  4.792
18.770  5.000  4.956  4.970
18.780  8.000  4.939  5.045
18.790  11.000  5.066  5.107
18.800  14.000  4.991  5.527
18.810  17.000  6.695  6.659
18.820  20.000  8.778  8.755
18.830  23.000  12.844  11.920
18.840  26.000  18.869  15.966
18.850  29.000  23.389  21.093
18.860  32.000  27.297  27.042
18.870  35.000  30.616  33.252
18.880  35.000  34.169  39.704
18.890  35.000  36.331  46.094
18.900  35.000  36.954  52.081
18.910  35.000  35.671  57.527
18.920  35.000  34.253  62.720
18.930  35.000  34.317  68.105
18.940  35.000  34.990  73.747
18.950  35.000  35.461  79.111
18.960  35.000  35.513  83.947
18.970  35.000  34.913  88.491
18.980  35.000  35.268  93.010
18.990  35.000  35.400  97.475
19.000  35.000  35.623  101.696
19.010  35.000  35.039  105.987
19.020  35.000  35.631  110.411
19.030  35.000  35.148  114.947
19.040  35.000  35.683  119.654
19.050  35.000  35.027  124.380
19.060  35.000  35.185  129.051
19.070  35.000  35.070  133.731
19.080  35.000  35.867  138.232
19.090  35.000  35.701  142.272
19.100  35.000  35.643  145.967
19.110  35.000  34.995  149.716
19.120  35.000  34.698  153.592
19.130  35.000  34.903  157.720
19.140  35.000  35.482  161.768
19.150  35.000  35.684  165.268
19.160  35.000  34.959  168.935
19.170  35.000  35.630  172.544
19.180  35.000  35.867  175.859
19.190  35.000  35.880  179.365
19.200  35.000  36.159  182.897
19.210  35.000  35.916  186.227
19.220  35.000  35.604  189.450
19.230  35.000  35.220  192.405
19.240  35.000  35.766  195.090
19.250  35.000  35.028  197.866
19.260  35.000  35.634  200.679
19.270  35.000  35.665  203.523
19.280  35.000  35.386  206.537
19.290  35.000  36.104  209.377
19.300  35.000  35.654  212.057
19.310  35.000  35.523  214.559
19.320  35.000  35.478  216.802
19.330  35.000  35.296  219.079
19.340  35.000  35.369  221.157
19.350  35.000  35.200  223.088
19.360  35.000  35.556  224.949
19.370  35.000  35.500  226.851
19.380  35.000  35.075  228.943
19.390  35.000  35.425  230.837
19.400  35.000  35.441  232.496
19.410  35.000  35.346  234.164
19.420  35.000  35.019  235.751
19.430  35.000  35.244  237.290
19.440  35.000  35.025  238.941
19.450  35.000  35.287  240.511
19.460  35.000  34.916  241.876
19.470  35.000  35.478  243.127
19.480  35.000  35.399  244.459
19.490  35.000  35.236  245.809
19.500  35.000  34.995  247.299
19.510  35.000  35.198  249.094
19.520  35.000  35.482  250.761
19.530  35.000  35.563  252.105
19.540  35.000  35.154  253.294
19.550  35.000  35.707  254.363
19.560  35.000  35.069  255.433
19.570  35.000  35.512  256.483
19.580  35.000  35.570  257.260
19.590  35.000  35.453  257.740
19.600  35.000  35.236  258.280
19.610  35.000  35.071  259.077
19.620  35.000  35.672  259.788
19.630  35.000  35.211  260.214
19.640  35.000  35.799  260.594
19.650  35.000  35.030  260.996
19.660  35.000  35.401  261.332
19.670  35.000  34.985  261.573
19.680  35.000  35.235  261.719
19.690  35.000  34.726  261.974
19.700  35.000  35.421  262.263
19.710  35.000  34.895  262.426
19.720  35.000  35.484  262.380
19.730  35.000  34.966  262.338
19.740  35.000  35.421  262.438
19.750  35.000  34.557  262.552
19.760  35.000  34.945  262.688
19.770  35.000  34.823  262.776
19.780  5.000  35.020  262.812
19.790  5.000  34.111  262.743
19.800  5.000  30.699  261.287
19.810  5.000  24.692  257.416
19.820  5.000  17.018  252.112
19.830  5.000  12.263  246.424
19.840  5.000  9.189  240.754
19.850  5.000  7.883  235.106
19.860  5.000  7.414  229.181
19.870  5.000  7.293  223.451
19.880  5.000  7.059  218.234
19.890  5.000  6.906  212.968
19.900  5.000  6.686  207.753
19.910  5.000  6.539  202.754
19.920  5.000  6.369  197.389
19.930  5.000  6.275  192.155
19.940  5.000  6.027  187.508
19.950  5.000  5.936  182.909
19.960  5.000  5.793  177.820
19.970  5.000  5.724  172.906
19.980  5.000  5.535  168.637
19.990  5.000  5.359  164.125
20.000  5.000  5.373  159.077
20.010  5.000  5.144  154.296
20.020  5.000  5.037  149.947
20.030  5.000  4.889  145.477
20.040  5.000  4.677  141.099
20.050  5.000  4.735  136.833
20.060  5.000  4.535  132.303
20.070  5.000  4.482  127.774
20.080  5.000  4.355  123.623
20.090  5.000  4.245  119.514
20.100  5.000  4.199  115.537
20.110  5.000  4.082  111.636
20.120  5.000  4.083  107.846
20.130  5.000  3.978  104.234
20.140  5.000  3.889  100.268
20.150  5.000  3.825  96.360
20.160  5.000  3.732  92.809
20.170  5.000  3.600  88.948
20.180  5.000  3.579  85.142
20.190  5.000  3.521  81.835
20.200  5.000  3.524  78.676
20.210  5.000  3.454  75.442
20.220  5.000  3.538  72.247
20.230  5.000  3.510  69.164
20.240  5.000  3.427  66.034
20.250  5.000  3.399  62.905
20.260  5.000  3.283  59.953
20.270  5.000  3.223  57.032
20.280  5.000  3.131  54.052
20.290  5.000  3.105  51.266
20.300  5.000  3.142  48.766
20.310  5.000  3.178  46.253
20.320  5.000  3.191  43.709
20.330  5.000  3.221  41.269
20.340  5.000  3.213  38.869
20.350  5.000  3.189  36.578
20.360  5.000  3.150  34.360
20.370  5.000  3.020  32.074
20.380  5.000  3.023  29.831
20.390  5.000  2.966  27.784
20.400  5.000  2.934  25.867
20.410  5.000  3.031  23.842
20.420  5.000  3.140  21.824
20.430  5.000  3.261  19.995
20.440  5.000  3.372  18.226
20.450  5.000  3.482  16.627
20.460  5.000  3.477  15.265
20.470  5.000  3.563  13.931
20.480  5.000  3.505  12.497
20.490  5.000  3.411  11.091
20.500  5.000  3.286  9.852
20.510  5.000  3.238  8.697
20.520  5.000  3.324  7.614
20.530  5.000  3.453  6.584
20.540  5.000  3.554  5.640
20.550  5.000  3.780  4.855
20.560  5.000  3.982  4.203
20.570  5.000  4.171  3.696
20.580  5.000  4.349  3.334
20.590  5.000  4.402  3.272
20.600  5.000  4.466  3.415
20.610  5.000  4.462  3.610
20.620  5.000  4.567  3.811
20.630  5.000  4.558  4.098
20.640  5.000  4.469  4.405
20.650  5.000  4.669  4.417
20.660  5.000  4.663  4.558
20.670  5.000  4.748  4.780
20.680  5.000  4.724  4.671
20.690  5.000  4.559  4.709
20.700  5.000  4.748  4.880
20.710  5.000  4.780  4.960
20.720  5.000  4.942  5.010
20.730  5.000  4.901  5.072
20.740  5.000  4.879  5.230
20.750  5.000  4.911  5.509
20.760  5.000  4.996  5.692
20.770  5.000  4.947  5.880
20.780  5.000  4.855  6.211
20.790  5.000  5.008  6.399
20.800  5.000  4.988  6.535
20.810  5.000  5.054  6.571
20.820  5.000  5.145  6.441
20.830  5.000  5.108  6.361
20.840  5.000  5.095  6.351
20.850  5.000  5.119  6.514
20.860  5.000  5.195  6.850
20.870  5.000  5.254  7.214
20.880  5.000  5.214  7.609
20.890  5.000  5.174  7.874
20.900  5.000  5.258  7.921
20.910  5.000  5.179  7.836
20.920  5.000  5.211  7.770
20.930  5.000  5.209  7.730
20.940  5.000  5.126  7.745
20.950  5.000  5.165  7.815
20.960  5.000  5.059  7.895
20.970  5.000  5.221  7.975
20.980  5.000  5.233  8.051
20.990  5.000  5.186  8.281
21.000  5.000  5.245  8.365
21.010  5.000  5.297  8.109
21.020  5.000  5.049  7.881
21.030  5.000  5.215  7.705
21.040  5.000  5.042  7.541
21.050  5.000  5.004  7.418
21.060  5.000  5.088  7.158
21.070  5.000  5.152  6.736
21.080  5.000  5.019  6.438
21.090  5.000  4.956  6.260
21.100  5.000  4.930  6.051
21.110  5.000  4.883  6.066
21.120  5.000  5.064  6.289
21.130  5.000  4.865  6.379
21.140  5.000  4.903  6.189
21.150  5.000  4.850  6.080
21.160  5.000  4.900  6.288
21.170  5.000  4.945  6.388
21.180  5.000  4.898  6.255
21.190  5.000  4.930  6.280
21.200  5.000  4.916  6.547
21.210  5.000  5.030  6.814
21.220  5.000  4.863  6.910
21.230  5.000  5.002  6.723
21.240  5.000  4.909  6.634
21.250  5.000  4.936  6.732
21.260  5.000  4.874  6.559
21.270  5.000  4.912  6.281
21.280  5.000  4.904  6.230
21.290  5.000  4.916  6.197
21.300  5.000  5.055  5.945
21.310  5.000  4.798  5.883
21.320  5.000  5.077  6.049
21.330  5.000  5.046  5.937
21.340  5.000  5.011  5.684
21.350  5.000  4.848  5.547
21.360  5.000  5.056  5.437
21.370  5.000  5.066  5.264
21.380  5.000  4.893  5.347
21.390  5.000  5.010  5.854
21.400  5.000  4.994  6.263
21.410  5.000  5.030  6.283
21.420  5.000  5.088  6.178
21.430  5.000  5.053  5.947
21.440  5.000  5.065  5.659
21.450  5.000  5.052  5.616
21.460  5.000  5.092  5.728
21.470  5.000  4.995  5.993
21.480  5.000  5.157  6.319
21.490  5.000  4.952  6.386
21.500  5.000  5.043  6.198
21.510  5.000  4.991  6.090
21.520  5.000  4.963  6.210
21.530  5.000  4.970  6.284
21.540  5.000  5.027  6.371
21.550  5.000  5.015  6.502
21.560  5.000  5.012  6.462
21.570  5.000  5.074  6.311
21.580  5.000  4.980  6.093
21.590  5.000  5.067  6.067
21.600  5.000  5.035  6.292
21.610  5.000  4.981  6.383
21.620  5.000  5.205  6.304
21.630  5.000  4.960  6.366
21.640  5.000  5.006  6.497
21.650  5.000  5.041  6.484
21.660  5.000  4.821  6.452
21.670  5.000  4.937  6.511
21.680  5.000  4.775  6.737
21.690  5.000  4.865  6.947
21.700  5.000  5.120  6.890
21.710  5.000  5.176  6.796
21.720  5.000  4.964  6.902
