# covent_pc_5
# Captured 2020-06-18 04:19:32.679395 by unknown user
# Built at revision abe75e4 (dirty)
time(sec)  pc_setpoint  pressure  volume
0.000  5.000  5.565  9.565
0.010  5.000  5.420  9.817
0.020  5.000  5.581  9.897
0.030  5.000  5.608  9.962
0.040  5.000  5.584  10.099
0.050  5.000  5.640  9.899
0.060  5.000  5.355  9.530
0.070  5.000  5.542  9.135
0.080  5.000  5.467  8.638
0.090  5.000  5.327  8.161
0.100  5.000  5.298  7.513
0.110  5.000  5.331  6.618
0.120  5.000  5.145  5.860
0.130  5.000  5.102  5.451
0.140  5.000  5.185  4.957
0.150  5.000  5.053  4.092
0.160  5.000  5.135  3.232
0.170  5.000  5.018  2.498
0.180  5.000  5.007  1.862
0.190  5.000  4.906  1.341
0.200  5.000  4.954  0.855
0.210  5.000  4.958  0.433
0.220  5.000  4.851  -0.040
0.230  5.000  4.921  -0.857
0.240  5.000  4.865  -1.793
0.250  5.000  4.861  -2.532
0.260  5.000  4.671  -3.246
0.270  5.000  4.895  -4.051
0.280  5.000  4.716  -4.772
0.290  5.000  4.728  -5.116
0.300  5.000  4.736  -5.320
0.310  5.000  4.843  -5.764
0.320  5.000  4.719  -6.111
0.330  5.000  4.665  -6.328
0.340  5.000  4.663  -6.763
0.350  5.000  4.762  -7.041
0.360  5.000  4.715  -6.936
0.370  5.000  4.586  -6.814
0.380  5.000  4.766  -6.899
0.390  5.000  4.791  -7.007
0.400  5.000  4.746  -6.724
0.410  5.000  4.716  -6.264
0.420  5.000  4.796  -6.170
0.430  5.000  4.728  -6.167
0.440  5.000  4.863  -6.137
0.450  5.000  4.896  -6.398
0.460  5.000  4.801  -6.640
0.470  5.000  4.844  -6.405
0.480  5.000  5.089  -6.261
0.490  5.000  4.844  -6.165
0.500  5.000  4.949  -5.885
0.510  5.000  4.923  -5.652
0.520  5.000  4.860  -5.442
0.530  5.000  4.901  -5.274
0.540  5.000  5.113  -5.157
0.550  5.000  5.054  -5.126
0.560  5.000  4.958  -4.918
0.570  5.000  4.987  -4.464
0.580  5.000  4.930  -4.223
0.590  5.000  4.993  -4.249
0.600  5.000  4.968  -4.083
0.610  5.000  5.002  -3.700
0.620  5.000  5.017  -3.364
0.630  5.000  5.036  -3.382
0.640  5.000  5.025  -3.462
0.650  5.000  5.108  -3.296
0.660  5.000  4.965  -2.902
0.670  5.000  5.080  -2.529
0.680  5.000  5.031  -2.404
0.690  5.000  5.110  -2.185
0.700  5.000  5.083  -1.825
0.710  6.500  5.084  -1.682
0.720  8.000  5.074  -1.695
0.730  9.500  5.194  -1.674
0.740  11.000  5.282  -1.212
0.750  12.500  6.058  0.199
0.760  14.000  7.048  2.394
0.770  15.500  8.089  5.386
0.780  17.000  9.331  9.272
0.790  18.500  11.889  13.986
0.800  20.000  14.151  19.758
0.810  20.000  16.113  26.556
0.820  20.000  18.332  33.851
0.830  20.000  19.394  41.034
0.840  20.000  19.399  48.177
0.850  20.000  19.752  55.785
0.860  20.000  20.106  63.281
0.870  20.000  19.921  70.538
0.880  20.000  20.552  78.020
0.890  20.000  20.588  85.635
0.900  20.000  20.571  93.042
0.910  20.000  20.506  100.358
0.920  20.000  20.804  107.705
0.930  20.000  21.183  114.496
0.940  20.000  20.859  120.915
0.950  20.000  21.175  127.186
0.960  20.000  20.500  133.352
0.970  20.000  19.924  139.560
0.980  20.000  20.295  145.759
0.990  20.000  21.318  151.642
1.000  20.000  20.788  157.238
1.010  20.000  20.655  162.790
1.020  20.000  21.168  168.029
1.030  20.000  21.092  173.118
1.040  20.000  21.314  178.074
1.050  20.000  20.208  182.933
1.060  20.000  20.519  187.527
1.070  20.000  20.573  191.998
1.080  20.000  20.307  196.614
1.090  20.000  20.187  200.993
1.100  20.000  20.616  205.198
1.110  20.000  20.334  209.470
1.120  20.000  20.710  213.729
1.130  20.000  20.599  217.930
1.140  20.000  21.356  221.830
1.150  20.000  20.763  225.530
1.160  20.000  21.032  229.187
1.170  20.000  20.714  232.527
1.180  20.000  20.374  235.700
1.190  20.000  20.700  238.746
1.200  20.000  20.371  241.806
1.210  20.000  20.464  244.825
1.220  20.000  20.677  247.507
1.230  20.000  20.616  249.801
1.240  20.000  20.416  251.720
1.250  20.000  20.019  253.612
1.260  20.000  20.278  255.706
1.270  20.000  20.485  257.633
1.280  20.000  20.445  259.328
1.290  20.000  20.124  261.177
1.300  20.000  20.256  263.128
1.310  20.000  20.847  264.651
1.320  20.000  20.713  266.091
1.330  20.000  20.602  267.861
1.340  20.000  21.004  269.675
1.350  20.000  20.952  271.421
1.360  20.000  21.152  273.097
1.370  20.000  20.938  274.585
1.380  20.000  20.717  275.997
1.390  20.000  20.673  277.353
1.400  20.000  20.931  278.721
1.410  20.000  20.995  279.956
1.420  20.000  20.732  280.690
1.430  20.000  20.961  280.843
1.440  20.000  20.295  280.912
1.450  20.000  20.603  281.145
1.460  20.000  20.696  281.137
1.470  20.000  20.526  280.792
1.480  20.000  20.779  280.253
1.490  20.000  20.275  279.932
1.500  20.000  20.430  279.659
1.510  20.000  20.517  279.294
1.520  20.000  20.553  279.075
1.530  20.000  20.200  278.883
1.540  20.000  20.363  278.508
1.550  20.000  20.282  278.033
1.560  20.000  20.227  277.646
1.570  20.000  19.985  277.301
1.580  20.000  20.276  276.831
1.590  20.000  20.053  276.238
1.600  20.000  20.050  275.709
1.610  20.000  20.094  275.217
1.620  20.000  20.000  274.819
1.630  20.000  19.895  274.517
1.640  20.000  19.992  274.047
1.650  20.000  19.968  273.523
1.660  20.000  19.572  273.160
1.670  20.000  19.780  272.817
1.680  20.000  19.619  272.425
1.690  20.000  19.735  272.032
1.700  20.000  19.761  271.769
1.710  5.000  19.745  271.604
1.720  5.000  19.104  271.054
1.730  5.000  16.139  269.186
1.740  5.000  13.737  265.894
1.750  5.000  13.241  261.420
1.760  5.000  12.396  256.225
1.770  5.000  12.033  250.955
1.780  5.000  11.176  244.912
1.790  5.000  10.533  238.760
1.800  5.000  10.147  233.250
1.810  5.000  9.611  227.730
1.820  5.000  9.216  222.212
1.830  5.000  8.895  216.302
1.840  5.000  8.398  209.914
1.850  5.000  8.243  203.764
1.860  5.000  7.748  198.099
1.870  5.000  7.732  192.154
1.880  5.000  7.504  186.241
1.890  5.000  7.439  180.242
1.900  5.000  7.163  173.745
1.910  5.000  7.098  167.983
1.920  5.000  6.873  162.857
1.930  5.000  6.795  157.679
1.940  5.000  6.827  152.746
1.950  5.000  6.326  147.843
1.960  5.000  6.284  142.755
1.970  5.000  5.986  137.103
1.980  5.000  6.038  131.698
1.990  5.000  5.731  127.475
2.000  5.000  5.625  123.298
2.010  5.000  5.532  119.075
2.020  5.000  5.518  114.840
2.030  5.000  5.167  110.625
2.040  5.000  5.163  106.582
2.050  5.000  5.053  102.475
2.060  5.000  4.959  98.161
2.070  5.000  4.877  93.072
2.080  5.000  4.719  87.557
2.090  5.000  4.478  82.889
2.100  5.000  4.623  78.289
2.110  5.000  4.396  73.047
2.120  5.000  4.350  68.651
2.130  5.000  4.288  64.887
2.140  5.000  4.161  60.397
2.150  5.000  4.179  56.223
2.160  5.000  4.092  52.854
2.170  5.000  4.080  49.466
2.180  5.000  3.948  46.048
2.190  5.000  3.799  42.649
2.200  5.000  3.738  39.205
2.210  5.000  3.612  35.821
2.220  5.000  3.534  32.467
2.230  5.000  3.466  28.731
2.240  5.000  3.471  25.054
2.250  5.000  3.469  21.838
2.260  5.000  3.391  18.821
2.270  5.000  3.334  15.894
2.280  5.000  3.265  13.017
2.290  5.000  3.118  10.262
2.300  5.000  2.971  7.135
2.310  5.000  2.925  3.496
2.320  5.000  2.821  0.401
2.330  5.000  2.804  -1.845
2.340  5.000  2.791  -4.024
2.350  5.000  2.768  -6.539
2.360  5.000  2.777  -8.948
2.370  5.000  2.797  -10.973
2.380  5.000  2.743  -12.953
2.390  5.000  2.679  -15.045
2.400  5.000  2.645  -17.089
2.410  5.000  2.628  -19.007
2.420  5.000  2.668  -20.787
2.430  5.000  2.683  -22.441
2.440  5.000  2.811  -23.919
2.450  5.000  2.825  -25.061
2.460  5.000  2.802  -25.995
2.470  5.000  2.894  -27.039
2.480  5.000  2.761  -28.283
2.490  5.000  2.791  -29.459
2.500  5.000  2.769  -30.257
2.510  5.000  2.838  -30.697
2.520  5.000  2.904  -31.126
2.530  5.000  2.980  -31.430
2.540  5.000  3.097  -31.231
2.550  5.000  3.228  -30.573
2.560  5.000  3.260  -29.668
2.570  5.000  3.178  -28.576
2.580  5.000  3.396  -27.461
2.590  5.000  3.366  -26.601
2.600  5.000  3.466  -25.873
2.610  5.000  3.401  -24.696
2.620  5.000  3.902  -23.377
2.630  5.000  4.094  -22.020
2.640  5.000  4.213  -20.223
2.650  5.000  4.301  -18.285
2.660  5.000  4.451  -16.422
2.670  5.000  4.747  -14.979
2.680  5.000  4.789  -13.541
2.690  5.000  4.965  -11.687
2.700  5.000  5.184  -10.103
2.710  5.000  5.232  -8.821
2.720  5.000  5.208  -7.473
2.730  5.000  5.037  -5.862
2.740  5.000  5.162  -4.016
2.750  5.000  5.401  -2.293
2.760  5.000  5.257  -0.760
2.770  5.000  5.126  0.791
2.780  5.000  5.585  2.228
2.790  5.000  5.341  3.318
2.800  5.000  5.254  4.356
2.810  5.000  5.473  5.393
2.820  5.000  5.604  6.184
2.830  5.000  5.454  6.688
2.840  5.000  5.459  6.966
2.850  5.000  5.443  7.278
2.860  5.000  5.333  7.765
2.870  5.000  5.391  8.346
2.880  5.000  5.473  8.675
2.890  5.000  5.398  8.729
2.900  5.000  5.320  8.961
2.910  5.000  5.515  9.245
2.920  5.000  5.497  9.343
2.930  5.000  5.524  9.410
2.940  5.000  5.521  9.454
2.950  5.000  5.450  9.305
2.960  5.000  5.405  8.996
2.970  5.000  5.550  8.818
2.980  5.000  5.482  8.937
2.990  5.000  5.536  9.024
3.000  5.000  5.516  9.012
3.010  5.000  5.570  8.968
3.020  5.000  5.534  8.767
3.030  5.000  5.608  8.579
3.040  5.000  5.550  8.538
3.050  5.000  5.491  8.693
3.060  5.000  5.502  8.940
3.070  5.000  5.454  8.979
3.080  5.000  5.371  8.872
3.090  5.000  5.418  8.722
3.100  5.000  5.440  8.345
3.110  5.000  5.377  7.695
3.120  5.000  5.259  6.964
3.130  5.000  5.198  6.395
3.140  5.000  5.358  5.921
3.150  5.000  5.205  5.166
3.160  5.000  5.035  4.285
3.170  5.000  5.036  3.658
3.180  5.000  4.939  3.191
3.190  5.000  5.004  2.810
3.200  5.000  4.909  2.441
3.210  5.000  5.009  1.823
3.220  5.000  4.801  1.163
3.230  5.000  4.857  0.744
3.240  5.000  4.729  0.427
3.250  5.000  4.794  -0.079
3.260  5.000  4.690  -0.841
3.270  5.000  4.756  -1.532
3.280  5.000  4.771  -2.039
3.290  5.000  4.846  -2.475
3.300  5.000  4.682  -2.635
3.310  5.000  4.793  -2.534
3.320  5.000  4.800  -2.706
3.330  5.000  4.871  -3.040
3.340  5.000  4.784  -3.153
3.350  5.000  4.851  -3.219
3.360  5.000  4.745  -3.381
3.370  5.000  4.711  -3.540
3.380  5.000  4.670  -3.484
3.390  5.000  4.711  -3.214
3.400  5.000  4.795  -2.864
3.410  5.000  4.845  -2.675
3.420  5.000  4.806  -2.668
3.430  5.000  4.779  -2.450
3.440  5.000  4.765  -2.067
3.450  5.000  4.789  -1.881
3.460  5.000  4.805  -1.878
3.470  5.000  4.800  -1.867
3.480  5.000  4.853  -1.946
3.490  5.000  4.894  -1.949
3.500  5.000  4.925  -1.704
3.510  5.000  4.925  -1.259
3.520  5.000  4.842  -0.578
3.530  5.000  4.894  0.044
3.540  5.000  4.860  0.339
3.550  5.000  4.867  0.298
3.560  5.000  5.102  0.105
3.570  5.000  5.082  0.192
3.580  5.000  4.949  0.448
3.590  5.000  5.055  0.521
3.600  5.000  4.856  0.608
3.610  5.000  4.974  0.885
3.620  5.000  5.098  1.123
3.630  5.000  5.017  1.084
3.640  5.000  5.122  0.922
3.650  5.000  5.150  1.027
3.660  5.000  5.057  1.360
3.670  5.000  5.176  1.462
3.680  5.000  4.972  1.322
3.690  5.000  5.035  1.237
3.700  5.000  4.893  1.467
3.710  5.000  5.137  1.992
3.720  6.500  4.876  2.639
3.730  8.000  5.117  3.046
3.740  9.500  5.079  3.260
3.750  11.000  5.440  3.825
3.760  12.500  6.087  5.207
3.770  14.000  6.761  7.438
3.780  15.500  8.016  10.407
3.790  17.000  9.457  14.215
3.800  18.500  12.637  18.640
3.810  20.000  14.249  24.250
3.820  20.000  15.768  30.908
3.830  20.000  18.025  38.014
3.840  20.000  18.820  45.573
3.850  20.000  19.764  52.983
3.860  20.000  20.350  60.258
3.870  20.000  20.015  67.834
3.880  20.000  20.297  75.356
3.890  20.000  20.255  82.589
3.900  20.000  20.194  89.725
3.910  20.000  21.061  96.566
3.920  20.000  20.687  103.137
3.930  20.000  20.829  110.072
3.940  20.000  21.406  116.717
3.950  20.000  21.151  122.706
3.960  20.000  20.447  128.637
3.970  20.000  20.216  134.345
3.980  20.000  20.013  140.187
3.990  20.000  20.704  146.226
4.000  20.000  20.470  152.157
4.010  20.000  20.754  157.911
4.020  20.000  20.887  163.652
4.030  20.000  21.176  169.595
4.040  20.000  21.217  175.057
4.050  20.000  20.814  179.900
4.060  20.000  20.410  184.815
4.070  20.000  20.315  189.381
4.080  20.000  20.538  193.701
4.090  20.000  20.843  198.082
4.100  20.000  20.315  202.427
4.110  20.000  20.550  206.751
4.120  20.000  20.577  210.885
4.130  20.000  20.408  214.891
4.140  20.000  20.047  218.904
4.150  20.000  21.075  222.852
4.160  20.000  20.764  226.782
4.170  20.000  21.262  230.643
4.180  20.000  20.811  234.410
4.190  20.000  20.743  237.888
4.200  20.000  20.624  240.882
4.210  20.000  20.957  243.828
4.220  20.000  20.374  246.895
4.230  20.000  20.214  249.825
4.240  20.000  20.441  252.368
4.250  20.000  20.839  254.557
4.260  20.000  20.516  256.243
4.270  20.000  20.168  257.903
4.280  20.000  20.312  259.869
4.290  20.000  20.590  261.804
4.300  20.000  20.451  263.490
4.310  20.000  20.668  265.060
4.320  20.000  20.357  266.809
4.330  20.000  20.355  268.724
4.340  20.000  20.793  270.411
4.350  20.000  20.862  272.019
4.360  20.000  21.224  273.712
4.370  20.000  20.866  275.336
4.380  20.000  21.175  276.693
4.390  20.000  20.903  277.726
4.400  20.000  20.837  278.666
4.410  20.000  21.009  279.538
4.420  20.000  20.903  280.235
4.430  20.000  20.761  280.621
4.440  20.000  20.456  280.932
4.450  20.000  20.609  281.155
4.460  20.000  20.478  281.129
4.470  20.000  20.501  280.914
4.480  20.000  20.397  280.664
4.490  20.000  20.402  280.343
4.500  20.000  20.267  279.918
4.510  20.000  20.417  279.561
4.520  20.000  20.478  279.322
4.530  20.000  20.407  279.249
4.540  20.000  20.303  279.148
4.550  20.000  20.111  278.862
4.560  20.000  20.256  278.427
4.570  20.000  19.986  277.988
4.580  20.000  20.182  277.611
4.590  20.000  19.970  277.241
4.600  20.000  20.075  276.814
4.610  20.000  19.944  276.356
4.620  20.000  20.142  275.898
4.630  20.000  20.040  275.406
4.640  20.000  19.936  274.801
4.650  20.000  19.926  274.114
4.660  20.000  19.876  273.580
4.670  20.000  19.891  273.176
4.680  20.000  19.794  272.811
4.690  20.000  19.853  272.406
4.700  20.000  19.822  271.954
4.710  20.000  19.668  271.485
4.720  5.000  20.050  271.126
4.730  5.000  19.325  270.445
4.740  5.000  15.988  268.233
4.750  5.000  13.785  264.575
4.760  5.000  13.101  260.088
4.770  5.000  12.337  255.061
4.780  5.000  11.984  249.861
4.790  5.000  11.155  244.527
4.800  5.000  10.583  238.441
4.810  5.000  10.298  232.117
4.820  5.000  9.540  226.160
4.830  5.000  9.120  220.420
4.840  5.000  8.694  214.363
4.850  5.000  8.388  208.113
4.860  5.000  8.264  201.954
4.870  5.000  7.985  195.888
4.880  5.000  7.749  190.326
4.890  5.000  7.684  184.938
4.900  5.000  7.544  179.444
4.910  5.000  7.397  173.623
4.920  5.000  7.259  168.017
4.930  5.000  7.024  162.859
4.940  5.000  6.882  157.743
4.950  5.000  6.738  152.610
4.960  5.000  6.457  147.385
4.970  5.000  6.435  141.706
4.980  5.000  6.244  136.226
4.990  5.000  6.245  130.924
5.000  5.000  6.118  125.765
5.010  5.000  5.785  120.647
5.020  5.000  5.765  115.542
5.030  5.000  5.581  110.931
5.040  5.000  5.456  106.007
5.050  5.000  5.406  101.131
5.060  5.000  5.261  96.585
5.070  5.000  4.940  92.135
5.080  5.000  4.930  87.608
5.090  5.000  4.954  82.684
5.100  5.000  4.738  78.065
5.110  5.000  4.639  74.198
5.120  5.000  4.479  70.280
5.130  5.000  4.314  65.677
5.140  5.000  4.277  61.081
5.150  5.000  4.299  57.078
5.160  5.000  4.145  53.059
5.170  5.000  4.155  49.160
5.180  5.000  3.989  45.183
5.190  5.000  3.911  40.695
5.200  5.000  3.819  36.751
5.210  5.000  3.632  33.384
5.220  5.000  3.534  29.984
5.230  5.000  3.454  26.660
5.240  5.000  3.342  23.433
5.250  5.000  3.356  20.281
5.260  5.000  3.222  17.185
5.270  5.000  3.227  14.277
5.280  5.000  3.130  11.503
5.290  5.000  2.980  8.762
5.300  5.000  2.930  6.136
5.310  5.000  2.865  3.041
5.320  5.000  2.750  -0.167
5.330  5.000  2.870  -2.886
5.340  5.000  2.777  -5.289
5.350  5.000  2.791  -7.548
5.360  5.000  2.809  -9.836
5.370  5.000  2.798  -11.990
5.380  5.000  2.820  -14.065
5.390  5.000  2.664  -16.239
5.400  5.000  2.717  -18.401
5.410  5.000  2.694  -20.379
5.420  5.000  2.657  -22.134
5.430  5.000  2.657  -23.746
5.440  5.000  2.805  -25.354
5.450  5.000  2.859  -26.976
5.460  5.000  2.876  -28.466
5.470  5.000  2.885  -29.734
5.480  5.000  2.842  -30.793
5.490  5.000  2.845  -31.805
5.500  5.000  2.715  -32.764
5.510  5.000  2.796  -33.504
5.520  5.000  2.884  -34.196
5.530  5.000  3.010  -34.851
5.540  5.000  2.996  -34.970
5.550  5.000  3.054  -34.412
5.560  5.000  3.182  -33.608
5.570  5.000  3.296  -32.646
5.580  5.000  3.354  -31.634
5.590  5.000  3.438  -31.050
5.600  5.000  3.356  -30.636
5.610  5.000  3.564  -30.034
5.620  5.000  3.664  -29.011
5.630  5.000  3.715  -27.739
5.640  5.000  3.999  -26.386
5.650  5.000  4.217  -24.687
5.660  5.000  4.330  -22.693
5.670  5.000  4.452  -20.463
5.680  5.000  4.865  -18.410
5.690  5.000  4.916  -16.626
5.700  5.000  4.867  -14.722
5.710  5.000  5.068  -12.993
5.720  5.000  4.983  -11.764
5.730  5.000  5.172  -10.411
5.740  5.000  5.210  -8.727
5.750  5.000  5.125  -7.114
5.760  5.000  5.412  -5.658
5.770  5.000  5.418  -4.358
5.780  5.000  5.535  -3.172
5.790  5.000  5.354  -1.814
5.800  5.000  5.314  -0.374
5.810  5.000  5.482  0.771
5.820  5.000  5.420  1.751
5.830  5.000  5.509  2.498
5.840  5.000  5.410  3.067
5.850  5.000  5.491  3.732
5.860  5.000  5.470  4.401
5.870  5.000  5.478  4.932
5.880  5.000  5.450  5.289
5.890  5.000  5.442  5.768
5.900  5.000  5.369  6.281
5.910  5.000  5.551  6.413
5.920  5.000  5.534  6.253
5.930  5.000  5.504  6.189
5.940  5.000  5.472  6.201
5.950  5.000  5.479  6.136
5.960  5.000  5.553  6.254
5.970  5.000  5.533  6.440
5.980  5.000  5.411  6.649
5.990  5.000  5.586  6.879
6.000  5.000  5.519  7.020
6.010  5.000  5.563  7.082
6.020  5.000  5.507  6.906
6.030  5.000  5.570  6.653
6.040  5.000  5.449  6.644
6.050  5.000  5.472  6.660
6.060  5.000  5.386  6.682
6.070  5.000  5.479  6.677
6.080  5.000  5.521  6.425
6.090  5.000  5.332  6.023
6.100  5.000  5.386  5.558
6.110  5.000  5.488  5.067
6.120  5.000  5.256  4.674
6.130  5.000  5.334  4.266
6.140  5.000  5.168  3.585
6.150  5.000  5.167  2.870
6.160  5.000  5.135  2.130
6.170  5.000  5.153  1.153
6.180  5.000  5.147  0.120
6.190  5.000  4.947  -0.761
6.200  5.000  4.964  -1.396
6.210  5.000  5.001  -1.966
6.220  5.000  4.977  -2.667
6.230  5.000  4.809  -3.178
6.240  5.000  4.910  -3.714
6.250  5.000  4.861  -4.621
6.260  5.000  4.769  -5.405
6.270  5.000  4.704  -5.787
6.280  5.000  4.735  -6.038
6.290  5.000  4.853  -6.401
6.300  5.000  4.785  -6.812
6.310  5.000  4.710  -7.001
6.320  5.000  4.747  -7.044
6.330  5.000  4.712  -7.111
6.340  5.000  4.784  -7.099
6.350  5.000  4.794  -7.080
6.360  5.000  4.778  -7.120
6.370  5.000  4.720  -7.295
6.380  5.000  4.678  -7.401
6.390  5.000  4.787  -7.469
6.400  5.000  4.725  -7.556
6.410  5.000  4.870  -7.682
6.420  5.000  4.850  -7.853
6.430  5.000  4.787  -7.815
6.440  5.000  4.744  -7.646
6.450  5.000  4.586  -7.420
6.460  5.000  4.938  -7.378
6.470  5.000  4.865  -7.513
6.480  5.000  4.900  -7.668
6.490  5.000  4.820  -7.843
6.500  5.000  5.001  -7.868
6.510  5.000  4.965  -7.721
6.520  5.000  4.905  -7.609
6.530  5.000  5.009  -7.505
6.540  5.000  4.968  -7.369
6.550  5.000  4.885  -7.229
6.560  5.000  4.963  -6.999
6.570  5.000  4.983  -6.637
6.580  5.000  5.104  -6.359
6.590  5.000  4.966  -6.260
6.600  5.000  5.123  -6.231
6.610  5.000  5.036  -6.120
6.620  5.000  5.045  -5.829
6.630  5.000  4.871  -5.391
6.640  5.000  5.022  -4.981
6.650  5.000  5.046  -4.775
6.660  5.000  5.019  -4.747
6.670  5.000  5.081  -4.832
6.680  5.000  5.136  -4.908
6.690  5.000  5.030  -4.744
6.700  5.000  5.070  -4.501
6.710  5.000  5.029  -4.256
6.720  5.000  5.098  -4.110
6.730  6.500  4.985  -4.184
6.740  8.000  5.052  -4.091
6.750  9.500  5.021  -3.978
6.760  11.000  5.242  -3.793
6.770  12.500  5.809  -2.611
6.780  14.000  6.799  -0.377
6.790  15.500  7.923  2.801
6.800  17.000  9.231  6.993
6.810  18.500  12.242  11.882
6.820  20.000  13.969  17.871
6.830  20.000  16.131  25.067
6.840  20.000  18.582  32.528
6.850  20.000  18.837  39.850
6.860  20.000  19.576  47.211
6.870  20.000  19.740  55.084
6.880  20.000  20.221  62.656
6.890  20.000  20.365  69.793
6.900  20.000  20.701  76.952
6.910  20.000  19.977  83.792
6.920  20.000  19.687  90.711
6.930  20.000  20.483  97.748
6.940  20.000  20.993  104.877
6.950  20.000  20.943  111.756
6.960  20.000  21.546  118.460
6.970  20.000  21.335  125.081
6.980  20.000  20.582  131.304
6.990  20.000  19.997  137.564
7.000  20.000  21.133  143.687
7.010  20.000  20.765  149.554
7.020  20.000  20.886  155.385
7.030  20.000  21.406  160.971
7.040  20.000  21.259  166.306
7.050  20.000  20.427  171.340
7.060  20.000  20.584  176.017
7.070  20.000  20.601  180.370
7.080  20.000  20.253  184.910
7.090  20.000  20.472  189.731
7.100  20.000  20.744  194.391
7.110  20.000  20.327  198.939
7.120  20.000  20.785  203.258
7.130  20.000  20.523  207.413
7.140  20.000  20.649  211.683
7.150  20.000  21.023  215.750
7.160  20.000  20.974  219.716
7.170  20.000  20.590  223.813
7.180  20.000  20.468  228.179
7.190  20.000  20.672  232.421
7.200  20.000  20.770  236.065
7.210  20.000  20.900  239.300
7.220  20.000  20.746  242.086
7.230  20.000  20.231  244.588
7.240  20.000  20.289  247.224
7.250  20.000  20.451  249.706
7.260  20.000  20.468  251.787
7.270  20.000  20.479  253.776
7.280  20.000  20.303  255.778
7.290  20.000  20.334  257.623
7.300  20.000  20.613  259.386
7.310  20.000  20.581  261.167
7.320  20.000  20.600  262.896
7.330  20.000  20.696  264.700
7.340  20.000  20.536  266.601
7.350  20.000  20.872  268.349
7.360  20.000  20.829  270.070
7.370  20.000  21.111  271.809
7.380  20.000  20.980  273.396
7.390  20.000  20.660  274.943
7.400  20.000  20.480  276.254
7.410  20.000  21.185  277.173
7.420  20.000  20.930  277.837
7.430  20.000  20.720  278.317
7.440  20.000  20.586  278.620
7.450  20.000  20.694  278.885
7.460  20.000  20.647  279.097
7.470  20.000  20.573  279.124
7.480  20.000  20.851  278.962
7.490  20.000  20.438  278.699
7.500  20.000  20.593  278.405
7.510  20.000  20.363  278.175
7.520  20.000  20.382  277.944
7.530  20.000  20.516  277.445
7.540  20.000  20.270  276.859
7.550  20.000  20.113  276.492
7.560  20.000  20.207  276.245
7.570  20.000  20.032  275.863
7.580  20.000  20.225  275.362
7.590  20.000  20.134  274.794
7.600  20.000  20.221  274.228
7.610  20.000  19.727  273.846
7.620  20.000  20.026  273.638
7.630  20.000  19.914  273.425
7.640  20.000  19.995  273.117
7.650  20.000  19.926  272.751
7.660  20.000  19.994  272.388
7.670  20.000  19.807  271.991
7.680  20.000  19.881  271.484
7.690  20.000  19.785  270.941
7.700  20.000  19.802  270.491
7.710  20.000  19.840  270.019
7.720  20.000  19.485  269.600
7.730  5.000  20.011  269.252
7.740  5.000  19.210  268.744
7.750  5.000  16.168  266.849
7.760  5.000  13.811  263.220
7.770  5.000  13.187  258.857
7.780  5.000  12.429  253.788
7.790  5.000  12.067  248.316
7.800  5.000  11.144  242.699
7.810  5.000  10.424  236.568
7.820  5.000  10.074  230.425
7.830  5.000  9.544  224.190
7.840  5.000  9.189  218.120
7.850  5.000  8.781  212.239
7.860  5.000  8.426  206.354
7.870  5.000  7.993  200.806
7.880  5.000  7.696  195.357
7.890  5.000  7.728  189.399
7.900  5.000  7.596  182.801
7.910  5.000  7.411  177.203
7.920  5.000  7.335  172.380
7.930  5.000  7.102  166.635
7.940  5.000  6.774  160.147
7.950  5.000  6.715  154.387
7.960  5.000  6.415  149.764
7.970  5.000  6.243  145.498
7.980  5.000  6.217  140.489
7.990  5.000  6.104  134.741
8.000  5.000  5.760  129.804
8.010  5.000  5.683  124.667
8.020  5.000  5.646  119.115
8.030  5.000  5.625  114.224
8.040  5.000  5.459  109.041
8.050  5.000  5.538  104.212
8.060  5.000  5.199  100.115
8.070  5.000  4.911  95.587
8.080  5.000  4.820  91.348
8.090  5.000  4.807  87.524
8.100  5.000  4.629  82.926
8.110  5.000  4.468  78.637
8.120  5.000  4.551  75.017
8.130  5.000  4.074  71.409
8.140  5.000  4.389  67.770
8.150  5.000  4.113  64.072
8.160  5.000  4.135  60.448
8.170  5.000  3.982  56.801
8.180  5.000  3.945  53.299
8.190  5.000  3.792  49.469
8.200  5.000  3.904  45.670
8.210  5.000  3.641  42.069
8.220  5.000  3.718  38.228
8.230  5.000  3.422  34.325
8.240  5.000  3.433  30.771
8.250  5.000  3.390  27.193
8.260  5.000  3.421  23.455
8.270  5.000  3.441  20.284
8.280  5.000  3.401  17.139
8.290  5.000  3.186  13.666
8.300  5.000  3.120  9.893
8.310  5.000  2.996  6.130
8.320  5.000  2.971  3.122
8.330  5.000  2.930  0.747
8.340  5.000  2.964  -1.591
8.350  5.000  2.929  -3.936
8.360  5.000  2.937  -6.201
8.370  5.000  2.969  -8.248
8.380  5.000  2.904  -10.283
8.390  5.000  2.858  -12.428
8.400  5.000  2.819  -14.569
8.410  5.000  2.762  -16.653
8.420  5.000  2.720  -18.603
8.430  5.000  2.746  -20.246
8.440  5.000  2.896  -21.718
8.450  5.000  2.867  -23.116
8.460  5.000  2.944  -24.489
8.470  5.000  2.907  -25.807
8.480  5.000  2.939  -26.869
8.490  5.000  2.920  -27.995
8.500  5.000  2.914  -29.171
8.510  5.000  2.918  -30.355
8.520  5.000  2.954  -31.622
8.530  5.000  2.954  -32.603
8.540  5.000  3.111  -33.242
8.550  5.000  3.149  -33.494
8.560  5.000  3.219  -33.524
8.570  5.000  3.218  -33.198
8.580  5.000  3.396  -32.354
8.590  5.000  3.354  -31.329
8.600  5.000  3.463  -30.273
8.610  5.000  3.495  -29.214
8.620  5.000  3.417  -27.997
8.630  5.000  3.546  -26.649
8.640  5.000  3.633  -25.385
8.650  5.000  3.814  -24.159
8.660  5.000  4.207  -22.695
8.670  5.000  4.238  -20.852
8.680  5.000  4.468  -18.874
8.690  5.000  4.643  -17.065
8.700  5.000  4.857  -15.327
8.710  5.000  4.922  -13.594
8.720  5.000  4.774  -11.741
8.730  5.000  5.073  -9.761
8.740  5.000  5.207  -7.948
8.750  5.000  5.127  -6.387
8.760  5.000  5.072  -4.870
8.770  5.000  5.350  -3.330
8.780  5.000  5.231  -1.908
8.790  5.000  5.134  -0.409
8.800  5.000  5.379  1.201
8.810  5.000  5.269  2.876
8.820  5.000  5.489  4.586
8.830  5.000  5.358  5.995
8.840  5.000  5.633  6.943
8.850  5.000  5.552  7.499
8.860  5.000  5.500  7.775
8.870  5.000  5.662  8.042
8.880  5.000  5.463  8.716
8.890  5.000  5.471  9.505
8.900  5.000  5.478  9.919
8.910  5.000  5.410  10.260
8.920  5.000  5.504  10.515
8.930  5.000  5.407  10.823
8.940  5.000  5.399  11.161
8.950  5.000  5.504  11.270
8.960  5.000  5.529  11.423
8.970  5.000  5.545  11.473
8.980  5.000  5.528  11.297
8.990  5.000  5.573  11.255
9.000  5.000  5.676  11.305
9.010  5.000  5.534  11.270
9.020  5.000  5.542  11.224
9.030  5.000  5.430  11.119
9.040  5.000  5.537  10.987
9.050  5.000  5.569  10.888
9.060  5.000  5.328  11.041
9.070  5.000  5.542  11.106
9.080  5.000  5.400  10.780
9.090  5.000  5.496  10.524
9.100  5.000  5.497  10.418
9.110  5.000  5.356  10.221
9.120  5.000  5.318  9.838
9.130  5.000  5.328  9.155
9.140  5.000  5.305  8.342
9.150  5.000  5.333  7.552
9.160  5.000  5.146  6.702
9.170  5.000  5.174  6.079
9.180  5.000  5.126  5.566
9.190  5.000  5.035  4.886
9.200  5.000  4.903  4.120
9.210  5.000  4.973  3.482
9.220  5.000  4.971  3.113
9.230  5.000  4.789  2.797
9.240  5.000  4.796  2.337
9.250  5.000  4.679  1.722
9.260  5.000  4.950  1.082
9.270  5.000  4.841  0.345
9.280  5.000  4.839  -0.445
9.290  5.000  4.886  -0.895
9.300  5.000  4.840  -0.852
9.310  5.000  4.728  -0.837
9.320  5.000  4.809  -1.373
9.330  5.000  4.807  -2.102
9.340  5.000  4.732  -2.534
9.350  5.000  4.724  -2.770
9.360  5.000  4.744  -2.944
9.370  5.000  4.606  -3.001
9.380  5.000  4.785  -2.874
9.390  5.000  4.787  -2.728
9.400  5.000  4.731  -2.730
9.410  5.000  4.759  -2.621
9.420  5.000  4.747  -2.352
9.430  5.000  4.768  -2.029
9.440  5.000  4.715  -1.952
9.450  5.000  4.780  -2.197
9.460  5.000  4.767  -2.388
9.470  5.000  4.883  -2.323
9.480  5.000  4.962  -2.156
9.490  5.000  5.000  -2.103
9.500  5.000  4.951  -1.977
9.510  5.000  4.891  -1.720
9.520  5.000  4.893  -1.464
9.530  5.000  4.991  -1.281
9.540  5.000  4.902  -0.997
9.550  5.000  4.890  -0.621
9.560  5.000  4.927  -0.419
9.570  5.000  4.985  -0.203
9.580  5.000  4.952  -0.070
9.590  5.000  4.988  0.046
9.600  5.000  5.012  0.524
9.610  5.000  4.941  1.322
9.620  5.000  4.893  1.956
9.630  5.000  5.042  1.973
9.640  5.000  4.943  1.839
9.650  5.000  5.013  1.809
9.660  5.000  5.035  1.888
9.670  5.000  4.955  2.209
9.680  5.000  5.149  2.354
9.690  5.000  5.092  2.388
9.700  5.000  5.058  2.725
9.710  5.000  5.073  2.981
9.720  5.000  5.080  2.947
9.730  5.000  5.106  2.854
9.740  6.500  5.181  2.739
9.750  8.000  5.039  2.707
9.760  9.500  5.016  2.821
9.770  11.000  5.253  3.289
9.780  12.500  5.936  4.615
9.790  14.000  6.892  6.784
9.800  15.500  7.899  9.786
9.810  17.000  9.395  13.589
9.820  18.500  12.199  18.452
9.830  20.000  13.921  24.548
9.840  20.000  16.020  31.520
9.850  20.000  18.249  39.065
9.860  20.000  18.753  46.675
9.870  20.000  19.196  54.180
9.880  20.000  20.353  61.611
9.890  20.000  20.869  69.015
9.900  20.000  20.680  76.340
9.910  20.000  20.029  83.635
9.920  20.000  20.131  91.200
9.930  20.000  20.443  98.774
9.940  20.000  20.594  105.581
9.950  20.000  20.729  111.887
9.960  20.000  21.420  118.141
9.970  20.000  21.237  124.711
9.980  20.000  21.141  131.413
9.990  20.000  20.774  137.355
10.000  20.000  20.130  142.952
10.010  20.000  20.700  148.526
10.020  20.000  21.155  153.825
10.030  20.000  20.921  159.148
10.040  20.000  20.925  164.404
10.050  20.000  20.553  169.564
10.060  20.000  20.158  174.917
10.070  20.000  20.658  180.210
10.080  20.000  20.960  185.535
10.090  20.000  20.387  190.814
10.100  20.000  20.633  195.407
10.110  20.000  20.446  199.586
10.120  20.000  20.720  203.809
10.130  20.000  20.261  208.218
10.140  20.000  20.546  212.751
10.150  20.000  20.579  217.095
10.160  20.000  20.752  220.979
10.170  20.000  20.985  224.787
10.180  20.000  20.756  228.657
10.190  20.000  20.821  232.233
10.200  20.000  20.775  235.633
10.210  20.000  20.570  238.857
10.220  20.000  20.831  241.809
10.230  20.000  20.513  244.550
10.240  20.000  20.197  247.160
10.250  20.000  20.256  249.757
10.260  20.000  20.375  252.339
10.270  20.000  20.849  254.673
10.280  20.000  20.483  256.891
10.290  20.000  20.365  258.908
10.300  20.000  20.004  260.797
10.310  20.000  20.611  262.737
10.320  20.000  20.371  264.682
10.330  20.000  20.521  266.631
10.340  20.000  20.707  268.393
10.350  20.000  20.631  270.123
10.360  20.000  20.602  271.889
10.370  20.000  20.823  273.593
10.380  20.000  20.940  275.263
10.390  20.000  20.817  276.715
10.400  20.000  21.011  278.155
10.410  20.000  21.064  279.600
10.420  20.000  21.071  280.636
10.430  20.000  20.893  281.410
10.440  20.000  20.634  282.042
10.450  20.000  20.893  282.555
10.460  20.000  20.551  283.079
10.470  20.000  20.947  283.293
10.480  20.000  20.369  283.094
10.490  20.000  20.657  282.840
10.500  20.000  20.429  282.753
10.510  20.000  20.563  282.581
10.520  20.000  20.491  282.236
10.530  20.000  20.203  281.953
10.540  20.000  20.381  281.543
10.550  20.000  20.227  280.956
10.560  20.000  20.305  280.369
10.570  20.000  20.360  279.747
10.580  20.000  20.084  279.226
10.590  20.000  20.075  278.826
10.600  20.000  20.120  278.481
10.610  20.000  20.016  278.119
10.620  20.000  19.821  277.790
10.630  20.000  19.933  277.604
10.640  20.000  20.049  277.311
10.650  20.000  20.150  276.816
10.660  20.000  19.884  276.334
10.670  20.000  20.063  275.961
10.680  20.000  19.714  275.600
10.690  20.000  19.781  275.156
10.700  20.000  19.872  274.746
10.710  20.000  20.096  274.275
10.720  20.000  19.935  273.737
10.730  20.000  20.027  273.185
10.740  5.000  19.387  272.766
10.750  5.000  18.884  272.298
10.760  5.000  15.959  270.500
10.770  5.000  13.792  267.036
10.780  5.000  13.369  262.462
10.790  5.000  12.402  257.324
10.800  5.000  12.078  252.139
10.810  5.000  11.283  246.848
10.820  5.000  10.428  241.383
10.830  5.000  10.237  235.252
10.840  5.000  9.512  228.506
10.850  5.000  9.309  221.675
10.860  5.000  8.772  215.243
10.870  5.000  8.527  209.284
10.880  5.000  8.288  202.970
10.890  5.000  8.076  196.380
10.900  5.000  7.957  189.865
10.910  5.000  7.727  183.858
10.920  5.000  7.540  178.375
10.930  5.000  7.382  172.607
10.940  5.000  7.195  166.866
10.950  5.000  7.091  161.608
10.960  5.000  6.874  156.048
10.970  5.000  6.729  150.567
10.980  5.000  6.563  145.542
10.990  5.000  6.429  140.678
11.000  5.000  6.303  135.480
11.010  5.000  6.102  130.261
11.020  5.000  5.980  125.459
11.030  5.000  5.897  120.588
11.040  5.000  5.608  115.249
11.050  5.000  5.565  110.033
11.060  5.000  5.401  105.458
11.070  5.000  5.276  101.100
11.080  5.000  5.159  96.706
11.090  5.000  5.102  92.172
11.100  5.000  4.977  87.447
11.110  5.000  4.843  82.900
11.120  5.000  4.718  78.775
11.130  5.000  4.562  74.819
11.140  5.000  4.537  70.852
11.150  5.000  4.405  66.757
11.160  5.000  4.240  62.798
11.170  5.000  4.104  59.082
11.180  5.000  3.882  55.575
11.190  5.000  4.034  52.249
11.200  5.000  3.731  49.030
11.210  5.000  3.514  45.187
11.220  5.000  3.735  41.409
11.230  5.000  3.462  38.542
11.240  5.000  3.283  35.020
11.250  5.000  3.280  31.211
11.260  5.000  3.299  28.140
11.270  5.000  3.346  25.227
11.280  5.000  3.238  21.784
11.290  5.000  3.177  17.983
11.300  5.000  3.166  14.805
11.310  5.000  3.020  11.916
11.320  5.000  2.980  9.161
11.330  5.000  2.977  6.510
11.340  5.000  2.848  3.879
11.350  5.000  2.970  1.385
11.360  5.000  2.920  -1.129
11.370  5.000  2.923  -3.518
11.380  5.000  2.849  -5.678
11.390  5.000  2.881  -7.721
11.400  5.000  2.809  -9.786
11.410  5.000  2.742  -11.843
11.420  5.000  2.716  -13.729
11.430  5.000  2.700  -15.474
11.440  5.000  2.751  -17.177
11.450  5.000  2.815  -18.815
11.460  5.000  2.818  -20.346
11.470  5.000  2.897  -21.658
11.480  5.000  2.890  -22.856
11.490  5.000  2.872  -24.315
11.500  5.000  2.864  -25.740
11.510  5.000  2.832  -26.756
11.520  5.000  2.962  -27.783
11.530  5.000  2.896  -28.850
11.540  5.000  2.907  -29.584
11.550  5.000  3.045  -29.897
11.560  5.000  3.091  -29.821
11.570  5.000  3.006  -29.373
11.580  5.000  3.290  -28.685
11.590  5.000  3.413  -27.823
11.600  5.000  3.365  -26.900
11.610  5.000  3.377  -26.091
11.620  5.000  3.451  -25.204
11.630  5.000  3.534  -23.998
11.640  5.000  3.651  -22.647
11.650  5.000  3.768  -21.270
11.660  5.000  4.027  -19.723
11.670  5.000  4.203  -18.026
11.680  5.000  4.421  -16.370
11.690  5.000  4.758  -14.825
11.700  5.000  4.926  -13.218
11.710  5.000  4.760  -11.515
11.720  5.000  4.999  -9.818
11.730  5.000  5.053  -8.251
11.740  5.000  5.103  -6.659
11.750  5.000  5.013  -4.812
11.760  5.000  5.205  -2.991
11.770  5.000  5.092  -1.306
11.780  5.000  5.446  0.001
11.790  5.000  5.307  1.115
11.800  5.000  5.423  2.308
11.810  5.000  5.305  3.262
11.820  5.000  5.317  4.118
11.830  5.000  5.348  4.999
11.840  5.000  5.429  5.889
11.850  5.000  5.583  6.548
11.860  5.000  5.463  7.097
11.870  5.000  5.521  7.643
11.880  5.000  5.488  7.978
11.890  5.000  5.529  8.373
11.900  5.000  5.451  8.876
11.910  5.000  5.475  9.243
11.920  5.000  5.466  9.491
11.930  5.000  5.532  9.602
11.940  5.000  5.497  9.603
11.950  5.000  5.468  9.707
11.960  5.000  5.410  9.959
11.970  5.000  5.567  10.220
11.980  5.000  5.519  10.276
11.990  5.000  5.478  10.351
12.000  5.000  5.553  10.539
12.010  5.000  5.561  10.620
12.020  5.000  5.490  10.748
12.030  5.000  5.446  11.094
12.040  5.000  5.415  11.588
12.050  5.000  5.448  11.953
12.060  5.000  5.511  12.188
12.070  5.000  5.547  12.339
12.080  5.000  5.487  12.440
12.090  5.000  5.412  12.507
12.100  5.000  5.409  12.412
12.110  5.000  5.430  12.175
12.120  5.000  5.435  11.857
12.130  5.000  5.327  11.328
12.140  5.000  5.240  10.587
12.150  5.000  5.343  9.666
12.160  5.000  5.188  8.575
12.170  5.000  5.213  7.774
12.180  5.000  5.063  7.405
12.190  5.000  5.084  6.888
12.200  5.000  5.021  6.039
12.210  5.000  4.936  5.443
12.220  5.000  4.921  5.079
12.230  5.000  4.848  4.398
12.240  5.000  4.878  3.522
12.250  5.000  4.946  2.840
12.260  5.000  4.703  2.605
12.270  5.000  4.839  2.489
12.280  5.000  4.896  2.282
12.290  5.000  4.722  2.209
12.300  5.000  4.708  2.222
12.310  5.000  4.766  2.096
12.320  5.000  4.789  1.737
12.330  5.000  4.836  1.160
12.340  5.000  4.715  0.628
12.350  5.000  4.807  0.410
12.360  5.000  4.740  0.429
12.370  5.000  4.810  0.495
12.380  5.000  4.743  0.394
12.390  5.000  4.820  0.282
12.400  5.000  4.948  0.258
12.410  5.000  4.875  0.103
12.420  5.000  4.943  -0.112
12.430  5.000  4.836  -0.243
12.440  5.000  5.043  -0.569
12.450  5.000  4.897  -0.963
12.460  5.000  4.875  -1.141
12.470  5.000  4.717  -1.248
12.480  5.000  4.798  -1.181
12.490  5.000  4.836  -1.139
12.500  5.000  4.897  -1.166
12.510  5.000  4.886  -0.981
12.520  5.000  4.905  -0.557
12.530  5.000  4.884  -0.313
12.540  5.000  5.012  -0.421
12.550  5.000  4.958  -0.360
12.560  5.000  4.991  -0.075
12.570  5.000  4.994  0.210
12.580  5.000  4.853  0.585
12.590  5.000  5.016  0.953
12.600  5.000  5.036  1.102
12.610  5.000  4.883  1.111
12.620  5.000  4.979  1.082
12.630  5.000  4.983  1.074
12.640  5.000  5.071  1.071
12.650  5.000  5.101  1.109
12.660  5.000  5.112  1.131
12.670  5.000  4.945  1.262
12.680  5.000  4.933  1.387
12.690  5.000  4.940  1.552
12.700  5.000  5.066  1.765
12.710  5.000  5.104  1.782
12.720  5.000  4.893  1.862
12.730  5.000  5.083  1.954
12.740  5.000  5.011  1.980
12.750  6.500  5.124  1.874
12.760  8.000  5.031  1.717
12.770  9.500  5.073  1.706
12.780  11.000  5.145  2.099
12.790  12.500  6.075  3.482
12.800  14.000  6.818  5.658
12.810  15.500  7.697  8.450
12.820  17.000  9.182  12.052
12.830  18.500  12.168  16.779
12.840  20.000  14.234  23.071
12.850  20.000  16.324  30.176
12.860  20.000  18.190  37.252
12.870  20.000  18.956  44.445
12.880  20.000  19.032  52.152
12.890  20.000  19.843  59.920
12.900  20.000  20.705  67.720
12.910  20.000  20.424  75.578
12.920  20.000  20.466  82.662
12.930  20.000  20.879  89.201
12.940  20.000  19.941  96.028
12.950  20.000  20.845  103.095
12.960  20.000  20.775  109.945
12.970  20.000  20.628  116.787
12.980  20.000  20.833  123.489
12.990  20.000  21.667  129.775
13.000  20.000  20.724  136.044
13.010  20.000  20.281  142.357
13.020  20.000  20.500  148.486
13.030  20.000  20.736  154.387
13.040  20.000  20.698  160.126
13.050  20.000  21.289  165.566
13.060  20.000  21.357  170.498
13.070  20.000  20.228  175.437
13.080  20.000  20.468  180.417
13.090  20.000  20.585  184.988
13.100  20.000  20.501  189.371
13.110  20.000  20.536  193.629
13.120  20.000  20.367  198.085
13.130  20.000  20.539  202.500
13.140  20.000  20.502  206.511
13.150  20.000  20.798  210.590
13.160  20.000  20.678  214.658
13.170  20.000  20.835  218.529
13.180  20.000  20.381  222.389
13.190  20.000  21.040  226.018
13.200  20.000  20.947  229.522
13.210  20.000  20.777  233.196
13.220  20.000  20.578  236.706
13.230  20.000  20.677  239.787
13.240  20.000  20.767  242.488
13.250  20.000  20.559  245.044
13.260  20.000  20.370  247.351
13.270  20.000  20.232  249.549
13.280  20.000  20.310  251.786
13.290  20.000  20.576  254.027
13.300  20.000  20.294  256.166
13.310  20.000  20.363  258.033
13.320  20.000  20.534  259.748
13.330  20.000  20.418  261.531
13.340  20.000  20.269  263.372
13.350  20.000  20.174  265.392
13.360  20.000  20.553  267.366
13.370  20.000  20.552  268.992
13.380  20.000  20.562  270.470
13.390  20.000  20.894  271.870
13.400  20.000  20.982  273.339
13.410  20.000  21.147  274.848
13.420  20.000  21.170  276.304
13.430  20.000  20.926  277.639
13.440  20.000  20.929  278.613
13.450  20.000  20.815  279.389
13.460  20.000  20.582  280.058
13.470  20.000  21.029  280.503
13.480  20.000  20.573  280.868
13.490  20.000  20.564  281.003
13.500  20.000  20.714  281.051
13.510  20.000  20.341  281.207
13.520  20.000  20.601  281.235
13.530  20.000  20.345  281.027
13.540  20.000  20.445  280.574
13.550  20.000  20.245  280.070
13.560  20.000  20.314  279.566
13.570  20.000  20.329  278.994
13.580  20.000  20.078  278.403
13.590  20.000  20.164  277.800
13.600  20.000  20.207  277.189
13.610  20.000  20.313  276.505
13.620  20.000  19.868  275.829
13.630  20.000  20.153  275.317
13.640  20.000  20.030  274.929
13.650  20.000  20.068  274.612
13.660  20.000  20.206  274.158
13.670  20.000  20.161  273.469
13.680  20.000  20.004  272.756
13.690  20.000  19.868  272.226
13.700  20.000  19.857  271.930
13.710  20.000  19.867  271.766
13.720  20.000  19.694  271.502
13.730  20.000  19.715  271.132
13.740  20.000  19.955  270.807
13.750  5.000  19.560  270.647
13.760  5.000  19.001  270.296
13.770  5.000  16.017  268.709
13.780  5.000  13.980  265.631
13.790  5.000  13.198  261.092
13.800  5.000  12.344  255.575
13.810  5.000  12.185  250.061
13.820  5.000  11.197  244.509
13.830  5.000  10.629  238.350
13.840  5.000  10.093  231.612
13.850  5.000  9.449  225.320
13.860  5.000  8.878  219.868
13.870  5.000  8.469  213.981
13.880  5.000  8.271  207.877
13.890  5.000  7.952  201.690
13.900  5.000  7.650  195.061
13.910  5.000  7.588  189.503
13.920  5.000  7.368  184.480
13.930  5.000  7.419  179.376
13.940  5.000  7.237  173.659
13.950  5.000  7.250  167.604
13.960  5.000  7.009  162.689
13.970  5.000  6.952  158.159
13.980  5.000  6.592  153.283
13.990  5.000  6.595  147.593
14.000  5.000  6.330  141.948
14.010  5.000  6.301  136.425
14.020  5.000  6.119  131.165
14.030  5.000  6.057  126.580
14.040  5.000  5.966  121.788
14.050  5.000  5.805  117.129
14.060  5.000  5.646  112.238
14.070  5.000  5.516  106.895
14.080  5.000  5.338  101.495
14.090  5.000  5.239  96.056
14.100  5.000  5.186  90.608
14.110  5.000  5.032  85.315
14.120  5.000  4.926  80.688
14.130  5.000  4.785  76.622
14.140  5.000  4.662  72.569
14.150  5.000  4.563  67.968
14.160  5.000  4.507  63.401
14.170  5.000  4.342  59.613
14.180  5.000  4.204  55.991
14.190  5.000  4.174  52.245
14.200  5.000  4.120  48.563
14.210  5.000  3.969  44.612
14.220  5.000  3.908  40.694
14.230  5.000  3.808  36.782
14.240  5.000  3.702  32.664
14.250  5.000  3.572  28.921
14.260  5.000  3.515  25.518
14.270  5.000  3.453  22.171
14.280  5.000  3.319  18.817
14.290  5.000  3.399  15.721
14.300  5.000  3.368  12.680
14.310  5.000  3.290  9.310
14.320  5.000  3.295  5.923
14.330  5.000  3.153  3.027
14.340  5.000  2.974  0.163
14.350  5.000  2.942  -2.665
14.360  5.000  2.874  -5.086
14.370  5.000  2.858  -7.368
14.380  5.000  2.760  -9.668
14.390  5.000  2.804  -11.844
14.400  5.000  2.790  -13.947
14.410  5.000  2.682  -15.897
14.420  5.000  2.739  -17.689
14.430  5.000  2.605  -19.656
14.440  5.000  2.565  -21.677
14.450  5.000  2.571  -23.692
14.460  5.000  2.640  -25.687
14.470  5.000  2.638  -27.555
14.480  5.000  2.703  -29.255
14.490  5.000  2.805  -30.718
14.500  5.000  2.780  -31.922
14.510  5.000  2.770  -33.034
14.520  5.000  2.711  -34.149
14.530  5.000  2.691  -35.336
14.540  5.000  2.680  -36.477
14.550  5.000  2.772  -37.235
14.560  5.000  2.898  -37.681
14.570  5.000  2.953  -37.693
14.580  5.000  3.040  -37.089
14.590  5.000  3.111  -36.375
14.600  5.000  3.151  -35.558
14.610  5.000  3.237  -34.509
14.620  5.000  3.442  -33.693
14.630  5.000  3.449  -32.898
14.640  5.000  3.400  -32.029
14.650  5.000  3.698  -31.196
14.660  5.000  3.817  -30.283
14.670  5.000  3.824  -29.316
14.680  5.000  4.132  -28.223
14.690  5.000  4.419  -26.800
14.700  5.000  4.509  -25.165
14.710  5.000  4.683  -23.460
14.720  5.000  4.687  -21.444
14.730  5.000  4.926  -19.570
14.740  5.000  5.058  -18.040
14.750  5.000  5.062  -16.314
14.760  5.000  5.102  -14.417
14.770  5.000  5.329  -12.795
14.780  5.000  5.236  -11.189
14.790  5.000  5.210  -9.374
14.800  5.000  5.259  -7.711
14.810  5.000  5.301  -6.181
14.820  5.000  5.475  -4.685
14.830  5.000  5.490  -3.369
14.840  5.000  5.337  -2.210
14.850  5.000  5.417  -0.941
14.860  5.000  5.534  0.219
14.870  5.000  5.514  1.011
14.880  5.000  5.316  1.726
14.890  5.000  5.398  2.308
14.900  5.000  5.477  2.700
14.910  5.000  5.485  3.359
14.920  5.000  5.471  3.936
14.930  5.000  5.645  3.961
14.940  5.000  5.490  4.020
14.950  5.000  5.609  4.223
14.960  5.000  5.588  4.061
14.970  5.000  5.592  3.803
14.980  5.000  5.610  3.719
14.990  5.000  5.423  3.764
15.000  5.000  5.470  4.025
15.010  5.000  5.474  4.277
15.020  5.000  5.624  4.423
15.030  5.000  5.624  4.481
15.040  5.000  5.636  4.291
15.050  5.000  5.599  4.050
15.060  5.000  5.517  3.996
15.070  5.000  5.574  4.042
15.080  5.000  5.560  3.959
15.090  5.000  5.484  3.684
15.100  5.000  5.511  3.469
15.110  5.000  5.431  3.328
15.120  5.000  5.299  3.201
15.130  5.000  5.357  3.009
15.140  5.000  5.225  2.634
15.150  5.000  5.320  2.183
15.160  5.000  5.268  1.567
15.170  5.000  5.223  0.790
15.180  5.000  5.184  -0.010
15.190  5.000  5.077  -0.636
15.200  5.000  4.952  -1.078
15.210  5.000  4.900  -1.617
15.220  5.000  4.938  -2.177
15.230  5.000  5.013  -2.707
15.240  5.000  4.922  -3.184
15.250  5.000  4.872  -3.620
15.260  5.000  4.857  -4.051
15.270  5.000  4.882  -4.600
15.280  5.000  4.853  -5.309
15.290  5.000  4.838  -6.001
15.300  5.000  4.772  -6.669
15.310  5.000  4.681  -7.362
15.320  5.000  4.843  -8.221
15.330  5.000  4.774  -9.032
15.340  5.000  4.665  -9.396
15.350  5.000  4.775  -9.322
15.360  5.000  4.770  -9.346
15.370  5.000  4.745  -9.426
15.380  5.000  4.680  -9.203
15.390  5.000  4.813  -8.950
15.400  5.000  4.750  -8.740
15.410  5.000  4.728  -8.435
15.420  5.000  4.841  -8.124
15.430  5.000  4.797  -8.042
15.440  5.000  4.831  -8.041
15.450  5.000  4.836  -7.779
15.460  5.000  4.768  -7.585
15.470  5.000  4.868  -7.682
15.480  5.000  4.901  -7.752
15.490  5.000  4.749  -7.867
15.500  5.000  4.897  -8.043
15.510  5.000  4.853  -8.145
15.520  5.000  4.959  -8.232
15.530  5.000  4.841  -8.152
15.540  5.000  4.845  -7.858
15.550  5.000  4.872  -7.693
15.560  5.000  4.942  -7.496
15.570  5.000  4.943  -7.291
15.580  5.000  4.978  -7.314
15.590  5.000  5.076  -7.446
15.600  5.000  5.003  -7.475
15.610  5.000  5.026  -7.331
15.620  5.000  5.023  -7.218
15.630  5.000  5.039  -7.283
15.640  5.000  5.070  -7.259
15.650  5.000  4.856  -6.899
15.660  5.000  5.033  -6.570
15.670  5.000  5.001  -6.259
15.680  5.000  4.986  -5.804
15.690  5.000  5.011  -5.387
15.700  5.000  4.943  -5.048
15.710  5.000  4.981  -4.887
15.720  5.000  4.933  -4.878
15.730  5.000  4.993  -4.939
15.740  5.000  5.044  -5.199
15.750  5.000  5.043  -5.384
15.760  6.500  4.966  -5.345
15.770  8.000  5.051  -5.286
15.780  9.500  5.119  -5.013
15.790  11.000  5.285  -4.145
15.800  12.500  6.100  -2.604
15.810  14.000  7.014  -0.472
15.820  15.500  7.895  2.666
15.830  17.000  9.109  6.873
15.840  18.500  12.449  11.541
15.850  20.000  14.113  17.505
15.860  20.000  16.509  24.434
15.870  20.000  18.112  31.550
15.880  20.000  19.200  39.129
15.890  20.000  19.806  46.585
15.900  20.000  19.727  54.053
15.910  20.000  20.122  61.800
15.920  20.000  20.524  69.334
15.930  20.000  20.015  76.670
15.940  20.000  20.055  84.355
15.950  20.000  20.719  91.915
15.960  20.000  20.678  99.029
15.970  20.000  20.897  105.921
15.980  20.000  20.276  113.197
15.990  20.000  20.702  120.644
16.000  20.000  21.543  127.531
16.010  20.000  20.982  134.004
16.020  20.000  20.236  140.147
16.030  20.000  20.601  146.177
16.040  20.000  20.871  151.994
16.050  20.000  20.967  157.895
16.060  20.000  21.005  163.609
16.070  20.000  20.710  168.902
16.080  20.000  21.252  173.870
16.090  20.000  20.922  178.540
16.100  20.000  20.625  183.064
16.110  20.000  20.241  187.474
16.120  20.000  20.429  192.051
16.130  20.000  20.344  196.734
16.140  20.000  20.428  201.166
16.150  20.000  20.464  205.223
16.160  20.000  20.640  209.221
16.170  20.000  20.574  213.412
16.180  20.000  20.875  217.595
16.190  20.000  20.802  221.545
16.200  20.000  20.932  225.374
16.210  20.000  20.511  229.062
16.220  20.000  20.716  232.677
16.230  20.000  20.849  236.096
16.240  20.000  20.815  239.153
16.250  20.000  20.482  241.964
16.260  20.000  20.434  244.677
16.270  20.000  20.739  247.160
16.280  20.000  20.384  249.452
16.290  20.000  20.563  251.613
16.300  20.000  19.988  253.809
16.310  20.000  20.050  256.067
16.320  20.000  20.399  258.168
16.330  20.000  20.310  260.229
16.340  20.000  20.341  262.248
16.350  20.000  20.761  263.912
16.360  20.000  20.759  265.264
16.370  20.000  20.628  266.755
16.380  20.000  20.752  268.487
16.390  20.000  20.713  270.340
16.400  20.000  20.903  272.172
16.410  20.000  21.007  273.930
16.420  20.000  20.983  275.544
16.430  20.000  20.592  277.062
16.440  20.000  21.256  278.345
16.450  20.000  21.158  279.380
16.460  20.000  20.912  280.329
16.470  20.000  20.774  281.159
16.480  20.000  20.792  281.752
16.490  20.000  20.537  282.031
16.500  20.000  20.849  282.146
16.510  20.000  20.555  282.107
16.520  20.000  20.640  281.907
16.530  20.000  20.475  281.707
16.540  20.000  20.706  281.461
16.550  20.000  20.457  281.115
16.560  20.000  20.487  280.656
16.570  20.000  20.135  280.172
16.580  20.000  20.202  279.729
16.590  20.000  20.318  279.276
16.600  20.000  20.105  278.767
16.610  20.000  20.080  278.218
16.620  20.000  20.059  277.789
16.630  20.000  20.149  277.372
16.640  20.000  19.858  276.894
16.650  20.000  20.061  276.392
16.660  20.000  19.921  275.901
16.670  20.000  19.864  275.471
16.680  20.000  20.014  275.095
16.690  20.000  20.019  274.660
16.700  20.000  19.847  274.181
16.710  20.000  19.720  273.859
16.720  20.000  19.836  273.597
16.730  20.000  19.516  273.266
16.740  20.000  19.845  272.890
16.750  20.000  19.685  272.444
16.760  5.000  19.755  272.003
16.770  5.000  18.907  271.478
16.780  5.000  16.201  269.840
16.790  5.000  13.727  266.369
16.800  5.000  13.155  261.566
16.810  5.000  12.435  256.439
16.820  5.000  12.036  251.255
16.830  5.000  11.171  245.723
16.840  5.000  10.491  240.065
16.850  5.000  10.139  233.722
16.860  5.000  9.583  227.413
16.870  5.000  9.115  221.386
16.880  5.000  8.780  215.443
16.890  5.000  8.510  209.516
16.900  5.000  8.281  203.082
16.910  5.000  8.053  197.021
16.920  5.000  7.829  191.321
16.930  5.000  7.644  185.393
16.940  5.000  7.671  179.710
16.950  5.000  7.375  174.428
16.960  5.000  7.057  169.262
16.970  5.000  7.058  163.717
16.980  5.000  6.875  158.023
16.990  5.000  6.744  152.940
17.000  5.000  6.549  147.852
17.010  5.000  6.412  142.308
17.020  5.000  6.257  137.041
17.030  5.000  6.114  131.693
17.040  5.000  6.000  125.682
17.050  5.000  5.801  119.783
17.060  5.000  5.661  114.231
17.070  5.000  5.531  108.486
17.080  5.000  5.400  103.386
17.090  5.000  5.330  99.349
17.100  5.000  5.238  94.592
17.110  5.000  5.060  89.808
17.120  5.000  4.981  84.837
17.130  5.000  4.678  79.156
17.140  5.000  4.606  74.556
17.150  5.000  4.492  70.926
17.160  5.000  4.337  66.907
17.170  5.000  4.140  62.696
17.180  5.000  4.115  58.356
17.190  5.000  4.138  54.205
17.200  5.000  3.912  50.304
17.210  5.000  3.966  46.397
17.220  5.000  3.756  42.423
17.230  5.000  3.823  38.205
17.240  5.000  3.427  34.603
17.250  5.000  3.469  31.522
17.260  5.000  3.389  28.462
17.270  5.000  3.353  24.952
17.280  5.000  3.274  21.640
17.290  5.000  3.268  18.969
17.300  5.000  3.199  16.306
17.310  5.000  3.244  13.695
17.320  5.000  3.183  11.110
17.330  5.000  3.068  8.356
17.340  5.000  2.976  5.293
17.350  5.000  2.945  2.492
17.360  5.000  2.917  0.204
17.370  5.000  2.932  -2.199
17.380  5.000  2.899  -4.706
17.390  5.000  2.952  -6.938
17.400  5.000  2.911  -8.829
17.410  5.000  2.854  -10.623
17.420  5.000  2.780  -12.466
17.430  5.000  2.764  -14.393
17.440  5.000  2.722  -16.302
17.450  5.000  2.765  -18.120
17.460  5.000  2.732  -20.079
17.470  5.000  2.819  -21.971
17.480  5.000  2.885  -23.489
17.490  5.000  2.895  -24.707
17.500  5.000  2.941  -25.714
17.510  5.000  2.916  -26.757
17.520  5.000  2.915  -27.975
17.530  5.000  2.835  -29.168
17.540  5.000  2.850  -30.306
17.550  5.000  2.943  -31.456
17.560  5.000  2.988  -32.181
17.570  5.000  3.141  -32.345
17.580  5.000  3.177  -32.151
17.590  5.000  3.182  -31.764
17.600  5.000  3.353  -31.239
17.610  5.000  3.409  -30.220
17.620  5.000  3.342  -28.947
17.630  5.000  3.370  -27.858
17.640  5.000  3.495  -27.060
17.650  5.000  3.567  -26.264
17.660  5.000  3.692  -25.156
17.670  5.000  3.753  -23.944
17.680  5.000  4.078  -22.644
17.690  5.000  4.275  -21.234
17.700  5.000  4.226  -19.445
17.710  5.000  4.631  -17.469
17.720  5.000  4.723  -15.594
17.730  5.000  4.806  -13.641
17.740  5.000  4.905  -11.823
17.750  5.000  4.907  -10.170
17.760  5.000  5.177  -8.615
17.770  5.000  5.170  -7.095
17.780  5.000  5.413  -5.512
17.790  5.000  5.410  -3.918
17.800  5.000  5.437  -2.604
17.810  5.000  5.340  -1.588
17.820  5.000  5.350  -0.478
17.830  5.000  5.261  0.754
17.840  5.000  5.365  2.156
17.850  5.000  5.489  3.324
17.860  5.000  5.406  4.216
17.870  5.000  5.460  5.096
17.880  5.000  5.386  5.794
17.890  5.000  5.403  6.549
17.900  5.000  5.484  7.412
17.910  5.000  5.569  8.136
17.920  5.000  5.295  8.707
17.930  5.000  5.552  9.237
17.940  5.000  5.458  9.762
17.950  5.000  5.453  10.139
17.960  5.000  5.425  10.494
17.970  5.000  5.548  10.862
17.980  5.000  5.522  11.021
17.990  5.000  5.429  11.103
18.000  5.000  5.392  11.133
18.010  5.000  5.414  11.105
18.020  5.000  5.509  11.118
18.030  5.000  5.377  11.246
18.040  5.000  5.567  11.342
18.050  5.000  5.517  11.239
18.060  5.000  5.427  11.170
18.070  5.000  5.475  11.387
18.080  5.000  5.466  11.579
18.090  5.000  5.507  11.475
18.100  5.000  5.491  11.409
18.110  5.000  5.539  11.517
18.120  5.000  5.348  11.787
18.130  5.000  5.423  11.957
18.140  5.000  5.447  11.601
18.150  5.000  5.468  10.849
18.160  5.000  5.381  10.030
18.170  5.000  5.321  9.204
18.180  5.000  5.261  8.250
18.190  5.000  5.177  7.465
18.200  5.000  5.201  6.835
18.210  5.000  4.972  6.016
18.220  5.000  5.067  5.325
18.230  5.000  5.026  4.850
18.240  5.000  4.902  4.360
18.250  5.000  4.882  3.865
18.260  5.000  4.879  3.417
18.270  5.000  4.943  2.873
18.280  5.000  4.959  2.268
18.290  5.000  4.911  1.730
18.300  5.000  4.847  1.451
18.310  5.000  4.699  1.553
18.320  5.000  4.780  1.720
18.330  5.000  4.751  1.556
18.340  5.000  4.748  1.164
18.350  5.000  4.910  0.797
18.360  5.000  4.731  0.464
18.370  5.000  4.706  0.287
18.380  5.000  4.698  0.158
18.390  5.000  4.717  0.174
18.400  5.000  4.670  0.461
18.410  5.000  4.663  0.645
18.420  5.000  4.829  0.531
18.430  5.000  4.875  0.363
18.440  5.000  4.670  0.304
18.450  5.000  4.736  0.259
18.460  5.000  4.833  0.152
18.470  5.000  4.819  0.087
18.480  5.000  4.793  0.245
18.490  5.000  4.926  0.441
18.500  5.000  4.894  0.623
18.510  5.000  4.786  0.857
18.520  5.000  4.976  0.885
18.530  5.000  4.806  0.652
18.540  5.000  4.906  0.472
18.550  5.000  4.984  0.724
18.560  5.000  4.852  1.098
18.570  5.000  4.919  1.208
18.580  5.000  4.813  1.410
18.590  5.000  4.908  1.895
18.600  5.000  4.977  2.179
18.610  5.000  4.913  2.383
18.620  5.000  4.975  2.505
18.630  5.000  5.083  2.178
18.640  5.000  5.078  1.630
18.650  5.000  4.981  1.245
18.660  5.000  4.908  0.965
18.670  5.000  4.952  0.593
18.680  5.000  4.968  0.526
18.690  5.000  4.965  0.862
18.700  5.000  4.963  1.338
18.710  5.000  5.007  1.641
18.720  5.000  5.122  1.664
18.730  5.000  4.940  1.710
18.740  5.000  5.142  1.976
18.750  5.000  5.069  2.432
18.760  5.000  5.031  2.772
18.770  6.500  5.127  2.727
18.780  8.000  5.114  2.649
18.790  9.500  5.111  2.794
18.800  11.000  5.221  3.360
18.810  12.500  6.150  4.639
18.820  14.000  6.807  6.582
18.830  15.500  7.987  9.366
18.840  17.000  9.403  13.215
18.850  18.500  12.255  18.117
18.860  20.000  14.072  24.189
18.870  20.000  16.318  31.087
18.880  20.000  18.393  38.252
18.890  20.000  19.015  45.719
18.900  20.000  19.051  53.553
18.910  20.000  19.879  61.823
18.920  20.000  20.461  69.616
18.930  20.000  20.273  77.284
18.940  20.000  20.092  85.427
18.950  20.000  20.170  93.380
18.960  20.000  20.159  100.957
18.970  20.000  20.859  107.980
18.980  20.000  20.516  114.995
18.990  20.000  21.039  122.256
19.000  20.000  21.677  129.437
19.010  20.000  21.043  136.556
19.020  20.000  20.517  143.223
19.030  20.000  20.585  149.328
19.040  20.000  20.318  155.271
19.050  20.000  20.924  160.930
19.060  20.000  20.682  166.693
19.070  20.000  21.204  172.252
19.080  20.000  21.534  177.279
19.090  20.000  20.579  182.268
19.100  20.000  20.363  187.322
19.110  20.000  20.722  192.398
19.120  20.000  20.463  197.232
19.130  20.000  20.768  201.762
19.140  20.000  20.901  206.075
19.150  20.000  20.083  210.423
19.160  20.000  20.695  214.729
19.170  20.000  20.479  218.823
19.180  20.000  20.615  223.032
19.190  20.000  20.559  227.185
19.200  20.000  20.720  231.301
19.210  20.000  20.987  235.374
19.220  20.000  20.701  239.270
19.230  20.000  20.763  243.001
19.240  20.000  20.658  246.455
19.250  20.000  21.034  249.611
19.260  20.000  20.553  252.362
19.270  20.000  20.689  254.906
19.280  20.000  20.126  257.646
19.290  20.000  20.389  260.327
19.300  20.000  20.367  262.562
19.310  20.000  20.497  264.668
19.320  20.000  20.112  266.859
19.330  20.000  20.229  268.954
19.340  20.000  20.582  270.752
19.350  20.000  20.045  272.493
19.360  20.000  20.334  274.318
19.370  20.000  20.557  275.997
19.380  20.000  20.515  277.503
19.390  20.000  20.907  278.822
19.400  20.000  20.782  280.271
19.410  20.000  21.211  281.938
19.420  20.000  21.096  283.779
19.430  20.000  20.747  285.788
19.440  20.000  20.684  287.477
19.450  20.000  21.008  288.682
19.460  20.000  21.084  289.692
19.470  20.000  20.841  290.680
19.480  20.000  20.701  291.434
19.490  20.000  20.532  291.830
19.500  20.000  20.857  292.154
19.510  20.000  20.728  292.560
19.520  20.000  20.479  292.812
19.530  20.000  20.513  292.907
19.540  20.000  20.232  292.981
19.550  20.000  20.557  292.785
19.560  20.000  20.526  292.382
19.570  20.000  20.509  291.929
19.580  20.000  20.506  291.339
19.590  20.000  20.421  290.807
19.600  20.000  20.286  290.383
19.610  20.000  20.224  289.971
19.620  20.000  20.108  289.741
19.630  20.000  20.219  289.497
19.640  20.000  20.011  289.212
19.650  20.000  20.235  288.980
19.660  20.000  20.073  288.564
19.670  20.000  19.799  288.210
19.680  20.000  19.950  287.805
19.690  20.000  19.821  287.260
19.700  20.000  19.942  286.817
19.710  20.000  19.722  286.499
19.720  20.000  19.711  286.273
19.730  20.000  19.991  285.934
19.740  20.000  19.743  285.363
19.750  20.000  19.902  284.792
19.760  20.000  19.656  284.341
19.770  5.000  19.881  284.026
19.780  5.000  19.073  283.597
19.790  5.000  16.171  281.744
19.800  5.000  13.791  278.165
19.810  5.000  13.157  273.513
19.820  5.000  12.436  268.101
19.830  5.000  11.989  261.954
19.840  5.000  11.177  255.877
19.850  5.000  10.497  250.433
19.860  5.000  10.150  244.386
19.870  5.000  9.558  238.097
19.880  5.000  9.162  232.674
19.890  5.000  8.850  226.608
19.900  5.000  8.463  220.137
19.910  5.000  8.268  214.034
19.920  5.000  7.925  207.502
19.930  5.000  7.663  200.987
19.940  5.000  7.831  195.345
19.950  5.000  7.289  190.270
19.960  5.000  7.282  184.544
19.970  5.000  7.071  178.306
19.980  5.000  7.026  172.029
19.990  5.000  6.918  165.853
20.000  5.000  6.695  160.381
20.010  5.000  6.439  155.626
20.020  5.000  6.390  150.392
20.030  5.000  6.236  144.387
20.040  5.000  6.198  138.840
20.050  5.000  6.142  133.629
20.060  5.000  5.907  128.454
20.070  5.000  5.800  123.132
20.080  5.000  5.608  117.320
20.090  5.000  5.554  111.647
20.100  5.000  5.355  106.412
20.110  5.000  5.249  101.759
20.120  5.000  5.077  97.381
20.130  5.000  5.093  92.586
20.140  5.000  4.899  87.793
20.150  5.000  4.831  83.454
20.160  5.000  4.637  79.308
20.170  5.000  4.588  75.173
20.180  5.000  4.419  70.511
20.190  5.000  4.287  65.638
20.200  5.000  4.169  61.351
20.210  5.000  4.118  57.044
20.220  5.000  4.077  52.871
20.230  5.000  4.027  49.170
20.240  5.000  3.889  45.517
20.250  5.000  3.876  41.526
20.260  5.000  3.660  37.562
20.270  5.000  3.485  33.612
20.280  5.000  3.426  29.859
20.290  5.000  3.293  26.503
20.300  5.000  3.160  23.243
20.310  5.000  3.098  20.001
20.320  5.000  3.093  16.641
20.330  5.000  3.108  13.208
20.340  5.000  2.985  9.881
20.350  5.000  2.927  7.129
20.360  5.000  2.864  4.702
20.370  5.000  2.818  2.376
20.380  5.000  2.835  -0.711
20.390  5.000  2.803  -3.865
20.400  5.000  2.883  -6.262
20.410  5.000  2.879  -8.371
20.420  5.000  2.803  -10.450
20.430  5.000  2.796  -12.618
20.440  5.000  2.729  -14.702
20.450  5.000  2.689  -16.662
20.460  5.000  2.626  -18.375
20.470  5.000  2.672  -19.933
20.480  5.000  2.638  -21.576
20.490  5.000  2.780  -23.140
20.500  5.000  2.842  -24.324
20.510  5.000  2.883  -25.350
20.520  5.000  2.863  -26.560
20.530  5.000  2.831  -27.870
20.540  5.000  2.839  -29.022
20.550  5.000  2.756  -30.093
20.560  5.000  2.767  -31.144
20.570  5.000  2.950  -31.950
20.580  5.000  2.986  -32.535
20.590  5.000  3.057  -32.870
20.600  5.000  3.117  -32.804
20.610  5.000  3.171  -32.432
20.620  5.000  3.241  -31.780
20.630  5.000  3.311  -31.096
20.640  5.000  3.363  -30.534
20.650  5.000  3.404  -29.817
20.660  5.000  3.523  -28.942
20.670  5.000  3.725  -28.176
20.680  5.000  3.831  -27.238
20.690  5.000  3.905  -25.910
20.700  5.000  4.220  -24.482
20.710  5.000  4.534  -22.928
20.720  5.000  4.679  -21.303
20.730  5.000  4.818  -19.830
20.740  5.000  4.944  -18.167
20.750  5.000  5.087  -16.453
20.760  5.000  5.075  -14.978
20.770  5.000  5.032  -13.561
20.780  5.000  5.131  -12.100
20.790  5.000  5.263  -10.519
20.800  5.000  5.241  -9.133
20.810  5.000  5.176  -7.979
20.820  5.000  5.316  -6.890
20.830  5.000  5.255  -5.880
20.840  5.000  5.375  -4.753
20.850  5.000  5.304  -3.463
20.860  5.000  5.282  -2.106
20.870  5.000  5.250  -0.705
20.880  5.000  5.273  0.548
20.890  5.000  5.522  1.447
20.900  5.000  5.435  2.117
20.910  5.000  5.476  2.872
20.920  5.000  5.500  3.661
20.930  5.000  5.447  4.240
20.940  5.000  5.464  4.473
20.950  5.000  5.518  4.479
20.960  5.000  5.488  4.480
20.970  5.000  5.520  4.553
20.980  5.000  5.539  4.698
20.990  5.000  5.445  4.946
21.000  5.000  5.578  5.274
21.010  5.000  5.565  5.639
21.020  5.000  5.583  5.861
21.030  5.000  5.542  5.995
21.040  5.000  5.547  6.326
21.050  5.000  5.502  6.700
21.060  5.000  5.435  7.061
21.070  5.000  5.417  7.345
21.080  5.000  5.324  7.638
21.090  5.000  5.374  7.879
21.100  5.000  5.363  7.981
21.110  5.000  5.431  8.113
21.120  5.000  5.475  8.189
21.130  5.000  5.387  8.326
21.140  5.000  5.280  8.329
21.150  5.000  5.453  8.072
21.160  5.000  5.404  7.685
21.170  5.000  5.401  7.224
21.180  5.000  5.431  6.766
21.190  5.000  5.141  6.499
21.200  5.000  5.215  6.235
21.210  5.000  5.188  5.573
21.220  5.000  5.160  4.692
21.230  5.000  5.296  3.853
21.240  5.000  5.161  3.185
21.250  5.000  4.994  2.564
21.260  5.000  4.983  1.999
21.270  5.000  4.924  1.433
21.280  5.000  4.846  0.858
21.290  5.000  4.814  0.356
21.300  5.000  4.783  -0.197
21.310  5.000  4.810  -0.599
21.320  5.000  4.803  -0.955
21.330  5.000  4.816  -1.472
21.340  5.000  4.677  -1.948
21.350  5.000  4.783  -2.156
21.360  5.000  4.814  -2.479
21.370  5.000  4.853  -3.031
21.380  5.000  4.752  -3.296
21.390  5.000  4.742  -3.356
21.400  5.000  4.705  -3.482
21.410  5.000  4.825  -3.631
21.420  5.000  4.660  -3.692
21.430  5.000  4.690  -3.625
21.440  5.000  4.683  -3.356
21.450  5.000  4.756  -3.122
21.460  5.000  4.686  -2.989
21.470  5.000  4.663  -2.817
21.480  5.000  4.654  -2.500
21.490  5.000  4.829  -2.063
21.500  5.000  4.862  -1.862
21.510  5.000  4.970  -1.790
21.520  5.000  4.837  -1.537
21.530  5.000  4.927  -1.301
21.540  5.000  4.924  -1.056
21.550  5.000  4.834  -0.707
21.560  5.000  4.740  -0.552
21.570  5.000  4.960  -0.547
21.580  5.000  4.876  -0.405
21.590  5.000  4.799  -0.162
21.600  5.000  4.834  0.086
21.610  5.000  4.950  0.323
21.620  5.000  4.891  0.603
21.630  5.000  5.022  0.932
21.640  5.000  4.916  1.156
21.650  5.000  5.085  1.051
21.660  5.000  5.137  0.697
21.670  5.000  5.028  0.554
21.680  5.000  4.920  0.701
21.690  5.000  4.975  0.773
21.700  5.000  5.107  0.848
21.710  5.000  5.001  1.140
21.720  5.000  4.950  1.424
