# covent_pc_6
# Captured 2020-06-18 04:20:25.070020 by unknown user
# Built at revision abe75e4 (dirty)
time(sec)  pc_setpoint  pressure  volume
0.000  10.000  8.957  105.131
0.010  10.000  8.837  101.148
0.020  10.000  8.956  97.108
0.030  10.000  9.151  93.297
0.040  10.000  9.267  89.407
0.050  10.000  9.204  85.566
0.060  10.000  9.404  82.028
0.070  10.000  9.400  78.542
0.080  10.000  9.461  75.156
0.090  10.000  9.475  71.829
0.100  10.000  9.426  68.350
0.110  10.000  9.463  64.896
0.120  10.000  9.611  61.516
0.130  10.000  9.644  58.099
0.140  10.000  9.664  54.682
0.150  10.000  9.540  51.128
0.160  10.000  9.657  47.756
0.170  10.000  9.607  44.597
0.180  10.000  9.615  41.449
0.190  10.000  9.563  38.414
0.200  10.000  9.421  35.259
0.210  10.000  9.493  32.165
0.220  10.000  9.522  29.253
0.230  10.000  9.485  26.365
0.240  10.000  9.377  23.366
0.250  10.000  9.332  20.363
0.260  10.000  9.222  17.572
0.270  10.000  9.151  14.863
0.280  10.000  9.100  12.145
0.290  10.000  9.078  9.315
0.300  10.000  8.870  6.355
0.310  10.000  8.983  3.371
0.320  10.000  9.001  0.367
0.330  10.000  9.067  -2.571
0.340  10.000  9.191  -5.285
0.350  10.000  9.292  -7.871
0.360  10.000  9.287  -10.290
0.370  10.000  9.321  -12.690
0.380  10.000  9.547  -15.238
0.390  10.000  9.729  -17.715
0.400  10.000  9.747  -20.141
0.410  10.000  9.752  -22.422
0.420  10.000  9.748  -24.587
0.430  10.000  9.773  -26.682
0.440  10.000  9.834  -28.832
0.450  10.000  9.852  -31.085
0.460  10.000  9.812  -33.342
0.470  10.000  9.721  -35.465
0.480  10.000  9.750  -37.361
0.490  10.000  9.848  -39.203
0.500  10.000  9.763  -41.039
0.510  10.000  9.806  -42.908
0.520  10.000  9.824  -44.817
0.530  10.000  9.905  -46.575
0.540  10.000  9.886  -48.298
0.550  10.000  9.894  -50.056
0.560  10.000  9.929  -51.860
0.570  10.000  9.789  -53.736
0.580  10.000  9.841  -55.481
0.590  10.000  9.844  -57.150
0.600  10.000  9.775  -58.645
0.610  10.000  9.764  -60.034
0.620  10.000  9.865  -61.447
0.630  10.000  9.946  -62.793
0.640  10.000  9.902  -64.243
0.650  10.000  9.775  -65.701
0.660  10.000  9.948  -66.997
0.670  10.000  9.872  -68.314
0.680  10.000  9.768  -69.673
0.690  10.000  9.843  -70.960
0.700  10.000  9.845  -72.258
0.710  10.000  9.740  -73.448
0.720  10.000  9.871  -74.349
0.730  10.000  9.876  -75.186
0.740  10.000  9.900  -76.136
0.750  10.000  9.847  -77.202
0.760  10.000  9.839  -78.242
0.770  10.000  9.954  -79.172
0.780  10.000  9.822  -80.248
0.790  10.000  9.858  -81.372
0.800  10.000  9.784  -82.298
0.810  10.000  9.937  -83.075
0.820  10.000  9.987  -83.812
0.830  10.000  9.749  -84.798
0.840  10.000  9.828  -85.780
0.850  10.000  9.809  -86.396
0.860  10.000  9.943  -87.096
0.870  10.000  9.764  -88.068
0.880  10.000  9.752  -89.033
0.890  10.000  9.855  -90.011
0.900  10.000  9.690  -90.877
0.910  10.000  9.713  -91.664
0.920  10.000  9.535  -92.430
0.930  10.000  9.571  -93.170
0.940  10.000  9.439  -93.969
0.950  10.000  9.530  -94.810
0.960  10.000  9.468  -95.743
0.970  10.000  9.452  -96.615
0.980  10.000  9.398  -97.209
0.990  10.000  9.226  -97.631
1.000  10.000  9.328  -98.029
1.010  10.000  9.226  -98.319
1.020  10.000  9.256  -98.554
1.030  10.000  9.520  -99.101
1.040  10.000  9.540  -99.721
1.050  10.000  9.510  -100.121
1.060  10.000  9.673  -100.378
1.070  10.000  9.481  -100.467
1.080  10.000  9.759  -100.580
1.090  10.000  9.873  -100.714
1.100  10.000  9.850  -100.948
1.110  10.000  9.776  -101.127
1.120  10.000  9.824  -101.049
1.130  10.000  9.830  -100.870
1.140  10.000  9.713  -100.609
1.150  10.000  9.783  -100.325
1.160  10.000  9.872  -100.096
1.170  10.000  9.751  -99.804
1.180  10.000  9.750  -99.371
1.190  10.000  9.743  -98.849
1.200  10.000  9.668  -98.290
1.210  10.000  9.983  -97.658
1.220  10.000  9.888  -97.124
1.230  10.000  9.873  -96.669
1.240  10.000  9.978  -96.101
1.250  10.000  10.082  -95.560
1.260  10.000  9.994  -95.217
1.270  10.000  10.207  -95.169
1.280  10.000  10.018  -95.083
1.290  10.000  9.916  -94.558
1.300  10.000  9.989  -93.858
1.310  10.000  10.020  -93.256
1.320  10.000  9.990  -92.884
1.330  10.000  10.127  -92.708
1.340  10.000  10.028  -92.451
1.350  10.000  10.173  -92.097
1.360  10.000  9.896  -91.692
1.370  10.000  10.136  -91.475
1.380  10.000  10.038  -91.407
1.390  10.000  10.081  -91.098
1.400  10.000  9.944  -90.677
1.410  10.000  9.937  -90.281
1.420  10.000  10.123  -89.958
1.430  10.000  10.101  -89.721
1.440  10.000  10.020  -89.584
1.450  10.000  10.038  -89.478
1.460  10.000  10.129  -89.069
1.470  10.000  10.104  -88.481
1.480  10.000  10.188  -88.039
1.490  10.000  9.933  -87.704
1.500  10.000  9.971  -87.433
1.510  10.000  10.165  -87.320
1.520  10.000  9.957  -87.246
1.530  10.000  10.077  -87.074
1.540  10.000  9.881  -86.719
1.550  10.000  9.845  -86.315
1.560  10.000  10.105  -86.032
1.570  10.000  9.877  -85.621
1.580  10.000  9.985  -85.181
1.590  10.000  9.990  -84.976
1.600  10.000  10.267  -84.970
1.610  10.000  10.073  -85.012
1.620  10.000  9.984  -84.952
1.630  10.000  9.962  -84.673
1.640  10.000  9.933  -84.251
1.650  10.000  9.862  -83.791
1.660  10.000  10.089  -83.360
1.670  10.000  10.026  -83.051
1.680  10.000  9.859  -82.773
1.690  10.000  9.920  -82.630
1.700  10.000  9.940  -82.504
1.710  10.000  9.781  -82.254
1.720  10.000  9.802  -82.063
1.730  10.000  9.978  -81.825
1.740  10.000  9.949  -81.370
1.750  10.000  9.905  -80.816
1.760  10.000  9.991  -80.231
1.770  10.000  10.004  -79.818
1.780  10.000  9.902  -79.446
1.790  10.000  9.903  -78.964
1.800  10.000  10.033  -78.616
1.810  10.000  9.989  -78.264
1.820  10.000  9.888  -77.873
1.830  10.000  9.833  -77.483
1.840  10.000  9.975  -77.065
1.850  10.000  10.021  -76.852
1.860  10.000  10.038  -76.612
1.870  10.000  10.006  -75.968
1.880  10.000  10.053  -75.267
1.890  10.000  10.355  -74.810
1.900  10.000  10.118  -74.352
1.910  10.000  10.128  -73.715
1.920  10.000  10.129  -73.018
1.930  10.000  10.115  -72.487
1.940  10.000  10.160  -72.271
1.950  10.000  10.009  -72.161
1.960  10.000  10.067  -71.858
1.970  10.000  10.001  -71.460
1.980  10.000  10.054  -71.206
1.990  10.000  10.065  -71.003
2.000  10.000  10.085  -70.769
2.010  10.000  10.008  -70.641
2.020  10.000  10.059  -70.581
2.030  10.000  10.112  -70.410
2.040  10.000  9.931  -70.083
2.050  10.000  9.928  -69.669
2.060  10.000  9.853  -69.209
2.070  10.000  9.986  -68.704
2.080  10.000  9.810  -68.359
2.090  10.000  10.124  -68.208
2.100  10.000  9.783  -67.992
2.110  10.000  9.844  -67.669
2.120  10.000  9.881  -67.286
2.130  10.000  10.015  -66.986
2.140  10.000  9.858  -66.691
2.150  10.000  9.884  -66.254
2.160  10.000  10.068  -65.701
2.170  10.000  10.019  -65.109
2.180  10.000  10.173  -64.716
2.190  10.000  9.795  -64.313
2.200  10.000  9.877  -63.726
2.210  10.000  10.074  -63.262
2.220  10.000  9.959  -62.917
2.230  10.000  10.097  -62.525
2.240  10.000  10.075  -62.091
2.250  10.000  10.015  -61.734
2.260  10.000  10.121  -61.577
2.270  10.000  10.076  -61.550
2.280  10.000  10.134  -61.468
2.290  10.000  10.050  -61.165
2.300  10.000  10.138  -60.769
2.310  10.000  9.775  -60.352
2.320  10.000  10.021  -60.086
2.330  10.000  9.918  -59.894
2.340  10.000  9.881  -59.539
2.350  10.000  10.064  -59.295
2.360  10.000  9.906  -58.961
2.370  10.000  9.948  -58.307
2.380  10.000  9.865  -57.719
2.390  10.000  9.967  -57.287
2.400  10.000  9.853  -56.925
2.410  10.000  9.777  -56.576
2.420  10.000  10.076  -56.099
2.430  10.000  9.945  -55.556
2.440  10.000  10.094  -55.026
2.450  10.000  9.877  -54.508
2.460  10.000  10.083  -53.991
2.470  10.000  9.994  -53.524
2.480  10.000  9.963  -53.080
2.490  10.000  10.159  -52.680
2.500  10.000  9.933  -52.228
2.510  10.000  10.162  -51.604
2.520  10.000  10.052  -50.931
2.530  10.000  10.151  -50.369
2.540  10.000  9.897  -49.925
2.550  10.000  10.135  -49.459
2.560  10.000  9.989  -49.108
2.570  10.000  10.109  -48.937
2.580  10.000  10.209  -48.733
2.590  10.000  10.197  -48.313
2.600  10.000  9.915  -47.916
2.610  10.000  10.012  -47.870
2.620  10.000  10.112  -47.859
2.630  10.000  9.962  -47.499
2.640  10.000  10.131  -47.007
2.650  10.000  9.879  -46.454
2.660  10.000  9.895  -45.800
2.670  10.000  9.966  -45.188
2.680  10.000  9.904  -44.639
2.690  10.000  10.012  -44.201
2.700  10.000  9.953  -43.894
2.710  10.000  10.130  -43.685
2.720  10.000  10.027  -43.418
2.730  10.000  10.043  -43.068
2.740  10.000  9.971  -42.788
2.750  10.000  10.081  -42.635
2.760  10.000  9.931  -42.580
2.770  10.000  9.988  -42.346
2.780  10.000  10.073  -41.875
2.790  10.000  9.978  -41.399
2.800  10.000  10.101  -41.068
2.810  10.000  10.017  -40.830
2.820  10.000  9.865  -40.537
2.830  10.000  10.113  -40.288
2.840  10.000  9.828  -40.070
2.850  10.000  9.982  -39.850
2.860  10.000  9.918  -39.632
2.870  10.000  9.630  -39.325
2.880  10.000  10.009  -38.866
2.890  10.000  10.080  -38.405
2.900  10.000  9.778  -37.900
2.910  10.000  10.021  -37.363
2.920  10.000  9.857  -36.882
2.930  10.000  9.940  -36.518
2.940  10.000  10.107  -36.184
2.950  10.000  10.017  -35.542
2.960  10.000  10.121  -34.928
2.970  10.000  10.111  -34.641
2.980  10.000  9.934  -34.333
2.990  10.000  9.875  -33.920
3.000  10.000  10.023  -33.648
3.010  10.000  10.205  -33.458
3.020  10.000  10.012  -33.090
3.030  10.000  10.016  -32.401
3.040  10.000  9.951  -31.634
3.050  10.000  10.110  -31.102
3.060  10.000  10.097  -30.657
3.070  10.000  9.963  -30.294
3.080  10.000  9.972  -30.011
3.090  10.000  9.748  -29.423
3.100  10.000  10.076  -28.770
3.110  10.000  9.963  -28.506
3.120  10.000  10.126  -28.447
3.130  10.000  9.952  -28.247
3.140  10.000  9.992  -27.871
3.150  10.000  9.975  -27.591
3.160  10.000  9.905  -27.276
3.170  10.000  10.129  -26.752
3.180  10.000  9.880  -26.129
3.190  10.000  9.945  -25.466
3.200  10.000  9.941  -24.918
3.210  10.000  9.970  -24.501
3.220  10.000  9.996  -24.114
3.230  10.000  9.868  -23.742
3.240  10.000  10.004  -23.465
3.250  10.000  10.038  -23.105
3.260  10.000  9.931  -22.637
3.270  10.000  10.204  -22.223
3.280  10.000  10.076  -21.756
3.290  10.000  10.049  -21.308
3.300  10.000  10.048  -20.911
3.310  10.000  10.195  -20.445
3.320  10.000  10.025  -19.968
3.330  10.000  10.067  -19.480
3.340  10.000  9.883  -18.937
3.350  10.000  10.149  -18.505
3.360  10.000  10.199  -18.425
3.370  10.000  10.023  -18.336
3.380  10.000  10.089  -17.979
3.390  10.000  10.038  -17.620
3.400  10.000  10.049  -17.306
3.410  10.000  9.966  -17.081
3.420  10.000  9.958  -16.923
3.430  10.000  10.092  -16.789
3.440  10.000  10.054  -16.615
3.450  10.000  10.008  -16.277
3.460  10.000  9.933  -15.810
3.470  10.000  9.821  -15.372
3.480  10.000  10.081  -15.110
3.490  10.000  9.963  -14.987
3.500  10.000  9.968  -14.750
3.510  10.000  9.833  -14.313
3.520  10.000  9.964  -13.761
3.530  10.000  9.868  -13.380
3.540  10.000  10.011  -13.214
3.550  10.000  9.984  -12.982
3.560  10.000  10.024  -12.672
3.570  10.000  10.096  -12.424
3.580  10.000  10.056  -12.209
3.590  10.000  10.151  -12.055
3.600  10.000  9.971  -12.022
3.610  10.000  9.973  -11.925
3.620  10.000  9.848  -11.604
3.630  10.000  9.794  -11.157
3.640  10.000  9.925  -10.633
3.650  10.000  9.967  -10.043
3.660  10.000  9.971  -9.664
3.670  10.000  10.076  -9.369
3.680  10.000  9.831  -8.946
3.690  10.000  10.051  -8.631
3.700  10.000  9.779  -8.289
3.710  10.000  9.799  -7.718
3.720  10.000  9.749  -7.166
3.730  12.500  10.058  -6.933
3.740  15.000  10.259  -6.658
3.750  17.500  11.342  -5.877
3.760  20.000  12.185  -4.420
3.770  22.500  14.737  -2.105
3.780  25.000  17.947  1.041
3.790  27.500  22.086  5.062
3.800  30.000  25.917  9.842
3.810  32.500  28.484  15.180
3.820  35.000  30.718  20.500
3.830  35.000  33.029  25.799
3.840  35.000  34.681  31.762
3.850  35.000  36.175  37.445
3.860  35.000  35.148  42.530
3.870  35.000  34.889  47.677
3.880  35.000  34.319  52.733
3.890  35.000  35.303  57.697
3.900  35.000  34.819  62.869
3.910  35.000  35.021  68.161
3.920  35.000  35.168  73.214
3.930  35.000  34.985  78.367
3.940  35.000  35.458  83.634
3.950  35.000  34.672  88.795
3.960  35.000  35.398  93.610
3.970  35.000  35.385  98.436
3.980  35.000  35.292  103.359
3.990  35.000  34.964  108.307
4.000  35.000  34.927  113.235
4.010  35.000  35.505  117.670
4.020  35.000  34.993  122.125
4.030  35.000  35.514  126.591
4.040  35.000  35.255  130.940
4.050  35.000  35.237  135.732
4.060  35.000  35.239  140.579
4.070  35.000  35.439  144.900
4.080  35.000  35.032  149.149
4.090  35.000  34.878  153.626
4.100  35.000  34.882  158.446
4.110  35.000  35.539  163.359
4.120  35.000  35.198  167.856
4.130  35.000  35.373  171.998
4.140  35.000  35.187  175.969
4.150  35.000  35.180  180.054
4.160  35.000  34.986  184.263
4.170  35.000  35.214  188.283
4.180  35.000  35.292  192.056
4.190  35.000  34.669  195.945
4.200  35.000  35.123  199.848
4.210  35.000  34.845  203.751
4.220  35.000  35.073  207.878
4.230  35.000  35.429  211.872
4.240  35.000  34.976  215.732
4.250  35.000  35.336  219.552
4.260  35.000  35.387  223.423
4.270  35.000  35.380  227.240
4.280  35.000  35.660  230.780
4.290  35.000  35.529  234.316
4.300  35.000  35.441  237.872
4.310  35.000  35.879  241.350
4.320  35.000  36.054  244.685
4.330  35.000  35.724  247.773
4.340  35.000  35.079  250.759
4.350  35.000  34.764  253.954
4.360  35.000  34.576  257.399
4.370  35.000  35.210  260.744
4.380  35.000  35.576  264.117
4.390  35.000  35.364  267.408
4.400  35.000  34.735  270.538
4.410  35.000  34.638  273.951
4.420  35.000  34.970  277.582
4.430  35.000  34.969  281.281
4.440  35.000  35.515  284.760
4.450  35.000  35.513  288.134
4.460  35.000  35.749  291.558
4.470  35.000  35.014  294.889
4.480  35.000  35.043  297.839
4.490  35.000  35.122  300.632
4.500  35.000  35.017  303.706
4.510  35.000  35.068  306.828
4.520  35.000  35.306  309.724
4.530  35.000  35.648  312.358
4.540  35.000  35.385  315.118
4.550  35.000  36.047  318.112
4.560  35.000  35.808  321.102
4.570  35.000  35.028  323.909
4.580  35.000  35.060  326.382
4.590  35.000  35.298  328.764
4.600  35.000  35.286  331.333
4.610  35.000  35.007  333.930
4.620  35.000  34.894  336.472
4.630  35.000  34.763  339.017
4.640  35.000  35.128  341.792
4.650  35.000  35.373  344.796
4.660  35.000  35.466  347.521
4.670  35.000  35.557  349.948
4.680  35.000  34.999  352.386
4.690  35.000  35.436  354.651
4.700  35.000  35.417  356.777
4.710  35.000  34.959  358.752
4.720  35.000  34.801  360.642
4.730  10.000  34.759  362.801
4.740  10.000  33.822  364.608
4.750  10.000  29.710  364.950
4.760  10.000  25.566  362.967
4.770  10.000  19.976  358.770
4.780  10.000  13.692  353.707
4.790  10.000  10.416  348.458
4.800  10.000  9.800  343.251
4.810  10.000  9.676  338.271
4.820  10.000  9.749  333.493
4.830  10.000  9.761  328.581
4.840  10.000  9.602  323.581
4.850  10.000  9.643  318.699
4.860  10.000  9.611  313.815
4.870  10.000  9.397  308.987
4.880  10.000  9.473  304.360
4.890  10.000  9.378  299.950
4.900  10.000  9.465  295.454
4.910  10.000  9.352  290.826
4.920  10.000  9.356  286.294
4.930  10.000  9.239  282.063
4.940  10.000  9.191  277.845
4.950  10.000  9.210  273.483
4.960  10.000  9.110  269.111
4.970  10.000  8.865  264.547
4.980  10.000  9.033  260.154
4.990  10.000  8.902  255.935
5.000  10.000  8.828  251.396
5.010  10.000  9.055  246.819
5.020  10.000  8.903  242.503
5.030  10.000  9.016  238.316
5.040  10.000  9.154  234.223
5.050  10.000  9.160  230.105
5.060  10.000  9.202  226.123
5.070  10.000  9.310  222.224
5.080  10.000  9.435  218.198
5.090  10.000  9.512  214.365
5.100  10.000  9.441  210.634
5.110  10.000  9.544  206.765
5.120  10.000  9.519  202.796
5.130  10.000  9.534  198.977
5.140  10.000  9.684  195.286
5.150  10.000  9.570  191.678
5.160  10.000  9.557  188.053
5.170  10.000  9.684  184.340
5.180  10.000  9.592  180.746
5.190  10.000  9.618  177.261
5.200  10.000  9.519  173.705
5.210  10.000  9.491  170.318
5.220  10.000  9.507  166.931
5.230  10.000  9.392  163.523
5.240  10.000  9.378  160.304
5.250  10.000  9.453  157.116
5.260  10.000  9.350  153.799
5.270  10.000  9.192  150.371
5.280  10.000  9.199  147.135
5.290  10.000  9.068  144.067
5.300  10.000  9.078  140.930
5.310  10.000  9.031  137.790
5.320  10.000  8.918  134.668
5.330  10.000  8.926  131.512
5.340  10.000  9.045  128.498
5.350  10.000  9.135  125.375
5.360  10.000  9.242  122.227
5.370  10.000  9.389  119.397
5.380  10.000  9.608  116.608
5.390  10.000  9.467  113.835
5.400  10.000  9.578  111.047
5.410  10.000  9.666  108.188
5.420  10.000  9.740  105.554
5.430  10.000  9.735  103.023
5.440  10.000  9.942  100.471
5.450  10.000  9.707  97.867
5.460  10.000  9.746  95.383
5.470  10.000  9.675  93.026
5.480  10.000  9.905  90.583
5.490  10.000  9.972  88.135
5.500  10.000  9.844  85.694
5.510  10.000  9.776  83.378
5.520  10.000  9.906  81.158
5.530  10.000  9.777  78.902
5.540  10.000  9.847  76.538
5.550  10.000  9.886  74.203
5.560  10.000  9.858  72.076
5.570  10.000  9.839  69.917
5.580  10.000  9.760  67.705
5.590  10.000  9.817  65.546
5.600  10.000  9.767  63.629
5.610  10.000  9.871  61.844
5.620  10.000  9.865  59.838
5.630  10.000  9.889  57.745
5.640  10.000  9.850  55.750
5.650  10.000  9.917  53.960
5.660  10.000  9.740  52.248
5.670  10.000  9.833  50.400
5.680  10.000  9.845  48.484
5.690  10.000  9.855  46.774
5.700  10.000  9.847  45.138
5.710  10.000  9.948  43.426
5.720  10.000  9.796  41.691
5.730  10.000  9.963  39.873
5.740  10.000  9.867  38.133
5.750  10.000  9.976  36.634
5.760  10.000  9.949  35.008
5.770  10.000  9.788  33.251
5.780  10.000  9.832  31.711
5.790  10.000  9.876  30.313
5.800  10.000  9.730  29.016
5.810  10.000  9.713  27.776
5.820  10.000  9.637  26.596
5.830  10.000  9.890  25.407
5.840  10.000  9.878  24.056
5.850  10.000  9.914  22.575
5.860  10.000  9.818  21.258
5.870  10.000  9.600  20.031
5.880  10.000  9.724  18.761
5.890  10.000  9.872  17.639
5.900  10.000  9.731  16.575
5.910  10.000  9.679  15.527
5.920  10.000  9.551  14.531
5.930  10.000  9.552  13.551
5.940  10.000  9.572  12.479
5.950  10.000  9.523  11.214
5.960  10.000  9.381  10.143
5.970  10.000  9.418  9.233
5.980  10.000  9.497  8.111
5.990  10.000  9.328  6.971
6.000  10.000  9.222  5.970
6.010  10.000  9.373  4.952
6.020  10.000  9.351  4.029
6.030  10.000  9.433  3.377
6.040  10.000  9.499  2.872
6.050  10.000  9.686  2.364
6.060  10.000  9.531  1.838
6.070  10.000  9.699  1.344
6.080  10.000  9.728  0.903
6.090  10.000  9.717  0.447
6.100  10.000  9.910  -0.019
6.110  10.000  9.960  -0.625
6.120  10.000  9.759  -1.282
6.130  10.000  9.854  -1.781
6.140  10.000  9.714  -2.126
6.150  10.000  9.835  -2.182
6.160  10.000  9.867  -2.260
6.170  10.000  9.884  -2.667
6.180  10.000  9.852  -3.073
6.190  10.000  9.828  -3.179
6.200  10.000  10.107  -3.296
6.210  10.000  9.766  -3.451
6.220  10.000  9.905  -3.523
6.230  10.000  9.878  -3.644
6.240  10.000  9.956  -3.802
6.250  10.000  10.007  -3.983
6.260  10.000  9.862  -4.072
6.270  10.000  9.933  -4.024
6.280  10.000  10.033  -3.941
6.290  10.000  9.889  -3.934
6.300  10.000  9.958  -4.036
6.310  10.000  9.952  -4.093
6.320  10.000  10.039  -3.937
6.330  10.000  9.983  -3.715
6.340  10.000  9.893  -3.663
6.350  10.000  9.908  -3.576
6.360  10.000  10.017  -3.411
6.370  10.000  10.017  -3.298
6.380  10.000  10.150  -3.162
6.390  10.000  9.931  -3.127
6.400  10.000  9.873  -3.194
6.410  10.000  9.870  -2.992
6.420  10.000  9.964  -2.589
6.430  10.000  10.043  -2.403
6.440  10.000  10.142  -2.409
6.450  10.000  10.085  -2.445
6.460  10.000  10.106  -2.553
6.470  10.000  9.946  -2.491
6.480  10.000  9.991  -2.109
6.490  10.000  9.925  -1.834
6.500  10.000  10.258  -1.857
6.510  10.000  10.112  -1.906
6.520  10.000  10.175  -1.931
6.530  10.000  10.143  -2.010
6.540  10.000  10.015  -2.034
6.550  10.000  10.053  -2.022
6.560  10.000  9.885  -1.965
6.570  10.000  10.071  -1.901
6.580  10.000  10.019  -1.923
6.590  10.000  10.103  -1.935
6.600  10.000  9.889  -1.896
6.610  10.000  10.064  -1.897
6.620  10.000  9.873  -1.814
6.630  10.000  9.833  -1.662
6.640  10.000  9.941  -1.587
6.650  10.000  9.907  -1.586
6.660  10.000  9.830  -1.577
6.670  10.000  10.054  -1.543
6.680  10.000  10.085  -1.509
6.690  10.000  9.838  -1.470
6.700  10.000  9.954  -1.604
6.710  10.000  10.163  -1.900
6.720  10.000  9.782  -2.028
6.730  10.000  9.902  -1.990
6.740  10.000  9.890  -1.904
6.750  10.000  10.114  -1.766
6.760  10.000  9.998  -1.615
6.770  10.000  10.139  -1.527
6.780  10.000  9.925  -1.526
6.790  10.000  10.252  -1.522
6.800  10.000  9.959  -1.544
6.810  10.000  10.065  -1.584
6.820  10.000  9.973  -1.652
6.830  10.000  10.081  -1.540
6.840  10.000  9.941  -1.259
6.850  10.000  10.145  -1.126
6.860  10.000  9.936  -1.029
6.870  10.000  9.888  -0.804
6.880  10.000  9.797  -0.678
6.890  10.000  9.935  -0.618
6.900  10.000  9.928  -0.504
6.910  10.000  10.027  -0.381
6.920  10.000  9.902  -0.141
6.930  10.000  10.045  0.058
6.940  10.000  9.991  0.084
6.950  10.000  10.087  0.102
6.960  10.000  10.165  0.229
6.970  10.000  9.989  0.537
6.980  10.000  10.028  1.017
6.990  10.000  9.891  1.427
7.000  10.000  10.066  1.743
7.010  10.000  10.131  1.971
7.020  10.000  9.978  2.021
7.030  10.000  10.049  1.776
7.040  10.000  9.973  1.458
7.050  10.000  10.229  1.267
7.060  10.000  10.264  1.110
7.070  10.000  10.097  0.937
7.080  10.000  10.112  0.576
7.090  10.000  10.152  0.222
7.100  10.000  10.067  0.143
7.110  10.000  9.959  0.129
7.120  10.000  9.875  -0.030
7.130  10.000  9.883  -0.218
7.140  10.000  9.908  -0.327
7.150  10.000  10.037  -0.323
7.160  10.000  9.946  -0.344
7.170  10.000  9.938  -0.507
7.180  10.000  10.031  -0.784
7.190  10.000  9.864  -0.978
7.200  10.000  10.162  -1.102
7.210  10.000  10.043  -1.286
7.220  10.000  10.001  -1.414
7.230  10.000  10.049  -1.460
7.240  10.000  10.055  -1.649
7.250  10.000  9.848  -1.783
7.260  10.000  10.046  -1.642
7.270  10.000  9.964  -1.616
7.280  10.000  9.706  -1.690
7.290  10.000  9.952  -1.768
7.300  10.000  10.036  -1.870
7.310  10.000  9.904  -1.973
7.320  10.000  9.815  -1.957
7.330  10.000  9.859  -1.744
7.340  10.000  9.799  -1.349
7.350  10.000  9.991  -0.884
7.360  10.000  10.041  -0.555
7.370  10.000  9.748  -0.390
7.380  10.000  9.984  -0.428
7.390  10.000  10.054  -0.703
7.400  10.000  10.187  -0.857
7.410  10.000  10.063  -0.701
7.420  10.000  10.060  -0.547
7.430  10.000  9.977  -0.385
7.440  10.000  10.023  -0.032
7.450  10.000  10.070  0.313
7.460  10.000  10.170  0.287
7.470  10.000  9.956  0.060
7.480  10.000  9.901  0.068
7.490  10.000  10.049  0.268
7.500  10.000  9.931  0.337
7.510  10.000  10.179  0.295
7.520  10.000  9.858  0.348
7.530  10.000  10.048  0.449
7.540  10.000  10.039  0.515
7.550  10.000  10.196  0.618
7.560  10.000  9.957  0.590
7.570  10.000  10.156  0.463
7.580  10.000  10.154  0.377
7.590  10.000  9.835  0.163
7.600  10.000  10.085  -0.130
7.610  10.000  10.066  -0.399
7.620  10.000  10.113  -0.603
7.630  10.000  10.096  -0.658
7.640  10.000  10.016  -0.561
7.650  10.000  9.952  -0.515
7.660  10.000  10.086  -0.635
7.670  10.000  9.953  -0.758
7.680  10.000  9.805  -0.890
7.690  10.000  9.966  -1.040
7.700  10.000  10.111  -1.086
7.710  10.000  9.892  -0.949
7.720  10.000  10.154  -0.866
7.730  10.000  9.997  -0.879
7.740  10.000  10.109  -0.857
7.750  10.000  9.970  -0.853
7.760  10.000  9.922  -0.807
7.770  10.000  10.041  -0.971
7.780  10.000  9.750  -1.158
7.790  10.000  10.014  -1.113
7.800  10.000  9.856  -0.971
7.810  10.000  9.952  -0.879
7.820  10.000  9.929  -0.833
7.830  10.000  9.972  -0.682
7.840  10.000  9.907  -0.527
7.850  10.000  10.140  -0.520
7.860  10.000  9.963  -0.550
7.870  10.000  10.003  -0.471
7.880  10.000  9.960  -0.400
7.890  10.000  9.794  -0.415
7.900  10.000  9.999  -0.517
7.910  10.000  9.834  -0.449
7.920  10.000  10.321  -0.104
7.930  10.000  9.906  0.192
7.940  10.000  10.161  0.295
7.950  10.000  9.965  0.305
7.960  10.000  9.985  0.410
7.970  10.000  9.941  0.575
7.980  10.000  10.078  0.595
7.990  10.000  9.857  0.508
8.000  10.000  10.069  0.531
8.010  10.000  10.019  0.735
8.020  10.000  10.133  0.876
8.030  10.000  10.054  0.876
8.040  10.000  9.981  0.976
8.050  10.000  9.895  1.152
8.060  10.000  10.050  1.233
8.070  10.000  10.012  1.247
8.080  10.000  10.044  1.226
8.090  10.000  9.884  1.160
8.100  10.000  10.159  1.074
8.110  10.000  10.027  0.976
8.120  10.000  10.186  0.838
8.130  10.000  10.083  0.738
8.140  10.000  9.881  0.832
8.150  10.000  10.019  0.962
8.160  10.000  9.872  1.120
8.170  10.000  9.808  1.425
8.180  10.000  10.228  1.615
8.190  10.000  9.869  1.839
8.200  10.000  10.001  2.114
8.210  10.000  9.956  2.192
8.220  10.000  9.935  2.243
8.230  10.000  9.917  2.422
8.240  10.000  9.943  2.683
8.250  10.000  10.110  2.829
8.260  10.000  9.813  2.931
8.270  10.000  9.935  3.175
8.280  10.000  9.861  3.552
8.290  10.000  9.947  3.882
8.300  10.000  9.966  3.931
8.310  10.000  10.185  3.684
8.320  10.000  10.215  3.356
8.330  10.000  10.104  3.190
8.340  10.000  10.015  3.029
8.350  10.000  10.007  2.857
8.360  10.000  10.001  2.950
8.370  10.000  9.866  3.167
8.380  10.000  10.111  3.288
8.390  10.000  9.988  3.303
8.400  10.000  10.168  3.386
8.410  10.000  10.019  3.568
8.420  10.000  10.245  3.523
8.430  10.000  9.915  3.323
8.440  10.000  10.044  3.264
8.450  10.000  10.039  3.318
8.460  10.000  9.900  3.343
8.470  10.000  9.993  3.205
8.480  10.000  10.120  2.967
8.490  10.000  9.891  2.900
8.500  10.000  9.978  2.990
8.510  10.000  9.846  2.834
8.520  10.000  10.025  2.467
8.530  10.000  10.017  2.257
8.540  10.000  9.934  2.178
8.550  10.000  10.045  2.139
8.560  10.000  9.772  2.035
8.570  10.000  9.953  1.856
8.580  10.000  10.054  1.810
8.590  10.000  10.061  1.733
8.600  10.000  9.946  1.627
8.610  10.000  9.973  1.728
8.620  10.000  10.175  1.853
8.630  10.000  10.179  1.883
8.640  10.000  10.270  1.723
8.650  10.000  9.947  1.457
8.660  10.000  10.053  1.492
8.670  10.000  9.982  1.652
8.680  10.000  9.978  1.637
8.690  10.000  9.998  1.659
8.700  10.000  9.953  1.607
8.710  10.000  10.087  1.270
8.720  10.000  9.954  1.135
8.730  10.000  9.978  1.163
8.740  12.500  9.923  0.972
8.750  15.000  10.314  1.016
8.760  17.500  11.221  1.810
8.770  20.000  11.782  3.241
8.780  22.500  14.508  5.296
8.790  25.000  17.532  8.290
8.800  27.500  22.064  12.048
8.810  30.000  25.753  16.413
8.820  32.500  28.307  21.224
8.830  35.000  30.404  26.488
8.840  35.000  33.342  32.112
8.850  35.000  35.517  38.080
8.860  35.000  35.773  43.975
8.870  35.000  35.052  49.228
8.880  35.000  34.003  54.704
8.890  35.000  34.822  60.487
8.900  35.000  35.090  65.989
8.910  35.000  35.726  71.224
8.920  35.000  35.489  76.190
8.930  35.000  34.851  81.097
8.940  35.000  34.975  86.134
8.950  35.000  35.426  90.951
8.960  35.000  35.139  95.818
8.970  35.000  35.059  100.769
8.980  35.000  35.189  105.402
8.990  35.000  34.805  110.441
9.000  35.000  35.516  115.544
9.010  35.000  34.697  120.129
9.020  35.000  35.405  124.522
9.030  35.000  35.602  128.960
9.040  35.000  35.297  133.546
9.050  35.000  35.537  138.110
9.060  35.000  35.168  142.704
9.070  35.000  35.134  146.836
9.080  35.000  35.178  150.649
9.090  35.000  34.720  154.918
9.100  35.000  35.546  159.156
9.110  35.000  34.978  163.358
9.120  35.000  34.938  167.836
9.130  35.000  35.062  172.295
9.140  35.000  34.799  176.605
9.150  35.000  35.358  180.766
9.160  35.000  35.117  184.919
9.170  35.000  35.384  189.019
9.180  35.000  35.339  193.000
9.190  35.000  35.336  197.062
9.200  35.000  34.928  201.131
9.210  35.000  34.574  205.171
9.220  35.000  34.913  209.188
9.230  35.000  35.378  213.222
9.240  35.000  35.400  217.246
9.250  35.000  35.262  221.347
9.260  35.000  35.525  225.354
9.270  35.000  35.627  228.991
9.280  35.000  35.003  232.974
9.290  35.000  34.958  237.085
9.300  35.000  35.752  240.773
9.310  35.000  35.300  244.368
9.320  35.000  35.971  247.927
9.330  35.000  35.294  251.435
9.340  35.000  35.356  254.852
9.350  35.000  35.332  258.079
9.360  35.000  35.149  261.385
9.370  35.000  35.380  264.982
9.380  35.000  34.983  268.627
9.390  35.000  34.929  272.025
9.400  35.000  35.107  275.437
9.410  35.000  35.787  278.732
9.420  35.000  35.040  281.927
9.430  35.000  35.133  285.192
9.440  35.000  34.572  288.489
9.450  35.000  35.035  291.771
9.460  35.000  35.122  294.961
9.470  35.000  35.283  298.144
9.480  35.000  35.513  301.279
9.490  35.000  35.433  304.284
9.500  35.000  35.017  307.331
9.510  35.000  35.222  310.437
9.520  35.000  35.283  313.490
9.530  35.000  35.322  316.594
9.540  35.000  35.615  319.531
9.550  35.000  35.629  322.355
9.560  35.000  35.663  325.343
9.570  35.000  35.577  328.300
9.580  35.000  34.789  330.968
9.590  35.000  34.966  333.524
9.600  35.000  35.499  336.090
9.610  35.000  35.247  338.669
9.620  35.000  35.283  341.369
9.630  35.000  34.988  344.071
9.640  35.000  35.069  346.394
9.650  35.000  35.447  348.615
9.660  35.000  35.224  351.037
9.670  35.000  35.174  353.434
9.680  35.000  35.152  355.756
9.690  35.000  35.307  358.095
9.700  35.000  34.739  360.647
9.710  35.000  34.908  363.014
9.720  35.000  35.022  365.106
9.730  35.000  35.365  367.222
9.740  10.000  35.130  369.248
9.750  10.000  34.449  370.744
9.760  10.000  29.723  370.871
9.770  10.000  25.634  368.805
9.780  10.000  19.987  364.678
9.790  10.000  13.537  359.782
9.800  10.000  10.605  354.381
9.810  10.000  9.481  348.944
9.820  10.000  9.619  344.054
9.830  10.000  9.626  339.190
9.840  10.000  9.658  334.032
9.850  10.000  9.507  329.018
9.860  10.000  9.533  324.260
9.870  10.000  9.561  319.543
9.880  10.000  9.460  314.811
9.890  10.000  9.460  309.574
9.900  10.000  9.446  304.511
9.910  10.000  9.390  299.876
9.920  10.000  9.385  295.328
9.930  10.000  9.268  290.955
9.940  10.000  9.247  286.600
9.950  10.000  9.211  282.204
9.960  10.000  9.191  277.538
9.970  10.000  9.053  272.946
9.980  10.000  9.027  268.036
9.990  10.000  8.895  263.122
10.000  10.000  8.905  258.876
10.010  10.000  8.786  254.485
10.020  10.000  8.900  250.080
10.030  10.000  8.891  245.838
10.040  10.000  9.058  241.675
10.050  10.000  9.095  237.593
10.060  10.000  9.210  233.468
10.070  10.000  9.234  229.435
10.080  10.000  9.289  225.534
10.090  10.000  9.370  221.684
10.100  10.000  9.412  217.811
10.110  10.000  9.621  213.974
10.120  10.000  9.593  210.207
10.130  10.000  9.567  206.346
10.140  10.000  9.571  202.524
10.150  10.000  9.583  198.831
10.160  10.000  9.634  195.170
10.170  10.000  9.599  191.546
10.180  10.000  9.625  187.874
10.190  10.000  9.621  184.405
10.200  10.000  9.664  180.955
10.210  10.000  9.522  177.368
10.220  10.000  9.572  174.002
10.230  10.000  9.523  170.626
10.240  10.000  9.526  166.904
10.250  10.000  9.491  163.203
10.260  10.000  9.445  159.729
10.270  10.000  9.304  156.284
10.280  10.000  9.223  152.945
10.290  10.000  9.252  149.760
10.300  10.000  9.090  146.502
10.310  10.000  9.018  143.181
10.320  10.000  8.959  139.970
10.330  10.000  8.851  136.809
10.340  10.000  8.868  133.650
10.350  10.000  8.878  130.585
10.360  10.000  9.112  127.649
10.370  10.000  9.249  124.786
10.380  10.000  9.393  121.889
10.390  10.000  9.470  119.073
10.400  10.000  9.565  116.407
10.410  10.000  9.681  113.860
10.420  10.000  9.648  111.196
10.430  10.000  9.724  108.310
10.440  10.000  9.748  105.546
10.450  10.000  9.763  102.837
10.460  10.000  9.843  100.249
10.470  10.000  9.756  97.839
10.480  10.000  9.782  95.516
10.490  10.000  9.809  93.236
10.500  10.000  9.926  90.976
10.510  10.000  9.815  88.561
10.520  10.000  9.794  86.044
10.530  10.000  9.795  83.842
10.540  10.000  9.830  81.880
10.550  10.000  9.902  79.764
10.560  10.000  9.891  77.425
10.570  10.000  9.772  75.193
10.580  10.000  9.805  72.989
10.590  10.000  9.881  70.902
10.600  10.000  9.951  68.963
10.610  10.000  9.830  66.813
10.620  10.000  9.849  64.644
10.630  10.000  9.998  62.649
10.640  10.000  9.887  60.885
10.650  10.000  9.851  59.143
10.660  10.000  9.715  57.184
10.670  10.000  9.793  55.071
10.680  10.000  9.828  53.053
10.690  10.000  9.862  51.230
10.700  10.000  9.861  49.317
10.710  10.000  9.894  47.364
10.720  10.000  9.867  45.656
10.730  10.000  9.931  44.112
10.740  10.000  9.780  42.411
10.750  10.000  9.817  40.604
10.760  10.000  9.933  38.965
10.770  10.000  9.936  37.550
10.780  10.000  9.902  36.214
10.790  10.000  9.701  34.768
10.800  10.000  9.812  33.260
10.810  10.000  9.800  31.782
10.820  10.000  9.819  30.456
10.830  10.000  9.899  29.201
10.840  10.000  9.739  27.804
10.850  10.000  9.810  26.404
10.860  10.000  9.838  25.108
10.870  10.000  9.653  23.957
10.880  10.000  9.727  22.909
10.890  10.000  9.673  21.750
10.900  10.000  9.801  20.483
10.910  10.000  9.650  19.342
10.920  10.000  9.613  18.475
10.930  10.000  9.615  17.608
10.940  10.000  9.551  16.676
10.950  10.000  9.374  15.715
10.960  10.000  9.406  14.467
10.970  10.000  9.433  13.069
10.980  10.000  9.369  11.847
10.990  10.000  9.310  10.767
11.000  10.000  9.259  9.786
11.010  10.000  9.270  8.801
11.020  10.000  9.296  7.887
11.030  10.000  9.474  7.155
11.040  10.000  9.648  6.492
11.050  10.000  9.627  5.837
11.060  10.000  9.583  5.271
11.070  10.000  9.725  4.879
11.080  10.000  9.813  4.538
11.090  10.000  9.735  4.185
11.100  10.000  9.817  3.788
11.110  10.000  9.876  3.299
11.120  10.000  9.536  2.824
11.130  10.000  9.909  2.320
11.140  10.000  9.820  1.786
11.150  10.000  9.952  1.509
11.160  10.000  9.957  1.278
11.170  10.000  9.955  1.055
11.180  10.000  9.832  1.233
11.190  10.000  9.849  1.427
11.200  10.000  9.968  1.269
11.210  10.000  9.888  1.055
11.220  10.000  9.999  0.850
11.230  10.000  10.092  0.618
11.240  10.000  10.050  0.380
11.250  10.000  9.891  0.109
11.260  10.000  10.098  -0.265
11.270  10.000  9.801  -0.463
11.280  10.000  9.816  -0.270
11.290  10.000  9.870  -0.174
11.300  10.000  10.114  -0.466
11.310  10.000  9.917  -0.743
11.320  10.000  9.966  -0.786
11.330  10.000  10.155  -0.729
11.340  10.000  9.884  -0.465
11.350  10.000  9.975  -0.177
11.360  10.000  9.781  -0.184
11.370  10.000  9.963  -0.253
11.380  10.000  9.891  -0.183
11.390  10.000  9.967  -0.165
11.400  10.000  10.026  -0.310
11.410  10.000  9.853  -0.441
11.420  10.000  10.103  -0.531
11.430  10.000  9.925  -0.586
11.440  10.000  9.989  -0.441
11.450  10.000  10.032  -0.205
11.460  10.000  9.991  -0.025
11.470  10.000  9.776  0.231
11.480  10.000  10.053  0.422
11.490  10.000  9.936  0.394
11.500  10.000  10.146  0.395
11.510  10.000  10.092  0.507
11.520  10.000  10.129  0.606
11.530  10.000  10.209  0.690
11.540  10.000  10.035  0.789
11.550  10.000  10.172  0.872
11.560  10.000  9.982  0.896
11.570  10.000  10.080  0.732
11.580  10.000  10.211  0.388
11.590  10.000  10.013  0.145
11.600  10.000  10.071  0.007
11.610  10.000  9.813  -0.067
11.620  10.000  10.102  -0.085
11.630  10.000  10.066  -0.098
11.640  10.000  10.073  -0.018
11.650  10.000  10.062  0.017
11.660  10.000  9.949  -0.138
11.670  10.000  9.946  -0.329
11.680  10.000  10.063  -0.438
11.690  10.000  9.956  -0.460
11.700  10.000  10.048  -0.527
11.710  10.000  9.949  -0.695
11.720  10.000  9.957  -0.907
11.730  10.000  9.928  -1.143
11.740  10.000  10.002  -1.316
11.750  10.000  9.929  -1.501
11.760  10.000  9.828  -1.617
11.770  10.000  10.000  -1.671
11.780  10.000  10.002  -1.828
11.790  10.000  9.988  -1.973
11.800  10.000  9.875  -2.122
11.810  10.000  10.047  -2.388
11.820  10.000  10.036  -2.624
11.830  10.000  9.967  -2.778
11.840  10.000  10.111  -3.018
11.850  10.000  9.930  -3.307
11.860  10.000  10.024  -3.559
11.870  10.000  9.904  -3.782
11.880  10.000  9.867  -3.917
11.890  10.000  9.889  -3.838
11.900  10.000  10.073  -3.785
11.910  10.000  9.977  -3.871
11.920  10.000  10.149  -3.934
11.930  10.000  10.073  -4.079
11.940  10.000  9.871  -4.129
11.950  10.000  9.901  -3.996
11.960  10.000  9.949  -3.842
11.970  10.000  10.189  -3.782
11.980  10.000  9.883  -3.874
11.990  10.000  10.018  -4.045
12.000  10.000  10.091  -4.254
12.010  10.000  9.887  -4.394
12.020  10.000  10.012  -4.413
12.030  10.000  9.817  -4.447
12.040  10.000  10.032  -4.616
12.050  10.000  9.920  -4.847
12.060  10.000  10.079  -4.849
12.070  10.000  9.930  -4.659
12.080  10.000  10.066  -4.538
12.090  10.000  9.887  -4.306
12.100  10.000  10.029  -4.091
12.110  10.000  9.933  -4.032
12.120  10.000  10.208  -3.949
12.130  10.000  9.880  -3.859
12.140  10.000  10.098  -3.685
12.150  10.000  10.128  -3.556
12.160  10.000  10.070  -3.478
12.170  10.000  10.124  -3.404
12.180  10.000  10.066  -3.429
12.190  10.000  9.840  -3.477
12.200  10.000  9.880  -3.559
12.210  10.000  9.897  -3.556
12.220  10.000  10.204  -3.439
12.230  10.000  9.991  -3.339
12.240  10.000  9.972  -3.307
12.250  10.000  10.140  -3.379
12.260  10.000  10.048  -3.429
12.270  10.000  10.102  -3.511
12.280  10.000  9.997  -3.739
12.290  10.000  9.811  -3.956
12.300  10.000  10.124  -3.942
12.310  10.000  9.981  -3.779
12.320  10.000  10.063  -3.673
12.330  10.000  10.148  -3.797
12.340  10.000  9.999  -4.074
12.350  10.000  10.024  -4.202
12.360  10.000  10.022  -4.166
12.370  10.000  9.851  -4.108
12.380  10.000  9.770  -4.048
12.390  10.000  9.925  -3.976
12.400  10.000  10.044  -3.959
12.410  10.000  10.082  -4.146
12.420  10.000  10.107  -4.423
12.430  10.000  10.020  -4.587
12.440  10.000  10.020  -4.682
12.450  10.000  10.064  -4.734
12.460  10.000  9.876  -4.581
12.470  10.000  9.901  -4.311
12.480  10.000  9.922  -4.017
12.490  10.000  9.983  -3.625
12.500  10.000  10.174  -3.428
12.510  10.000  10.096  -3.473
12.520  10.000  9.925  -3.537
12.530  10.000  9.993  -3.602
12.540  10.000  9.939  -3.746
12.550  10.000  9.927  -3.847
12.560  10.000  10.014  -3.846
12.570  10.000  10.111  -4.055
12.580  10.000  10.036  -4.469
12.590  10.000  9.947  -4.790
12.600  10.000  10.197  -5.102
12.610  10.000  10.033  -5.271
12.620  10.000  9.919  -5.226
12.630  10.000  9.685  -5.237
12.640  10.000  9.899  -5.349
12.650  10.000  10.098  -5.487
12.660  10.000  10.026  -5.732
12.670  10.000  10.106  -5.883
12.680  10.000  9.999  -5.770
12.690  10.000  10.099  -5.745
12.700  10.000  10.177  -5.833
12.710  10.000  9.804  -5.801
12.720  10.000  9.935  -5.815
12.730  10.000  10.095  -6.045
12.740  10.000  9.990  -6.234
12.750  10.000  9.929  -6.328
12.760  10.000  10.064  -6.549
12.770  10.000  9.843  -6.746
12.780  10.000  10.065  -6.748
12.790  10.000  9.844  -6.660
12.800  10.000  10.113  -6.555
12.810  10.000  9.923  -6.415
12.820  10.000  9.941  -6.202
12.830  10.000  10.023  -6.072
12.840  10.000  9.888  -6.075
12.850  10.000  9.871  -6.080
12.860  10.000  9.782  -6.029
12.870  10.000  10.012  -5.957
12.880  10.000  9.944  -5.717
12.890  10.000  9.943  -5.282
12.900  10.000  10.049  -5.002
12.910  10.000  9.974  -4.921
12.920  10.000  10.045  -4.814
12.930  10.000  10.083  -4.638
12.940  10.000  10.049  -4.466
12.950  10.000  10.064  -4.425
12.960  10.000  10.050  -4.524
12.970  10.000  10.057  -4.532
12.980  10.000  9.944  -4.396
12.990  10.000  10.051  -4.359
13.000  10.000  10.179  -4.447
13.010  10.000  9.905  -4.426
13.020  10.000  10.114  -4.355
13.030  10.000  10.072  -4.263
13.040  10.000  10.064  -4.091
13.050  10.000  10.029  -4.054
13.060  10.000  9.947  -4.212
13.070  10.000  10.090  -4.264
13.080  10.000  10.083  -4.137
13.090  10.000  9.967  -4.107
13.100  10.000  10.082  -4.194
13.110  10.000  10.022  -4.229
13.120  10.000  10.105  -4.283
13.130  10.000  10.096  -4.418
13.140  10.000  9.696  -4.332
13.150  10.000  10.042  -4.085
13.160  10.000  9.893  -3.889
13.170  10.000  9.843  -3.719
13.180  10.000  9.931  -3.767
13.190  10.000  10.075  -3.972
13.200  10.000  9.989  -4.213
13.210  10.000  9.994  -4.329
13.220  10.000  10.002  -4.160
13.230  10.000  9.913  -3.977
13.240  10.000  10.010  -3.964
13.250  10.000  10.112  -3.938
13.260  10.000  10.002  -3.891
13.270  10.000  9.972  -3.888
13.280  10.000  10.027  -3.964
13.290  10.000  10.072  -4.109
13.300  10.000  10.072  -4.286
13.310  10.000  10.145  -4.370
13.320  10.000  9.916  -4.361
13.330  10.000  10.075  -4.421
13.340  10.000  9.978  -4.626
13.350  10.000  10.175  -4.943
13.360  10.000  10.039  -5.130
13.370  10.000  9.835  -5.171
13.380  10.000  9.984  -5.178
13.390  10.000  9.955  -5.111
13.400  10.000  10.164  -5.082
13.410  10.000  9.931  -5.241
13.420  10.000  9.934  -5.345
13.430  10.000  9.783  -5.345
13.440  10.000  9.801  -5.368
13.450  10.000  9.975  -5.399
13.460  10.000  10.102  -5.405
13.470  10.000  9.879  -5.489
13.480  10.000  10.252  -5.704
13.490  10.000  9.967  -5.929
13.500  10.000  10.002  -6.122
13.510  10.000  9.975  -6.300
13.520  10.000  9.996  -6.340
13.530  10.000  9.972  -6.284
13.540  10.000  9.805  -6.198
13.550  10.000  9.856  -5.873
13.560  10.000  9.938  -5.573
13.570  10.000  9.977  -5.501
13.580  10.000  9.940  -5.342
13.590  10.000  9.879  -5.073
13.600  10.000  10.033  -4.872
13.610  10.000  10.183  -4.822
13.620  10.000  10.088  -4.916
13.630  10.000  10.309  -5.047
13.640  10.000  10.088  -5.024
13.650  10.000  10.060  -5.000
13.660  10.000  10.020  -5.160
13.670  10.000  10.081  -5.295
13.680  10.000  9.998  -5.327
13.690  10.000  9.781  -5.242
13.700  10.000  9.995  -5.105
13.710  10.000  9.918  -5.064
13.720  10.000  10.038  -5.120
13.730  10.000  9.859  -5.046
13.740  10.000  10.057  -4.894
13.750  12.500  9.986  -4.710
13.760  15.000  10.212  -4.067
13.770  17.500  11.205  -2.918
13.780  20.000  12.030  -1.293
13.790  22.500  14.704  1.097
13.800  25.000  17.794  4.277
13.810  27.500  21.864  8.010
13.820  30.000  25.737  12.182
13.830  32.500  28.670  17.035
13.840  35.000  30.574  22.273
13.850  35.000  33.893  27.493
13.860  35.000  35.422  32.686
13.870  35.000  35.435  37.675
13.880  35.000  34.298  42.826
13.890  35.000  34.334  48.141
13.900  35.000  34.817  53.398
13.910  35.000  35.449  58.694
13.920  35.000  35.497  63.710
13.930  35.000  35.124  68.779
13.940  35.000  35.232  73.830
13.950  35.000  35.160  78.682
13.960  35.000  35.517  83.510
13.970  35.000  35.074  88.224
13.980  35.000  35.024  92.803
13.990  35.000  34.715  97.398
14.000  35.000  35.182  102.195
14.010  35.000  35.329  107.014
14.020  35.000  34.737  111.787
14.030  35.000  35.116  116.515
14.040  35.000  35.267  121.197
14.050  35.000  35.934  125.730
14.060  35.000  35.173  130.547
14.070  35.000  35.295  135.417
14.080  35.000  34.907  139.825
14.090  35.000  34.762  144.377
14.100  35.000  35.407  148.873
14.110  35.000  34.841  153.458
14.120  35.000  35.113  158.242
14.130  35.000  35.039  162.821
14.140  35.000  35.600  167.303
14.150  35.000  35.021  171.771
14.160  35.000  35.138  175.944
14.170  35.000  35.759  179.728
14.180  35.000  35.498  183.724
14.190  35.000  34.826  187.704
14.200  35.000  34.808  191.789
14.210  35.000  34.698  196.173
14.220  35.000  35.147  200.263
14.230  35.000  35.232  203.985
14.240  35.000  35.220  207.764
14.250  35.000  35.505  211.612
14.260  35.000  35.526  215.452
14.270  35.000  35.175  219.413
14.280  35.000  34.635  223.417
14.290  35.000  35.164  227.168
14.300  35.000  35.549  230.805
14.310  35.000  35.891  234.531
14.320  35.000  35.301  238.351
14.330  35.000  35.341  242.155
14.340  35.000  35.269  245.707
14.350  35.000  35.811  249.241
14.360  35.000  35.514  252.757
14.370  35.000  35.674  256.143
14.380  35.000  34.964  259.464
14.390  35.000  35.235  262.751
14.400  35.000  35.132  266.048
14.410  35.000  34.722  269.429
14.420  35.000  35.238  272.686
14.430  35.000  35.467  275.739
14.440  35.000  35.292  278.933
14.450  35.000  34.772  282.270
14.460  35.000  34.920  285.515
14.470  35.000  35.214  288.699
14.480  35.000  35.430  291.886
14.490  35.000  35.322  294.975
14.500  35.000  35.146  297.997
14.510  35.000  34.627  301.161
14.520  35.000  34.589  304.558
14.530  35.000  35.161  307.736
14.540  35.000  35.716  310.553
14.550  35.000  35.888  313.320
14.560  35.000  35.446  316.254
14.570  35.000  35.580  319.257
14.580  35.000  35.498  322.064
14.590  35.000  35.633  324.715
14.600  35.000  34.786  327.476
14.610  35.000  35.174  330.390
14.620  35.000  35.219  333.228
14.630  35.000  35.474  335.798
14.640  35.000  35.244  338.306
14.650  35.000  35.317  340.982
14.660  35.000  34.833  343.647
14.670  35.000  35.605  346.129
14.680  35.000  35.776  348.574
14.690  35.000  34.952  351.041
14.700  35.000  35.061  353.208
14.710  35.000  34.800  355.193
14.720  35.000  34.686  357.357
14.730  35.000  34.996  359.815
14.740  35.000  35.147  362.354
14.750  10.000  35.310  364.673
14.760  10.000  33.958  366.338
14.770  10.000  30.066  366.690
14.780  10.000  25.713  364.822
14.790  10.000  19.968  360.469
14.800  10.000  13.649  355.249
14.810  10.000  10.665  350.041
14.820  10.000  9.533  344.636
14.830  10.000  9.620  339.543
14.840  10.000  9.693  334.917
14.850  10.000  9.547  329.855
14.860  10.000  9.461  324.601
14.870  10.000  9.434  319.665
14.880  10.000  9.627  314.596
14.890  10.000  9.544  309.772
14.900  10.000  9.452  305.201
14.910  10.000  9.397  300.535
14.920  10.000  9.345  295.746
14.930  10.000  9.336  291.004
14.940  10.000  9.262  286.408
14.950  10.000  9.248  281.970
14.960  10.000  9.233  277.487
14.970  10.000  9.219  272.874
14.980  10.000  9.149  268.477
14.990  10.000  9.039  264.085
15.000  10.000  8.913  259.587
15.010  10.000  8.881  255.080
15.020  10.000  8.878  250.762
15.030  10.000  8.891  246.582
15.040  10.000  8.997  242.186
15.050  10.000  9.034  237.979
15.060  10.000  9.125  234.052
15.070  10.000  9.208  230.136
15.080  10.000  9.190  226.122
15.090  10.000  9.247  222.134
15.100  10.000  9.479  218.147
15.110  10.000  9.508  214.200
15.120  10.000  9.413  210.403
15.130  10.000  9.512  206.656
15.140  10.000  9.549  202.875
15.150  10.000  9.734  199.083
15.160  10.000  9.619  195.340
15.170  10.000  9.737  191.568
15.180  10.000  9.580  187.851
15.190  10.000  9.505  184.242
15.200  10.000  9.644  180.698
15.210  10.000  9.673  177.132
15.220  10.000  9.643  173.663
15.230  10.000  9.489  170.251
15.240  10.000  9.621  166.674
15.250  10.000  9.488  163.157
15.260  10.000  9.396  159.891
15.270  10.000  9.442  156.525
15.280  10.000  9.376  153.187
15.290  10.000  9.236  150.072
15.300  10.000  9.149  146.860
15.310  10.000  9.048  143.548
15.320  10.000  9.061  140.163
15.330  10.000  9.022  136.777
15.340  10.000  8.819  133.568
15.350  10.000  8.847  130.415
15.360  10.000  8.947  127.341
15.370  10.000  9.167  124.359
15.380  10.000  9.310  121.219
15.390  10.000  9.355  118.162
15.400  10.000  9.296  115.324
15.410  10.000  9.541  112.644
15.420  10.000  9.718  110.140
15.430  10.000  9.661  107.562
15.440  10.000  9.695  104.989
15.450  10.000  9.677  102.482
15.460  10.000  9.764  100.008
15.470  10.000  9.635  97.748
15.480  10.000  9.797  95.437
15.490  10.000  9.941  93.017
15.500  10.000  9.749  90.786
15.510  10.000  9.905  88.598
15.520  10.000  9.840  86.339
15.530  10.000  9.902  83.926
15.540  10.000  9.812  81.624
15.550  10.000  9.843  79.489
15.560  10.000  9.842  77.152
15.570  10.000  9.817  74.848
15.580  10.000  9.815  72.733
15.590  10.000  9.937  70.708
15.600  10.000  9.859  68.740
15.610  10.000  9.748  66.757
15.620  10.000  9.829  64.655
15.630  10.000  9.833  62.583
15.640  10.000  9.934  60.631
15.650  10.000  9.837  58.729
15.660  10.000  9.917  56.908
15.670  10.000  9.887  55.175
15.680  10.000  9.762  53.565
15.690  10.000  9.824  51.976
15.700  10.000  9.830  50.385
15.710  10.000  9.953  48.828
15.720  10.000  9.827  47.296
15.730  10.000  9.791  45.939
15.740  10.000  9.904  44.487
15.750  10.000  9.874  42.779
15.760  10.000  9.696  41.293
15.770  10.000  9.922  39.917
15.780  10.000  10.073  38.350
15.790  10.000  9.925  36.793
15.800  10.000  9.824  35.359
15.810  10.000  9.737  34.030
15.820  10.000  9.721  32.638
15.830  10.000  9.744  31.147
15.840  10.000  9.930  29.612
15.850  10.000  9.744  28.167
15.860  10.000  9.835  26.920
15.870  10.000  9.846  25.712
15.880  10.000  9.803  24.533
15.890  10.000  9.742  23.289
15.900  10.000  9.687  21.950
15.910  10.000  9.679  20.730
15.920  10.000  9.737  19.670
15.930  10.000  9.666  18.808
15.940  10.000  9.664  17.964
15.950  10.000  9.631  16.880
15.960  10.000  9.510  15.731
15.970  10.000  9.491  14.696
15.980  10.000  9.489  13.690
15.990  10.000  9.398  12.692
16.000  10.000  9.393  11.733
16.010  10.000  9.314  10.830
16.020  10.000  9.058  10.155
16.030  10.000  9.240  9.496
16.040  10.000  9.518  8.524
16.050  10.000  9.502  7.326
16.060  10.000  9.559  6.349
16.070  10.000  9.597  5.679
16.080  10.000  9.648  5.036
16.090  10.000  9.695  4.450
16.100  10.000  9.750  3.899
16.110  10.000  9.677  3.225
16.120  10.000  9.706  2.563
16.130  10.000  9.794  2.142
16.140  10.000  9.800  1.788
16.150  10.000  9.845  1.421
16.160  10.000  9.856  1.153
16.170  10.000  9.674  0.973
16.180  10.000  9.944  0.593
16.190  10.000  9.945  0.115
16.200  10.000  9.739  0.053
16.210  10.000  10.068  0.198
16.220  10.000  9.744  0.283
16.230  10.000  10.041  0.408
16.240  10.000  10.097  0.369
16.250  10.000  9.818  0.208
16.260  10.000  9.897  0.172
16.270  10.000  10.087  0.102
16.280  10.000  9.877  0.031
16.290  10.000  9.864  0.164
16.300  10.000  9.729  0.355
16.310  10.000  10.047  0.450
16.320  10.000  9.960  0.616
16.330  10.000  9.958  0.750
16.340  10.000  10.069  0.759
16.350  10.000  10.053  0.892
16.360  10.000  10.141  0.963
16.370  10.000  10.037  0.934
16.380  10.000  10.085  1.035
16.390  10.000  9.955  1.172
16.400  10.000  10.151  1.175
16.410  10.000  10.254  1.019
16.420  10.000  10.038  0.803
16.430  10.000  10.030  0.644
16.440  10.000  9.916  0.618
16.450  10.000  10.191  0.783
16.460  10.000  9.939  0.884
16.470  10.000  10.123  0.707
16.480  10.000  10.110  0.465
16.490  10.000  9.974  0.385
16.500  10.000  9.985  0.353
16.510  10.000  10.043  0.251
16.520  10.000  9.860  0.284
16.530  10.000  9.992  0.372
16.540  10.000  9.980  0.268
16.550  10.000  10.027  0.073
16.560  10.000  10.014  -0.064
16.570  10.000  10.119  -0.154
16.580  10.000  9.918  -0.249
16.590  10.000  10.053  -0.346
16.600  10.000  9.952  -0.531
16.610  10.000  10.036  -0.799
16.620  10.000  10.116  -0.956
16.630  10.000  9.994  -1.214
16.640  10.000  9.939  -1.580
16.650  10.000  9.990  -1.603
16.660  10.000  10.255  -1.540
16.670  10.000  9.927  -1.570
16.680  10.000  9.867  -1.501
16.690  10.000  9.932  -1.418
16.700  10.000  10.090  -1.492
16.710  10.000  9.843  -1.566
16.720  10.000  9.993  -1.638
16.730  10.000  9.910  -1.670
16.740  10.000  9.941  -1.582
16.750  10.000  9.927  -1.654
16.760  10.000  9.956  -1.813
16.770  10.000  9.927  -1.829
16.780  10.000  9.807  -1.787
16.790  10.000  9.949  -1.827
16.800  10.000  9.870  -1.839
16.810  10.000  9.901  -1.812
16.820  10.000  9.980  -1.800
16.830  10.000  10.012  -1.734
16.840  10.000  9.846  -1.528
16.850  10.000  10.146  -1.252
16.860  10.000  9.936  -1.038
16.870  10.000  10.042  -0.989
16.880  10.000  9.980  -1.156
16.890  10.000  10.082  -1.457
16.900  10.000  10.034  -1.754
16.910  10.000  9.967  -1.842
16.920  10.000  10.167  -1.671
16.930  10.000  10.015  -1.604
16.940  10.000  9.899  -1.654
16.950  10.000  10.029  -1.670
16.960  10.000  9.945  -1.493
16.970  10.000  10.063  -1.248
16.980  10.000  10.027  -1.308
16.990  10.000  10.208  -1.510
17.000  10.000  10.001  -1.623
17.010  10.000  10.095  -1.508
17.020  10.000  10.110  -1.391
17.030  10.000  9.971  -1.361
17.040  10.000  9.996  -1.283
17.050  10.000  10.140  -1.305
17.060  10.000  10.022  -1.402
17.070  10.000  9.977  -1.458
17.080  10.000  10.049  -1.554
17.090  10.000  10.027  -1.765
17.100  10.000  10.002  -2.012
17.110  10.000  9.949  -2.247
17.120  10.000  10.044  -2.301
17.130  10.000  9.963  -2.248
17.140  10.000  9.991  -2.341
17.150  10.000  9.766  -2.452
17.160  10.000  9.959  -2.524
17.170  10.000  9.945  -2.484
17.180  10.000  9.784  -2.258
17.190  10.000  9.859  -2.083
17.200  10.000  10.105  -1.937
17.210  10.000  9.830  -1.620
17.220  10.000  9.931  -1.464
17.230  10.000  10.080  -1.538
17.240  10.000  9.897  -1.493
17.250  10.000  10.008  -1.346
17.260  10.000  9.976  -1.289
17.270  10.000  10.294  -1.373
17.280  10.000  9.884  -1.340
17.290  10.000  10.213  -1.298
17.300  10.000  9.995  -1.447
17.310  10.000  10.146  -1.506
17.320  10.000  10.151  -1.577
17.330  10.000  9.943  -1.791
17.340  10.000  10.035  -1.952
17.350  10.000  9.942  -2.050
17.360  10.000  10.148  -2.219
17.370  10.000  10.048  -2.527
17.380  10.000  10.153  -2.777
17.390  10.000  9.920  -2.797
17.400  10.000  9.979  -2.674
17.410  10.000  9.958  -2.609
17.420  10.000  9.936  -2.636
17.430  10.000  10.036  -2.874
17.440  10.000  9.933  -3.290
17.450  10.000  10.059  -3.525
17.460  10.000  10.081  -3.553
17.470  10.000  9.995  -3.418
17.480  10.000  9.899  -3.251
17.490  10.000  9.974  -3.310
17.500  10.000  9.968  -3.439
17.510  10.000  10.022  -3.414
17.520  10.000  9.890  -3.266
17.530  10.000  9.912  -3.070
17.540  10.000  9.743  -2.855
17.550  10.000  9.953  -2.719
17.560  10.000  10.147  -2.690
17.570  10.000  10.007  -2.610
17.580  10.000  10.150  -2.615
17.590  10.000  10.054  -2.553
17.600  10.000  9.989  -2.183
17.610  10.000  10.169  -1.864
17.620  10.000  10.022  -1.650
17.630  10.000  9.842  -1.343
17.640  10.000  9.937  -1.163
17.650  10.000  10.085  -1.166
17.660  10.000  9.958  -1.217
17.670  10.000  9.918  -1.352
17.680  10.000  10.189  -1.591
17.690  10.000  9.865  -1.826
17.700  10.000  10.020  -1.926
17.710  10.000  10.056  -2.019
17.720  10.000  10.168  -2.136
17.730  10.000  10.065  -2.163
17.740  10.000  10.008  -2.114
17.750  10.000  10.022  -2.051
17.760  10.000  10.059  -2.021
17.770  10.000  9.850  -2.026
17.780  10.000  9.959  -1.956
17.790  10.000  9.790  -1.845
17.800  10.000  10.193  -1.756
17.810  10.000  9.878  -1.746
17.820  10.000  9.833  -1.769
17.830  10.000  9.914  -1.697
17.840  10.000  9.824  -1.549
17.850  10.000  9.960  -1.220
17.860  10.000  9.965  -0.838
17.870  10.000  10.012  -0.750
17.880  10.000  9.941  -0.846
17.890  10.000  9.997  -0.890
17.900  10.000  10.146  -0.907
17.910  10.000  9.846  -0.911
17.920  10.000  10.217  -0.877
17.930  10.000  9.903  -0.695
17.940  10.000  10.195  -0.504
17.950  10.000  10.002  -0.427
17.960  10.000  10.053  -0.482
17.970  10.000  10.023  -0.613
17.980  10.000  10.215  -0.679
17.990  10.000  10.124  -0.693
18.000  10.000  10.027  -0.782
18.010  10.000  9.940  -0.950
18.020  10.000  9.806  -1.017
18.030  10.000  9.880  -0.837
18.040  10.000  10.116  -0.466
18.050  10.000  9.843  -0.251
18.060  10.000  10.168  -0.457
18.070  10.000  10.066  -0.822
18.080  10.000  10.080  -0.835
18.090  10.000  10.028  -0.555
18.100  10.000  9.887  -0.286
18.110  10.000  10.125  -0.351
18.120  10.000  9.951  -0.633
18.130  10.000  10.040  -0.784
18.140  10.000  10.033  -0.721
18.150  10.000  9.809  -0.578
18.160  10.000  10.034  -0.620
18.170  10.000  9.947  -0.722
18.180  10.000  9.963  -0.720
18.190  10.000  10.028  -0.810
18.200  10.000  10.086  -1.229
18.210  10.000  9.961  -1.628
18.220  10.000  10.060  -1.876
18.230  10.000  9.777  -2.162
18.240  10.000  10.093  -2.499
18.250  10.000  9.907  -2.729
18.260  10.000  9.843  -2.592
18.270  10.000  10.067  -2.408
18.280  10.000  10.145  -2.328
18.290  10.000  9.951  -2.178
18.300  10.000  9.966  -2.148
18.310  10.000  10.011  -2.266
18.320  10.000  9.962  -2.256
18.330  10.000  9.961  -2.050
18.340  10.000  9.951  -1.893
18.350  10.000  10.144  -1.925
18.360  10.000  10.106  -1.966
18.370  10.000  10.074  -1.853
18.380  10.000  9.852  -1.567
18.390  10.000  10.142  -1.381
18.400  10.000  9.975  -1.317
18.410  10.000  10.001  -1.245
18.420  10.000  10.254  -1.388
18.430  10.000  9.856  -1.661
18.440  10.000  10.331  -1.996
18.450  10.000  9.956  -2.368
18.460  10.000  10.004  -2.695
18.470  10.000  9.840  -2.838
18.480  10.000  10.036  -2.691
18.490  10.000  9.858  -2.512
18.500  10.000  10.053  -2.485
18.510  10.000  9.766  -2.322
18.520  10.000  9.978  -1.976
18.530  10.000  10.001  -1.831
18.540  10.000  9.990  -1.793
18.550  10.000  9.864  -1.652
18.560  10.000  9.867  -1.495
18.570  10.000  10.014  -1.517
18.580  10.000  9.880  -1.652
18.590  10.000  10.151  -1.769
18.600  10.000  9.948  -1.846
18.610  10.000  10.068  -1.821
18.620  10.000  10.009  -1.645
18.630  10.000  10.108  -1.497
18.640  10.000  9.875  -1.544
18.650  10.000  9.881  -1.648
18.660  10.000  9.906  -1.676
18.670  10.000  10.047  -1.680
18.680  10.000  9.992  -1.690
18.690  10.000  10.183  -1.701
18.700  10.000  9.995  -1.628
18.710  10.000  9.965  -1.499
18.720  10.000  10.078  -1.453
18.730  10.000  9.853  -1.268
18.740  10.000  9.906  -0.910
18.750  10.000  9.917  -0.642
18.760  12.500  10.085  -0.374
18.770  15.000  10.276  0.232
18.780  17.500  11.419  1.220
18.790  20.000  12.200  2.764
18.800  22.500  14.676  5.081
18.810  25.000  17.552  8.247
18.820  27.500  21.794  12.182
18.830  30.000  25.463  16.690
18.840  32.500  28.635  21.805
18.850  35.000  30.656  27.158
18.860  35.000  33.344  32.567
18.870  35.000  35.893  37.868
18.880  35.000  34.943  43.013
18.890  35.000  34.748  48.121
18.900  35.000  34.443  53.165
18.910  35.000  35.038  58.523
18.920  35.000  35.536  63.993
18.930  35.000  35.388  69.284
18.940  35.000  34.989  74.575
18.950  35.000  34.936  79.819
18.960  35.000  35.501  84.875
18.970  35.000  35.182  90.037
18.980  35.000  35.344  95.330
18.990  35.000  35.193  100.292
19.000  35.000  35.086  104.882
19.010  35.000  34.960  109.302
19.020  35.000  34.917  113.947
19.030  35.000  34.803  118.876
19.040  35.000  35.477  123.738
19.050  35.000  35.072  128.471
19.060  35.000  34.963  133.308
19.070  35.000  35.099  138.223
19.080  35.000  35.276  143.026
19.090  35.000  35.617  147.638
19.100  35.000  34.931  152.150
19.110  35.000  35.479  156.803
19.120  35.000  35.585  161.393
19.130  35.000  35.371  165.946
19.140  35.000  34.711  170.349
19.150  35.000  34.824  174.537
19.160  35.000  35.345  178.783
19.170  35.000  35.210  183.010
19.180  35.000  35.292  187.118
19.190  35.000  35.017  191.250
19.200  35.000  34.991  195.570
19.210  35.000  35.538  199.598
19.220  35.000  35.533  202.973
19.230  35.000  35.226  206.678
19.240  35.000  34.547  210.902
19.250  35.000  34.769  214.872
19.260  35.000  35.155  218.727
19.270  35.000  35.803  222.446
19.280  35.000  35.385  225.881
19.290  35.000  34.924  229.524
19.300  35.000  35.126  233.355
19.310  35.000  35.281  237.015
19.320  35.000  34.993  240.818
19.330  35.000  35.225  244.440
19.340  35.000  35.562  248.083
19.350  35.000  35.567  252.030
19.360  35.000  35.329  255.741
19.370  35.000  35.145  259.449
19.380  35.000  35.355  263.327
19.390  35.000  35.899  267.098
19.400  35.000  35.669  270.617
19.410  35.000  35.044  273.960
19.420  35.000  34.911  277.257
19.430  35.000  35.003  280.583
19.440  35.000  35.533  283.828
19.450  35.000  35.781  286.909
19.460  35.000  35.528  289.971
19.470  35.000  34.848  293.099
19.480  35.000  34.317  296.254
19.490  35.000  34.593  299.395
19.500  35.000  35.485  302.501
19.510  35.000  35.479  305.709
19.520  35.000  35.454  308.837
19.530  35.000  35.108  311.835
19.540  35.000  35.055  315.020
19.550  35.000  34.881  318.223
19.560  35.000  35.095  321.226
19.570  35.000  35.685  324.047
19.580  35.000  35.585  326.987
19.590  35.000  35.737  330.050
19.600  35.000  36.190  332.872
19.610  35.000  35.761  335.561
19.620  35.000  34.838  338.150
19.630  35.000  34.862  340.663
19.640  35.000  34.769  343.395
19.650  35.000  34.957  346.094
19.660  35.000  35.183  348.617
19.670  35.000  35.098  351.293
19.680  35.000  35.672  353.781
19.690  35.000  35.231  355.940
19.700  35.000  35.187  358.215
19.710  35.000  35.125  360.513
19.720  35.000  35.476  362.639
19.730  35.000  34.936  364.824
19.740  35.000  35.279  367.104
19.750  35.000  34.797  369.616
19.760  10.000  34.893  372.086
19.770  10.000  34.374  373.751
19.780  10.000  29.872  373.968
19.790  10.000  26.043  371.887
19.800  10.000  20.088  367.737
19.810  10.000  13.830  363.022
19.820  10.000  10.619  357.973
19.830  10.000  9.491  352.683
19.840  10.000  9.513  347.751
19.850  10.000  9.588  342.752
19.860  10.000  9.499  337.819
19.870  10.000  9.451  332.973
19.880  10.000  9.480  327.666
19.890  10.000  9.475  322.526
19.900  10.000  9.472  317.868
19.910  10.000  9.494  313.191
19.920  10.000  9.478  308.519
19.930  10.000  9.264  303.946
19.940  10.000  9.359  299.172
19.950  10.000  9.283  294.369
19.960  10.000  9.306  289.776
19.970  10.000  9.202  285.174
19.980  10.000  9.076  280.496
19.990  10.000  9.001  275.885
20.000  10.000  8.965  271.441
20.010  10.000  8.869  267.059
20.020  10.000  8.894  262.662
20.030  10.000  8.890  258.423
20.040  10.000  8.874  254.240
20.050  10.000  8.901  249.995
20.060  10.000  9.009  245.684
20.070  10.000  9.102  241.396
20.080  10.000  9.257  237.387
20.090  10.000  9.278  233.392
20.100  10.000  9.319  229.218
20.110  10.000  9.445  225.142
20.120  10.000  9.458  221.259
20.130  10.000  9.525  217.485
20.140  10.000  9.534  213.705
20.150  10.000  9.614  209.973
20.160  10.000  9.656  206.218
20.170  10.000  9.595  202.454
20.180  10.000  9.532  198.748
20.190  10.000  9.647  195.125
20.200  10.000  9.595  191.591
20.210  10.000  9.562  188.055
20.220  10.000  9.647  184.712
20.230  10.000  9.519  181.358
20.240  10.000  9.484  177.912
20.250  10.000  9.542  174.462
20.260  10.000  9.462  171.143
20.270  10.000  9.436  167.773
20.280  10.000  9.314  164.210
20.290  10.000  9.244  160.792
20.300  10.000  9.244  157.459
20.310  10.000  9.087  154.193
20.320  10.000  9.134  150.908
20.330  10.000  8.933  147.664
20.340  10.000  8.988  144.629
20.350  10.000  8.941  141.579
20.360  10.000  8.870  138.609
20.370  10.000  9.012  135.642
20.380  10.000  9.182  132.635
20.390  10.000  9.235  129.805
20.400  10.000  9.381  127.028
20.410  10.000  9.530  124.249
20.420  10.000  9.751  121.452
20.430  10.000  9.713  118.618
20.440  10.000  9.667  115.969
20.450  10.000  9.701  113.456
20.460  10.000  9.757  110.842
20.470  10.000  9.753  108.191
20.480  10.000  9.732  105.703
20.490  10.000  9.733  103.352
20.500  10.000  9.840  100.948
20.510  10.000  9.860  98.542
20.520  10.000  9.847  96.228
20.530  10.000  9.845  93.973
20.540  10.000  9.889  91.745
20.550  10.000  9.848  89.646
20.560  10.000  9.702  87.666
20.570  10.000  9.903  85.617
20.580  10.000  10.014  83.384
20.590  10.000  9.676  81.205
20.600  10.000  9.806  79.154
20.610  10.000  9.999  77.014
20.620  10.000  9.891  74.975
20.630  10.000  9.709  73.040
20.640  10.000  9.751  71.085
20.650  10.000  9.884  69.130
20.660  10.000  9.877  67.328
20.670  10.000  9.799  65.631
20.680  10.000  9.866  63.737
20.690  10.000  9.850  61.895
20.700  10.000  9.815  60.192
20.710  10.000  9.862  58.435
20.720  10.000  9.965  56.721
20.730  10.000  9.980  54.850
20.740  10.000  9.806  52.930
20.750  10.000  9.800  51.281
20.760  10.000  9.770  49.675
20.770  10.000  9.822  48.016
20.780  10.000  9.772  46.532
20.790  10.000  9.900  45.132
20.800  10.000  9.946  43.723
20.810  10.000  9.778  42.358
20.820  10.000  9.816  40.961
20.830  10.000  9.929  39.508
20.840  10.000  9.962  37.997
20.850  10.000  9.813  36.447
20.860  10.000  9.873  35.063
20.870  10.000  9.757  33.933
20.880  10.000  9.810  32.755
20.890  10.000  9.694  31.415
20.900  10.000  9.729  30.216
20.910  10.000  9.651  29.193
20.920  10.000  9.596  28.072
20.930  10.000  9.539  26.888
20.940  10.000  9.617  25.759
20.950  10.000  9.486  24.659
20.960  10.000  9.531  23.450
20.970  10.000  9.488  22.062
20.980  10.000  9.496  20.696
20.990  10.000  9.363  19.547
21.000  10.000  9.297  18.496
21.010  10.000  9.248  17.334
21.020  10.000  9.388  16.108
21.030  10.000  9.290  14.963
21.040  10.000  9.291  13.859
21.050  10.000  9.537  12.786
21.060  10.000  9.663  11.672
21.070  10.000  9.729  10.577
21.080  10.000  9.628  9.841
21.090  10.000  9.608  9.460
21.100  10.000  9.673  9.179
21.110  10.000  9.789  8.794
21.120  10.000  9.949  8.259
21.130  10.000  9.682  7.654
21.140  10.000  9.830  7.133
21.150  10.000  9.872  6.802
21.160  10.000  9.807  6.580
21.170  10.000  9.869  6.458
21.180  10.000  9.885  6.473
21.190  10.000  9.994  6.367
21.200  10.000  9.858  6.030
21.210  10.000  9.791  5.818
21.220  10.000  9.774  5.846
21.230  10.000  9.896  5.896
21.240  10.000  9.790  5.906
21.250  10.000  9.941  5.900
21.260  10.000  9.931  5.867
21.270  10.000  10.055  5.778
21.280  10.000  9.936  5.625
21.290  10.000  9.972  5.506
21.300  10.000  10.018  5.266
21.310  10.000  10.069  4.942
21.320  10.000  10.115  4.878
21.330  10.000  9.981  5.025
21.340  10.000  10.072  5.042
21.350  10.000  9.904  4.858
21.360  10.000  9.936  4.812
21.370  10.000  10.077  4.841
21.380  10.000  10.128  4.709
21.390  10.000  9.974  4.471
21.400  10.000  10.004  4.284
21.410  10.000  10.012  4.092
21.420  10.000  9.941  3.900
21.430  10.000  9.872  3.962
21.440  10.000  10.108  4.224
21.450  10.000  9.736  4.511
21.460  10.000  10.028  4.569
21.470  10.000  9.943  4.551
21.480  10.000  10.143  4.573
21.490  10.000  10.011  4.599
21.500  10.000  10.062  4.705
21.510  10.000  9.993  4.626
21.520  10.000  9.984  4.439
21.530  10.000  10.016  4.339
21.540  10.000  10.059  4.190
21.550  10.000  9.882  4.079
21.560  10.000  10.043  4.052
21.570  10.000  10.108  4.003
21.580  10.000  10.115  3.865
21.590  10.000  9.896  3.720
21.600  10.000  10.138  3.738
21.610  10.000  10.191  3.844
21.620  10.000  10.137  3.860
21.630  10.000  9.871  3.768
21.640  10.000  9.896  3.641
21.650  10.000  9.893  3.517
21.660  10.000  10.020  3.491
21.670  10.000  9.824  3.490
21.680  10.000  9.922  3.598
21.690  10.000  9.769  3.825
21.700  10.000  10.234  3.817
21.710  10.000  10.081  3.677
21.720  10.000  10.209  3.661
