# covent_pc_3
# Captured 2020-06-18 04:17:42.786084 by unknown user
# Built at revision abe75e4 (dirty)
time(sec)  pc_setpoint  pressure  volume
0.000  5.000  6.389  25.299
0.010  5.000  6.419  25.078
0.020  5.000  6.360  24.777
0.030  5.000  6.305  24.641
0.040  5.000  6.205  24.550
0.050  5.000  6.117  24.316
0.060  5.000  6.128  23.866
0.070  5.000  6.144  23.201
0.080  5.000  6.031  22.408
0.090  5.000  5.947  21.295
0.100  5.000  5.701  19.938
0.110  5.000  5.684  18.502
0.120  5.000  5.556  16.996
0.130  5.000  5.361  15.500
0.140  5.000  5.395  13.891
0.150  5.000  5.204  12.244
0.160  5.000  5.161  10.534
0.170  5.000  5.086  8.750
0.180  5.000  4.992  6.909
0.190  5.000  4.878  5.108
0.200  5.000  4.863  3.348
0.210  5.000  4.784  1.408
0.220  5.000  4.684  -0.349
0.230  5.000  4.664  -1.827
0.240  5.000  4.528  -3.272
0.250  5.000  4.580  -4.705
0.260  5.000  4.390  -5.992
0.270  5.000  4.320  -7.004
0.280  5.000  4.367  -7.788
0.290  5.000  4.407  -8.519
0.300  5.000  4.299  -9.280
0.310  5.000  4.333  -9.909
0.320  5.000  4.388  -10.421
0.330  5.000  4.252  -10.687
0.340  5.000  4.348  -10.583
0.350  5.000  4.209  -10.275
0.360  5.000  4.406  -9.744
0.370  5.000  4.343  -9.191
0.380  5.000  4.542  -8.915
0.390  5.000  4.283  -8.520
0.400  5.000  4.471  -8.059
0.410  5.000  4.493  -7.921
0.420  5.000  4.441  -7.629
0.430  5.000  4.564  -7.184
0.440  5.000  4.561  -6.784
0.450  5.000  4.526  -6.320
0.460  5.000  4.665  -5.956
0.470  5.000  4.559  -5.626
0.480  5.000  4.755  -5.286
0.490  5.000  4.724  -4.803
0.500  5.000  4.847  -4.355
0.510  5.000  4.692  -3.929
0.520  5.000  4.767  -3.400
0.530  5.000  4.617  -3.070
0.540  5.000  4.774  -2.609
0.550  5.000  4.823  -2.203
0.560  5.000  4.766  -1.897
0.570  5.000  4.718  -1.402
0.580  5.000  4.999  -0.975
0.590  5.000  5.030  -0.689
0.600  5.000  5.017  -0.601
0.610  5.000  5.013  -0.629
0.620  5.000  5.142  -0.560
0.630  5.000  5.072  -0.371
0.640  5.000  4.984  -0.114
0.650  5.000  5.014  0.090
0.660  5.000  5.004  0.150
0.670  5.000  5.123  0.108
0.680  5.000  5.066  0.123
0.690  7.500  5.009  0.130
0.700  10.000  5.128  0.472
0.710  12.500  5.348  1.738
0.720  15.000  6.113  3.629
0.730  17.500  6.683  6.530
0.740  20.000  7.669  11.261
0.750  22.500  9.889  17.460
0.760  25.000  11.646  24.844
0.770  27.500  13.058  33.810
0.780  30.000  14.366  44.071
0.790  30.000  15.806  56.484
0.800  30.000  16.738  70.392
0.810  30.000  17.097  83.419
0.820  30.000  17.263  96.122
0.830  30.000  18.613  108.194
0.840  30.000  18.636  119.738
0.850  30.000  18.778  131.524
0.860  30.000  19.884  142.620
0.870  30.000  19.603  154.284
0.880  30.000  21.022  166.298
0.890  30.000  21.825  177.554
0.900  30.000  21.583  189.134
0.910  30.000  21.904  200.445
0.920  30.000  23.101  211.115
0.930  30.000  22.888  221.426
0.940  30.000  24.042  231.229
0.950  30.000  23.836  241.626
0.960  30.000  24.833  251.757
0.970  30.000  25.076  261.200
0.980  30.000  25.271  271.037
0.990  30.000  25.845  280.833
1.000  30.000  26.230  290.749
1.010  30.000  27.071  300.722
1.020  30.000  27.030  310.547
1.030  30.000  28.355  319.880
1.040  30.000  27.939  328.781
1.050  30.000  28.145  337.913
1.060  30.000  28.590  347.332
1.070  30.000  29.502  356.217
1.080  30.000  29.770  364.857
1.090  30.000  30.133  374.103
1.100  30.000  30.035  383.247
1.110  30.000  30.698  391.807
1.120  30.000  31.945  400.034
1.130  30.000  30.950  409.209
1.140  30.000  31.310  418.675
1.150  30.000  32.284  427.085
1.160  30.000  32.488  435.018
1.170  30.000  34.024  442.451
1.180  30.000  32.833  449.659
1.190  30.000  33.014  456.723
1.200  30.000  32.533  463.387
1.210  30.000  32.868  469.964
1.220  30.000  33.610  476.261
1.230  30.000  33.607  482.018
1.240  30.000  33.406  487.595
1.250  30.000  33.572  492.874
1.260  30.000  33.409  497.685
1.270  30.000  32.959  502.198
1.280  30.000  33.050  505.910
1.290  30.000  31.982  508.517
1.300  30.000  32.564  510.123
1.310  30.000  32.259  510.600
1.320  30.000  33.309  510.102
1.330  30.000  33.028  509.090
1.340  30.000  32.161  507.508
1.350  30.000  32.245  505.344
1.360  30.000  31.588  503.117
1.370  30.000  31.589  500.885
1.380  30.000  31.282  498.552
1.390  30.000  31.269  496.089
1.400  30.000  30.837  493.349
1.410  30.000  30.735  490.385
1.420  30.000  30.410  487.333
1.430  30.000  30.316  484.124
1.440  30.000  30.027  480.654
1.450  30.000  29.931  477.227
1.460  30.000  29.731  473.977
1.470  30.000  29.740  470.739
1.480  30.000  29.504  467.597
1.490  30.000  29.330  464.618
1.500  30.000  28.971  461.797
1.510  30.000  29.217  459.230
1.520  30.000  28.940  457.000
1.530  30.000  29.123  454.950
1.540  30.000  29.004  452.865
1.550  30.000  29.207  450.700
1.560  30.000  28.927  448.618
1.570  30.000  29.016  446.685
1.580  30.000  28.816  444.906
1.590  30.000  29.234  443.318
1.600  30.000  28.794  442.048
1.610  30.000  28.823  441.246
1.620  30.000  28.724  440.671
1.630  30.000  28.759  440.227
1.640  30.000  28.514  440.053
1.650  30.000  28.638  440.090
1.660  30.000  28.744  440.183
1.670  30.000  28.397  440.253
1.680  30.000  28.692  440.276
1.690  5.000  28.912  440.269
1.700  5.000  28.833  440.234
1.710  5.000  25.531  438.933
1.720  5.000  24.270  435.138
1.730  5.000  22.123  428.960
1.740  5.000  21.093  420.151
1.750  5.000  19.756  410.668
1.760  5.000  18.812  401.943
1.770  5.000  18.704  392.640
1.780  5.000  18.321  383.427
1.790  5.000  17.868  373.634
1.800  5.000  17.656  364.152
1.810  5.000  17.270  356.626
1.820  5.000  16.728  348.227
1.830  5.000  16.838  338.538
1.840  5.000  16.325  329.721
1.850  5.000  15.992  321.138
1.860  5.000  15.378  311.761
1.870  5.000  15.061  303.159
1.880  5.000  14.593  294.505
1.890  5.000  14.488  285.627
1.900  5.000  14.044  277.214
1.910  5.000  13.617  268.252
1.920  5.000  13.445  260.081
1.930  5.000  13.244  252.660
1.940  5.000  12.700  245.407
1.950  5.000  12.604  238.028
1.960  5.000  12.344  230.568
1.970  5.000  12.074  223.061
1.980  5.000  11.784  215.661
1.990  5.000  11.651  208.724
2.000  5.000  11.173  200.980
2.010  5.000  10.917  193.620
2.020  5.000  10.574  186.627
2.030  5.000  10.320  179.477
2.040  5.000  10.007  172.577
2.050  5.000  9.917  166.074
2.060  5.000  9.499  160.115
2.070  5.000  9.381  154.196
2.080  5.000  8.918  148.279
2.090  5.000  8.707  141.656
2.100  5.000  8.615  135.432
2.110  5.000  8.548  129.961
2.120  5.000  8.126  124.475
2.130  5.000  8.108  119.288
2.140  5.000  7.798  113.965
2.150  5.000  7.548  108.152
2.160  5.000  7.274  102.146
2.170  5.000  7.113  96.590
2.180  5.000  6.875  91.073
2.190  5.000  6.715  85.604
2.200  5.000  6.484  80.618
2.210  5.000  6.358  75.296
2.220  5.000  6.158  70.081
2.230  5.000  5.915  65.218
2.240  5.000  5.754  59.744
2.250  5.000  5.537  54.312
2.260  5.000  5.455  49.639
2.270  5.000  5.202  45.359
2.280  5.000  4.991  40.598
2.290  5.000  4.965  35.805
2.300  5.000  4.725  31.201
2.310  5.000  4.593  26.285
2.320  5.000  4.423  22.122
2.330  5.000  4.197  18.559
2.340  5.000  4.112  14.473
2.350  5.000  4.096  10.384
2.360  5.000  3.925  6.325
2.370  5.000  3.704  1.796
2.380  5.000  3.608  -2.655
2.390  5.000  3.446  -6.559
2.400  5.000  3.287  -9.890
2.410  5.000  3.238  -12.937
2.420  5.000  3.096  -15.852
2.430  5.000  3.126  -18.657
2.440  5.000  2.960  -21.216
2.450  5.000  2.923  -23.718
2.460  5.000  2.774  -26.266
2.470  5.000  2.717  -28.718
2.480  5.000  2.536  -31.086
2.490  5.000  2.501  -33.528
2.500  5.000  2.494  -35.876
2.510  5.000  2.390  -37.882
2.520  5.000  2.374  -39.776
2.530  5.000  2.297  -41.632
2.540  5.000  2.209  -43.475
2.550  5.000  2.186  -45.386
2.560  5.000  2.064  -47.225
2.570  5.000  2.075  -48.847
2.580  5.000  2.044  -50.259
2.590  5.000  2.036  -51.458
2.600  5.000  2.084  -52.406
2.610  5.000  2.010  -53.133
2.620  5.000  1.969  -53.858
2.630  5.000  1.933  -54.522
2.640  5.000  1.919  -54.804
2.650  5.000  2.054  -54.873
2.660  5.000  2.071  -54.365
2.670  5.000  2.156  -53.289
2.680  5.000  2.344  -51.984
2.690  5.000  2.295  -50.506
2.700  5.000  2.411  -49.095
2.710  5.000  2.591  -47.468
2.720  5.000  2.705  -45.449
2.730  5.000  3.032  -43.134
2.740  5.000  3.212  -40.694
2.750  5.000  3.573  -38.349
2.760  5.000  3.940  -35.894
2.770  5.000  3.940  -33.067
2.780  5.000  4.130  -29.662
2.790  5.000  4.527  -26.421
2.800  5.000  4.567  -23.547
2.810  5.000  4.628  -20.585
2.820  5.000  4.900  -17.811
2.830  5.000  5.069  -15.312
2.840  5.000  5.135  -12.792
2.850  5.000  5.361  -10.113
2.860  5.000  5.388  -7.526
2.870  5.000  5.621  -5.040
2.880  5.000  5.592  -2.468
2.890  5.000  5.698  0.411
2.900  5.000  5.949  3.187
2.910  5.000  6.094  5.592
2.920  5.000  6.139  7.734
2.930  5.000  6.325  9.547
2.940  5.000  6.187  11.232
2.950  5.000  6.311  12.815
2.960  5.000  6.163  14.032
2.970  5.000  6.374  14.820
2.980  5.000  6.357  15.455
2.990  5.000  6.360  16.014
3.000  5.000  6.342  16.287
3.010  5.000  6.359  16.406
3.020  5.000  6.415  16.501
3.030  5.000  6.313  16.663
3.040  5.000  6.343  16.803
3.050  5.000  6.090  16.846
3.060  5.000  6.225  16.614
3.070  5.000  6.073  16.102
3.080  5.000  6.141  15.534
3.090  5.000  6.062  14.892
3.100  5.000  5.989  14.021
3.110  5.000  5.888  12.741
3.120  5.000  5.802  11.140
3.130  5.000  5.597  9.418
3.140  5.000  5.482  7.816
3.150  5.000  5.401  6.425
3.160  5.000  5.250  5.007
3.170  5.000  5.084  3.216
3.180  5.000  5.063  1.333
3.190  5.000  4.979  -0.321
3.200  5.000  4.978  -1.866
3.210  5.000  4.909  -3.343
3.220  5.000  4.788  -4.797
3.230  5.000  4.653  -6.341
3.240  5.000  4.578  -7.860
3.250  5.000  4.572  -9.320
3.260  5.000  4.583  -10.741
3.270  5.000  4.458  -11.875
3.280  5.000  4.441  -12.800
3.290  5.000  4.390  -13.781
3.300  5.000  4.357  -14.813
3.310  5.000  4.351  -15.661
3.320  5.000  4.412  -16.232
3.330  5.000  4.209  -16.687
3.340  5.000  4.415  -17.128
3.350  5.000  4.402  -17.405
3.360  5.000  4.318  -17.262
3.370  5.000  4.378  -16.952
3.380  5.000  4.488  -16.818
3.390  5.000  4.497  -16.568
3.400  5.000  4.509  -16.121
3.410  5.000  4.509  -15.626
3.420  5.000  4.509  -15.133
3.430  5.000  4.508  -14.652
3.440  5.000  4.425  -14.333
3.450  5.000  4.503  -14.310
3.460  5.000  4.581  -14.030
3.470  5.000  4.623  -13.464
3.480  5.000  4.638  -13.019
3.490  5.000  4.658  -12.662
3.500  5.000  4.644  -12.297
3.510  5.000  4.744  -12.029
3.520  5.000  4.645  -11.919
3.530  5.000  4.688  -11.671
3.540  5.000  4.570  -11.226
3.550  5.000  4.715  -10.976
3.560  5.000  4.862  -10.909
3.570  5.000  4.763  -10.501
3.580  5.000  4.873  -9.938
3.590  5.000  4.729  -9.655
3.600  5.000  4.918  -9.617
3.610  5.000  4.958  -9.611
3.620  5.000  4.997  -9.607
3.630  5.000  4.906  -9.470
3.640  5.000  4.882  -9.010
3.650  5.000  5.075  -8.550
3.660  5.000  4.913  -8.103
3.670  5.000  5.121  -7.704
3.680  5.000  5.147  -7.517
3.690  5.000  5.095  -7.395
3.700  7.500  5.070  -7.391
3.710  10.000  5.158  -7.213
3.720  12.500  5.379  -5.997
3.730  15.000  6.023  -3.558
3.740  17.500  6.605  0.081
3.750  20.000  7.445  4.736
3.760  22.500  9.778  10.617
3.770  25.000  11.512  18.236
3.780  27.500  12.786  27.853
3.790  30.000  14.051  39.443
3.800  30.000  15.911  52.155
3.810  30.000  16.871  66.209
3.820  30.000  16.350  80.304
3.830  30.000  17.246  93.100
3.840  30.000  17.723  105.257
3.850  30.000  19.331  117.115
3.860  30.000  19.793  127.982
3.870  30.000  20.132  138.883
3.880  30.000  20.408  150.739
3.890  30.000  20.901  162.753
3.900  30.000  21.491  174.473
3.910  30.000  21.678  185.943
3.920  30.000  22.308  196.894
3.930  30.000  22.949  207.419
3.940  30.000  22.537  217.847
3.950  30.000  23.535  228.393
3.960  30.000  23.938  239.670
3.970  30.000  24.985  251.277
3.980  30.000  25.095  261.963
3.990  30.000  25.985  271.266
4.000  30.000  26.129  280.796
4.010  30.000  26.305  291.152
4.020  30.000  26.661  301.472
4.030  30.000  27.856  311.210
4.040  30.000  27.378  320.779
4.050  30.000  27.777  331.429
4.060  30.000  28.537  341.839
4.070  30.000  28.616  351.216
4.080  30.000  28.977  360.918
4.090  30.000  29.295  371.644
4.100  30.000  30.463  381.490
4.110  30.000  30.431  390.195
4.120  30.000  31.366  398.840
4.130  30.000  30.621  407.302
4.140  30.000  31.530  415.999
4.150  30.000  31.398  424.320
4.160  30.000  31.482  432.670
4.170  30.000  32.376  440.644
4.180  30.000  32.960  448.466
4.190  30.000  32.082  457.190
4.200  30.000  32.914  465.362
4.210  30.000  33.005  472.518
4.220  30.000  32.443  479.569
4.230  30.000  33.651  486.199
4.240  30.000  33.369  492.617
4.250  30.000  34.124  498.711
4.260  30.000  33.633  504.187
4.270  30.000  33.016  509.226
4.280  30.000  33.579  513.580
4.290  30.000  32.616  516.593
4.300  30.000  32.461  518.183
4.310  30.000  32.458  518.665
4.320  30.000  33.099  518.592
4.330  30.000  33.079  518.180
4.340  30.000  32.722  517.338
4.350  30.000  32.300  516.081
4.360  30.000  31.908  514.439
4.370  30.000  32.083  512.493
4.380  30.000  31.587  510.260
4.390  30.000  31.601  507.704
4.400  30.000  31.089  504.676
4.410  30.000  30.856  501.418
4.420  30.000  30.596  498.378
4.430  30.000  30.500  495.530
4.440  30.000  30.272  492.711
4.450  30.000  29.879  489.715
4.460  30.000  30.123  486.682
4.470  30.000  29.563  483.931
4.480  30.000  29.341  481.357
4.490  30.000  29.413  478.695
4.500  30.000  29.403  476.037
4.510  30.000  29.411  473.673
4.520  30.000  29.396  471.451
4.530  30.000  29.251  469.186
4.540  30.000  29.061  466.908
4.550  30.000  29.176  464.916
4.560  30.000  29.024  463.155
4.570  30.000  28.820  461.378
4.580  30.000  28.724  459.674
4.590  30.000  29.075  458.056
4.600  30.000  28.923  456.712
4.610  30.000  28.828  455.747
4.620  30.000  28.503  454.985
4.630  30.000  28.814  454.249
4.640  30.000  28.890  453.860
4.650  30.000  28.761  453.872
4.660  30.000  28.824  454.030
4.670  30.000  28.585  454.238
4.680  30.000  28.480  454.494
4.690  30.000  28.826  454.819
4.700  5.000  29.235  455.166
4.710  5.000  28.681  455.609
4.720  5.000  25.804  454.712
4.730  5.000  24.213  451.223
4.740  5.000  22.001  445.584
4.750  5.000  21.283  437.632
4.760  5.000  19.910  427.827
4.770  5.000  18.843  417.695
4.780  5.000  18.872  408.539
4.790  5.000  18.164  399.197
4.800  5.000  18.191  390.026
4.810  5.000  17.725  380.905
4.820  5.000  17.028  371.948
4.830  5.000  17.035  364.080
4.840  5.000  16.219  356.502
4.850  5.000  16.213  349.243
4.860  5.000  15.739  341.558
4.870  5.000  15.928  333.685
4.880  5.000  15.261  325.951
4.890  5.000  14.843  318.434
4.900  5.000  14.581  311.197
4.910  5.000  14.195  303.998
4.920  5.000  13.468  296.768
4.930  5.000  13.509  288.498
4.940  5.000  13.011  279.840
4.950  5.000  12.981  272.414
4.960  5.000  12.569  265.922
4.970  5.000  12.519  259.563
4.980  5.000  12.015  252.170
4.990  5.000  11.726  244.232
5.000  5.000  11.546  236.999
5.010  5.000  11.391  230.429
5.020  5.000  11.026  224.037
5.030  5.000  10.756  216.979
5.040  5.000  10.383  210.092
5.050  5.000  10.098  203.284
5.060  5.000  9.778  196.461
5.070  5.000  9.592  190.390
5.080  5.000  9.491  184.395
5.090  5.000  9.263  178.498
5.100  5.000  9.029  172.616
5.110  5.000  8.658  166.922
5.120  5.000  8.505  161.567
5.130  5.000  8.199  155.812
5.140  5.000  8.011  150.022
5.150  5.000  7.809  144.791
5.160  5.000  7.595  138.908
5.170  5.000  7.316  132.886
5.180  5.000  7.216  127.490
5.190  5.000  6.948  122.134
5.200  5.000  6.663  117.074
5.210  5.000  6.467  112.432
5.220  5.000  6.433  107.375
5.230  5.000  6.224  102.237
5.240  5.000  5.929  97.625
5.250  5.000  5.836  93.093
5.260  5.000  5.617  88.474
5.270  5.000  5.450  83.977
5.280  5.000  5.216  79.553
5.290  5.000  5.104  74.707
5.300  5.000  5.010  70.061
5.310  5.000  4.753  66.056
5.320  5.000  4.663  62.114
5.330  5.000  4.429  57.607
5.340  5.000  4.333  52.825
5.350  5.000  4.157  47.967
5.360  5.000  4.090  42.959
5.370  5.000  3.943  38.410
5.380  5.000  3.824  34.374
5.390  5.000  3.644  30.370
5.400  5.000  3.542  26.303
5.410  5.000  3.407  22.847
5.420  5.000  3.169  19.852
5.430  5.000  3.141  16.770
5.440  5.000  3.053  13.724
5.450  5.000  3.002  10.896
5.460  5.000  2.871  8.096
5.470  5.000  2.829  5.378
5.480  5.000  2.596  2.960
5.490  5.000  2.549  0.649
5.500  5.000  2.479  -1.574
5.510  5.000  2.436  -3.797
5.520  5.000  2.421  -6.202
5.530  5.000  2.374  -8.521
5.540  5.000  2.368  -10.535
5.550  5.000  2.275  -12.366
5.560  5.000  2.177  -14.122
5.570  5.000  2.096  -15.872
5.580  5.000  2.060  -17.453
5.590  5.000  2.040  -18.741
5.600  5.000  2.069  -19.858
5.610  5.000  2.026  -20.755
5.620  5.000  1.971  -21.402
5.630  5.000  1.983  -21.863
5.640  5.000  1.919  -22.323
5.650  5.000  1.948  -22.782
5.660  5.000  1.896  -22.883
5.670  5.000  2.173  -22.503
5.680  5.000  1.953  -21.269
5.690  5.000  2.247  -19.772
5.700  5.000  2.247  -18.502
5.710  5.000  2.310  -17.269
5.720  5.000  2.505  -15.974
5.730  5.000  2.710  -14.046
5.740  5.000  2.998  -11.430
5.750  5.000  3.160  -8.076
5.760  5.000  3.578  -4.782
5.770  5.000  3.767  -1.401
5.780  5.000  3.863  2.182
5.790  5.000  4.313  5.179
5.800  5.000  4.392  8.035
5.810  5.000  4.598  11.248
5.820  5.000  4.563  14.434
5.830  5.000  4.926  17.179
5.840  5.000  4.991  19.930
5.850  5.000  5.240  22.809
5.860  5.000  5.312  25.511
5.870  5.000  5.308  28.287
5.880  5.000  5.588  31.333
5.890  5.000  5.440  34.297
5.900  5.000  5.896  37.151
5.910  5.000  5.681  40.068
5.920  5.000  6.046  42.719
5.930  5.000  6.289  44.872
5.940  5.000  6.120  46.887
5.950  5.000  6.262  48.844
5.960  5.000  6.366  50.537
5.970  5.000  6.419  51.902
5.980  5.000  6.462  53.030
5.990  5.000  6.267  53.846
6.000  5.000  6.369  54.174
6.010  5.000  6.214  54.260
6.020  5.000  6.563  54.081
6.030  5.000  6.449  53.754
6.040  5.000  6.407  53.772
6.050  5.000  6.471  53.814
6.060  5.000  6.340  53.620
6.070  5.000  6.292  53.297
6.080  5.000  6.286  52.777
6.090  5.000  6.073  52.025
6.100  5.000  6.062  51.181
6.110  5.000  5.884  50.219
6.120  5.000  5.825  48.932
6.130  5.000  5.748  47.503
6.140  5.000  5.666  46.159
6.150  5.000  5.447  44.729
6.160  5.000  5.461  43.173
6.170  5.000  5.310  41.504
6.180  5.000  5.199  39.814
6.190  5.000  5.143  38.171
6.200  5.000  5.009  36.372
6.210  5.000  4.918  34.651
6.220  5.000  4.851  33.265
6.230  5.000  4.804  32.086
6.240  5.000  4.728  30.938
6.250  5.000  4.488  29.747
6.260  5.000  4.544  28.324
6.270  5.000  4.439  26.774
6.280  5.000  4.484  25.416
6.290  5.000  4.402  24.208
6.300  5.000  4.332  23.253
6.310  5.000  4.299  22.574
6.320  5.000  4.283  22.053
6.330  5.000  4.248  21.502
6.340  5.000  4.319  21.042
6.350  5.000  4.469  20.703
6.360  5.000  4.272  20.423
6.370  5.000  4.315  20.511
6.380  5.000  4.325  20.702
6.390  5.000  4.367  20.865
6.400  5.000  4.261  21.456
6.410  5.000  4.414  22.112
6.420  5.000  4.288  22.618
6.430  5.000  4.450  23.252
6.440  5.000  4.380  23.817
6.450  5.000  4.455  24.221
6.460  5.000  4.610  24.431
6.470  5.000  4.510  24.694
6.480  5.000  4.540  25.293
6.490  5.000  4.422  26.068
6.500  5.000  4.450  26.631
6.510  5.000  4.759  26.780
6.520  5.000  4.671  26.810
6.530  5.000  4.630  27.127
6.540  5.000  4.679  27.736
6.550  5.000  4.758  28.321
6.560  5.000  4.694  28.853
6.570  5.000  4.692  29.502
6.580  5.000  4.768  30.123
6.590  5.000  4.939  30.720
6.600  5.000  5.055  31.174
6.610  5.000  4.811  31.571
6.620  5.000  4.892  32.152
6.630  5.000  4.818  32.760
6.640  5.000  5.097  33.293
6.650  5.000  5.003  33.800
6.660  5.000  5.098  34.363
6.670  5.000  5.144  34.761
6.680  5.000  5.030  34.889
6.690  5.000  5.145  34.889
6.700  5.000  5.180  35.068
6.710  7.500  5.095  35.359
6.720  10.000  5.256  35.820
6.730  12.500  5.717  36.981
6.740  15.000  6.120  39.080
6.750  17.500  6.671  42.319
6.760  20.000  7.745  46.573
6.770  22.500  9.976  52.378
6.780  25.000  11.691  60.085
6.790  27.500  12.606  69.456
6.800  30.000  14.448  80.050
6.810  30.000  15.799  91.301
6.820  30.000  16.089  104.841
6.830  30.000  16.938  118.108
6.840  30.000  18.231  129.217
6.850  30.000  18.976  140.459
6.860  30.000  18.781  153.313
6.870  30.000  19.350  167.870
6.880  30.000  19.924  181.057
6.890  30.000  20.130  192.711
6.900  30.000  20.732  204.221
6.910  30.000  21.330  215.340
6.920  30.000  21.785  226.975
6.930  30.000  22.154  239.966
6.940  30.000  22.931  252.243
6.950  30.000  22.658  264.040
6.960  30.000  24.122  275.243
6.970  30.000  23.953  284.895
6.980  30.000  24.680  294.290
6.990  30.000  25.864  303.198
7.000  30.000  25.352  312.347
7.010  30.000  25.938  322.208
7.020  30.000  26.660  331.637
7.030  30.000  27.409  340.881
7.040  30.000  28.156  349.948
7.050  30.000  28.234  358.512
7.060  30.000  28.269  367.511
7.070  30.000  28.424  376.240
7.080  30.000  28.795  385.168
7.090  30.000  29.037  394.118
7.100  30.000  29.751  402.329
7.110  30.000  29.908  410.871
7.120  30.000  30.888  419.341
7.130  30.000  31.281  427.442
7.140  30.000  31.576  435.982
7.150  30.000  31.174  444.544
7.160  30.000  32.481  452.309
7.170  30.000  32.166  459.800
7.180  30.000  32.534  467.895
7.190  30.000  32.543  475.910
7.200  30.000  32.355  483.260
7.210  30.000  32.808  490.207
7.220  30.000  32.598  496.970
7.230  30.000  33.276  503.634
7.240  30.000  33.456  509.524
7.250  30.000  33.862  515.005
7.260  30.000  33.678  520.500
7.270  30.000  33.457  525.578
7.280  30.000  33.390  529.676
7.290  30.000  32.653  532.938
7.300  30.000  32.455  535.418
7.310  30.000  32.378  536.678
7.320  30.000  32.689  536.663
7.330  30.000  33.353  535.914
7.340  30.000  32.992  534.821
7.350  30.000  32.542  533.183
7.360  30.000  32.037  531.093
7.370  30.000  31.865  528.778
7.380  30.000  31.527  526.392
7.390  30.000  31.331  523.942
7.400  30.000  31.660  521.241
7.410  30.000  30.606  518.443
7.420  30.000  30.800  515.636
7.430  30.000  30.509  512.662
7.440  30.000  30.434  509.695
7.450  30.000  30.118  506.661
7.460  30.000  30.069  503.468
7.470  30.000  29.951  500.279
7.480  30.000  29.755  497.163
7.490  30.000  29.423  494.085
7.500  30.000  29.207  491.195
7.510  30.000  29.098  488.500
7.520  30.000  29.218  485.783
7.530  30.000  29.016  483.164
7.540  30.000  29.201  480.687
7.550  30.000  28.997  478.347
7.560  30.000  29.203  476.162
7.570  30.000  29.120  474.116
7.580  30.000  29.270  472.180
7.590  30.000  28.769  470.331
7.600  30.000  28.950  468.598
7.610  30.000  28.917  467.189
7.620  30.000  28.745  466.124
7.630  30.000  28.505  465.303
7.640  30.000  28.739  464.775
7.650  30.000  28.752  464.445
7.660  30.000  28.421  464.282
7.670  30.000  28.519  464.331
7.680  30.000  28.690  464.467
7.690  30.000  28.978  464.341
7.700  30.000  28.790  464.133
7.710  5.000  29.132  464.411
7.720  5.000  28.627  464.656
7.730  5.000  25.947  463.119
7.740  5.000  24.504  458.751
7.750  5.000  22.151  452.690
7.760  5.000  20.963  445.592
7.770  5.000  20.354  436.302
7.780  5.000  19.092  425.445
7.790  5.000  18.195  414.656
7.800  5.000  18.631  405.435
7.810  5.000  18.160  396.758
7.820  5.000  17.976  387.680
7.830  5.000  17.351  378.303
7.840  5.000  16.802  369.033
7.850  5.000  16.655  360.804
7.860  5.000  16.174  352.976
7.870  5.000  16.065  344.147
7.880  5.000  15.637  334.209
7.890  5.000  15.067  324.748
7.900  5.000  14.692  316.290
7.910  5.000  14.424  307.614
7.920  5.000  14.108  298.947
7.930  5.000  13.733  290.236
7.940  5.000  13.331  281.551
7.950  5.000  13.372  274.105
7.960  5.000  12.759  266.801
7.970  5.000  12.753  259.448
7.980  5.000  12.212  252.251
7.990  5.000  11.718  244.739
8.000  5.000  11.505  237.370
8.010  5.000  11.461  230.517
8.020  5.000  11.293  223.949
8.030  5.000  10.798  217.810
8.040  5.000  10.630  211.660
8.050  5.000  10.518  205.355
8.060  5.000  10.318  198.402
8.070  5.000  10.101  191.294
8.080  5.000  9.549  184.452
8.090  5.000  9.506  177.116
8.100  5.000  9.102  169.938
8.110  5.000  8.788  163.507
8.120  5.000  8.600  157.415
8.130  5.000  8.448  150.786
8.140  5.000  8.183  144.217
8.150  5.000  7.964  137.798
8.160  5.000  7.759  131.635
8.170  5.000  7.509  126.195
8.180  5.000  7.316  120.286
8.190  5.000  7.126  114.531
8.200  5.000  7.018  108.865
8.210  5.000  6.672  103.140
8.220  5.000  6.593  98.131
8.230  5.000  6.318  93.140
8.240  5.000  6.141  88.184
8.250  5.000  5.972  83.462
8.260  5.000  5.909  78.267
8.270  5.000  5.561  73.114
8.280  5.000  5.509  68.496
8.290  5.000  5.152  63.822
8.300  5.000  5.103  58.688
8.310  5.000  4.889  53.220
8.320  5.000  4.712  48.393
8.330  5.000  4.571  43.880
8.340  5.000  4.370  38.765
8.350  5.000  4.272  34.050
8.360  5.000  4.181  30.244
8.370  5.000  3.960  26.549
8.380  5.000  3.927  22.781
8.390  5.000  3.771  18.973
8.400  5.000  3.661  15.262
8.410  5.000  3.509  11.641
8.420  5.000  3.421  7.904
8.430  5.000  3.377  4.176
8.440  5.000  3.167  0.645
8.450  5.000  3.096  -2.740
8.460  5.000  3.028  -5.898
8.470  5.000  2.945  -8.792
8.480  5.000  2.790  -11.662
8.490  5.000  2.721  -14.627
8.500  5.000  2.627  -17.442
8.510  5.000  2.510  -20.243
8.520  5.000  2.470  -23.088
8.530  5.000  2.482  -25.788
8.540  5.000  2.376  -28.253
8.550  5.000  2.287  -30.296
8.560  5.000  2.194  -32.197
8.570  5.000  2.177  -34.257
8.580  5.000  2.062  -36.304
8.590  5.000  2.035  -38.145
8.600  5.000  2.028  -39.690
8.610  5.000  2.083  -40.913
8.620  5.000  2.104  -41.793
8.630  5.000  2.006  -42.461
8.640  5.000  1.948  -43.161
8.650  5.000  1.959  -44.033
8.660  5.000  1.952  -45.053
8.670  5.000  2.048  -45.751
8.680  5.000  2.037  -45.444
8.690  5.000  2.128  -44.440
8.700  5.000  2.378  -43.429
8.710  5.000  2.423  -42.504
8.720  5.000  2.448  -41.651
8.730  5.000  2.584  -40.724
8.740  5.000  2.728  -39.485
8.750  5.000  3.032  -37.933
8.760  5.000  3.151  -35.896
8.770  5.000  3.399  -33.129
8.780  5.000  3.492  -29.857
8.790  5.000  3.956  -26.578
8.800  5.000  4.218  -23.620
8.810  5.000  4.391  -20.859
8.820  5.000  4.345  -18.075
8.830  5.000  4.587  -15.380
8.840  5.000  4.790  -12.967
8.850  5.000  4.886  -10.569
8.860  5.000  5.059  -8.104
8.870  5.000  5.213  -5.945
8.880  5.000  5.231  -3.544
8.890  5.000  5.687  -0.768
8.900  5.000  5.710  1.679
8.910  5.000  5.815  3.992
8.920  5.000  5.998  6.284
8.930  5.000  6.065  8.369
8.940  5.000  6.158  10.219
8.950  5.000  6.132  11.939
8.960  5.000  6.120  13.674
8.970  5.000  6.275  15.353
8.980  5.000  6.364  16.611
8.990  5.000  6.481  17.276
9.000  5.000  6.281  17.748
9.010  5.000  6.517  18.121
9.020  5.000  6.385  18.149
9.030  5.000  6.419  17.951
9.040  5.000  6.388  17.555
9.050  5.000  6.460  17.054
9.060  5.000  6.223  16.835
9.070  5.000  6.239  16.812
9.080  5.000  6.224  16.403
9.090  5.000  6.206  15.463
9.100  5.000  6.005  14.504
9.110  5.000  6.052  13.640
9.120  5.000  5.985  12.553
9.130  5.000  5.926  11.127
9.140  5.000  5.665  9.332
9.150  5.000  5.662  7.414
9.160  5.000  5.588  5.758
9.170  5.000  5.445  4.149
9.180  5.000  5.371  2.309
9.190  5.000  5.141  0.295
9.200  5.000  5.178  -1.715
9.210  5.000  4.986  -3.745
9.220  5.000  4.966  -5.768
9.230  5.000  4.849  -7.559
9.240  5.000  4.786  -9.049
9.250  5.000  4.774  -10.449
9.260  5.000  4.648  -12.029
9.270  5.000  4.568  -13.613
9.280  5.000  4.507  -15.207
9.290  5.000  4.525  -16.772
9.300  5.000  4.356  -18.059
9.310  5.000  4.419  -19.387
9.320  5.000  4.383  -20.872
9.330  5.000  4.375  -22.137
9.340  5.000  4.324  -23.017
9.350  5.000  4.440  -23.462
9.360  5.000  4.290  -23.626
9.370  5.000  4.272  -23.805
9.380  5.000  4.401  -24.188
9.390  5.000  4.323  -24.592
9.400  5.000  4.403  -24.567
9.410  5.000  4.337  -24.265
9.420  5.000  4.510  -24.210
9.430  5.000  4.401  -24.222
9.440  5.000  4.530  -24.165
9.450  5.000  4.572  -24.188
9.460  5.000  4.457  -23.972
9.470  5.000  4.554  -23.682
9.480  5.000  4.507  -23.521
9.490  5.000  4.631  -23.308
9.500  5.000  4.657  -22.996
9.510  5.000  4.763  -22.739
9.520  5.000  4.531  -22.751
9.530  5.000  4.647  -22.911
9.540  5.000  4.717  -22.958
9.550  5.000  4.548  -22.872
9.560  5.000  4.705  -22.923
9.570  5.000  4.770  -23.217
9.580  5.000  4.881  -23.491
9.590  5.000  4.774  -23.583
9.600  5.000  4.802  -23.671
9.610  5.000  4.696  -23.613
9.620  5.000  4.825  -23.601
9.630  5.000  4.933  -23.821
9.640  5.000  4.969  -24.050
9.650  5.000  4.979  -24.228
9.660  5.000  5.099  -24.271
9.670  5.000  4.961  -23.865
9.680  5.000  5.113  -23.408
9.690  5.000  4.931  -23.370
9.700  5.000  5.145  -23.580
9.710  5.000  5.014  -23.796
9.720  7.500  5.153  -23.592
9.730  10.000  5.099  -22.690
9.740  12.500  5.491  -21.124
9.750  15.000  6.145  -19.145
9.760  17.500  6.698  -16.253
9.770  20.000  7.507  -11.897
9.780  22.500  9.805  -5.878
9.790  25.000  11.733  1.324
9.800  27.500  13.131  10.127
9.810  30.000  14.698  20.748
9.820  30.000  16.104  32.848
9.830  30.000  17.087  45.911
9.840  30.000  16.392  60.152
9.850  30.000  18.322  73.131
9.860  30.000  18.541  83.962
9.870  30.000  18.962  95.166
9.880  30.000  19.395  106.296
9.890  30.000  19.943  117.963
9.900  30.000  20.175  129.555
9.910  30.000  20.934  140.403
9.920  30.000  21.453  151.608
9.930  30.000  21.201  164.243
9.940  30.000  22.232  176.568
9.950  30.000  22.280  187.110
9.960  30.000  23.254  198.184
9.970  30.000  23.427  209.327
9.980  30.000  24.209  219.571
9.990  30.000  23.987  230.030
10.000  30.000  24.951  240.214
10.010  30.000  25.624  250.206
10.020  30.000  25.724  259.691
10.030  30.000  26.295  269.591
10.040  30.000  26.161  280.031
10.050  30.000  26.733  290.921
10.060  30.000  28.116  301.959
10.070  30.000  28.103  311.788
10.080  30.000  28.324  321.693
10.090  30.000  29.395  330.993
10.100  30.000  29.289  340.292
10.110  30.000  29.500  349.765
10.120  30.000  30.049  358.431
10.130  30.000  29.968  367.375
10.140  30.000  30.596  376.237
10.150  30.000  30.957  385.211
10.160  30.000  31.190  394.387
10.170  30.000  32.650  402.583
10.180  30.000  32.100  410.575
10.190  30.000  32.689  419.087
10.200  30.000  33.137  427.220
10.210  30.000  32.829  434.811
10.220  30.000  33.565  442.229
10.230  30.000  32.526  449.182
10.240  30.000  33.584  455.400
10.250  30.000  34.123  461.126
10.260  30.000  34.262  466.762
10.270  30.000  33.867  472.084
10.280  30.000  33.452  477.027
10.290  30.000  33.267  481.766
10.300  30.000  32.708  486.141
10.310  30.000  32.891  489.798
10.320  30.000  33.270  492.328
10.330  30.000  32.895  493.741
10.340  30.000  32.534  493.925
10.350  30.000  32.904  492.711
10.360  30.000  32.152  490.828
10.370  30.000  32.507  488.792
10.380  30.000  31.597  486.562
10.390  30.000  31.744  484.208
10.400  30.000  31.150  481.618
10.410  30.000  31.087  478.966
10.420  30.000  30.811  476.330
10.430  30.000  30.490  473.433
10.440  30.000  30.548  470.221
10.450  30.000  30.104  466.871
10.460  30.000  29.946  463.550
10.470  30.000  29.830  460.298
10.480  30.000  29.805  457.163
10.490  30.000  29.305  454.087
10.500  30.000  29.758  450.837
10.510  30.000  29.377  447.658
10.520  30.000  28.912  444.854
10.530  30.000  29.326  442.363
10.540  30.000  29.092  440.088
10.550  30.000  29.015  437.970
10.560  30.000  29.137  435.972
10.570  30.000  28.973  434.034
10.580  30.000  28.900  432.158
10.590  30.000  29.008  430.309
10.600  30.000  28.891  428.686
10.610  30.000  28.905  427.340
10.620  30.000  28.717  426.102
10.630  30.000  28.846  425.238
10.640  30.000  28.664  424.748
10.650  30.000  28.658  424.259
10.660  30.000  28.726  423.842
10.670  30.000  28.714  423.799
10.680  30.000  28.882  423.990
10.690  30.000  28.896  424.139
10.700  30.000  28.649  424.237
10.710  30.000  28.858  424.441
10.720  5.000  29.050  424.857
10.730  5.000  28.479  425.456
10.740  5.000  25.986  424.691
10.750  5.000  24.579  420.722
10.760  5.000  22.111  414.656
10.770  5.000  21.271  406.985
10.780  5.000  20.100  397.234
10.790  5.000  19.031  386.694
10.800  5.000  18.498  377.421
10.810  5.000  17.779  369.411
10.820  5.000  17.480  360.592
10.830  5.000  17.411  350.790
10.840  5.000  16.926  341.102
10.850  5.000  17.024  331.441
10.860  5.000  16.249  322.507
10.870  5.000  16.369  314.796
10.880  5.000  15.593  307.611
10.890  5.000  15.548  300.037
10.900  5.000  15.120  291.476
10.910  5.000  14.945  282.989
10.920  5.000  14.643  274.605
10.930  5.000  14.321  266.048
10.940  5.000  13.727  257.927
10.950  5.000  13.413  250.356
10.960  5.000  12.994  242.256
10.970  5.000  12.870  233.342
10.980  5.000  12.658  224.553
10.990  5.000  12.195  216.305
11.000  5.000  11.851  208.971
11.010  5.000  11.729  202.201
11.020  5.000  11.485  195.689
11.030  5.000  11.142  189.374
11.040  5.000  10.847  183.053
11.050  5.000  10.605  175.964
11.060  5.000  10.439  168.892
11.070  5.000  10.035  161.871
11.080  5.000  9.807  154.806
11.090  5.000  9.586  147.848
11.100  5.000  9.312  141.428
11.110  5.000  9.087  135.615
11.120  5.000  8.911  129.438
11.130  5.000  8.663  123.505
11.140  5.000  8.492  116.859
11.150  5.000  8.161  109.578
11.160  5.000  8.024  102.892
11.170  5.000  7.654  96.548
11.180  5.000  7.592  90.888
11.190  5.000  7.384  85.983
11.200  5.000  7.258  80.448
11.210  5.000  6.867  74.496
11.220  5.000  6.762  69.106
11.230  5.000  6.487  64.349
11.240  5.000  6.337  59.567
11.250  5.000  6.182  54.158
11.260  5.000  5.971  49.030
11.270  5.000  5.719  44.552
11.280  5.000  5.567  40.201
11.290  5.000  5.464  35.742
11.300  5.000  5.252  30.906
11.310  5.000  5.176  26.198
11.320  5.000  4.927  22.002
11.330  5.000  4.748  18.019
11.340  5.000  4.558  14.209
11.350  5.000  4.419  10.377
11.360  5.000  4.307  6.514
11.370  5.000  4.163  2.886
11.380  5.000  3.988  -0.711
11.390  5.000  3.838  -4.735
11.400  5.000  3.772  -8.584
11.410  5.000  3.632  -11.703
11.420  5.000  3.501  -14.729
11.430  5.000  3.375  -17.896
11.440  5.000  3.185  -21.062
11.450  5.000  3.101  -24.301
11.460  5.000  3.050  -27.385
11.470  5.000  2.938  -30.106
11.480  5.000  2.957  -32.788
11.490  5.000  2.782  -35.398
11.500  5.000  2.692  -37.861
11.510  5.000  2.596  -40.193
11.520  5.000  2.517  -42.635
11.530  5.000  2.438  -45.538
11.540  5.000  2.388  -48.179
11.550  5.000  2.335  -50.217
11.560  5.000  2.325  -52.052
11.570  5.000  2.257  -53.741
11.580  5.000  2.100  -55.381
11.590  5.000  2.085  -56.978
11.600  5.000  2.040  -58.266
11.610  5.000  2.014  -59.165
11.620  5.000  2.046  -59.982
11.630  5.000  2.018  -60.755
11.640  5.000  2.014  -61.280
11.650  5.000  1.928  -61.714
11.660  5.000  1.920  -62.250
11.670  5.000  2.004  -62.774
11.680  5.000  2.078  -62.828
11.690  5.000  2.155  -62.317
11.700  5.000  2.235  -61.233
11.710  5.000  2.452  -59.710
11.720  5.000  2.378  -58.277
11.730  5.000  2.444  -56.835
11.740  5.000  2.652  -55.124
11.750  5.000  2.803  -53.338
11.760  5.000  3.071  -51.361
11.770  5.000  3.454  -48.826
11.780  5.000  3.420  -46.079
11.790  5.000  3.835  -43.326
11.800  5.000  3.884  -40.195
11.810  5.000  4.109  -36.895
11.820  5.000  4.331  -33.685
11.830  5.000  4.343  -30.205
11.840  5.000  4.564  -26.695
11.850  5.000  4.582  -23.419
11.860  5.000  5.081  -20.593
11.870  5.000  4.953  -17.688
11.880  5.000  5.408  -14.575
11.890  5.000  5.573  -12.036
11.900  5.000  5.535  -9.622
11.910  5.000  5.776  -7.092
11.920  5.000  5.789  -4.555
11.930  5.000  6.093  -2.135
11.940  5.000  6.239  -0.131
11.950  5.000  6.045  1.646
11.960  5.000  6.171  3.558
11.970  5.000  6.220  5.480
11.980  5.000  6.365  6.999
11.990  5.000  6.214  8.167
12.000  5.000  6.190  9.177
12.010  5.000  6.456  9.743
12.020  5.000  6.397  9.936
12.030  5.000  6.397  10.003
12.040  5.000  6.199  9.972
12.050  5.000  6.303  9.824
12.060  5.000  6.387  9.616
12.070  5.000  6.417  9.400
12.080  5.000  6.355  9.210
12.090  5.000  6.325  8.914
12.100  5.000  6.126  8.200
12.110  5.000  6.098  7.198
12.120  5.000  6.051  6.105
12.130  5.000  5.994  4.849
12.140  5.000  5.708  3.356
12.150  5.000  5.681  1.647
12.160  5.000  5.540  0.024
12.170  5.000  5.485  -1.311
12.180  5.000  5.497  -2.623
12.190  5.000  5.259  -3.973
12.200  5.000  5.233  -5.438
12.210  5.000  5.031  -7.243
12.220  5.000  4.985  -9.164
12.230  5.000  4.930  -10.678
12.240  5.000  4.862  -12.024
12.250  5.000  4.826  -13.478
12.260  5.000  4.664  -14.777
12.270  5.000  4.626  -15.927
12.280  5.000  4.590  -17.089
12.290  5.000  4.486  -18.183
12.300  5.000  4.440  -19.034
12.310  5.000  4.406  -19.895
12.320  5.000  4.379  -20.949
12.330  5.000  4.467  -21.966
12.340  5.000  4.302  -22.660
12.350  5.000  4.316  -23.076
12.360  5.000  4.369  -23.416
12.370  5.000  4.358  -23.819
12.380  5.000  4.332  -24.127
12.390  5.000  4.409  -24.245
12.400  5.000  4.352  -24.172
12.410  5.000  4.383  -23.794
12.420  5.000  4.414  -23.485
12.430  5.000  4.414  -23.389
12.440  5.000  4.465  -23.150
12.450  5.000  4.457  -22.867
12.460  5.000  4.510  -22.701
12.470  5.000  4.602  -22.441
12.480  5.000  4.558  -22.054
12.490  5.000  4.458  -21.664
12.500  5.000  4.564  -21.224
12.510  5.000  4.657  -20.950
12.520  5.000  4.716  -20.905
12.530  5.000  4.508  -20.795
12.540  5.000  4.725  -20.679
12.550  5.000  4.647  -20.339
12.560  5.000  4.694  -19.843
12.570  5.000  4.685  -19.533
12.580  5.000  4.859  -19.508
12.590  5.000  4.768  -19.518
12.600  5.000  4.832  -19.232
12.610  5.000  4.943  -18.948
12.620  5.000  4.820  -18.882
12.630  5.000  4.907  -18.820
12.640  5.000  4.892  -18.692
12.650  5.000  4.944  -18.453
12.660  5.000  4.845  -17.977
12.670  5.000  4.934  -17.387
12.680  5.000  4.881  -16.721
12.690  5.000  4.934  -15.804
12.700  5.000  4.996  -15.030
12.710  5.000  4.943  -14.533
12.720  5.000  5.061  -14.134
12.730  7.500  5.079  -13.987
12.740  10.000  5.113  -13.533
12.750  12.500  5.617  -12.021
12.760  15.000  5.990  -9.468
12.770  17.500  6.698  -5.781
12.780  20.000  7.697  -1.357
12.790  22.500  9.788  4.316
12.800  25.000  11.729  11.843
12.810  27.500  13.312  20.531
12.820  30.000  14.643  30.697
12.830  30.000  15.665  42.058
12.840  30.000  17.700  53.457
12.850  30.000  16.980  65.256
12.860  30.000  18.318  77.090
12.870  30.000  18.218  88.898
12.880  30.000  18.570  102.262
12.890  30.000  19.319  114.735
12.900  30.000  20.300  126.586
12.910  30.000  20.049  138.249
12.920  30.000  20.825  149.607
12.930  30.000  21.211  162.697
12.940  30.000  21.838  175.382
12.950  30.000  21.809  188.306
12.960  30.000  22.757  200.120
12.970  30.000  23.595  209.888
12.980  30.000  23.827  220.178
12.990  30.000  24.040  230.169
13.000  30.000  24.797  239.541
13.010  30.000  24.511  249.248
13.020  30.000  26.113  259.181
13.030  30.000  25.019  269.358
13.040  30.000  26.512  279.566
13.050  30.000  26.388  289.759
13.060  30.000  27.287  299.557
13.070  30.000  27.229  309.173
13.080  30.000  27.606  319.278
13.090  30.000  28.370  328.596
13.100  30.000  28.421  337.721
13.110  30.000  29.758  346.936
13.120  30.000  29.633  355.858
13.130  30.000  30.273  364.893
13.140  30.000  29.995  373.934
13.150  30.000  30.488  383.043
13.160  30.000  30.970  391.777
13.170  30.000  31.739  400.105
13.180  30.000  31.182  408.724
13.190  30.000  32.604  417.038
13.200  30.000  32.842  424.614
13.210  30.000  32.480  432.262
13.220  30.000  32.641  439.927
13.230  30.000  32.759  447.236
13.240  30.000  33.336  453.731
13.250  30.000  32.931  459.415
13.260  30.000  34.165  464.696
13.270  30.000  33.920  470.305
13.280  30.000  34.129  476.204
13.290  30.000  33.067  481.633
13.300  30.000  33.875  486.478
13.310  30.000  33.131  490.482
13.320  30.000  33.232  493.792
13.330  30.000  32.479  496.557
13.340  30.000  32.915  498.237
13.350  30.000  31.847  498.705
13.360  30.000  33.387  498.383
13.370  30.000  32.891  497.384
13.380  30.000  31.930  495.832
13.390  30.000  31.958  493.876
13.400  30.000  31.745  491.561
13.410  30.000  31.572  488.897
13.420  30.000  31.238  486.132
13.430  30.000  31.334  483.130
13.440  30.000  30.619  479.779
13.450  30.000  30.486  476.549
13.460  30.000  30.269  473.367
13.470  30.000  30.167  469.997
13.480  30.000  29.719  466.699
13.490  30.000  29.842  463.628
13.500  30.000  29.613  460.783
13.510  30.000  29.370  457.839
13.520  30.000  29.343  454.710
13.530  30.000  29.256  451.845
13.540  30.000  29.187  449.390
13.550  30.000  29.247  447.077
13.560  30.000  29.262  444.926
13.570  30.000  29.101  442.884
13.580  30.000  29.394  440.636
13.590  30.000  28.995  438.327
13.600  30.000  28.988  436.194
13.610  30.000  28.740  434.401
13.620  30.000  28.656  433.004
13.630  30.000  28.873  431.848
13.640  30.000  28.746  430.986
13.650  30.000  28.763  430.346
13.660  30.000  28.906  429.869
13.670  30.000  28.797  429.512
13.680  30.000  28.525  429.463
13.690  30.000  28.525  429.807
13.700  30.000  28.681  430.074
13.710  30.000  28.576  430.344
13.720  30.000  28.700  430.823
13.730  5.000  28.868  431.308
13.740  5.000  28.607  431.802
13.750  5.000  25.606  431.005
13.760  5.000  24.239  427.379
13.770  5.000  21.959  421.837
13.780  5.000  21.307  414.422
13.790  5.000  20.187  404.950
13.800  5.000  19.239  394.662
13.810  5.000  18.675  385.369
13.820  5.000  18.447  376.316
13.830  5.000  18.059  366.330
13.840  5.000  17.390  356.555
13.850  5.000  17.022  346.974
13.860  5.000  16.542  338.083
13.870  5.000  16.657  330.107
13.880  5.000  15.730  322.393
13.890  5.000  15.300  314.862
13.900  5.000  15.761  306.640
13.910  5.000  15.445  298.399
13.920  5.000  14.784  290.778
13.930  5.000  14.165  282.375
13.940  5.000  14.114  273.419
13.950  5.000  13.716  264.786
13.960  5.000  13.733  257.120
13.970  5.000  12.983  249.603
13.980  5.000  12.758  242.044
13.990  5.000  12.338  234.612
14.000  5.000  12.216  227.265
14.010  5.000  11.963  220.570
14.020  5.000  11.729  214.210
14.030  5.000  11.483  207.082
14.040  5.000  11.371  199.386
14.050  5.000  10.861  192.507
14.060  5.000  10.568  185.512
14.070  5.000  10.347  178.643
14.080  5.000  9.899  172.777
14.090  5.000  9.813  166.433
14.100  5.000  9.592  159.695
14.110  5.000  9.358  153.566
14.120  5.000  9.006  147.766
14.130  5.000  8.880  141.576
14.140  5.000  8.655  135.263
14.150  5.000  8.455  129.436
14.160  5.000  8.094  123.702
14.170  5.000  7.963  118.172
14.180  5.000  7.842  112.806
14.190  5.000  7.545  107.517
14.200  5.000  7.405  101.828
14.210  5.000  7.103  96.026
14.220  5.000  6.838  90.968
14.230  5.000  6.695  86.345
14.240  5.000  6.522  81.675
14.250  5.000  6.425  76.790
14.260  5.000  6.124  71.933
14.270  5.000  5.909  66.754
14.280  5.000  5.837  61.459
14.290  5.000  5.753  56.728
14.300  5.000  5.426  52.396
14.310  5.000  5.178  48.296
14.320  5.000  5.025  44.028
14.330  5.000  4.949  39.667
14.340  5.000  4.726  35.431
14.350  5.000  4.655  31.182
14.360  5.000  4.500  26.977
14.370  5.000  4.345  22.795
14.380  5.000  4.154  18.894
14.390  5.000  4.050  15.224
14.400  5.000  3.854  11.553
14.410  5.000  3.730  7.457
14.420  5.000  3.650  3.379
14.430  5.000  3.524  -0.531
14.440  5.000  3.371  -4.619
14.450  5.000  3.254  -8.283
14.460  5.000  3.097  -11.646
14.470  5.000  3.061  -15.151
14.480  5.000  3.002  -18.275
14.490  5.000  2.909  -21.025
14.500  5.000  2.778  -23.949
14.510  5.000  2.712  -26.771
14.520  5.000  2.570  -29.396
14.530  5.000  2.510  -31.909
14.540  5.000  2.492  -34.198
14.550  5.000  2.407  -36.306
14.560  5.000  2.352  -38.333
14.570  5.000  2.300  -40.166
14.580  5.000  2.242  -41.827
14.590  5.000  2.147  -43.672
14.600  5.000  2.120  -45.652
14.610  5.000  2.035  -47.284
14.620  5.000  2.040  -48.475
14.630  5.000  2.083  -49.418
14.640  5.000  2.032  -50.277
14.650  5.000  2.005  -51.186
14.660  5.000  1.989  -52.102
14.670  5.000  1.895  -52.726
14.680  5.000  1.973  -53.158
14.690  5.000  1.993  -53.422
14.700  5.000  2.117  -53.273
14.710  5.000  2.026  -52.525
14.720  5.000  2.407  -51.489
14.730  5.000  2.288  -50.541
14.740  5.000  2.407  -49.301
14.750  5.000  2.361  -47.405
14.760  5.000  2.730  -45.368
14.770  5.000  2.989  -43.445
14.780  5.000  3.247  -41.135
14.790  5.000  3.540  -38.574
14.800  5.000  3.791  -35.867
14.810  5.000  3.938  -33.054
14.820  5.000  3.937  -30.061
14.830  5.000  4.263  -27.004
14.840  5.000  4.613  -24.165
14.850  5.000  4.797  -21.203
14.860  5.000  4.745  -17.887
14.870  5.000  4.936  -14.585
14.880  5.000  5.146  -11.543
14.890  5.000  5.060  -8.346
14.900  5.000  5.589  -5.030
14.910  5.000  5.429  -2.080
14.920  5.000  5.492  0.688
14.930  5.000  5.678  3.513
14.940  5.000  5.853  6.376
14.950  5.000  5.997  9.304
14.960  5.000  6.069  12.154
14.970  5.000  6.243  14.450
14.980  5.000  6.075  16.275
14.990  5.000  6.402  18.029
15.000  5.000  6.232  19.680
15.010  5.000  6.355  21.043
15.020  5.000  6.275  22.213
15.030  5.000  6.330  23.307
15.040  5.000  6.440  24.003
15.050  5.000  6.482  24.069
15.060  5.000  6.473  23.840
15.070  5.000  6.524  23.557
15.080  5.000  6.453  23.142
15.090  5.000  6.363  22.940
15.100  5.000  6.283  22.919
15.110  5.000  6.210  22.624
15.120  5.000  6.200  22.032
15.130  5.000  6.092  21.345
15.140  5.000  5.956  20.394
15.150  5.000  5.833  19.103
15.160  5.000  5.802  17.832
15.170  5.000  5.704  16.656
15.180  5.000  5.509  15.282
15.190  5.000  5.456  13.494
15.200  5.000  5.331  11.650
15.210  5.000  5.213  10.081
15.220  5.000  5.259  8.647
15.230  5.000  4.982  7.373
15.240  5.000  4.955  6.181
15.250  5.000  4.787  4.897
15.260  5.000  4.879  3.371
15.270  5.000  4.804  1.833
15.280  5.000  4.688  0.644
15.290  5.000  4.588  -0.439
15.300  5.000  4.611  -1.657
15.310  5.000  4.456  -2.829
15.320  5.000  4.418  -3.775
15.330  5.000  4.392  -4.495
15.340  5.000  4.381  -5.171
15.350  5.000  4.310  -6.076
15.360  5.000  4.333  -6.719
15.370  5.000  4.269  -6.932
15.380  5.000  4.295  -7.083
15.390  5.000  4.220  -7.077
15.400  5.000  4.288  -6.955
15.410  5.000  4.354  -6.907
15.420  5.000  4.416  -6.906
15.430  5.000  4.462  -6.823
15.440  5.000  4.344  -6.431
15.450  5.000  4.668  -6.073
15.460  5.000  4.448  -5.981
15.470  5.000  4.515  -5.773
15.480  5.000  4.479  -5.465
15.490  5.000  4.455  -4.948
15.500  5.000  4.672  -4.568
15.510  5.000  4.503  -4.516
15.520  5.000  4.607  -4.258
15.530  5.000  4.753  -3.844
15.540  5.000  4.568  -3.428
15.550  5.000  4.765  -2.911
15.560  5.000  4.570  -2.230
15.570  5.000  4.691  -1.533
15.580  5.000  4.737  -0.991
15.590  5.000  4.836  -0.637
15.600  5.000  4.765  -0.483
15.610  5.000  4.786  -0.109
15.620  5.000  4.792  0.519
15.630  5.000  4.741  0.900
15.640  5.000  4.756  1.125
15.650  5.000  4.863  1.526
15.660  5.000  4.964  1.832
15.670  5.000  4.829  2.216
15.680  5.000  4.991  2.877
15.690  5.000  4.967  3.350
15.700  5.000  4.955  3.870
15.710  5.000  4.986  4.679
15.720  5.000  4.908  5.350
15.730  5.000  5.005  5.645
15.740  7.500  5.088  5.666
15.750  10.000  5.034  6.143
15.760  12.500  5.497  7.569
15.770  15.000  6.000  9.722
15.780  17.500  6.789  13.062
15.790  20.000  7.384  17.784
15.800  22.500  9.822  23.717
15.810  25.000  11.664  31.047
15.820  27.500  12.683  40.524
15.830  30.000  14.238  52.135
15.840  30.000  16.698  64.781
15.850  30.000  16.004  79.230
15.860  30.000  16.759  93.121
15.870  30.000  18.035  105.286
15.880  30.000  18.306  116.821
15.890  30.000  17.977  129.674
15.900  30.000  19.979  143.376
15.910  30.000  20.102  154.847
15.920  30.000  20.919  165.586
15.930  30.000  21.273  176.727
15.940  30.000  21.593  188.081
15.950  30.000  21.793  199.420
15.960  30.000  22.483  210.866
15.970  30.000  22.765  222.539
15.980  30.000  23.818  233.829
15.990  30.000  23.837  244.103
16.000  30.000  24.503  253.774
16.010  30.000  24.370  263.751
16.020  30.000  24.807  273.906
16.030  30.000  25.863  283.623
16.040  30.000  25.871  292.859
16.050  30.000  26.893  301.481
16.060  30.000  27.137  310.384
16.070  30.000  26.927  319.773
16.080  30.000  27.489  329.078
16.090  30.000  27.919  338.492
16.100  30.000  28.317  348.305
16.110  30.000  29.001  357.835
16.120  30.000  29.443  367.102
16.130  30.000  30.568  376.160
16.140  30.000  29.901  385.324
16.150  30.000  31.091  394.448
16.160  30.000  31.291  402.585
16.170  30.000  31.125  410.780
16.180  30.000  31.357  419.211
16.190  30.000  31.796  427.600
16.200  30.000  31.355  437.147
16.210  30.000  32.345  446.858
16.220  30.000  32.510  455.700
16.230  30.000  32.582  463.861
16.240  30.000  32.650  470.814
16.250  30.000  32.594  477.459
16.260  30.000  33.638  483.841
16.270  30.000  33.885  489.732
16.280  30.000  34.123  495.273
16.290  30.000  33.969  500.249
16.300  30.000  32.693  505.273
16.310  30.000  33.437  510.136
16.320  30.000  32.431  514.028
16.330  30.000  32.027  516.749
16.340  30.000  32.166  518.143
16.350  30.000  32.478  518.433
16.360  30.000  32.670  518.203
16.370  30.000  32.847  517.719
16.380  30.000  33.121  516.800
16.390  30.000  32.317  515.460
16.400  30.000  32.080  513.749
16.410  30.000  32.028  511.686
16.420  30.000  31.536  509.489
16.430  30.000  31.369  507.134
16.440  30.000  31.046  504.603
16.450  30.000  30.813  502.011
16.460  30.000  30.617  499.310
16.470  30.000  30.396  496.462
16.480  30.000  30.327  493.524
16.490  30.000  29.822  490.663
16.500  30.000  30.188  487.737
16.510  30.000  29.655  484.603
16.520  30.000  29.675  481.472
16.530  30.000  29.335  478.604
16.540  30.000  29.342  475.985
16.550  30.000  29.473  473.473
16.560  30.000  29.268  471.196
16.570  30.000  29.042  469.139
16.580  30.000  29.370  467.093
16.590  30.000  29.017  465.168
16.600  30.000  29.011  463.445
16.610  30.000  28.893  461.737
16.620  30.000  29.168  459.914
16.630  30.000  28.705  458.192
16.640  30.000  28.971  456.835
16.650  30.000  29.047  455.863
16.660  30.000  28.639  455.254
16.670  30.000  28.476  454.915
16.680  30.000  28.660  454.766
16.690  30.000  28.849  454.910
16.700  30.000  28.545  455.178
16.710  30.000  28.912  455.212
16.720  30.000  28.929  455.242
16.730  30.000  28.884  455.423
16.740  5.000  29.439  455.717
16.750  5.000  28.537  456.107
16.760  5.000  25.769  455.030
16.770  5.000  24.185  451.369
16.780  5.000  22.107  445.405
16.790  5.000  21.183  436.666
16.800  5.000  19.643  427.124
16.810  5.000  18.795  418.182
16.820  5.000  18.792  408.310
16.830  5.000  18.615  397.734
16.840  5.000  18.519  387.385
16.850  5.000  17.554  378.454
16.860  5.000  17.212  369.968
16.870  5.000  16.916  360.621
16.880  5.000  16.606  350.944
16.890  5.000  16.339  341.282
16.900  5.000  15.652  331.954
16.910  5.000  15.625  322.363
16.920  5.000  15.210  312.844
16.930  5.000  14.928  304.885
16.940  5.000  14.217  297.877
16.950  5.000  14.129  290.069
16.960  5.000  14.062  281.648
16.970  5.000  14.065  274.021
16.980  5.000  13.257  266.282
16.990  5.000  12.859  257.502
17.000  5.000  12.669  249.715
17.010  5.000  12.378  243.249
17.020  5.000  12.113  236.812
17.030  5.000  11.601  229.981
17.040  5.000  11.297  222.564
17.050  5.000  11.211  215.393
17.060  5.000  10.777  209.043
17.070  5.000  10.482  202.799
17.080  5.000  10.286  196.525
17.090  5.000  10.039  190.426
17.100  5.000  9.687  184.344
17.110  5.000  9.688  178.293
17.120  5.000  9.191  171.886
17.130  5.000  9.254  165.523
17.140  5.000  8.910  159.090
17.150  5.000  8.765  152.265
17.160  5.000  8.598  146.146
17.170  5.000  8.279  140.182
17.180  5.000  7.979  133.618
17.190  5.000  7.957  127.305
17.200  5.000  7.628  121.135
17.210  5.000  7.404  115.250
17.220  5.000  7.173  110.011
17.230  5.000  7.074  104.607
17.240  5.000  6.837  99.091
17.250  5.000  6.448  93.362
17.260  5.000  6.464  87.954
17.270  5.000  6.175  82.711
17.280  5.000  5.918  77.341
17.290  5.000  5.800  72.576
17.300  5.000  5.587  68.145
17.310  5.000  5.366  63.392
17.320  5.000  5.230  58.767
17.330  5.000  5.037  54.697
17.340  5.000  4.929  50.757
17.350  5.000  4.720  46.671
17.360  5.000  4.622  42.583
17.370  5.000  4.455  38.305
17.380  5.000  4.314  33.908
17.390  5.000  4.120  29.957
17.400  5.000  4.000  26.204
17.410  5.000  3.896  22.107
17.420  5.000  3.772  17.733
17.430  5.000  3.620  13.922
17.440  5.000  3.493  10.760
17.450  5.000  3.358  7.822
17.460  5.000  3.259  4.918
17.470  5.000  3.095  2.021
17.480  5.000  3.139  -0.956
17.490  5.000  3.025  -3.763
17.500  5.000  2.917  -6.378
17.510  5.000  2.826  -9.107
17.520  5.000  2.685  -11.647
17.530  5.000  2.536  -13.986
17.540  5.000  2.500  -16.512
17.550  5.000  2.463  -18.976
17.560  5.000  2.386  -21.088
17.570  5.000  2.327  -22.960
17.580  5.000  2.242  -24.591
17.590  5.000  2.182  -26.072
17.600  5.000  2.154  -27.539
17.610  5.000  2.113  -28.936
17.620  5.000  2.017  -30.141
17.630  5.000  2.000  -31.308
17.640  5.000  2.083  -32.466
17.650  5.000  2.055  -33.408
17.660  5.000  2.033  -34.258
17.670  5.000  1.894  -35.076
17.680  5.000  1.943  -35.736
17.690  5.000  1.927  -36.061
17.700  5.000  1.998  -35.893
17.710  5.000  2.194  -35.316
17.720  5.000  2.205  -34.323
17.730  5.000  2.328  -32.926
17.740  5.000  2.414  -31.653
17.750  5.000  2.420  -30.853
17.760  5.000  2.619  -29.991
17.770  5.000  2.820  -28.441
17.780  5.000  2.890  -26.168
17.790  5.000  3.351  -23.474
17.800  5.000  3.591  -20.626
17.810  5.000  3.700  -17.636
17.820  5.000  3.901  -14.514
17.830  5.000  4.025  -11.276
17.840  5.000  4.277  -8.147
17.850  5.000  4.382  -5.069
17.860  5.000  4.696  -2.031
17.870  5.000  4.784  0.676
17.880  5.000  5.015  3.325
17.890  5.000  4.991  6.173
17.900  5.000  5.148  9.114
17.910  5.000  5.366  11.805
17.920  5.000  5.476  13.979
17.930  5.000  5.521  16.111
17.940  5.000  5.900  18.641
17.950  5.000  5.778  21.379
17.960  5.000  6.109  23.789
17.970  5.000  6.069  26.008
17.980  5.000  6.411  28.035
17.990  5.000  6.090  29.694
18.000  5.000  6.192  31.172
18.010  5.000  6.368  32.207
18.020  5.000  6.434  32.909
18.030  5.000  6.457  33.542
18.040  5.000  6.408  33.927
18.050  5.000  6.520  33.794
18.060  5.000  6.357  33.616
18.070  5.000  6.420  33.535
18.080  5.000  6.222  33.485
18.090  5.000  6.404  33.545
18.100  5.000  6.202  33.587
18.110  5.000  6.271  33.298
18.120  5.000  6.225  32.673
18.130  5.000  6.289  31.980
18.140  5.000  5.986  31.117
18.150  5.000  5.844  30.018
18.160  5.000  5.903  28.779
18.170  5.000  5.681  27.545
18.180  5.000  5.570  26.427
18.190  5.000  5.657  24.920
18.200  5.000  5.404  22.991
18.210  5.000  5.327  21.248
18.220  5.000  5.210  19.484
18.230  5.000  5.157  17.586
18.240  5.000  5.075  15.700
18.250  5.000  5.049  13.906
18.260  5.000  4.969  12.328
18.270  5.000  4.831  10.984
18.280  5.000  4.778  9.619
18.290  5.000  4.741  7.851
18.300  5.000  4.671  6.044
18.310  5.000  4.548  4.558
18.320  5.000  4.542  3.201
18.330  5.000  4.430  2.002
18.340  5.000  4.388  0.898
18.350  5.000  4.386  -0.303
18.360  5.000  4.306  -1.395
18.370  5.000  4.338  -2.235
18.380  5.000  4.253  -2.757
18.390  5.000  4.272  -2.856
18.400  5.000  4.374  -2.867
18.410  5.000  4.178  -2.800
18.420  5.000  4.257  -2.535
18.430  5.000  4.397  -2.163
18.440  5.000  4.381  -1.717
18.450  5.000  4.316  -1.346
18.460  5.000  4.362  -0.877
18.470  5.000  4.467  -0.198
18.480  5.000  4.470  0.410
18.490  5.000  4.560  0.918
18.500  5.000  4.471  1.545
18.510  5.000  4.432  2.275
18.520  5.000  4.466  3.054
18.530  5.000  4.601  3.673
18.540  5.000  4.776  4.099
18.550  5.000  4.721  4.391
18.560  5.000  4.619  4.687
18.570  5.000  4.780  5.139
18.580  5.000  4.694  5.640
18.590  5.000  4.739  6.285
18.600  5.000  4.579  7.075
18.610  5.000  4.795  7.720
18.620  5.000  4.685  8.377
18.630  5.000  4.777  8.986
18.640  5.000  4.771  9.294
18.650  5.000  4.642  9.645
18.660  5.000  4.864  10.032
18.670  5.000  4.791  10.237
18.680  5.000  5.037  10.564
18.690  5.000  4.986  11.114
18.700  5.000  4.930  11.536
18.710  5.000  4.969  11.762
18.720  5.000  5.076  12.219
18.730  5.000  5.144  12.942
18.740  5.000  5.182  13.462
18.750  7.500  5.166  13.927
18.760  10.000  5.245  14.660
18.770  12.500  5.538  16.010
18.780  15.000  6.132  18.222
18.790  17.500  6.905  21.461
18.800  20.000  7.802  25.553
18.810  22.500  9.906  30.967
18.820  25.000  11.609  38.420
18.830  27.500  13.211  47.251
18.840  30.000  14.225  58.891
18.850  30.000  16.407  71.766
18.860  30.000  17.001  83.697
18.870  30.000  16.728  97.191
18.880  30.000  18.214  110.095
18.890  30.000  18.579  120.993
18.900  30.000  18.349  133.220
18.910  30.000  19.290  145.658
18.920  30.000  19.860  157.636
18.930  30.000  20.074  171.562
18.940  30.000  20.681  184.264
18.950  30.000  22.180  194.513
18.960  30.000  22.673  204.560
18.970  30.000  21.528  216.550
18.980  30.000  23.065  228.563
18.990  30.000  23.652  238.655
19.000  30.000  23.878  250.004
19.010  30.000  24.300  261.284
19.020  30.000  24.511  271.567
19.030  30.000  25.072  281.635
19.040  30.000  25.492  292.442
19.050  30.000  25.982  302.970
19.060  30.000  25.321  313.906
19.070  30.000  26.710  324.717
19.080  30.000  27.193  333.830
19.090  30.000  27.477  343.410
19.100  30.000  28.215  352.603
19.110  30.000  28.910  360.854
19.120  30.000  29.702  369.119
19.130  30.000  30.044  377.755
19.140  30.000  30.052  386.552
19.150  30.000  30.005  395.810
19.160  30.000  29.988  405.187
19.170  30.000  31.503  413.418
19.180  30.000  30.971  421.745
19.190  30.000  31.569  430.398
19.200  30.000  32.428  437.980
19.210  30.000  32.870  445.041
19.220  30.000  32.737  452.564
19.230  30.000  32.784  460.491
19.240  30.000  32.924  467.712
19.250  30.000  32.728  474.456
19.260  30.000  32.761  481.300
19.270  30.000  32.960  487.851
19.280  30.000  33.733  493.857
19.290  30.000  33.918  499.515
19.300  30.000  33.988  504.772
19.310  30.000  33.218  509.688
19.320  30.000  32.884  514.489
19.330  30.000  33.059  518.654
19.340  30.000  32.877  521.805
19.350  30.000  32.461  523.846
19.360  30.000  32.153  524.674
19.370  30.000  32.345  524.579
19.380  30.000  33.200  523.790
19.390  30.000  32.763  522.571
19.400  30.000  32.002  521.012
19.410  30.000  31.962  518.960
19.420  30.000  31.572  516.513
19.430  30.000  31.543  513.848
19.440  30.000  31.286  511.021
19.450  30.000  30.992  508.144
19.460  30.000  30.793  505.072
19.470  30.000  30.522  501.738
19.480  30.000  30.458  498.347
19.490  30.000  30.011  495.078
19.500  30.000  30.024  491.857
19.510  30.000  29.548  488.504
19.520  30.000  29.434  485.256
19.530  30.000  29.570  482.297
19.540  30.000  29.372  479.547
19.550  30.000  29.533  476.817
19.560  30.000  29.072  474.249
19.570  30.000  29.519  471.980
19.580  30.000  28.966  469.848
19.590  30.000  29.324  467.603
19.600  30.000  28.909  465.196
19.610  30.000  28.961  462.950
19.620  30.000  28.978  461.097
19.630  30.000  28.943  459.487
19.640  30.000  29.134  457.829
19.650  30.000  28.877  456.383
19.660  30.000  28.913  455.243
19.670  30.000  28.758  454.342
19.680  30.000  28.534  453.762
19.690  30.000  28.582  453.545
19.700  30.000  28.870  453.494
19.710  30.000  28.995  453.329
19.720  30.000  28.999  453.079
19.730  30.000  28.667  452.954
19.740  30.000  28.771  453.080
19.750  5.000  28.765  453.219
19.760  5.000  28.988  453.263
19.770  5.000  25.778  452.048
19.780  5.000  24.135  448.459
19.790  5.000  22.098  441.892
19.800  5.000  21.357  432.736
19.810  5.000  19.928  422.333
19.820  5.000  19.214  411.329
19.830  5.000  18.307  401.520
19.840  5.000  17.780  393.115
19.850  5.000  17.871  384.126
19.860  5.000  16.951  374.337
19.870  5.000  16.488  364.569
19.880  5.000  16.579  356.013
19.890  5.000  16.516  347.569
19.900  5.000  16.256  338.877
19.910  5.000  15.761  331.006
19.920  5.000  15.733  323.035
19.930  5.000  14.869  314.177
19.940  5.000  14.830  305.929
19.950  5.000  14.182  298.645
19.960  5.000  14.150  290.087
19.970  5.000  13.571  281.517
19.980  5.000  13.510  273.999
19.990  5.000  13.264  266.065
20.000  5.000  13.011  258.489
20.010  5.000  12.536  251.785
20.020  5.000  12.288  245.108
20.030  5.000  11.942  238.590
20.040  5.000  11.571  232.201
20.050  5.000  11.483  226.053
20.060  5.000  11.091  219.768
20.070  5.000  10.678  213.084
20.080  5.000  10.343  206.633
20.090  5.000  10.298  200.540
20.100  5.000  9.967  194.293
20.110  5.000  9.794  187.351
20.120  5.000  9.575  180.084
20.130  5.000  9.310  173.556
20.140  5.000  9.064  167.707
20.150  5.000  8.675  161.324
20.160  5.000  8.443  154.290
20.170  5.000  8.408  147.023
20.180  5.000  8.179  140.247
20.190  5.000  7.883  134.629
20.200  5.000  7.753  129.365
20.210  5.000  7.558  123.952
20.220  5.000  7.357  118.099
20.230  5.000  7.034  111.838
20.240  5.000  6.781  106.121
20.250  5.000  6.690  100.355
20.260  5.000  6.519  94.801
20.270  5.000  6.307  89.854
20.280  5.000  6.047  84.663
20.290  5.000  5.805  79.530
20.300  5.000  5.664  74.173
20.310  5.000  5.567  68.512
20.320  5.000  5.432  63.211
20.330  5.000  5.262  58.461
20.340  5.000  5.086  54.001
20.350  5.000  4.830  49.254
20.360  5.000  4.665  44.585
20.370  5.000  4.545  40.432
20.380  5.000  4.329  36.357
20.390  5.000  4.215  32.526
20.400  5.000  4.173  28.717
20.410  5.000  4.029  24.917
20.420  5.000  3.898  21.316
20.430  5.000  3.727  17.693
20.440  5.000  3.595  13.698
20.450  5.000  3.451  9.385
20.460  5.000  3.297  5.520
20.470  5.000  3.170  2.157
20.480  5.000  3.117  -0.963
20.490  5.000  3.003  -3.866
20.500  5.000  2.986  -6.733
20.510  5.000  2.873  -9.648
20.520  5.000  2.806  -12.807
20.530  5.000  2.620  -15.928
20.540  5.000  2.595  -18.660
20.550  5.000  2.513  -21.158
20.560  5.000  2.428  -23.347
20.570  5.000  2.345  -25.441
20.580  5.000  2.420  -27.703
20.590  5.000  2.280  -29.902
20.600  5.000  2.241  -31.928
20.610  5.000  2.128  -33.803
20.620  5.000  2.089  -35.472
20.630  5.000  2.030  -37.035
20.640  5.000  2.051  -38.447
20.650  5.000  2.067  -39.698
20.660  5.000  2.002  -40.741
20.670  5.000  2.015  -41.448
20.680  5.000  1.922  -42.161
20.690  5.000  1.896  -43.076
20.700  5.000  1.910  -43.794
20.710  5.000  1.981  -43.965
20.720  5.000  2.171  -43.303
20.730  5.000  2.084  -42.117
20.740  5.000  2.280  -40.990
20.750  5.000  2.331  -39.900
20.760  5.000  2.353  -38.679
20.770  5.000  2.535  -36.778
20.780  5.000  2.968  -34.406
20.790  5.000  3.193  -32.064
20.800  5.000  3.545  -29.726
20.810  5.000  3.811  -27.442
20.820  5.000  3.705  -24.669
20.830  5.000  3.947  -21.680
20.840  5.000  4.166  -18.686
20.850  5.000  4.474  -15.570
20.860  5.000  4.692  -12.880
20.870  5.000  4.674  -10.400
20.880  5.000  4.817  -7.572
20.890  5.000  4.993  -4.677
20.900  5.000  5.387  -2.072
20.910  5.000  5.222  0.622
20.920  5.000  5.497  3.487
20.930  5.000  5.263  6.661
20.940  5.000  5.736  9.847
20.950  5.000  5.736  12.551
20.960  5.000  5.999  14.912
20.970  5.000  5.796  17.130
20.980  5.000  6.420  19.342
20.990  5.000  6.292  21.183
21.000  5.000  6.296  22.476
21.010  5.000  6.363  23.389
21.020  5.000  6.340  24.295
21.030  5.000  6.568  24.971
21.040  5.000  6.429  25.256
21.050  5.000  6.322  25.507
21.060  5.000  6.389  25.762
21.070  5.000  6.298  25.942
21.080  5.000  6.384  25.943
21.090  5.000  6.219  25.808
21.100  5.000  6.401  25.625
21.110  5.000  6.188  25.368
21.120  5.000  6.075  25.081
21.130  5.000  6.144  24.781
21.140  5.000  5.970  24.458
21.150  5.000  6.010  23.865
21.160  5.000  5.904  22.700
21.170  5.000  5.838  21.374
21.180  5.000  5.739  20.299
21.190  5.000  5.652  19.138
21.200  5.000  5.399  17.638
21.210  5.000  5.452  15.947
21.220  5.000  5.249  14.285
21.230  5.000  5.196  12.682
21.240  5.000  5.124  11.050
21.250  5.000  5.029  9.372
21.260  5.000  4.953  7.629
21.270  5.000  4.786  5.953
21.280  5.000  4.795  4.251
21.290  5.000  4.660  2.589
21.300  5.000  4.659  1.159
21.310  5.000  4.642  -0.244
21.320  5.000  4.506  -1.732
21.330  5.000  4.464  -3.128
21.340  5.000  4.330  -4.353
21.350  5.000  4.426  -5.629
21.360  5.000  4.423  -6.881
21.370  5.000  4.335  -7.710
21.380  5.000  4.398  -8.093
21.390  5.000  4.366  -8.458
21.400  5.000  4.268  -8.858
21.410  5.000  4.333  -9.141
21.420  5.000  4.397  -9.296
21.430  5.000  4.382  -9.223
21.440  5.000  4.232  -8.803
21.450  5.000  4.482  -8.461
21.460  5.000  4.393  -8.478
21.470  5.000  4.327  -8.242
21.480  5.000  4.468  -7.726
21.490  5.000  4.349  -7.160
21.500  5.000  4.506  -6.650
21.510  5.000  4.411  -6.131
21.520  5.000  4.451  -5.460
21.530  5.000  4.568  -4.864
21.540  5.000  4.612  -4.409
21.550  5.000  4.630  -4.110
21.560  5.000  4.600  -3.770
21.570  5.000  4.616  -3.357
21.580  5.000  4.710  -3.161
21.590  5.000  4.703  -3.132
21.600  5.000  4.960  -3.180
21.610  5.000  4.803  -3.297
21.620  5.000  4.843  -3.391
21.630  5.000  4.806  -3.367
21.640  5.000  4.849  -3.133
21.650  5.000  4.870  -2.858
21.660  5.000  4.976  -2.879
21.670  5.000  4.946  -2.960
21.680  5.000  5.025  -2.834
21.690  5.000  4.896  -2.642
21.700  5.000  4.881  -2.421
21.710  5.000  4.949  -2.313
21.720  5.000  4.905  -1.955
