# covent_pc_3
# Captured 2020-06-19 00:22:27.724478 by unknown user
# Built at revision 5aae642 (dirty)
time(sec)  pc_setpoint  pressure  volume
0.000  5.000  16.100  350.873
0.010  5.000  15.895  342.551
0.020  5.000  15.359  334.524
0.030  5.000  14.983  326.216
0.040  5.000  14.596  317.857
0.050  5.000  14.305  309.953
0.060  5.000  14.091  302.035
0.070  5.000  13.714  294.331
0.080  5.000  13.469  286.983
0.090  5.000  13.132  279.766
0.100  5.000  12.861  271.943
0.110  5.000  12.447  264.007
0.120  5.000  12.149  256.430
0.130  5.000  12.099  248.421
0.140  5.000  11.820  241.005
0.150  5.000  11.517  233.972
0.160  5.000  11.072  226.523
0.170  5.000  10.794  219.591
0.180  5.000  10.600  212.888
0.190  5.000  10.532  206.151
0.200  5.000  10.087  199.837
0.210  5.000  9.897  193.185
0.220  5.000  9.615  186.550
0.230  5.000  9.403  180.532
0.240  5.000  9.332  174.541
0.250  5.000  9.151  168.049
0.260  5.000  8.792  161.738
0.270  5.000  8.550  156.064
0.280  5.000  8.408  150.406
0.290  5.000  8.090  144.171
0.300  5.000  8.082  137.799
0.310  5.000  7.754  132.178
0.320  5.000  7.622  126.160
0.330  5.000  7.352  119.662
0.340  5.000  7.030  114.012
0.350  5.000  6.897  108.867
0.360  5.000  6.686  103.746
0.370  5.000  6.497  98.705
0.380  5.000  6.365  93.532
0.390  5.000  6.127  88.241
0.400  5.000  5.956  82.655
0.410  5.000  5.785  77.363
0.420  5.000  5.625  72.658
0.430  5.000  5.418  67.991
0.440  5.000  5.304  63.328
0.450  5.000  5.076  58.373
0.460  5.000  4.943  53.242
0.470  5.000  4.793  48.312
0.480  5.000  4.687  43.714
0.490  5.000  4.482  39.526
0.500  5.000  4.439  35.429
0.510  5.000  4.281  31.417
0.520  5.000  4.218  27.363
0.530  5.000  4.051  23.595
0.540  5.000  3.899  20.048
0.550  5.000  3.861  16.590
0.560  5.000  3.926  13.246
0.570  5.000  3.792  10.030
0.580  5.000  3.632  6.840
0.590  5.000  3.626  3.808
0.600  5.000  3.751  1.161
0.610  5.000  3.627  -1.272
0.620  5.000  3.569  -3.561
0.630  5.000  3.438  -5.706
0.640  5.000  3.486  -7.396
0.650  5.000  3.858  -8.738
0.660  5.000  3.881  -10.146
0.670  5.000  3.542  -11.392
0.680  5.000  3.348  -12.101
0.690  5.000  4.009  -12.064
0.700  5.000  4.912  -11.348
0.710  5.000  4.496  -10.418
0.720  5.000  3.788  -9.402
0.730  5.000  3.616  -8.434
0.740  5.000  3.963  -7.227
0.750  5.000  4.786  -5.096
0.760  5.000  5.546  -2.287
0.770  5.000  4.901  0.320
0.780  5.000  4.393  2.440
0.790  5.000  4.626  4.740
0.800  5.000  5.638  7.376
0.810  5.000  5.814  9.836
0.820  5.000  4.900  11.973
0.830  5.000  4.844  13.773
0.840  5.000  5.290  15.489
0.850  5.000  5.974  17.012
0.860  5.000  5.567  18.307
0.870  5.000  5.018  19.258
0.880  5.000  4.771  19.974
0.890  5.000  5.709  20.611
0.900  5.000  5.887  21.105
0.910  5.000  5.833  21.490
0.920  5.000  5.417  21.741
0.930  5.000  5.562  21.978
0.940  5.000  5.500  22.025
0.950  5.000  5.170  21.901
0.960  5.000  5.030  21.655
0.970  5.000  5.304  21.143
0.980  5.000  5.500  20.320
0.990  5.000  5.151  19.297
1.000  5.000  4.977  18.207
1.010  5.000  5.076  17.021
1.020  5.000  5.071  15.709
1.030  5.000  5.138  14.268
1.040  5.000  4.863  13.034
1.050  5.000  4.804  11.889
1.060  5.000  4.991  10.538
1.070  5.000  4.877  9.345
1.080  5.000  4.726  8.349
1.090  5.000  4.586  7.563
1.100  5.000  4.699  6.920
1.110  5.000  4.976  6.377
1.120  5.000  4.989  5.879
1.130  5.000  4.630  5.326
1.140  5.000  4.526  5.002
1.150  5.000  4.942  5.006
1.160  5.000  5.113  5.185
1.170  5.000  4.596  5.784
1.180  5.000  4.490  6.636
1.190  5.000  4.805  7.391
1.200  5.000  4.870  8.093
1.210  5.000  4.940  8.465
1.220  5.000  4.844  8.698
1.230  5.000  4.853  9.067
1.240  5.000  4.822  9.475
1.250  5.000  5.096  9.879
1.260  5.000  4.915  10.488
1.270  5.000  5.046  11.259
1.280  5.000  4.957  11.860
1.290  5.000  5.055  12.300
1.300  5.000  4.923  12.570
1.310  5.000  5.099  12.649
1.320  5.000  5.175  12.711
1.330  5.000  5.048  12.839
1.340  5.000  5.194  13.096
1.350  5.000  5.087  13.460
1.360  5.000  5.225  13.836
1.370  5.000  5.224  14.177
1.380  5.000  5.176  14.713
1.390  5.000  5.097  15.321
1.400  5.000  5.300  15.674
1.410  5.000  5.202  15.837
1.420  5.000  5.167  15.901
1.430  5.000  4.990  16.009
1.440  5.000  5.110  16.264
1.450  5.000  5.240  16.410
1.460  5.000  4.995  15.982
1.470  5.000  5.078  15.381
1.480  5.000  5.142  14.896
1.490  5.000  5.116  14.503
1.500  5.000  4.910  14.271
1.510  5.000  4.991  14.021
1.520  5.000  5.130  13.527
1.530  5.000  5.108  12.803
1.540  5.000  4.990  12.093
1.550  5.000  4.899  11.616
1.560  5.000  4.953  11.173
1.570  5.000  4.892  10.627
1.580  5.000  4.955  10.137
1.590  5.000  4.890  9.671
1.600  5.000  4.850  9.376
1.610  5.000  4.855  9.317
1.620  5.000  5.019  9.175
1.630  5.000  5.037  9.094
1.640  5.000  4.832  9.201
1.650  5.000  4.784  9.280
1.660  5.000  4.873  9.210
1.670  5.000  5.034  8.868
1.680  5.000  5.013  8.663
1.690  5.000  4.889  8.708
1.700  5.000  4.877  8.827
1.710  5.000  4.962  9.015
1.720  5.000  4.945  9.237
1.730  5.000  5.000  9.415
1.740  5.000  5.009  9.688
1.750  5.000  4.964  10.110
1.760  5.000  4.924  10.378
1.770  5.000  4.944  10.341
1.780  5.000  5.113  10.308
1.790  5.000  5.113  10.547
1.800  5.000  4.998  10.902
1.810  5.000  5.098  11.135
1.820  5.000  5.063  11.418
1.830  5.000  5.114  11.784
1.840  7.500  5.067  11.814
1.850  10.000  5.126  11.657
1.860  12.500  5.955  12.148
1.870  15.000  8.698  14.014
1.880  17.500  12.062  17.818
1.890  20.000  12.585  24.369
1.900  22.500  13.584  33.729
1.910  25.000  15.921  45.543
1.920  27.500  17.293  58.177
1.930  30.000  18.323  69.622
1.940  30.000  18.182  80.847
1.950  30.000  17.823  94.867
1.960  30.000  19.282  109.043
1.970  30.000  19.812  120.237
1.980  30.000  20.158  131.388
1.990  30.000  19.686  144.006
2.000  30.000  21.271  156.338
2.010  30.000  21.360  167.623
2.020  30.000  20.932  179.522
2.030  30.000  22.675  190.976
2.040  30.000  22.147  201.296
2.050  30.000  22.548  211.529
2.060  30.000  22.253  223.379
2.070  30.000  22.963  236.551
2.080  30.000  23.802  248.264
2.090  30.000  24.535  258.521
2.100  30.000  24.511  269.743
2.110  30.000  25.521  280.751
2.120  30.000  25.914  290.303
2.130  30.000  26.090  300.228
2.140  30.000  26.410  309.982
2.150  30.000  27.000  319.441
2.160  30.000  26.963  329.337
2.170  30.000  27.505  339.133
2.180  30.000  28.276  348.115
2.190  30.000  29.329  356.742
2.200  30.000  29.100  365.987
2.210  30.000  29.229  375.661
2.220  30.000  29.546  384.780
2.230  30.000  30.462  393.556
2.240  30.000  31.408  402.421
2.250  30.000  30.378  411.346
2.260  30.000  31.331  419.935
2.270  30.000  30.843  429.306
2.280  30.000  31.798  438.143
2.290  30.000  32.136  445.198
2.300  30.000  30.858  452.054
2.310  30.000  31.542  458.624
2.320  30.000  31.516  465.159
2.330  30.000  31.180  471.446
2.340  30.000  31.808  476.742
2.350  30.000  31.042  481.695
2.360  30.000  31.557  486.340
2.370  30.000  31.376  490.440
2.380  30.000  30.970  494.350
2.390  30.000  30.723  497.766
2.400  30.000  29.730  500.548
2.410  30.000  30.231  502.494
2.420  30.000  29.038  503.343
2.430  30.000  29.108  503.090
2.440  30.000  28.717  502.196
2.450  30.000  30.653  501.178
2.460  30.000  31.484  500.005
2.470  30.000  30.490  498.247
2.480  30.000  28.830  496.049
2.490  30.000  29.504  493.799
2.500  30.000  30.361  491.864
2.510  30.000  30.767  490.049
2.520  30.000  29.485  488.199
2.530  30.000  29.509  486.480
2.540  30.000  29.242  484.829
2.550  30.000  30.264  483.394
2.560  30.000  30.527  482.156
2.570  30.000  29.621  480.825
2.580  30.000  28.792  479.458
2.590  30.000  29.269  478.436
2.600  30.000  30.188  477.860
2.610  30.000  31.141  477.478
2.620  30.000  29.493  477.072
2.630  30.000  28.411  476.734
2.640  30.000  28.734  476.678
2.650  30.000  30.350  477.008
2.660  30.000  30.617  477.436
2.670  30.000  29.490  477.735
2.680  30.000  28.674  478.051
2.690  30.000  30.010  478.574
2.700  30.000  31.140  479.395
2.710  30.000  30.753  480.133
2.720  30.000  28.745  480.491
2.730  30.000  28.129  481.179
2.740  30.000  31.324  482.357
2.750  30.000  31.826  483.721
2.760  30.000  30.321  484.789
2.770  30.000  27.432  485.336
2.780  30.000  28.520  485.832
2.790  30.000  33.100  486.838
2.800  30.000  32.406  488.350
2.810  30.000  29.566  489.318
2.820  30.000  27.215  489.654
2.830  30.000  28.778  490.060
2.840  5.000  32.896  490.994
2.850  5.000  32.249  492.341
2.860  5.000  27.198  492.723
2.870  5.000  20.170  489.104
2.880  5.000  17.858  480.448
2.890  5.000  18.387  471.102
2.900  5.000  19.866  461.683
2.910  5.000  19.686  451.680
2.920  5.000  19.322  442.652
2.930  5.000  18.551  433.755
2.940  5.000  18.188  425.005
2.950  5.000  17.974  416.328
2.960  5.000  17.792  407.058
2.970  5.000  17.420  397.335
2.980  5.000  16.999  387.674
2.990  5.000  16.550  377.959
3.000  5.000  16.305  369.030
3.010  5.000  16.049  361.079
3.020  5.000  15.878  352.332
3.030  5.000  15.396  343.440
3.040  5.000  15.111  334.636
3.050  5.000  14.703  325.546
3.060  5.000  14.347  317.321
3.070  5.000  14.007  308.971
3.080  5.000  13.776  300.575
3.090  5.000  13.509  292.940
3.100  5.000  13.290  285.443
3.110  5.000  12.934  277.296
3.120  5.000  12.679  269.055
3.130  5.000  12.268  261.721
3.140  5.000  12.090  254.539
3.150  5.000  11.691  247.022
3.160  5.000  11.711  239.201
3.170  5.000  11.210  231.803
3.180  5.000  10.921  225.034
3.190  5.000  10.741  217.562
3.200  5.000  10.448  210.432
3.210  5.000  10.249  203.750
3.220  5.000  9.906  196.893
3.230  5.000  9.728  190.748
3.240  5.000  9.412  184.129
3.250  5.000  9.301  177.534
3.260  5.000  9.154  171.095
3.270  5.000  9.057  164.082
3.280  5.000  8.713  157.822
3.290  5.000  8.576  152.071
3.300  5.000  8.269  146.098
3.310  5.000  8.063  139.750
3.320  5.000  7.900  133.196
3.330  5.000  7.595  126.892
3.340  5.000  7.433  120.890
3.350  5.000  7.194  114.721
3.360  5.000  6.991  108.915
3.370  5.000  6.815  103.738
3.380  5.000  6.657  98.393
3.390  5.000  6.533  93.281
3.400  5.000  6.230  88.448
3.410  5.000  6.160  82.969
3.420  5.000  5.837  77.627
3.430  5.000  5.608  72.907
3.440  5.000  5.617  67.664
3.450  5.000  5.340  62.634
3.460  5.000  5.200  57.836
3.470  5.000  4.988  52.929
3.480  5.000  4.853  48.238
3.490  5.000  4.773  43.752
3.500  5.000  4.545  39.271
3.510  5.000  4.506  34.693
3.520  5.000  4.419  30.473
3.530  5.000  4.232  26.367
3.540  5.000  4.075  22.264
3.550  5.000  3.996  18.340
3.560  5.000  3.913  14.723
3.570  5.000  3.890  11.239
3.580  5.000  3.904  7.791
3.590  5.000  3.759  4.475
3.600  5.000  3.580  1.362
3.610  5.000  3.588  -1.414
3.620  5.000  3.592  -3.996
3.630  5.000  3.612  -6.477
3.640  5.000  3.491  -8.888
3.650  5.000  3.498  -11.031
3.660  5.000  3.749  -12.797
3.670  5.000  3.830  -14.433
3.680  5.000  3.739  -16.025
3.690  5.000  3.404  -17.086
3.700  5.000  3.688  -17.578
3.710  5.000  4.560  -17.470
3.720  5.000  5.037  -16.975
3.730  5.000  4.054  -16.263
3.740  5.000  3.628  -15.059
3.750  5.000  3.768  -13.958
3.760  5.000  4.353  -12.728
3.770  5.000  5.352  -10.911
3.780  5.000  5.318  -8.869
3.790  5.000  4.505  -6.951
3.800  5.000  4.360  -4.993
3.810  5.000  4.957  -2.686
3.820  5.000  5.562  -0.206
3.830  5.000  5.200  2.152
3.840  5.000  4.843  4.268
3.850  5.000  4.939  6.268
3.860  5.000  5.577  8.171
3.870  5.000  5.589  9.890
3.880  5.000  5.426  11.216
3.890  5.000  5.188  11.975
3.900  5.000  5.250  12.502
3.910  5.000  5.649  12.911
3.920  5.000  5.597  13.180
3.930  5.000  5.648  13.377
3.940  5.000  5.603  13.473
3.950  5.000  5.615  13.739
3.960  5.000  5.509  13.690
3.970  5.000  5.200  13.138
3.980  5.000  5.180  12.449
3.990  5.000  5.417  11.697
4.000  5.000  5.431  10.987
4.010  5.000  5.099  9.988
4.020  5.000  5.024  8.759
4.030  5.000  4.981  7.574
4.040  5.000  5.018  6.252
4.050  5.000  5.057  4.754
4.060  5.000  4.882  3.414
4.070  5.000  4.844  2.255
4.080  5.000  4.827  0.972
4.090  5.000  4.861  -0.315
4.100  5.000  4.824  -1.368
4.110  5.000  4.851  -2.407
4.120  5.000  4.825  -3.370
4.130  5.000  4.849  -4.105
4.140  5.000  4.789  -4.731
4.150  5.000  4.712  -5.149
4.160  5.000  4.836  -5.582
4.170  5.000  4.892  -5.987
4.180  5.000  4.780  -6.121
4.190  5.000  4.861  -5.979
4.200  5.000  4.774  -5.725
4.210  5.000  4.997  -5.511
4.220  5.000  4.759  -5.296
4.230  5.000  5.063  -5.307
4.240  5.000  4.917  -5.276
4.250  5.000  4.980  -5.011
4.260  5.000  4.767  -4.694
4.270  5.000  4.889  -4.558
4.280  5.000  5.098  -4.542
4.290  5.000  4.997  -4.344
4.300  5.000  5.027  -4.011
4.310  5.000  5.038  -3.608
4.320  5.000  5.045  -3.417
4.330  5.000  5.018  -3.377
4.340  5.000  5.045  -3.289
4.350  5.000  5.080  -3.270
4.360  5.000  5.102  -3.024
4.370  5.000  5.085  -2.616
4.380  5.000  5.169  -2.283
4.390  5.000  5.008  -1.944
4.400  5.000  5.200  -1.816
4.410  5.000  5.162  -1.833
4.420  5.000  5.114  -1.783
4.430  5.000  5.148  -1.891
4.440  5.000  5.077  -2.196
4.450  5.000  5.148  -2.463
4.460  5.000  5.061  -2.767
4.470  5.000  5.073  -3.140
4.480  5.000  5.173  -3.601
4.490  5.000  5.018  -4.055
4.500  5.000  5.057  -4.506
4.510  5.000  4.833  -5.063
4.520  5.000  5.088  -5.622
4.530  5.000  4.974  -6.052
4.540  5.000  4.972  -6.429
4.550  5.000  4.970  -6.984
4.560  5.000  5.100  -7.571
4.570  5.000  4.945  -7.977
4.580  5.000  4.841  -8.289
4.590  5.000  5.026  -8.799
4.600  5.000  4.944  -9.438
4.610  5.000  4.811  -9.887
4.620  5.000  4.911  -10.269
4.630  5.000  4.845  -10.621
4.640  5.000  4.976  -10.750
4.650  5.000  4.937  -10.919
4.660  5.000  5.053  -11.215
4.670  5.000  4.924  -11.455
4.680  5.000  4.818  -11.650
4.690  5.000  5.104  -11.824
4.700  5.000  4.863  -11.904
4.710  5.000  5.058  -11.733
4.720  5.000  4.856  -11.521
4.730  5.000  5.062  -11.321
4.740  5.000  4.974  -10.943
4.750  5.000  4.984  -10.654
4.760  5.000  4.800  -10.703
4.770  5.000  5.023  -10.749
4.780  5.000  4.998  -10.690
4.790  5.000  4.994  -10.683
4.800  5.000  5.190  -10.684
4.810  5.000  4.892  -10.672
4.820  5.000  5.067  -10.461
4.830  5.000  5.079  -10.257
4.840  5.000  4.955  -10.166
4.850  7.500  5.174  -9.832
4.860  10.000  5.061  -9.412
4.870  12.500  5.854  -8.787
4.880  15.000  8.615  -6.889
4.890  17.500  12.222  -2.965
4.900  20.000  12.966  3.437
4.910  22.500  13.165  13.933
4.920  25.000  16.557  26.418
4.930  27.500  17.829  38.155
4.940  30.000  17.744  50.449
4.950  30.000  18.648  63.264
4.960  30.000  18.864  75.571
4.970  30.000  18.638  87.716
4.980  30.000  19.131  99.507
4.990  30.000  19.570  111.444
5.000  30.000  20.662  123.264
5.010  30.000  21.269  133.754
5.020  30.000  21.451  144.561
5.030  30.000  21.897  156.388
5.040  30.000  22.376  168.070
5.050  30.000  22.127  180.936
5.060  30.000  22.888  193.312
5.070  30.000  22.526  204.713
5.080  30.000  23.126  217.470
5.090  30.000  24.428  228.969
5.100  30.000  24.388  240.740
5.110  30.000  25.419  252.671
5.120  30.000  25.217  262.375
5.130  30.000  25.626  272.777
5.140  30.000  26.358  283.488
5.150  30.000  27.330  292.731
5.160  30.000  26.830  302.498
5.170  30.000  26.964  313.969
5.180  30.000  28.080  324.803
5.190  30.000  28.046  334.236
5.200  30.000  28.582  343.826
5.210  30.000  29.835  353.632
5.220  30.000  29.419  362.997
5.230  30.000  29.593  372.189
5.240  30.000  29.965  381.900
5.250  30.000  29.731  392.515
5.260  30.000  31.035  402.254
5.270  30.000  31.770  410.361
5.280  30.000  31.505  417.902
5.290  30.000  31.451  425.384
5.300  30.000  31.441  432.927
5.310  30.000  30.149  440.117
5.320  30.000  31.629  447.081
5.330  30.000  31.216  453.863
5.340  30.000  32.152  460.544
5.350  30.000  31.710  466.815
5.360  30.000  31.699  472.463
5.370  30.000  31.248  477.681
5.380  30.000  32.218  482.295
5.390  30.000  31.990  486.371
5.400  30.000  30.093  490.194
5.410  30.000  31.221  493.540
5.420  30.000  30.502  496.337
5.430  30.000  30.554  498.600
5.440  30.000  30.345  499.936
5.450  30.000  29.215  500.332
5.460  30.000  28.596  499.717
5.470  30.000  28.003  497.826
5.480  30.000  30.290  495.543
5.490  30.000  30.761  493.426
5.500  30.000  30.227  491.263
5.510  30.000  29.923  488.813
5.520  30.000  29.757  486.274
5.530  30.000  29.576  484.028
5.540  30.000  29.743  481.847
5.550  30.000  29.832  479.749
5.560  30.000  29.463  477.899
5.570  30.000  29.686  476.022
5.580  30.000  29.485  474.289
5.590  30.000  29.892  472.785
5.600  30.000  29.941  471.491
5.610  30.000  29.449  470.381
5.620  30.000  29.078  469.518
5.630  30.000  29.588  469.042
5.640  30.000  29.730  468.865
5.650  30.000  30.027  468.719
5.660  30.000  28.899  468.721
5.670  30.000  29.016  468.931
5.680  30.000  29.958  469.365
5.690  30.000  30.416  470.383
5.700  30.000  29.789  471.488
5.710  30.000  29.309  472.460
5.720  30.000  29.431  473.772
5.730  30.000  31.083  475.420
5.740  30.000  30.402  477.228
5.750  30.000  29.231  478.839
5.760  30.000  28.906  480.284
5.770  30.000  30.688  481.968
5.780  30.000  31.147  483.798
5.790  30.000  30.202  485.438
5.800  30.000  28.493  486.607
5.810  30.000  29.623  487.670
5.820  30.000  32.162  489.142
5.830  30.000  31.422  490.559
5.840  30.000  28.903  491.412
5.850  5.000  28.515  491.911
5.860  5.000  29.721  492.071
5.870  5.000  26.881  490.639
5.880  5.000  21.553  484.284
5.890  5.000  19.846  475.255
5.900  5.000  19.094  466.651
5.910  5.000  19.693  457.817
5.920  5.000  19.547  448.994
5.930  5.000  19.176  439.348
5.940  5.000  18.597  429.736
5.950  5.000  18.241  420.392
5.960  5.000  17.767  411.331
5.970  5.000  17.310  402.801
5.980  5.000  17.429  393.421
5.990  5.000  17.155  383.276
6.000  5.000  16.684  373.880
6.010  5.000  16.464  365.616
6.020  5.000  16.052  357.097
6.030  5.000  15.777  348.684
6.040  5.000  15.294  340.093
6.050  5.000  14.839  331.099
6.060  5.000  14.627  322.957
6.070  5.000  14.203  314.793
6.080  5.000  13.842  306.963
6.090  5.000  13.670  299.617
6.100  5.000  13.406  292.094
6.110  5.000  13.069  284.635
6.120  5.000  12.726  277.341
6.130  5.000  12.524  270.444
6.140  5.000  12.286  262.675
6.150  5.000  11.887  254.795
6.160  5.000  11.659  248.101
6.170  5.000  11.313  240.787
6.180  5.000  11.080  233.502
6.190  5.000  10.815  226.896
6.200  5.000  10.641  220.090
6.210  5.000  10.326  213.650
6.220  5.000  10.157  206.775
6.230  5.000  9.877  200.031
6.240  5.000  9.649  193.360
6.250  5.000  9.598  186.473
6.260  5.000  9.229  180.665
6.270  5.000  9.079  174.250
6.280  5.000  8.942  167.720
6.290  5.000  8.498  162.088
6.300  5.000  8.471  156.243
6.310  5.000  8.099  150.580
6.320  5.000  7.956  144.653
6.330  5.000  7.681  138.598
6.340  5.000  7.414  133.194
6.350  5.000  7.367  127.384
6.360  5.000  7.078  121.498
6.370  5.000  6.972  116.275
6.380  5.000  6.841  110.619
6.390  5.000  6.608  104.975
6.400  5.000  6.382  100.004
6.410  5.000  6.214  94.693
6.420  5.000  6.026  89.363
6.430  5.000  5.806  84.475
6.440  5.000  5.629  79.372
6.450  5.000  5.585  74.406
6.460  5.000  5.388  69.851
6.470  5.000  5.121  65.422
6.480  5.000  5.073  60.731
6.490  5.000  4.848  55.967
6.500  5.000  4.732  51.322
6.510  5.000  4.595  46.711
6.520  5.000  4.471  42.462
6.530  5.000  4.348  38.381
6.540  5.000  4.328  34.348
6.550  5.000  4.182  30.429
6.560  5.000  3.952  26.936
6.570  5.000  3.860  23.258
6.580  5.000  3.860  19.757
6.590  5.000  3.826  16.346
6.600  5.000  3.651  12.820
6.610  5.000  3.599  9.719
6.620  5.000  3.644  6.731
6.630  5.000  3.642  4.180
6.640  5.000  3.571  1.912
6.650  5.000  3.466  -0.237
6.660  5.000  3.395  -2.143
6.670  5.000  3.642  -3.707
6.680  5.000  3.807  -5.076
6.690  5.000  3.560  -6.458
6.700  5.000  3.401  -7.451
6.710  5.000  3.877  -7.475
6.720  5.000  4.687  -6.797
6.730  5.000  4.701  -6.038
6.740  5.000  3.705  -5.183
6.750  5.000  3.404  -4.247
6.760  5.000  3.910  -2.974
6.770  5.000  5.389  -1.128
6.780  5.000  5.575  1.096
6.790  5.000  4.742  3.303
6.800  5.000  4.074  5.668
6.810  5.000  4.665  8.339
6.820  5.000  5.638  10.960
6.830  5.000  5.828  13.346
6.840  5.000  4.908  15.704
6.850  5.000  4.715  18.030
6.860  5.000  5.284  20.098
6.870  5.000  5.979  21.805
6.880  5.000  5.827  23.068
6.890  5.000  5.046  24.036
6.900  5.000  4.771  24.655
6.910  5.000  5.599  25.104
6.920  5.000  6.069  25.593
6.930  5.000  5.841  26.054
6.940  5.000  5.541  26.306
6.950  5.000  5.271  26.386
6.960  5.000  5.292  26.381
6.970  5.000  5.164  26.211
6.980  5.000  5.537  25.820
6.990  5.000  5.221  25.098
7.000  5.000  5.081  24.125
7.010  5.000  5.085  23.009
7.020  5.000  5.200  21.829
7.030  5.000  5.137  20.687
7.040  5.000  4.985  19.373
7.050  5.000  4.870  18.149
7.060  5.000  4.852  16.928
7.070  5.000  4.992  15.710
7.080  5.000  4.903  14.632
7.090  5.000  4.863  13.594
7.100  5.000  4.767  12.754
7.110  5.000  4.863  11.954
7.120  5.000  4.828  11.299
7.130  5.000  4.789  10.691
7.140  5.000  4.692  10.110
7.150  5.000  4.856  9.506
7.160  5.000  4.829  9.107
7.170  5.000  4.928  8.994
7.180  5.000  4.688  8.968
7.190  5.000  4.858  9.200
7.200  5.000  4.822  9.406
7.210  5.000  4.930  9.660
7.220  5.000  4.858  10.044
7.230  5.000  4.943  10.521
7.240  5.000  4.892  11.126
7.250  5.000  4.810  11.717
7.260  5.000  4.875  12.313
7.270  5.000  4.933  12.710
7.280  5.000  4.994  13.051
7.290  5.000  4.947  13.582
7.300  5.000  5.072  14.085
7.310  5.000  5.081  14.513
7.320  5.000  5.152  14.955
7.330  5.000  5.090  15.329
7.340  5.000  5.055  15.646
7.350  5.000  5.169  15.944
7.360  5.000  4.996  16.319
7.370  5.000  5.082  16.800
7.380  5.000  5.203  17.256
7.390  5.000  5.274  17.697
7.400  5.000  5.118  18.046
7.410  5.000  4.961  18.255
7.420  5.000  5.170  18.203
7.430  5.000  5.147  18.182
7.440  5.000  5.229  18.198
7.450  5.000  5.100  17.981
7.460  5.000  4.959  17.728
7.470  5.000  5.178  17.272
7.480  5.000  5.129  16.651
7.490  5.000  5.028  16.159
7.500  5.000  4.912  15.731
7.510  5.000  5.085  15.177
7.520  5.000  5.000  14.363
7.530  5.000  4.915  13.589
7.540  5.000  4.915  13.053
7.550  5.000  4.977  12.596
7.560  5.000  5.008  12.166
7.570  5.000  4.972  11.656
7.580  5.000  4.957  11.175
7.590  5.000  4.903  10.813
7.600  5.000  4.858  10.626
7.610  5.000  4.849  10.552
7.620  5.000  4.993  10.395
7.630  5.000  4.908  10.136
7.640  5.000  4.794  10.002
7.650  5.000  4.889  9.877
7.660  5.000  4.961  9.780
7.670  5.000  5.131  9.838
7.680  5.000  4.791  10.033
7.690  5.000  4.916  10.206
7.700  5.000  5.023  10.287
7.710  5.000  5.131  10.355
7.720  5.000  4.756  10.477
7.730  5.000  5.035  10.612
7.740  5.000  5.042  10.709
7.750  5.000  5.126  10.900
7.760  5.000  4.969  11.013
7.770  5.000  4.920  11.165
7.780  5.000  5.128  11.425
7.790  5.000  4.894  11.660
7.800  5.000  5.132  11.759
7.810  5.000  5.147  11.692
7.820  5.000  5.014  11.654
7.830  5.000  4.901  11.776
7.840  5.000  5.015  12.164
7.850  5.000  5.128  12.648
7.860  7.500  5.129  12.654
7.870  10.000  5.225  12.427
7.880  12.500  5.814  12.797
7.890  15.000  8.668  14.676
7.900  17.500  12.157  18.514
7.910  20.000  12.758  24.613
7.920  22.500  13.216  33.764
7.930  25.000  14.450  44.286
7.940  27.500  16.888  54.938
7.950  30.000  17.814  66.158
7.960  30.000  18.918  77.432
7.970  30.000  18.329  89.299
7.980  30.000  18.880  101.489
7.990  30.000  18.925  114.877
8.000  30.000  19.718  127.876
8.010  30.000  20.686  138.907
8.020  30.000  21.015  150.110
8.030  30.000  21.363  161.317
8.040  30.000  22.248  172.253
8.050  30.000  22.344  183.003
8.060  30.000  22.794  193.459
8.070  30.000  22.992  203.761
8.080  30.000  23.499  214.442
8.090  30.000  24.054  225.714
8.100  30.000  24.112  236.702
8.110  30.000  24.637  246.910
8.120  30.000  25.066  256.581
8.130  30.000  25.594  265.960
8.140  30.000  26.104  275.433
8.150  30.000  26.467  284.741
8.160  30.000  26.851  294.100
8.170  30.000  27.647  303.277
8.180  30.000  27.910  312.194
8.190  30.000  28.372  321.014
8.200  30.000  27.993  330.374
8.210  30.000  28.584  340.307
8.220  30.000  29.220  349.536
8.230  30.000  29.248  358.058
8.240  30.000  29.578  366.802
8.250  30.000  29.981  375.617
8.260  30.000  30.163  383.973
8.270  30.000  30.941  392.494
8.280  30.000  31.157  401.058
8.290  30.000  31.464  409.006
8.300  30.000  31.318  416.919
8.310  30.000  31.138  424.772
8.320  30.000  30.694  432.179
8.330  30.000  31.560  439.072
8.340  30.000  31.712  445.507
8.350  30.000  31.883  451.943
8.360  30.000  31.360  458.203
8.370  30.000  31.325  463.897
8.380  30.000  30.754  469.024
8.390  30.000  31.679  473.742
8.400  30.000  31.825  477.803
8.410  30.000  31.013  481.667
8.420  30.000  31.204  485.305
8.430  30.000  30.060  488.324
8.440  30.000  29.851  490.445
8.450  30.000  29.487  491.469
8.460  30.000  30.137  491.205
8.470  30.000  28.922  489.795
8.480  30.000  30.527  487.719
8.490  30.000  30.061  485.698
8.500  30.000  30.723  483.541
8.510  30.000  29.879  481.092
8.520  30.000  29.557  478.766
8.530  30.000  29.738  476.376
8.540  30.000  29.722  474.140
8.550  30.000  30.020  471.997
8.560  30.000  29.573  469.795
8.570  30.000  29.816  467.701
8.580  30.000  29.518  465.789
8.590  30.000  29.808  463.988
8.600  30.000  29.945  462.347
8.610  30.000  29.624  460.955
8.620  30.000  29.504  459.836
8.630  30.000  29.381  459.059
8.640  30.000  29.780  458.572
8.650  30.000  29.881  458.272
8.660  30.000  29.287  458.197
8.670  30.000  29.267  458.225
8.680  30.000  29.429  458.223
8.690  30.000  29.607  458.265
8.700  30.000  30.135  458.577
8.710  30.000  29.699  459.118
8.720  30.000  29.877  459.852
8.730  30.000  29.594  460.995
8.740  30.000  30.186  462.494
8.750  30.000  30.175  464.125
8.760  30.000  30.175  465.392
8.770  30.000  29.739  466.233
8.780  30.000  30.194  467.180
8.790  30.000  29.836  468.407
8.800  30.000  30.265  469.555
8.810  30.000  30.025  470.557
8.820  30.000  30.360  471.488
8.830  30.000  30.334  472.252
8.840  30.000  29.900  472.865
8.850  30.000  29.965  473.276
8.860  5.000  30.275  473.629
8.870  5.000  30.122  473.929
8.880  5.000  26.448  472.902
8.890  5.000  20.764  466.969
8.900  5.000  19.522  458.119
8.910  5.000  18.799  449.536
8.920  5.000  19.455  440.481
8.930  5.000  19.574  431.255
8.940  5.000  19.328  421.426
8.950  5.000  18.610  411.828
8.960  5.000  18.275  402.893
8.970  5.000  17.988  394.259
8.980  5.000  17.795  385.176
8.990  5.000  17.549  376.116
9.000  5.000  17.020  367.260
9.010  5.000  16.741  358.165
9.020  5.000  16.229  349.534
9.030  5.000  15.763  341.187
9.040  5.000  15.682  332.939
9.050  5.000  15.210  325.024
9.060  5.000  14.804  316.812
9.070  5.000  14.472  308.289
9.080  5.000  14.001  299.828
9.090  5.000  13.714  291.245
9.100  5.000  13.648  283.267
9.110  5.000  13.449  275.531
9.120  5.000  12.901  267.505
9.130  5.000  12.586  259.973
9.140  5.000  12.419  252.908
9.150  5.000  11.989  245.203
9.160  5.000  11.897  237.838
9.170  5.000  11.514  231.148
9.180  5.000  11.346  223.706
9.190  5.000  11.073  216.565
9.200  5.000  10.851  209.492
9.210  5.000  10.662  202.389
9.220  5.000  10.243  195.886
9.230  5.000  10.030  189.418
9.240  5.000  9.843  183.143
9.250  5.000  9.565  176.366
9.260  5.000  9.456  169.208
9.270  5.000  9.098  162.475
9.280  5.000  8.871  155.786
9.290  5.000  8.665  149.268
9.300  5.000  8.567  143.324
9.310  5.000  8.334  137.496
9.320  5.000  8.147  131.100
9.330  5.000  7.936  124.750
9.340  5.000  7.621  119.005
9.350  5.000  7.310  112.990
9.360  5.000  7.285  107.146
9.370  5.000  7.100  101.377
9.380  5.000  6.826  95.306
9.390  5.000  6.653  89.335
9.400  5.000  6.518  83.494
9.410  5.000  6.308  77.993
9.420  5.000  6.064  72.861
9.430  5.000  5.895  67.823
9.440  5.000  5.729  62.757
9.450  5.000  5.645  57.476
9.460  5.000  5.468  52.541
9.470  5.000  5.188  47.639
9.480  5.000  5.066  42.648
9.490  5.000  4.967  37.996
9.500  5.000  4.871  32.915
9.510  5.000  4.675  28.064
9.520  5.000  4.531  23.841
9.530  5.000  4.449  19.823
9.540  5.000  4.283  15.414
9.550  5.000  4.219  11.028
9.560  5.000  4.008  6.823
9.570  5.000  3.921  2.713
9.580  5.000  3.842  -0.857
9.590  5.000  3.826  -4.195
9.600  5.000  3.813  -7.527
9.610  5.000  3.566  -10.687
9.620  5.000  3.597  -13.552
9.630  5.000  3.638  -16.310
9.640  5.000  3.630  -18.777
9.650  5.000  3.527  -21.008
9.660  5.000  3.424  -23.002
9.670  5.000  3.620  -24.859
9.680  5.000  3.776  -26.465
9.690  5.000  3.733  -27.761
9.700  5.000  3.570  -28.898
9.710  5.000  3.419  -29.428
9.720  5.000  4.331  -29.241
9.730  5.000  4.943  -28.716
9.740  5.000  4.568  -28.280
9.750  5.000  3.569  -27.645
9.760  5.000  3.620  -26.544
9.770  5.000  4.186  -24.985
9.780  5.000  5.077  -23.038
9.790  5.000  5.447  -21.117
9.800  5.000  4.613  -19.233
9.810  5.000  4.298  -17.158
9.820  5.000  4.688  -14.856
9.830  5.000  5.618  -12.459
9.840  5.000  5.546  -10.058
9.850  5.000  5.149  -7.936
9.860  5.000  4.715  -5.833
9.870  5.000  5.295  -3.730
9.880  5.000  5.494  -2.018
9.890  5.000  5.786  -0.700
9.900  5.000  5.139  0.375
9.910  5.000  4.975  1.262
9.920  5.000  5.430  1.935
9.930  5.000  5.891  2.336
9.940  5.000  5.676  2.647
9.950  5.000  5.592  2.958
9.960  5.000  5.983  2.996
9.970  5.000  5.518  2.740
9.980  5.000  5.142  2.022
9.990  5.000  4.772  1.071
10.000  5.000  5.377  0.203
10.010  5.000  5.693  -0.721
10.020  5.000  5.328  -1.928
10.030  5.000  4.827  -3.339
10.040  5.000  4.903  -4.914
10.050  5.000  5.096  -6.470
10.060  5.000  5.129  -7.888
10.070  5.000  4.900  -9.396
10.080  5.000  4.805  -10.689
10.090  5.000  4.730  -11.986
10.100  5.000  4.799  -13.506
10.110  5.000  4.904  -14.709
10.120  5.000  4.822  -15.764
10.130  5.000  4.868  -16.624
10.140  5.000  4.703  -17.519
10.150  5.000  4.763  -18.298
10.160  5.000  4.833  -18.693
10.170  5.000  4.996  -19.228
10.180  5.000  4.933  -19.644
10.190  5.000  4.592  -19.743
10.200  5.000  4.750  -19.869
10.210  5.000  5.046  -20.005
10.220  5.000  4.914  -19.869
10.230  5.000  4.699  -19.575
10.240  5.000  4.682  -19.058
10.250  5.000  4.982  -18.688
10.260  5.000  4.880  -18.378
10.270  5.000  4.861  -18.010
10.280  5.000  4.933  -17.706
10.290  5.000  4.903  -17.275
10.300  5.000  4.952  -16.730
10.310  5.000  4.856  -16.155
10.320  5.000  5.027  -15.720
10.330  5.000  5.147  -15.489
10.340  5.000  5.003  -15.375
10.350  5.000  5.006  -15.344
10.360  5.000  5.175  -15.410
10.370  5.000  5.182  -15.204
10.380  5.000  5.194  -14.898
10.390  5.000  5.103  -14.662
10.400  5.000  5.046  -14.320
10.410  5.000  5.224  -14.103
10.420  5.000  5.145  -13.888
10.430  5.000  5.089  -13.642
10.440  5.000  5.184  -13.649
10.450  5.000  5.152  -13.788
10.460  5.000  5.157  -13.963
10.470  5.000  5.002  -14.187
10.480  5.000  5.075  -14.437
10.490  5.000  5.294  -14.799
10.500  5.000  5.203  -15.255
10.510  5.000  4.879  -15.679
10.520  5.000  4.977  -16.069
10.530  5.000  4.997  -16.408
10.540  5.000  5.134  -16.818
10.550  5.000  5.060  -17.395
10.560  5.000  4.878  -17.991
10.570  5.000  5.036  -18.707
10.580  5.000  5.011  -19.335
10.590  5.000  4.977  -19.967
10.600  5.000  5.021  -20.654
10.610  5.000  4.940  -21.383
10.620  5.000  4.956  -22.095
10.630  5.000  5.000  -22.630
10.640  5.000  4.856  -23.055
10.650  5.000  4.728  -23.321
10.660  5.000  4.945  -23.673
10.670  5.000  4.981  -23.996
10.680  5.000  4.970  -24.158
10.690  5.000  4.782  -24.329
10.700  5.000  4.804  -24.492
10.710  5.000  4.901  -24.597
10.720  5.000  5.059  -24.601
10.730  5.000  4.840  -24.437
10.740  5.000  4.937  -24.218
10.750  5.000  4.947  -23.987
10.760  5.000  5.134  -23.801
10.770  5.000  4.898  -23.591
10.780  5.000  4.904  -23.363
10.790  5.000  5.046  -23.029
10.800  5.000  5.094  -22.728
10.810  5.000  4.954  -22.651
10.820  5.000  4.975  -22.503
10.830  5.000  5.189  -22.152
10.840  5.000  5.162  -21.873
10.850  5.000  5.084  -21.903
10.860  5.000  5.057  -22.013
10.870  7.500  5.095  -22.025
10.880  10.000  5.146  -21.719
10.890  12.500  5.846  -20.639
10.900  15.000  8.795  -18.227
10.910  17.500  12.003  -13.938
10.920  20.000  12.695  -7.145
10.930  22.500  14.042  3.207
10.940  25.000  16.012  15.396
10.950  27.500  17.225  27.517
10.960  30.000  17.019  41.464
10.970  30.000  18.801  55.312
10.980  30.000  18.134  67.516
10.990  30.000  19.404  79.501
11.000  30.000  19.742  91.927
11.010  30.000  20.053  104.582
11.020  30.000  20.272  116.058
11.030  30.000  21.409  126.975
11.040  30.000  20.802  138.924
11.050  30.000  22.302  150.902
11.060  30.000  22.239  161.683
11.070  30.000  22.548  172.254
11.080  30.000  22.601  184.818
11.090  30.000  23.270  197.099
11.100  30.000  23.423  208.869
11.110  30.000  23.977  221.980
11.120  30.000  24.356  233.442
11.130  30.000  25.932  242.927
11.140  30.000  25.161  252.042
11.150  30.000  25.726  262.239
11.160  30.000  25.965  272.703
11.170  30.000  26.723  282.237
11.180  30.000  27.300  292.072
11.190  30.000  27.301  302.394
11.200  30.000  28.093  312.207
11.210  30.000  28.597  322.000
11.220  30.000  28.783  331.464
11.230  30.000  29.510  340.071
11.240  30.000  29.879  348.673
11.250  30.000  30.153  357.450
11.260  30.000  29.731  366.596
11.270  30.000  30.365  376.170
11.280  30.000  31.937  385.091
11.290  30.000  30.878  393.464
11.300  30.000  31.998  401.713
11.310  30.000  30.965  409.920
11.320  30.000  30.119  417.894
11.330  30.000  31.791  425.274
11.340  30.000  30.834  432.233
11.350  30.000  31.815  438.990
11.360  30.000  31.491  445.694
11.370  30.000  31.882  452.030
11.380  30.000  31.267  457.739
11.390  30.000  31.127  462.871
11.400  30.000  31.583  467.626
11.410  30.000  32.172  471.833
11.420  30.000  30.809  475.593
11.430  30.000  31.219  478.817
11.440  30.000  30.179  481.037
11.450  30.000  30.844  482.469
11.460  30.000  29.678  482.969
11.470  30.000  28.583  482.225
11.480  30.000  27.814  480.497
11.490  30.000  30.230  478.489
11.500  30.000  31.292  476.523
11.510  30.000  30.349  474.601
11.520  30.000  29.601  472.519
11.530  30.000  29.064  470.292
11.540  30.000  29.764  468.347
11.550  30.000  29.894  466.732
11.560  30.000  29.472  465.159
11.570  30.000  29.892  463.382
11.580  30.000  29.873  461.796
11.590  30.000  29.467  460.488
11.600  30.000  29.687  459.425
11.610  30.000  29.625  458.808
11.620  30.000  29.610  458.562
11.630  30.000  29.234  458.529
11.640  30.000  29.764  458.569
11.650  30.000  29.810  458.635
11.660  30.000  29.504  458.892
11.670  30.000  29.194  459.201
11.680  30.000  29.756  459.481
11.690  30.000  30.140  460.089
11.700  30.000  29.816  460.908
11.710  30.000  29.780  461.678
11.720  30.000  29.521  462.578
11.730  30.000  30.092  463.873
11.740  30.000  30.455  465.262
11.750  30.000  30.295  466.579
11.760  30.000  29.056  467.959
11.770  30.000  29.411  469.489
11.780  30.000  31.016  471.407
11.790  30.000  30.890  473.270
11.800  30.000  29.461  474.317
11.810  30.000  28.801  475.007
11.820  30.000  30.352  476.124
11.830  30.000  31.803  477.516
11.840  30.000  30.997  478.778
11.850  30.000  28.961  479.579
11.860  30.000  28.314  480.170
11.870  5.000  30.954  480.827
11.880  5.000  31.511  481.449
11.890  5.000  28.177  480.957
11.900  5.000  20.909  476.909
11.910  5.000  18.659  468.925
11.920  5.000  18.407  459.704
11.930  5.000  19.851  450.198
11.940  5.000  19.659  439.867
11.950  5.000  19.598  429.295
11.960  5.000  19.158  419.788
11.970  5.000  18.331  410.686
11.980  5.000  17.874  401.742
11.990  5.000  17.504  392.782
12.000  5.000  17.340  383.916
12.010  5.000  17.021  375.560
12.020  5.000  16.575  366.510
12.030  5.000  16.503  356.932
12.040  5.000  16.225  348.194
12.050  5.000  15.976  340.346
12.060  5.000  15.546  332.012
12.070  5.000  15.049  323.621
12.080  5.000  15.042  314.951
12.090  5.000  14.596  306.548
12.100  5.000  13.999  298.543
12.110  5.000  13.948  290.535
12.120  5.000  13.772  283.071
12.130  5.000  13.509  275.021
12.140  5.000  13.312  267.136
12.150  5.000  12.872  260.104
12.160  5.000  12.427  252.937
12.170  5.000  12.248  245.971
12.180  5.000  11.831  238.717
12.190  5.000  11.471  231.456
12.200  5.000  11.184  224.798
12.210  5.000  10.851  217.576
12.220  5.000  10.784  210.698
12.230  5.000  10.467  203.981
12.240  5.000  10.129  197.218
12.250  5.000  9.923  190.578
12.260  5.000  9.858  183.742
12.270  5.000  9.584  177.800
12.280  5.000  9.242  171.372
12.290  5.000  8.991  164.842
12.300  5.000  8.818  158.494
12.310  5.000  8.602  151.623
12.320  5.000  8.359  145.348
12.330  5.000  8.139  139.696
12.340  5.000  8.006  134.211
12.350  5.000  7.764  128.773
12.360  5.000  7.465  122.900
12.370  5.000  7.380  117.259
12.380  5.000  7.212  112.061
12.390  5.000  6.883  106.548
12.400  5.000  6.762  101.364
12.410  5.000  6.621  96.196
12.420  5.000  6.295  91.135
12.430  5.000  6.196  86.429
12.440  5.000  6.000  81.173
12.450  5.000  5.809  76.057
12.460  5.000  5.626  71.604
12.470  5.000  5.480  66.546
12.480  5.000  5.340  61.502
12.490  5.000  5.187  57.163
12.500  5.000  4.973  52.987
12.510  5.000  4.827  48.933
12.520  5.000  4.651  44.762
12.530  5.000  4.501  40.628
12.540  5.000  4.530  36.345
12.550  5.000  4.343  32.192
12.560  5.000  4.231  28.473
12.570  5.000  4.056  24.743
12.580  5.000  3.857  21.202
12.590  5.000  3.877  17.903
12.600  5.000  3.918  14.801
12.610  5.000  3.829  11.798
12.620  5.000  3.670  8.795
12.630  5.000  3.605  5.831
12.640  5.000  3.681  3.010
12.650  5.000  3.638  0.547
12.660  5.000  3.581  -1.837
12.670  5.000  3.517  -4.009
12.680  5.000  3.544  -5.769
12.690  5.000  3.762  -7.136
12.700  5.000  3.781  -7.950
12.710  5.000  3.552  -8.778
12.720  5.000  3.334  -9.507
12.730  5.000  3.953  -9.545
12.740  5.000  4.770  -8.977
12.750  5.000  4.783  -8.178
12.760  5.000  3.744  -7.143
12.770  5.000  3.537  -5.695
12.780  5.000  3.907  -4.101
12.790  5.000  4.863  -2.088
12.800  5.000  5.783  0.265
12.810  5.000  4.951  2.484
12.820  5.000  4.240  4.785
12.830  5.000  4.452  7.084
12.840  5.000  5.453  9.292
12.850  5.000  5.736  11.501
12.860  5.000  5.232  13.632
12.870  5.000  4.379  16.001
12.880  5.000  5.161  18.362
12.890  5.000  5.812  20.430
12.900  5.000  5.905  22.269
12.910  5.000  5.129  23.525
12.920  5.000  4.766  24.306
12.930  5.000  5.368  24.920
12.940  5.000  6.089  25.499
12.950  5.000  5.790  26.323
12.960  5.000  5.552  27.051
12.970  5.000  5.378  27.500
12.980  5.000  5.672  27.872
12.990  5.000  5.402  27.982
13.000  5.000  5.165  27.692
13.010  5.000  5.192  27.067
13.020  5.000  5.485  26.363
13.030  5.000  5.280  25.512
13.040  5.000  5.049  24.268
13.050  5.000  5.020  22.938
13.060  5.000  5.071  21.791
13.070  5.000  5.048  20.646
13.080  5.000  5.039  19.176
13.090  5.000  4.985  17.540
13.100  5.000  4.934  16.105
13.110  5.000  4.781  14.921
13.120  5.000  4.644  13.704
13.130  5.000  4.820  12.389
13.140  5.000  4.838  11.387
13.150  5.000  4.842  10.648
13.160  5.000  4.687  10.028
13.170  5.000  4.673  9.490
13.180  5.000  4.909  9.152
13.190  5.000  4.878  9.052
13.200  5.000  4.605  8.938
13.210  5.000  4.760  9.023
13.220  5.000  4.888  9.267
13.230  5.000  4.764  9.556
13.240  5.000  4.745  9.964
13.250  5.000  4.721  10.385
13.260  5.000  4.822  10.749
13.270  5.000  4.571  11.189
13.280  5.000  4.901  11.833
13.290  5.000  4.889  12.619
13.300  5.000  4.909  13.405
13.310  5.000  4.909  14.090
13.320  5.000  4.975  14.531
13.330  5.000  4.970  14.897
13.340  5.000  4.827  15.463
13.350  5.000  4.923  15.934
13.360  5.000  5.027  16.318
13.370  5.000  5.119  16.549
13.380  5.000  5.148  16.741
13.390  5.000  5.094  17.027
13.400  5.000  5.261  17.367
13.410  5.000  5.184  17.811
13.420  5.000  5.102  18.398
13.430  5.000  5.237  19.026
13.440  5.000  5.190  19.510
13.450  5.000  5.287  19.817
13.460  5.000  5.246  20.098
13.470  5.000  5.205  20.442
13.480  5.000  5.251  20.759
13.490  5.000  5.158  21.073
13.500  5.000  5.119  21.329
13.510  5.000  5.076  21.481
13.520  5.000  5.209  21.375
13.530  5.000  5.051  21.285
13.540  5.000  5.086  21.270
13.550  5.000  4.968  21.092
13.560  5.000  5.283  20.863
13.570  5.000  5.207  20.572
13.580  5.000  4.926  20.123
13.590  5.000  4.882  19.643
13.600  5.000  5.076  19.058
13.610  5.000  5.064  18.411
13.620  5.000  4.942  17.734
13.630  5.000  4.832  17.106
13.640  5.000  4.962  16.595
13.650  5.000  5.108  16.220
13.660  5.000  4.977  15.976
13.670  5.000  4.765  15.668
13.680  5.000  4.679  15.454
13.690  5.000  4.862  15.282
13.700  5.000  5.169  15.095
13.710  5.000  5.002  15.061
13.720  5.000  4.698  15.300
13.730  5.000  4.725  15.484
13.740  5.000  5.073  15.374
13.750  5.000  5.289  15.324
13.760  5.000  4.910  15.530
13.770  5.000  4.700  15.974
13.780  5.000  4.826  16.336
13.790  5.000  5.155  16.420
13.800  5.000  5.277  16.443
13.810  5.000  4.793  16.670
13.820  5.000  4.699  17.012
13.830  5.000  5.014  17.221
13.840  5.000  5.141  17.397
13.850  5.000  5.239  17.524
13.860  5.000  4.832  17.856
13.870  5.000  4.766  18.441
13.880  7.500  5.019  18.887
13.890  10.000  5.234  19.013
13.900  12.500  6.165  19.521
13.910  15.000  8.374  21.343
13.920  17.500  11.772  25.101
13.930  20.000  12.940  31.147
13.940  22.500  12.867  41.301
13.950  25.000  16.034  53.867
13.960  27.500  16.787  66.794
13.970  30.000  17.933  79.109
13.980  30.000  18.114  90.276
13.990  30.000  18.058  104.013
14.000  30.000  19.807  117.554
14.010  30.000  19.702  129.237
14.020  30.000  19.228  141.787
14.030  30.000  20.587  153.883
14.040  30.000  20.674  165.127
14.050  30.000  21.495  176.247
14.060  30.000  20.701  187.302
14.070  30.000  22.360  197.838
14.080  30.000  22.668  207.935
14.090  30.000  22.990  218.209
14.100  30.000  23.536  228.985
14.110  30.000  24.125  239.448
14.120  30.000  23.481  251.150
14.130  30.000  23.631  264.494
14.140  30.000  24.800  276.139
14.150  30.000  25.275  286.181
14.160  30.000  25.624  296.377
14.170  30.000  25.705  307.177
14.180  30.000  26.293  317.681
14.190  30.000  26.979  327.380
14.200  30.000  27.035  337.126
14.210  30.000  28.397  346.628
14.220  30.000  28.722  355.457
14.230  30.000  29.436  364.267
14.240  30.000  29.586  373.384
14.250  30.000  30.228  382.385
14.260  30.000  29.637  391.879
14.270  30.000  31.177  401.395
14.280  30.000  30.573  409.873
14.290  30.000  30.960  417.860
14.300  30.000  30.927  425.628
14.310  30.000  31.144  433.823
14.320  30.000  30.938  442.137
14.330  30.000  31.168  449.904
14.340  30.000  31.392  457.104
14.350  30.000  31.258  463.775
14.360  30.000  32.152  470.173
14.370  30.000  31.405  476.724
14.380  30.000  31.071  482.679
14.390  30.000  31.175  487.730
14.400  30.000  31.009  492.643
14.410  30.000  31.421  497.135
14.420  30.000  31.869  501.120
14.430  30.000  30.299  504.817
14.440  30.000  30.950  507.832
14.450  30.000  29.674  509.810
14.460  30.000  29.255  510.709
14.470  30.000  28.331  510.499
14.480  30.000  29.559  509.411
14.490  30.000  31.091  508.338
14.500  30.000  32.068  507.047
14.510  30.000  29.334  505.224
14.520  30.000  28.964  503.322
14.530  30.000  29.869  501.347
14.540  30.000  30.757  499.319
14.550  30.000  30.374  497.306
14.560  30.000  29.563  495.453
14.570  30.000  29.380  493.510
14.580  30.000  29.872  491.552
14.590  30.000  29.836  489.775
14.600  30.000  29.637  488.101
14.610  30.000  30.039  486.725
14.620  30.000  29.859  485.519
14.630  30.000  29.274  484.455
14.640  30.000  29.269  483.584
14.650  30.000  30.066  483.172
14.660  30.000  29.937  483.225
14.670  30.000  29.817  483.185
14.680  30.000  29.171  483.054
14.690  30.000  29.062  483.010
14.700  30.000  29.829  482.948
14.710  30.000  29.647  483.120
14.720  30.000  29.932  483.524
14.730  30.000  29.840  484.250
14.740  30.000  29.597  485.364
14.750  30.000  29.760  486.747
14.760  30.000  30.219  488.279
14.770  30.000  30.003  489.701
14.780  30.000  29.973  491.031
14.790  30.000  30.097  492.436
14.800  30.000  30.328  493.832
14.810  30.000  29.907  494.944
14.820  30.000  30.162  496.011
14.830  30.000  30.116  497.048
14.840  30.000  30.208  497.938
14.850  30.000  29.951  498.649
14.860  30.000  30.324  499.211
14.870  30.000  30.202  499.622
14.880  5.000  29.721  499.898
14.890  5.000  29.797  500.099
14.900  5.000  26.019  498.750
14.910  5.000  20.622  492.435
14.920  5.000  19.466  483.512
14.930  5.000  18.964  474.385
14.940  5.000  19.673  465.001
14.950  5.000  19.063  456.193
14.960  5.000  18.930  447.077
14.970  5.000  18.595  438.123
14.980  5.000  18.010  428.493
14.990  5.000  18.146  419.187
15.000  5.000  17.445  410.117
15.010  5.000  17.522  400.118
15.020  5.000  17.089  391.189
15.030  5.000  16.836  382.503
15.040  5.000  16.203  373.563
15.050  5.000  15.773  365.269
15.060  5.000  15.644  357.062
15.070  5.000  15.368  349.012
15.080  5.000  14.857  340.574
15.090  5.000  14.911  332.196
15.100  5.000  14.352  323.732
15.110  5.000  14.285  315.301
15.120  5.000  13.636  307.880
15.130  5.000  13.287  300.559
15.140  5.000  13.171  292.929
15.150  5.000  12.722  285.374
15.160  5.000  12.460  278.242
15.170  5.000  12.211  271.283
15.180  5.000  12.012  264.374
15.190  5.000  11.616  256.902
15.200  5.000  11.369  249.520
15.210  5.000  11.054  242.353
15.220  5.000  10.876  235.192
15.230  5.000  10.634  227.947
15.240  5.000  10.327  220.781
15.250  5.000  10.046  214.299
15.260  5.000  9.803  207.325
15.270  5.000  9.683  199.878
15.280  5.000  9.370  193.149
15.290  5.000  9.157  186.680
15.300  5.000  9.105  180.001
15.310  5.000  8.799  173.799
15.320  5.000  8.480  167.898
15.330  5.000  8.438  161.983
15.340  5.000  8.201  156.047
15.350  5.000  7.773  150.293
15.360  5.000  7.688  144.646
15.370  5.000  7.558  138.940
15.380  5.000  7.471  133.102
15.390  5.000  7.219  126.955
15.400  5.000  6.909  121.098
15.410  5.000  6.832  115.742
15.420  5.000  6.695  110.394
15.430  5.000  6.472  105.207
15.440  5.000  6.144  100.239
15.450  5.000  5.863  95.085
15.460  5.000  5.742  90.112
15.470  5.000  5.538  85.470
15.480  5.000  5.340  80.816
15.490  5.000  5.166  76.150
15.500  5.000  4.945  71.048
15.510  5.000  4.894  66.132
15.520  5.000  4.767  61.554
15.530  5.000  4.586  56.715
15.540  5.000  4.501  52.326
15.550  5.000  4.323  48.321
15.560  5.000  4.320  43.916
15.570  5.000  4.128  39.659
15.580  5.000  3.964  35.837
15.590  5.000  3.938  32.124
15.600  5.000  3.864  28.528
15.610  5.000  3.863  25.070
15.620  5.000  3.741  21.817
15.630  5.000  3.562  18.792
15.640  5.000  3.603  15.997
15.650  5.000  3.677  13.415
15.660  5.000  3.553  10.942
15.670  5.000  3.562  8.509
15.680  5.000  3.479  6.309
15.690  5.000  3.731  4.615
15.700  5.000  3.856  3.093
15.710  5.000  3.725  1.577
15.720  5.000  3.437  0.244
15.730  5.000  3.602  -0.443
15.740  5.000  4.604  -0.269
15.750  5.000  4.977  0.233
15.760  5.000  4.118  0.996
15.770  5.000  3.630  1.905
15.780  5.000  3.504  2.880
15.790  5.000  4.138  4.548
15.800  5.000  5.371  6.747
15.810  5.000  5.577  8.736
15.820  5.000  4.883  10.562
15.830  5.000  4.154  12.670
15.840  5.000  4.620  15.020
15.850  5.000  5.591  17.273
15.860  5.000  6.043  19.088
15.870  5.000  5.388  20.492
15.880  5.000  4.512  21.834
15.890  5.000  4.892  23.200
15.900  5.000  5.943  24.531
15.910  5.000  6.270  25.455
15.920  5.000  5.337  25.969
15.930  5.000  4.731  26.415
15.940  5.000  5.299  26.712
15.950  5.000  5.818  26.920
15.960  5.000  5.754  26.969
15.970  5.000  5.533  26.847
15.980  5.000  5.251  26.479
15.990  5.000  5.080  26.032
16.000  5.000  5.385  25.740
16.010  5.000  5.419  25.183
16.020  5.000  5.360  24.270
16.030  5.000  4.820  23.210
16.040  5.000  5.089  22.283
16.050  5.000  5.270  21.326
16.060  5.000  5.304  20.104
16.070  5.000  4.752  18.733
16.080  5.000  4.721  17.339
16.090  5.000  5.004  16.150
16.100  5.000  5.105  14.970
16.110  5.000  4.802  13.696
16.120  5.000  4.713  12.661
16.130  5.000  4.686  11.744
16.140  5.000  5.112  10.942
16.150  5.000  5.028  10.132
16.160  5.000  4.640  9.365
16.170  5.000  4.607  8.705
16.180  5.000  4.859  8.151
16.190  5.000  5.068  7.889
16.200  5.000  4.797  7.787
16.210  5.000  4.659  7.728
16.220  5.000  4.680  7.832
16.230  5.000  4.943  8.031
16.240  5.000  5.031  8.148
16.250  5.000  5.096  8.198
16.260  5.000  4.747  8.381
16.270  5.000  4.903  8.564
16.280  5.000  5.070  8.608
16.290  5.000  4.869  8.819
16.300  5.000  5.122  9.143
16.310  5.000  4.875  9.569
16.320  5.000  5.179  9.868
16.330  5.000  4.977  10.139
16.340  5.000  5.149  10.357
16.350  5.000  5.043  10.469
16.360  5.000  5.156  10.678
16.370  5.000  4.950  10.830
16.380  5.000  5.134  10.952
16.390  5.000  5.225  10.918
16.400  5.000  5.094  10.652
16.410  5.000  5.044  10.363
16.420  5.000  4.861  10.248
16.430  5.000  5.255  10.130
16.440  5.000  5.184  10.051
16.450  5.000  4.930  9.936
16.460  5.000  5.083  9.475
16.470  5.000  4.983  8.999
16.480  5.000  5.077  8.661
16.490  5.000  5.086  8.260
16.500  5.000  5.030  7.899
16.510  5.000  5.026  7.506
16.520  5.000  4.800  7.143
16.530  5.000  4.954  6.864
16.540  5.000  5.070  6.411
16.550  5.000  5.186  5.978
16.560  5.000  4.938  5.641
16.570  5.000  4.894  5.492
16.580  5.000  4.834  5.430
16.590  5.000  5.080  5.329
16.600  5.000  5.086  5.152
16.610  5.000  4.918  4.861
16.620  5.000  4.743  4.692
16.630  5.000  4.902  4.549
16.640  5.000  5.134  4.278
16.650  5.000  5.012  3.874
16.660  5.000  5.036  3.486
16.670  5.000  4.914  3.211
16.680  5.000  4.891  3.053
16.690  5.000  5.006  3.026
16.700  5.000  5.111  2.926
16.710  5.000  5.024  2.633
16.720  5.000  4.775  2.329
16.730  5.000  4.933  2.198
16.740  5.000  5.087  2.287
16.750  5.000  5.037  2.583
16.760  5.000  4.943  2.710
16.770  5.000  4.915  2.605
16.780  5.000  4.860  2.581
16.790  5.000  4.941  2.559
16.800  5.000  5.184  2.511
16.810  5.000  5.047  2.550
16.820  5.000  4.734  2.962
16.830  5.000  5.063  3.374
16.840  5.000  5.082  3.344
16.850  5.000  5.112  3.118
16.860  5.000  5.063  2.952
16.870  5.000  5.088  2.872
16.880  5.000  4.963  3.041
16.890  7.500  5.196  3.119
16.900  10.000  5.219  3.161
16.910  12.500  5.701  3.840
16.920  15.000  8.530  6.062
16.930  17.500  12.118  10.300
16.940  20.000  12.914  16.297
16.950  22.500  13.150  25.939
16.960  25.000  15.745  37.914
16.970  27.500  17.049  49.704
16.980  30.000  17.760  61.946
16.990  30.000  17.564  74.640
17.000  30.000  18.742  87.358
17.010  30.000  18.898  101.018
17.020  30.000  19.718  115.535
17.030  30.000  19.334  129.677
17.040  30.000  20.283  143.222
17.050  30.000  21.101  155.151
17.060  30.000  20.627  166.237
17.070  30.000  21.704  178.054
17.080  30.000  22.054  189.630
17.090  30.000  22.823  200.329
17.100  30.000  23.347  210.723
17.110  30.000  23.129  221.487
17.120  30.000  23.254  232.918
17.130  30.000  24.567  243.250
17.140  30.000  24.414  253.228
17.150  30.000  25.895  263.000
17.160  30.000  25.580  272.309
17.170  30.000  25.863  282.090
17.180  30.000  26.588  291.923
17.190  30.000  26.595  301.802
17.200  30.000  27.078  311.432
17.210  30.000  27.640  321.242
17.220  30.000  27.833  331.035
17.230  30.000  28.290  340.452
17.240  30.000  28.302  349.837
17.250  30.000  29.094  359.283
17.260  30.000  30.207  368.076
17.270  30.000  29.628  377.026
17.280  30.000  30.079  386.183
17.290  30.000  30.924  394.927
17.300  30.000  30.828  404.164
17.310  30.000  31.476  412.682
17.320  30.000  31.659  420.063
17.330  30.000  31.395  427.731
17.340  30.000  30.866  435.261
17.350  30.000  30.770  442.137
17.360  30.000  30.511  448.774
17.370  30.000  32.002  455.291
17.380  30.000  32.746  461.420
17.390  30.000  31.305  467.358
17.400  30.000  30.859  472.904
17.410  30.000  31.091  477.888
17.420  30.000  31.787  482.672
17.430  30.000  31.838  487.058
17.440  30.000  31.120  490.807
17.450  30.000  30.347  493.641
17.460  30.000  30.173  495.864
17.470  30.000  29.234  497.395
17.480  30.000  29.081  497.701
17.490  30.000  29.274  496.691
17.500  30.000  29.935  494.722
17.510  30.000  30.591  492.441
17.520  30.000  30.326  490.079
17.530  30.000  30.186  487.708
17.540  30.000  29.536  485.419
17.550  30.000  30.115  483.071
17.560  30.000  29.572  480.703
17.570  30.000  29.822  478.654
17.580  30.000  29.720  476.933
17.590  30.000  29.811  475.371
17.600  30.000  29.536  473.866
17.610  30.000  29.770  472.448
17.620  30.000  30.017  471.237
17.630  30.000  29.537  470.236
17.640  30.000  29.213  469.355
17.650  30.000  29.003  468.807
17.660  30.000  29.587  468.804
17.670  30.000  29.480  468.922
17.680  30.000  29.319  468.951
17.690  30.000  29.589  469.184
17.700  30.000  30.116  469.821
17.710  30.000  30.419  470.686
17.720  30.000  29.565  471.474
17.730  30.000  29.250  472.381
17.740  30.000  30.108  473.704
17.750  30.000  30.964  475.223
17.760  30.000  30.600  476.448
17.770  30.000  28.416  477.141
17.780  30.000  28.958  477.744
17.790  30.000  32.222  478.917
17.800  30.000  31.540  480.407
17.810  30.000  28.965  481.257
17.820  30.000  28.735  481.457
17.830  30.000  30.009  481.908
17.840  30.000  31.698  482.746
17.850  30.000  31.704  483.277
17.860  30.000  29.159  483.367
17.870  30.000  28.460  483.382
17.880  30.000  29.774  483.482
17.890  5.000  31.559  483.583
17.900  5.000  30.768  483.409
17.910  5.000  26.532  482.015
17.920  5.000  20.523  476.492
17.930  5.000  19.007  468.304
17.940  5.000  18.796  459.222
17.950  5.000  19.501  449.582
17.960  5.000  19.895  440.602
17.970  5.000  19.409  431.162
17.980  5.000  18.712  422.065
17.990  5.000  18.069  412.753
18.000  5.000  17.687  403.363
18.010  5.000  17.837  393.995
18.020  5.000  17.347  384.742
18.030  5.000  17.001  375.852
18.040  5.000  16.664  366.365
18.050  5.000  16.648  356.765
18.060  5.000  16.130  347.037
18.070  5.000  16.023  337.978
18.080  5.000  15.542  329.924
18.090  5.000  15.088  321.236
18.100  5.000  14.388  312.692
18.110  5.000  14.338  304.648
18.120  5.000  13.844  295.904
18.130  5.000  13.672  287.952
18.140  5.000  13.423  280.561
18.150  5.000  13.022  272.561
18.160  5.000  12.666  264.790
18.170  5.000  12.415  257.761
18.180  5.000  12.225  250.371
18.190  5.000  11.816  242.328
18.200  5.000  11.694  234.287
18.210  5.000  11.319  226.801
18.220  5.000  10.991  219.549
18.230  5.000  10.777  212.521
18.240  5.000  10.575  205.321
18.250  5.000  10.494  198.186
18.260  5.000  10.159  191.068
18.270  5.000  9.866  184.187
18.280  5.000  9.732  178.179
18.290  5.000  9.541  171.968
18.300  5.000  9.221  165.699
18.310  5.000  8.943  158.946
18.320  5.000  8.835  152.384
18.330  5.000  8.697  146.494
18.340  5.000  8.364  140.735
18.350  5.000  8.158  135.011
18.360  5.000  7.948  128.690
18.370  5.000  7.685  122.409
18.380  5.000  7.379  116.766
18.390  5.000  7.265  110.789
18.400  5.000  7.035  104.966
18.410  5.000  6.981  99.682
18.420  5.000  6.722  94.511
18.430  5.000  6.570  88.892
18.440  5.000  6.393  83.308
18.450  5.000  6.194  77.785
18.460  5.000  5.926  72.240
18.470  5.000  5.817  66.928
18.480  5.000  5.578  61.329
18.490  5.000  5.386  56.175
18.500  5.000  5.274  51.505
18.510  5.000  5.021  46.638
18.520  5.000  4.834  41.815
18.530  5.000  4.780  37.330
18.540  5.000  4.612  33.054
18.550  5.000  4.543  28.483
18.560  5.000  4.474  23.920
18.570  5.000  4.254  19.698
18.580  5.000  4.139  15.589
18.590  5.000  4.047  11.765
18.600  5.000  3.917  8.095
18.610  5.000  3.898  4.689
18.620  5.000  3.886  1.469
18.630  5.000  3.791  -1.687
18.640  5.000  3.562  -4.781
18.650  5.000  3.589  -7.700
18.660  5.000  3.687  -10.543
18.670  5.000  3.642  -13.189
18.680  5.000  3.545  -15.496
18.690  5.000  3.395  -17.709
18.700  5.000  3.599  -19.541
18.710  5.000  3.759  -21.008
18.720  5.000  3.727  -22.412
18.730  5.000  3.338  -23.511
18.740  5.000  3.528  -24.106
18.750  5.000  4.659  -24.036
18.760  5.000  4.949  -23.547
18.770  5.000  4.217  -22.993
18.780  5.000  3.553  -22.191
18.790  5.000  3.541  -20.876
18.800  5.000  4.294  -19.137
18.810  5.000  5.350  -17.167
18.820  5.000  5.497  -15.109
18.830  5.000  4.433  -13.102
18.840  5.000  4.229  -11.062
18.850  5.000  4.833  -8.811
18.860  5.000  5.719  -6.381
18.870  5.000  5.512  -3.966
18.880  5.000  4.970  -1.895
18.890  5.000  5.088  -0.245
18.900  5.000  5.141  1.633
18.910  5.000  5.749  3.325
18.920  5.000  5.782  4.293
18.930  5.000  5.415  5.120
18.940  5.000  5.076  5.720
18.950  5.000  5.216  6.306
18.960  5.000  5.722  6.868
18.970  5.000  5.907  7.064
18.980  5.000  5.718  7.064
18.990  5.000  5.484  6.903
19.000  5.000  5.198  6.475
19.010  5.000  5.207  5.782
19.020  5.000  5.359  4.914
19.030  5.000  5.342  3.878
19.040  5.000  5.194  2.789
19.050  5.000  5.104  1.703
19.060  5.000  5.065  0.416
19.070  5.000  5.140  -0.954
19.080  5.000  4.950  -2.217
19.090  5.000  4.884  -3.446
19.100  5.000  4.978  -4.803
19.110  5.000  5.006  -6.355
19.120  5.000  4.944  -7.767
19.130  5.000  4.674  -8.992
19.140  5.000  4.823  -10.372
19.150  5.000  4.845  -11.664
19.160  5.000  4.920  -12.690
19.170  5.000  4.962  -13.758
19.180  5.000  4.689  -14.630
19.190  5.000  4.690  -15.409
19.200  5.000  5.101  -16.216
19.210  5.000  4.937  -16.782
19.220  5.000  4.710  -17.182
19.230  5.000  4.570  -17.444
19.240  5.000  4.661  -17.532
19.250  5.000  5.033  -17.477
19.260  5.000  4.976  -17.442
19.270  5.000  4.747  -17.135
19.280  5.000  4.690  -16.632
19.290  5.000  4.834  -16.348
19.300  5.000  4.965  -16.300
19.310  5.000  4.870  -16.304
19.320  5.000  5.089  -16.137
19.330  5.000  4.925  -15.851
19.340  5.000  4.898  -15.541
19.350  5.000  4.749  -15.288
19.360  5.000  5.046  -14.950
19.370  5.000  5.078  -14.425
19.380  5.000  5.127  -13.925
19.390  5.000  5.131  -13.398
19.400  5.000  4.985  -12.972
19.410  5.000  5.034  -12.817
19.420  5.000  5.238  -12.788
19.430  5.000  5.180  -12.678
19.440  5.000  5.177  -12.335
19.450  5.000  5.133  -11.925
19.460  5.000  5.003  -11.523
19.470  5.000  5.356  -11.220
19.480  5.000  5.145  -10.948
19.490  5.000  5.069  -10.813
19.500  5.000  5.062  -10.760
19.510  5.000  5.177  -10.597
19.520  5.000  5.149  -10.722
19.530  5.000  4.891  -10.900
19.540  5.000  5.106  -10.896
19.550  5.000  5.142  -11.122
19.560  5.000  5.237  -11.553
19.570  5.000  5.079  -12.114
19.580  5.000  4.805  -12.579
19.590  5.000  5.089  -13.106
19.600  5.000  5.223  -13.806
19.610  5.000  5.109  -14.366
19.620  5.000  4.773  -15.025
19.630  5.000  4.846  -15.747
19.640  5.000  5.116  -16.436
19.650  5.000  5.216  -17.044
19.660  5.000  4.869  -17.474
19.670  5.000  4.617  -17.899
19.680  5.000  4.735  -18.431
19.690  5.000  4.978  -18.888
19.700  5.000  5.193  -19.358
19.710  5.000  4.984  -19.813
19.720  5.000  4.610  -19.942
19.730  5.000  4.682  -19.967
19.740  5.000  5.174  -20.034
19.750  5.000  5.212  -20.072
19.760  5.000  4.866  -19.925
19.770  5.000  4.711  -19.709
19.780  5.000  4.825  -19.609
19.790  5.000  5.098  -19.464
19.800  5.000  4.969  -19.085
19.810  5.000  5.007  -18.701
19.820  5.000  4.946  -18.470
19.830  5.000  4.998  -18.160
19.840  5.000  4.970  -17.873
19.850  5.000  5.195  -17.601
19.860  5.000  4.934  -17.292
19.870  5.000  4.970  -17.083
19.880  5.000  4.999  -16.943
19.890  5.000  5.129  -16.809
19.900  7.500  5.231  -16.752
19.910  10.000  5.135  -16.528
19.920  12.500  5.846  -15.842
19.930  15.000  8.611  -13.906
19.940  17.500  12.157  -9.987
19.950  20.000  12.862  -3.743
19.960  22.500  13.597  5.031
19.970  25.000  16.239  16.095
19.980  27.500  16.677  29.997
19.990  30.000  17.237  43.509
20.000  30.000  17.882  55.794
20.010  30.000  18.202  68.542
20.020  30.000  18.772  80.724
20.030  30.000  20.630  92.512
20.040  30.000  19.831  105.924
20.050  30.000  20.774  119.750
20.060  30.000  20.753  131.968
20.070  30.000  21.705  143.255
20.080  30.000  21.568  154.391
20.090  30.000  22.366  165.632
20.100  30.000  22.649  177.101
20.110  30.000  23.413  188.452
20.120  30.000  23.807  198.740
20.130  30.000  24.360  209.132
20.140  30.000  23.264  221.164
20.150  30.000  24.832  233.128
20.160  30.000  25.180  243.231
20.170  30.000  25.580  252.880
20.180  30.000  26.418  262.240
20.190  30.000  26.781  271.840
20.200  30.000  26.237  281.937
20.210  30.000  27.529  291.699
20.220  30.000  27.834  300.748
20.230  30.000  27.910  309.661
20.240  30.000  27.989  319.064
20.250  30.000  28.603  328.769
20.260  30.000  29.027  337.832
20.270  30.000  29.443  346.747
20.280  30.000  29.054  356.355
20.290  30.000  30.368  365.535
20.300  30.000  30.814  373.963
20.310  30.000  29.961  382.771
20.320  30.000  31.950  391.399
20.330  30.000  31.443  399.718
20.340  30.000  31.816  408.112
20.350  30.000  31.449  415.819
20.360  30.000  30.680  423.234
20.370  30.000  31.449  430.476
20.380  30.000  31.905  437.267
20.390  30.000  31.361  443.827
20.400  30.000  31.095  450.064
20.410  30.000  31.271  455.612
20.420  30.000  30.708  460.704
20.430  30.000  31.844  465.173
20.440  30.000  32.014  469.130
20.450  30.000  30.774  472.735
20.460  30.000  29.883  475.606
20.470  30.000  30.458  477.440
20.480  30.000  29.186  478.293
20.490  30.000  28.815  478.150
20.500  30.000  29.071  476.882
20.510  30.000  30.803  475.325
20.520  30.000  31.081  473.835
20.530  30.000  30.351  471.921
20.540  30.000  29.445  469.724
20.550  30.000  29.778  467.600
20.560  30.000  29.910  465.666
20.570  30.000  29.985  463.729
20.580  30.000  30.252  461.607
20.590  30.000  29.604  459.663
20.600  30.000  29.354  457.956
20.610  30.000  29.666  456.341
20.620  30.000  29.922  454.918
20.630  30.000  29.997  453.644
20.640  30.000  29.387  452.451
20.650  30.000  29.085  451.423
20.660  30.000  29.718  450.673
20.670  30.000  30.187  450.372
20.680  30.000  29.637  450.510
20.690  30.000  29.094  450.800
20.700  30.000  28.902  451.146
20.710  30.000  29.571  451.785
20.720  30.000  30.009  452.957
20.730  30.000  30.684  454.276
20.740  30.000  29.727  455.379
20.750  30.000  28.919  456.149
20.760  30.000  29.589  457.159
20.770  30.000  31.625  458.931
20.780  30.000  30.468  460.816
20.790  30.000  28.293  462.056
20.800  30.000  28.371  463.079
20.810  30.000  31.907  464.773
20.820  30.000  32.515  466.630
20.830  30.000  30.010  467.933
20.840  30.000  27.052  468.742
20.850  30.000  29.000  469.402
20.860  30.000  33.359  470.580
20.870  30.000  32.660  471.971
20.880  30.000  28.894  472.744
20.890  30.000  27.197  473.007
20.900  5.000  28.648  473.316
20.910  5.000  31.971  473.576
20.920  5.000  28.838  472.597
20.930  5.000  21.952  467.973
20.940  5.000  18.891  460.951
20.950  5.000  18.373  452.356
20.960  5.000  19.700  442.909
20.970  5.000  19.613  433.528
20.980  5.000  19.316  423.962
20.990  5.000  18.865  415.160
21.000  5.000  18.334  405.518
21.010  5.000  17.840  396.103
21.020  5.000  17.562  386.840
21.030  5.000  17.194  376.968
21.040  5.000  16.769  368.011
21.050  5.000  16.762  359.735
21.060  5.000  16.289  350.738
21.070  5.000  16.075  341.744
21.080  5.000  15.621  333.624
21.090  5.000  15.239  326.009
21.100  5.000  14.684  318.520
21.110  5.000  14.308  310.776
21.120  5.000  14.369  302.480
21.130  5.000  13.854  294.388
21.140  5.000  13.677  286.541
21.150  5.000  13.520  278.092
21.160  5.000  13.003  270.328
21.170  5.000  12.841  262.492
21.180  5.000  12.519  254.662
21.190  5.000  12.291  247.648
21.200  5.000  11.862  240.664
21.210  5.000  11.745  233.114
21.220  5.000  11.406  225.826
21.230  5.000  11.120  219.269
21.240  5.000  10.751  212.197
21.250  5.000  10.564  205.309
21.260  5.000  10.349  198.348
21.270  5.000  10.087  191.479
21.280  5.000  9.865  184.736
21.290  5.000  9.513  178.097
21.300  5.000  9.356  172.214
21.310  5.000  9.185  165.656
21.320  5.000  9.012  159.114
21.330  5.000  8.676  153.373
21.340  5.000  8.486  147.810
21.350  5.000  8.351  141.715
21.360  5.000  8.159  135.494
21.370  5.000  8.009  129.449
21.380  5.000  7.720  123.622
21.390  5.000  7.498  118.428
21.400  5.000  7.257  112.719
21.410  5.000  7.142  107.039
21.420  5.000  6.887  101.969
21.430  5.000  6.710  96.419
21.440  5.000  6.680  90.872
21.450  5.000  6.452  85.306
21.460  5.000  6.257  79.832
21.470  5.000  6.066  74.330
21.480  5.000  5.913  68.924
21.490  5.000  5.633  64.345
21.500  5.000  5.492  59.767
21.510  5.000  5.338  54.727
21.520  5.000  5.164  49.709
21.530  5.000  4.977  44.838
21.540  5.000  4.862  40.276
21.550  5.000  4.636  36.073
21.560  5.000  4.501  32.021
21.570  5.000  4.430  27.721
21.580  5.000  4.366  23.459
21.590  5.000  4.261  19.722
21.600  5.000  4.050  16.023
21.610  5.000  3.883  12.415
21.620  5.000  3.883  9.014
21.630  5.000  3.872  5.872
21.640  5.000  3.805  2.760
21.650  5.000  3.668  -0.192
21.660  5.000  3.561  -3.002
21.670  5.000  3.594  -5.586
21.680  5.000  3.692  -8.011
21.690  5.000  3.679  -10.458
21.700  5.000  3.439  -12.729
21.710  5.000  3.637  -14.507
21.720  5.000  3.741  -15.743
21.730  5.000  3.863  -16.818
21.740  5.000  3.527  -17.887
21.750  5.000  3.401  -18.794
21.760  5.000  4.014  -18.977
21.770  5.000  4.706  -18.268
21.780  5.000  4.692  -17.259
21.790  5.000  3.870  -16.395
21.800  5.000  3.642  -15.491
21.810  5.000  3.724  -14.056
21.820  5.000  4.722  -11.858
21.830  5.000  5.445  -9.162
21.840  5.000  5.243  -6.601
21.850  5.000  4.428  -4.513
21.860  5.000  4.616  -2.461
21.870  5.000  5.096  -0.016
21.880  5.000  5.558  2.687
21.890  5.000  5.502  5.158
21.900  5.000  4.938  7.208
21.910  5.000  4.863  9.165
21.920  5.000  5.413  10.865
21.930  5.000  6.077  11.952
21.940  5.000  5.559  12.584
21.950  5.000  5.118  12.981
21.960  5.000  4.908  13.430
21.970  5.000  5.693  13.915
21.980  5.000  5.903  14.427
21.990  5.000  5.913  15.182
22.000  5.000  5.756  15.594
22.010  5.000  5.249  15.278
22.020  5.000  4.733  14.774
22.030  5.000  5.387  14.363
22.040  5.000  5.677  13.856
22.050  5.000  5.365  13.146
22.060  5.000  4.704  12.205
22.070  5.000  4.877  11.076
22.080  5.000  5.276  10.037
22.090  5.000  5.318  9.008
22.100  5.000  4.877  7.769
22.110  5.000  4.677  6.539
22.120  5.000  5.062  5.137
22.130  5.000  5.111  3.817
