# covent_pc_5
# Captured 2020-06-21 02:45:09.985799 by unknown user
# Built at revision ace2394 (dirty)
time(sec)  pc_setpoint  pressure  volume
0.000  5.000  5.188  6.072
0.010  5.000  5.147  6.244
0.020  5.000  5.152  6.372
0.030  5.000  5.214  6.447
0.040  5.000  5.189  6.503
0.050  5.000  5.229  6.507
0.060  5.000  5.118  6.447
0.070  5.000  5.134  6.310
0.080  5.000  5.183  6.080
0.090  5.000  5.224  5.695
0.100  5.000  5.158  5.257
0.110  5.000  5.112  4.844
0.120  5.000  5.062  4.435
0.130  5.000  5.011  3.952
0.140  5.000  4.951  3.465
0.150  5.000  5.001  2.981
0.160  5.000  4.960  2.483
0.170  5.000  4.940  2.016
0.180  5.000  4.949  1.495
0.190  5.000  4.960  0.945
0.200  5.000  4.869  0.469
0.210  5.000  4.831  0.052
0.220  5.000  4.806  -0.380
0.230  5.000  4.842  -0.760
0.240  5.000  4.818  -1.078
0.250  5.000  4.798  -1.359
0.260  5.000  4.803  -1.617
0.270  5.000  4.719  -1.843
0.280  5.000  4.844  -2.089
0.290  5.000  4.833  -2.368
0.300  5.000  4.876  -2.537
0.310  5.000  4.787  -2.586
0.320  5.000  4.894  -2.658
0.330  5.000  4.855  -2.723
0.340  5.000  4.912  -2.705
0.350  5.000  4.868  -2.665
0.360  5.000  4.809  -2.536
0.370  5.000  4.889  -2.426
0.380  5.000  4.896  -2.258
0.390  5.000  4.930  -1.880
0.400  5.000  5.064  -1.516
0.410  5.000  5.063  -1.250
0.420  5.000  4.898  -0.906
0.430  5.000  4.980  -0.548
0.440  5.000  4.989  -0.240
0.450  5.000  5.062  0.074
0.460  5.000  5.062  0.531
0.470  5.000  5.026  1.037
0.480  5.000  5.145  1.363
0.490  5.000  5.076  1.686
0.500  5.000  5.043  2.022
0.510  5.000  5.183  2.339
0.520  5.000  5.121  2.591
0.530  5.000  5.191  2.880
0.540  5.000  5.035  3.234
0.550  5.000  5.121  3.542
0.560  5.000  5.205  3.815
0.570  5.000  5.211  4.039
0.580  5.000  5.227  4.180
0.590  5.000  5.229  4.275
0.600  5.000  5.120  4.446
0.610  5.000  5.110  4.578
0.620  5.000  5.250  4.556
0.630  5.000  5.162  4.449
0.640  5.000  5.170  4.351
0.650  5.000  5.058  4.272
0.660  5.000  5.172  4.096
0.670  5.000  5.136  3.834
0.680  5.000  5.123  3.542
0.690  5.000  5.053  3.196
0.700  5.000  5.023  2.871
0.710  6.500  5.031  2.558
0.720  8.000  5.127  2.316
0.730  9.500  5.376  2.583
0.740  11.000  5.956  3.870
0.750  12.500  7.033  6.167
0.760  14.000  8.109  9.399
0.770  15.500  9.248  13.281
0.780  17.000  10.425  17.516
0.790  18.500  11.738  22.364
0.800  20.000  12.589  27.908
0.810  20.000  14.042  34.285
0.820  20.000  14.992  40.756
0.830  20.000  15.951  46.944
0.840  20.000  15.613  54.612
0.850  20.000  16.849  62.306
0.860  20.000  16.938  68.828
0.870  20.000  17.342  75.746
0.880  20.000  17.392  82.877
0.890  20.000  18.098  89.410
0.900  20.000  17.959  96.033
0.910  20.000  18.351  103.094
0.920  20.000  18.969  109.595
0.930  20.000  19.358  115.762
0.940  20.000  19.664  122.107
0.950  20.000  20.024  128.880
0.960  20.000  20.377  135.671
0.970  20.000  20.199  142.142
0.980  20.000  20.690  148.700
0.990  20.000  20.862  155.226
1.000  20.000  21.317  161.351
1.010  20.000  21.383  167.802
1.020  20.000  21.496  174.336
1.030  20.000  21.996  179.864
1.040  20.000  20.991  185.029
1.050  20.000  20.660  190.515
1.060  20.000  20.720  195.766
1.070  20.000  20.683  200.658
1.080  20.000  21.063  205.450
1.090  20.000  21.023  210.433
1.100  20.000  21.609  215.364
1.110  20.000  20.811  220.387
1.120  20.000  21.555  225.376
1.130  20.000  20.921  229.648
1.140  20.000  21.499  233.709
1.150  20.000  20.685  237.656
1.160  20.000  20.868  241.583
1.170  20.000  20.694  245.366
1.180  20.000  20.907  248.693
1.190  20.000  21.059  252.272
1.200  20.000  21.525  255.793
1.210  20.000  21.105  258.949
1.220  20.000  20.933  262.203
1.230  20.000  20.438  265.213
1.240  20.000  20.360  267.928
1.250  20.000  20.451  270.382
1.260  20.000  20.651  272.837
1.270  20.000  20.579  275.154
1.280  20.000  20.414  277.210
1.290  20.000  20.521  279.278
1.300  20.000  20.474  281.123
1.310  20.000  20.492  282.806
1.320  20.000  20.414  284.446
1.330  20.000  20.476  285.921
1.340  20.000  20.726  287.220
1.350  20.000  20.602  288.435
1.360  20.000  20.520  289.682
1.370  20.000  20.323  290.928
1.380  20.000  20.489  292.036
1.390  20.000  20.425  292.938
1.400  20.000  20.224  293.711
1.410  20.000  20.455  294.377
1.420  20.000  20.246  294.896
1.430  20.000  20.304  295.199
1.440  20.000  20.050  295.373
1.450  20.000  20.088  295.460
1.460  20.000  20.504  295.392
1.470  20.000  20.200  295.287
1.480  20.000  20.122  295.070
1.490  20.000  19.906  294.771
1.500  20.000  20.094  294.495
1.510  20.000  20.214  294.153
1.520  20.000  20.050  293.707
1.530  20.000  19.935  293.312
1.540  20.000  19.772  293.022
1.550  20.000  20.022  292.633
1.560  20.000  20.003  292.199
1.570  20.000  19.919  291.864
1.580  20.000  20.021  291.561
1.590  20.000  19.806  291.248
1.600  20.000  19.999  290.945
1.610  20.000  19.864  290.629
1.620  20.000  19.953  290.242
1.630  20.000  19.762  289.860
1.640  20.000  19.949  289.605
1.650  20.000  19.857  289.354
1.660  20.000  19.831  289.117
1.670  20.000  19.832  288.891
1.680  20.000  19.925  288.732
1.690  20.000  19.838  288.605
1.700  20.000  19.794  288.411
1.710  5.000  19.882  288.285
1.720  5.000  19.223  283.995
1.730  5.000  15.076  276.937
1.740  5.000  14.235  271.620
1.750  5.000  14.452  266.655
1.760  5.000  14.296  262.176
1.770  5.000  13.880  257.874
1.780  5.000  13.800  253.402
1.790  5.000  13.598  248.997
1.800  5.000  13.386  244.646
1.810  5.000  13.232  240.324
1.820  5.000  13.017  236.050
1.830  5.000  12.825  231.790
1.840  5.000  12.632  227.474
1.850  5.000  12.491  223.293
1.860  5.000  12.277  219.188
1.870  5.000  12.063  215.087
1.880  5.000  11.896  210.989
1.890  5.000  11.686  206.882
1.900  5.000  11.528  202.898
1.910  5.000  11.515  198.950
1.920  5.000  11.188  195.066
1.930  5.000  11.142  191.282
1.940  5.000  11.018  187.449
1.950  5.000  10.844  183.669
1.960  5.000  10.685  179.948
1.970  5.000  10.652  176.231
1.980  5.000  10.482  172.589
1.990  5.000  10.390  168.940
2.000  5.000  10.271  165.292
2.010  5.000  10.173  161.687
2.020  5.000  10.050  158.086
2.030  5.000  9.730  154.578
2.040  5.000  9.559  151.152
2.050  5.000  9.384  147.744
2.060  5.000  9.383  144.370
2.070  5.000  9.190  141.047
2.080  5.000  9.061  137.751
2.090  5.000  9.062  134.546
2.100  5.000  8.871  131.411
2.110  5.000  8.722  128.319
2.120  5.000  8.653  125.204
2.130  5.000  8.519  122.064
2.140  5.000  8.394  119.021
2.150  5.000  8.286  116.029
2.160  5.000  8.218  113.060
2.170  5.000  8.110  110.111
2.180  5.000  8.029  107.202
2.190  5.000  7.933  104.322
2.200  5.000  7.854  101.461
2.210  5.000  7.660  98.658
2.220  5.000  7.682  95.816
2.230  5.000  7.558  92.953
2.240  5.000  7.513  90.168
2.250  5.000  7.352  87.411
2.260  5.000  7.201  84.717
2.270  5.000  7.155  82.069
2.280  5.000  7.018  79.477
2.290  5.000  6.893  76.973
2.300  5.000  6.739  74.507
2.310  5.000  6.734  72.062
2.320  5.000  6.684  69.612
2.330  5.000  6.574  67.211
2.340  5.000  6.507  64.821
2.350  5.000  6.347  62.426
2.360  5.000  6.300  60.076
2.370  5.000  6.236  57.819
2.380  5.000  6.140  55.580
2.390  5.000  6.089  53.353
2.400  5.000  6.001  51.205
2.410  5.000  5.957  49.026
2.420  5.000  5.914  46.865
2.430  5.000  5.766  44.803
2.440  5.000  5.697  42.816
2.450  5.000  5.617  40.822
2.460  5.000  5.542  38.816
2.470  5.000  5.564  36.834
2.480  5.000  5.417  34.892
2.490  5.000  5.340  33.018
2.500  5.000  5.272  31.149
2.510  5.000  5.260  29.250
2.520  5.000  5.211  27.360
2.530  5.000  5.125  25.536
2.540  5.000  5.081  23.719
2.550  5.000  4.970  21.887
2.560  5.000  4.874  20.126
2.570  5.000  4.855  18.413
2.580  5.000  4.771  16.717
2.590  5.000  4.735  15.046
2.600  5.000  4.691  13.411
2.610  5.000  4.648  11.831
2.620  5.000  4.681  10.374
2.630  5.000  4.672  9.062
2.640  5.000  4.710  7.872
2.650  5.000  4.687  6.781
2.660  5.000  4.726  5.809
2.670  5.000  4.768  4.911
2.680  5.000  4.837  4.020
2.690  5.000  4.805  3.260
2.700  5.000  4.795  2.588
2.710  5.000  4.858  1.881
2.720  5.000  4.869  1.233
2.730  5.000  4.866  0.689
2.740  5.000  4.832  0.220
2.750  5.000  4.824  -0.114
2.760  5.000  4.906  -0.363
2.770  5.000  4.819  -0.617
2.780  5.000  4.807  -0.793
2.790  5.000  4.917  -0.898
2.800  5.000  4.880  -0.933
2.810  5.000  4.926  -0.915
2.820  5.000  4.875  -0.785
2.830  5.000  4.879  -0.552
2.840  5.000  5.011  -0.286
2.850  5.000  4.890  0.037
2.860  5.000  4.998  0.286
2.870  5.000  4.906  0.559
2.880  5.000  5.023  0.929
2.890  5.000  5.011  1.283
2.900  5.000  5.018  1.676
2.910  5.000  5.055  2.046
2.920  5.000  5.130  2.379
2.930  5.000  5.144  2.791
2.940  5.000  5.003  3.230
2.950  5.000  5.097  3.593
2.960  5.000  5.196  3.949
2.970  5.000  5.127  4.333
2.980  5.000  5.174  4.687
2.990  5.000  5.104  5.005
3.000  5.000  5.206  5.256
3.010  5.000  5.215  5.603
3.020  5.000  5.170  6.043
3.030  5.000  5.255  6.331
3.040  5.000  5.185  6.539
3.050  5.000  5.242  6.701
3.060  5.000  5.260  6.715
3.070  5.000  5.161  6.636
3.080  5.000  5.199  6.533
3.090  5.000  5.130  6.407
3.100  5.000  5.140  6.240
3.110  5.000  5.179  6.001
3.120  5.000  5.073  5.703
3.130  5.000  5.166  5.380
3.140  5.000  5.117  5.024
3.150  5.000  5.069  4.558
3.160  5.000  5.010  4.003
3.170  5.000  5.062  3.531
3.180  5.000  5.048  3.116
3.190  5.000  5.039  2.659
3.200  5.000  4.997  2.159
3.210  5.000  4.955  1.654
3.220  5.000  4.957  1.136
3.230  5.000  4.989  0.655
3.240  5.000  4.883  0.153
3.250  5.000  4.919  -0.292
3.260  5.000  4.795  -0.684
3.270  5.000  4.814  -1.058
3.280  5.000  4.780  -1.353
3.290  5.000  4.868  -1.679
3.300  5.000  4.834  -2.036
3.310  5.000  4.760  -2.365
3.320  5.000  4.801  -2.679
3.330  5.000  4.766  -2.912
3.340  5.000  4.798  -3.064
3.350  5.000  4.861  -3.191
3.360  5.000  4.880  -3.269
3.370  5.000  4.810  -3.319
3.380  5.000  4.821  -3.302
3.390  5.000  4.808  -3.190
3.400  5.000  4.907  -3.072
3.410  5.000  4.938  -2.996
3.420  5.000  4.928  -2.869
3.430  5.000  4.882  -2.682
3.440  5.000  4.854  -2.391
3.450  5.000  4.998  -2.086
3.460  5.000  5.028  -1.784
3.470  5.000  5.072  -1.484
3.480  5.000  5.025  -1.244
3.490  5.000  5.088  -0.942
3.500  5.000  4.991  -0.599
3.510  5.000  5.049  -0.274
3.520  5.000  5.091  0.053
3.530  5.000  5.015  0.427
3.540  5.000  5.118  0.680
3.550  5.000  5.108  0.856
3.560  5.000  5.056  1.149
3.570  5.000  5.150  1.421
3.580  5.000  5.130  1.660
3.590  5.000  5.114  1.905
3.600  5.000  5.109  2.143
3.610  5.000  5.148  2.346
3.620  5.000  5.292  2.500
3.630  5.000  5.198  2.640
3.640  5.000  5.119  2.776
3.650  5.000  5.128  2.857
3.660  5.000  5.195  2.938
3.670  5.000  5.209  3.047
3.680  5.000  5.185  3.065
3.690  5.000  5.199  2.992
3.700  5.000  5.051  2.872
3.710  5.000  5.245  2.672
3.720  6.500  5.058  2.403
3.730  8.000  5.178  2.190
3.740  9.500  5.418  2.518
3.750  11.000  5.905  3.884
3.760  12.500  7.081  6.448
3.770  14.000  8.114  9.983
3.780  15.500  9.309  14.138
3.790  17.000  10.222  18.751
3.800  18.500  11.687  23.608
3.810  20.000  12.446  29.316
3.820  20.000  13.785  36.189
3.830  20.000  15.263  42.855
3.840  20.000  15.309  50.087
3.850  20.000  16.258  57.634
3.860  20.000  16.562  64.365
3.870  20.000  16.947  71.058
3.880  20.000  17.242  77.785
3.890  20.000  18.122  84.276
3.900  20.000  17.957  90.834
3.910  20.000  18.386  97.344
3.920  20.000  19.077  103.330
3.930  20.000  19.268  109.519
3.940  20.000  19.572  115.977
3.950  20.000  19.630  122.572
3.960  20.000  20.252  129.026
3.970  20.000  20.212  135.481
3.980  20.000  20.905  142.110
3.990  20.000  20.664  148.641
4.000  20.000  20.295  155.441
4.010  20.000  21.584  161.854
4.020  20.000  21.768  167.544
4.030  20.000  21.699  173.297
4.040  20.000  20.981  179.059
4.050  20.000  20.656  184.462
4.060  20.000  20.810  189.764
4.070  20.000  20.756  194.947
4.080  20.000  20.554  200.151
4.090  20.000  21.152  205.259
4.100  20.000  21.581  210.023
4.110  20.000  21.568  214.996
4.120  20.000  20.874  220.063
4.130  20.000  21.325  224.460
4.140  20.000  21.343  228.512
4.150  20.000  20.688  232.696
4.160  20.000  20.941  236.626
4.170  20.000  20.815  240.276
4.180  20.000  20.913  243.885
4.190  20.000  21.214  247.438
4.200  20.000  21.059  251.106
4.210  20.000  21.158  254.879
4.220  20.000  20.802  258.618
4.230  20.000  20.804  261.994
4.240  20.000  20.601  264.934
4.250  20.000  20.531  267.585
4.260  20.000  20.887  269.866
4.270  20.000  20.050  272.114
4.280  20.000  20.762  274.437
4.290  20.000  20.513  276.507
4.300  20.000  20.311  278.422
4.310  20.000  20.245  280.365
4.320  20.000  20.266  282.157
4.330  20.000  20.725  283.833
4.340  20.000  20.528  285.327
4.350  20.000  20.723  286.758
4.360  20.000  20.559  288.263
4.370  20.000  20.707  289.591
4.380  20.000  20.562  290.708
4.390  20.000  20.450  291.674
4.400  20.000  20.670  292.450
4.410  20.000  20.119  293.152
4.420  20.000  19.821  293.724
4.430  20.000  20.293  294.106
4.440  20.000  20.409  294.360
4.450  20.000  20.397  294.529
4.460  20.000  20.102  294.599
4.470  20.000  20.026  294.624
4.480  20.000  19.817  294.633
4.490  20.000  20.393  294.498
4.500  20.000  20.240  294.350
4.510  20.000  19.923  294.243
4.520  20.000  20.283  294.078
4.530  20.000  20.004  293.799
4.540  20.000  20.039  293.462
4.550  20.000  19.864  293.191
4.560  20.000  20.050  292.943
4.570  20.000  20.054  292.643
4.580  20.000  20.029  292.304
4.590  20.000  20.111  291.850
4.600  20.000  19.787  291.410
4.610  20.000  20.055  291.174
4.620  20.000  19.694  290.910
4.630  20.000  20.104  290.575
4.640  20.000  19.775  290.179
4.650  20.000  19.818  289.854
4.660  20.000  19.885  289.606
4.670  20.000  19.950  289.328
4.680  20.000  19.921  289.059
4.690  20.000  19.946  288.829
4.700  20.000  19.699  288.702
4.710  20.000  20.171  288.623
4.720  5.000  19.889  288.471
4.730  5.000  19.326  285.727
4.740  5.000  14.005  278.777
4.750  5.000  14.413  272.425
4.760  5.000  14.657  267.702
4.770  5.000  14.510  262.992
4.780  5.000  14.085  258.732
4.790  5.000  14.092  254.237
4.800  5.000  13.764  249.798
4.810  5.000  13.605  245.413
4.820  5.000  13.320  241.055
4.830  5.000  13.114  236.754
4.840  5.000  12.844  232.431
4.850  5.000  12.714  228.190
4.860  5.000  12.466  224.016
4.870  5.000  12.080  219.908
4.880  5.000  11.883  215.882
4.890  5.000  11.732  211.911
4.900  5.000  11.627  207.963
4.910  5.000  11.535  204.068
4.920  5.000  11.260  200.226
4.930  5.000  11.186  196.342
4.940  5.000  10.998  192.539
4.950  5.000  10.832  188.735
4.960  5.000  10.670  185.004
4.970  5.000  10.550  181.377
4.980  5.000  10.412  177.725
4.990  5.000  10.332  174.121
5.000  5.000  10.239  170.537
5.010  5.000  10.184  167.012
5.020  5.000  9.968  163.591
5.030  5.000  9.932  160.159
5.040  5.000  9.815  156.676
5.050  5.000  9.593  153.226
5.060  5.000  9.511  149.803
5.070  5.000  9.509  146.439
5.080  5.000  9.289  143.174
5.090  5.000  9.133  139.882
5.100  5.000  9.067  136.566
5.110  5.000  8.958  133.385
5.120  5.000  8.790  130.309
5.130  5.000  8.672  127.209
5.140  5.000  8.637  124.147
5.150  5.000  8.472  121.166
5.160  5.000  8.308  118.188
5.170  5.000  8.290  115.241
5.180  5.000  8.206  112.289
5.190  5.000  8.046  109.366
5.200  5.000  7.941  106.519
5.210  5.000  7.871  103.652
5.220  5.000  7.795  100.798
5.230  5.000  7.696  98.005
5.240  5.000  7.562  95.278
5.250  5.000  7.541  92.646
5.260  5.000  7.304  90.035
5.270  5.000  7.334  87.363
5.280  5.000  7.246  84.692
5.290  5.000  7.081  82.146
5.300  5.000  7.088  79.655
5.310  5.000  7.043  77.098
5.320  5.000  6.864  74.602
5.330  5.000  6.799  72.065
5.340  5.000  6.718  69.582
5.350  5.000  6.605  67.222
5.360  5.000  6.563  64.833
5.370  5.000  6.441  62.452
5.380  5.000  6.394  60.096
5.390  5.000  6.301  57.779
5.400  5.000  6.208  55.509
5.410  5.000  6.157  53.279
5.420  5.000  6.035  51.133
5.430  5.000  5.897  49.067
5.440  5.000  5.847  46.983
5.450  5.000  5.821  44.912
5.460  5.000  5.729  42.893
5.470  5.000  5.681  40.830
5.480  5.000  5.625  38.817
5.490  5.000  5.507  36.880
5.500  5.000  5.565  34.909
5.510  5.000  5.393  33.019
5.520  5.000  5.328  31.162
5.530  5.000  5.232  29.284
5.540  5.000  5.215  27.421
5.550  5.000  5.190  25.572
5.560  5.000  5.049  23.814
5.570  5.000  4.962  22.146
5.580  5.000  4.945  20.468
5.590  5.000  4.916  18.772
5.600  5.000  4.843  17.120
5.610  5.000  4.809  15.462
5.620  5.000  4.776  13.783
5.630  5.000  4.679  12.166
5.640  5.000  4.630  10.645
5.650  5.000  4.671  9.190
5.660  5.000  4.672  7.821
5.670  5.000  4.756  6.567
5.680  5.000  4.713  5.465
5.690  5.000  4.793  4.489
5.700  5.000  4.761  3.590
5.710  5.000  4.772  2.781
5.720  5.000  4.750  2.090
5.730  5.000  4.831  1.480
5.740  5.000  4.814  0.922
5.750  5.000  4.826  0.463
5.760  5.000  4.798  0.030
5.770  5.000  4.843  -0.385
5.780  5.000  4.878  -0.741
5.790  5.000  4.810  -0.967
5.800  5.000  4.856  -1.078
5.810  5.000  4.843  -1.107
5.820  5.000  4.856  -1.059
5.830  5.000  4.871  -1.004
5.840  5.000  4.948  -0.983
5.850  5.000  4.957  -0.949
5.860  5.000  4.868  -0.711
5.870  5.000  4.911  -0.404
5.880  5.000  4.961  -0.168
5.890  5.000  4.992  0.055
5.900  5.000  5.046  0.283
5.910  5.000  4.999  0.545
5.920  5.000  4.975  0.854
5.930  5.000  4.972  1.225
5.940  5.000  5.069  1.595
5.950  5.000  5.103  1.930
5.960  5.000  5.132  2.278
5.970  5.000  5.048  2.686
5.980  5.000  5.097  3.112
5.990  5.000  5.198  3.511
6.000  5.000  5.207  3.917
6.010  5.000  5.191  4.281
6.020  5.000  5.214  4.587
6.030  5.000  5.268  4.880
6.040  5.000  5.233  5.136
6.050  5.000  5.217  5.369
6.060  5.000  5.267  5.489
6.070  5.000  5.145  5.502
6.080  5.000  5.170  5.557
6.090  5.000  5.124  5.647
6.100  5.000  5.156  5.712
6.110  5.000  5.182  5.621
6.120  5.000  5.230  5.419
6.130  5.000  5.073  5.222
6.140  5.000  5.119  4.948
6.150  5.000  5.123  4.584
6.160  5.000  5.178  4.181
6.170  5.000  5.072  3.742
6.180  5.000  5.051  3.287
6.190  5.000  4.960  2.840
6.200  5.000  5.019  2.390
6.210  5.000  5.008  1.939
6.220  5.000  5.051  1.512
6.230  5.000  4.986  1.049
6.240  5.000  4.978  0.626
6.250  5.000  4.903  0.222
6.260  5.000  4.925  -0.239
6.270  5.000  4.830  -0.639
6.280  5.000  4.815  -1.009
6.290  5.000  4.837  -1.366
6.300  5.000  4.918  -1.767
6.310  5.000  4.881  -2.155
6.320  5.000  4.774  -2.447
6.330  5.000  4.857  -2.756
6.340  5.000  4.772  -3.095
6.350  5.000  4.790  -3.325
6.360  5.000  4.783  -3.489
6.370  5.000  4.836  -3.635
6.380  5.000  4.929  -3.698
6.390  5.000  4.897  -3.744
6.400  5.000  4.884  -3.796
6.410  5.000  4.821  -3.788
6.420  5.000  4.872  -3.705
6.430  5.000  4.921  -3.588
6.440  5.000  4.936  -3.472
6.450  5.000  4.881  -3.333
6.460  5.000  4.930  -3.127
6.470  5.000  4.956  -2.936
6.480  5.000  4.975  -2.669
6.490  5.000  4.930  -2.287
6.500  5.000  4.993  -1.900
6.510  5.000  5.003  -1.517
6.520  5.000  5.014  -1.121
6.530  5.000  5.156  -0.725
6.540  5.000  5.098  -0.400
6.550  5.000  5.049  -0.104
6.560  5.000  5.016  0.180
6.570  5.000  5.201  0.426
6.580  5.000  5.036  0.631
6.590  5.000  5.207  0.761
6.600  5.000  5.102  0.979
6.610  5.000  5.157  1.269
6.620  5.000  5.229  1.444
6.630  5.000  5.098  1.648
6.640  5.000  5.185  1.887
6.650  5.000  5.145  2.164
6.660  5.000  5.305  2.401
6.670  5.000  5.174  2.456
6.680  5.000  5.165  2.433
6.690  5.000  5.093  2.453
6.700  5.000  5.165  2.461
6.710  5.000  5.127  2.370
6.720  5.000  5.081  2.270
6.730  6.500  5.129  2.090
6.740  8.000  5.184  1.866
6.750  9.500  5.482  2.093
6.760  11.000  5.948  3.347
6.770  12.500  7.194  5.694
6.780  14.000  8.177  8.828
6.790  15.500  9.244  12.785
6.800  17.000  10.160  17.349
6.810  18.500  11.819  22.388
6.820  20.000  12.309  27.997
6.830  20.000  14.096  33.817
6.840  20.000  14.663  40.127
6.850  20.000  15.801  47.263
6.860  20.000  16.446  54.212
6.870  20.000  16.666  60.583
6.880  20.000  16.835  67.479
6.890  20.000  17.303  74.161
6.900  20.000  18.130  80.014
6.910  20.000  17.870  86.257
6.920  20.000  18.691  92.783
6.930  20.000  18.645  99.499
6.940  20.000  19.138  106.129
6.950  20.000  19.678  112.165
6.960  20.000  20.108  118.360
6.970  20.000  19.949  125.123
6.980  20.000  20.510  131.734
6.990  20.000  20.288  138.281
7.000  20.000  20.900  145.007
7.010  20.000  20.705  151.873
7.020  20.000  21.123  158.700
7.030  20.000  21.638  165.078
7.040  20.000  21.592  171.268
7.050  20.000  21.691  176.732
7.060  20.000  20.813  182.074
7.070  20.000  20.467  187.633
7.080  20.000  20.903  192.687
7.090  20.000  21.176  197.368
7.100  20.000  20.531  202.404
7.110  20.000  21.709  207.567
7.120  20.000  21.205  212.589
7.130  20.000  21.566  217.423
7.140  20.000  20.758  221.749
7.150  20.000  20.469  226.263
7.160  20.000  21.070  230.368
7.170  20.000  20.901  233.943
7.180  20.000  20.560  237.684
7.190  20.000  21.050  241.194
7.200  20.000  20.950  244.811
7.210  20.000  21.385  248.554
7.220  20.000  21.182  252.054
7.230  20.000  21.091  255.613
7.240  20.000  20.999  258.919
7.250  20.000  21.113  261.790
7.260  20.000  20.463  264.548
7.270  20.000  20.432  267.159
7.280  20.000  20.329  269.457
7.290  20.000  20.831  271.459
7.300  20.000  20.584  273.302
7.310  20.000  20.179  275.025
7.320  20.000  20.492  276.747
7.330  20.000  20.429  278.558
7.340  20.000  20.595  280.199
7.350  20.000  20.939  281.473
7.360  20.000  20.216  282.833
7.370  20.000  20.438  284.207
7.380  20.000  20.871  285.471
7.390  20.000  20.336  286.664
7.400  20.000  20.628  287.473
7.410  20.000  20.285  287.990
7.420  20.000  19.962  288.554
7.430  20.000  20.286  289.108
7.440  20.000  20.229  289.527
7.450  20.000  20.472  289.948
7.460  20.000  20.256  290.080
7.470  20.000  20.223  290.094
7.480  20.000  20.084  290.079
7.490  20.000  20.122  289.921
7.500  20.000  20.218  289.726
7.510  20.000  20.220  289.406
7.520  20.000  19.975  288.964
7.530  20.000  19.999  288.634
7.540  20.000  19.692  288.365
7.550  20.000  20.140  287.976
7.560  20.000  20.131  287.424
7.570  20.000  20.065  286.849
7.580  20.000  19.868  286.424
7.590  20.000  20.048  286.054
7.600  20.000  19.858  285.550
7.610  20.000  19.858  285.154
7.620  20.000  19.952  284.785
7.630  20.000  19.936  284.295
7.640  20.000  19.884  283.903
7.650  20.000  19.759  283.545
7.660  20.000  19.684  283.257
7.670  20.000  19.761  283.040
7.680  20.000  20.017  282.730
7.690  20.000  19.863  282.433
7.700  20.000  19.841  282.317
7.710  20.000  19.576  282.382
7.720  20.000  19.774  282.439
7.730  5.000  19.809  282.404
7.740  5.000  19.559  278.261
7.750  5.000  14.428  270.570
7.760  5.000  14.167  264.789
7.770  5.000  14.386  260.102
7.780  5.000  14.426  255.625
7.790  5.000  14.151  251.296
7.800  5.000  13.993  246.808
7.810  5.000  13.702  242.405
7.820  5.000  13.560  238.019
7.830  5.000  13.395  233.662
7.840  5.000  13.166  229.334
7.850  5.000  12.897  225.125
7.860  5.000  12.744  220.911
7.870  5.000  12.422  216.683
7.880  5.000  12.274  212.592
7.890  5.000  12.257  208.544
7.900  5.000  11.913  204.490
7.910  5.000  11.744  200.558
7.920  5.000  11.671  196.585
7.930  5.000  11.591  192.642
7.940  5.000  11.403  188.829
7.950  5.000  11.200  185.033
7.960  5.000  11.061  181.214
7.970  5.000  10.857  177.402
7.980  5.000  10.686  173.620
7.990  5.000  10.461  169.836
8.000  5.000  10.314  166.151
8.010  5.000  10.178  162.554
8.020  5.000  10.145  158.946
8.030  5.000  9.862  155.391
8.040  5.000  9.836  151.946
8.050  5.000  9.648  148.517
8.060  5.000  9.644  145.150
8.070  5.000  9.501  141.782
8.080  5.000  9.267  138.496
8.090  5.000  9.302  135.251
8.100  5.000  9.060  131.970
8.110  5.000  8.992  128.849
8.120  5.000  8.918  125.719
8.130  5.000  8.744  122.575
8.140  5.000  8.750  119.446
8.150  5.000  8.485  116.384
8.160  5.000  8.435  113.413
8.170  5.000  8.268  110.355
8.180  5.000  8.325  107.328
8.190  5.000  8.119  104.388
8.200  5.000  8.034  101.484
8.210  5.000  8.002  98.633
8.220  5.000  7.881  95.790
8.230  5.000  7.804  92.892
8.240  5.000  7.687  90.014
8.250  5.000  7.619  87.301
8.260  5.000  7.428  84.644
8.270  5.000  7.365  81.914
8.280  5.000  7.296  79.207
8.290  5.000  7.166  76.607
8.300  5.000  7.100  74.040
8.310  5.000  6.950  71.541
8.320  5.000  6.908  69.068
8.330  5.000  6.832  66.591
8.340  5.000  6.697  64.172
8.350  5.000  6.680  61.748
8.360  5.000  6.583  59.325
8.370  5.000  6.523  56.904
8.380  5.000  6.523  54.508
8.390  5.000  6.364  52.191
8.400  5.000  6.219  49.916
8.410  5.000  6.122  47.689
8.420  5.000  6.182  45.471
8.430  5.000  6.028  43.265
8.440  5.000  5.965  41.085
8.450  5.000  5.889  38.963
8.460  5.000  5.815  36.901
8.470  5.000  5.727  34.846
8.480  5.000  5.691  32.814
8.490  5.000  5.611  30.755
8.500  5.000  5.560  28.789
8.510  5.000  5.437  26.882
8.520  5.000  5.422  24.967
8.530  5.000  5.342  23.079
8.540  5.000  5.254  21.198
8.550  5.000  5.174  19.387
8.560  5.000  5.134  17.630
8.570  5.000  5.090  15.919
8.580  5.000  5.029  14.230
8.590  5.000  4.992  12.478
8.600  5.000  4.870  10.736
8.610  5.000  4.806  9.064
8.620  5.000  4.751  7.426
8.630  5.000  4.720  5.824
8.640  5.000  4.693  4.236
8.650  5.000  4.639  2.728
8.660  5.000  4.658  1.342
8.670  5.000  4.735  0.049
8.680  5.000  4.708  -1.150
8.690  5.000  4.779  -2.238
8.700  5.000  4.820  -3.238
8.710  5.000  4.822  -4.190
8.720  5.000  4.747  -5.022
8.730  5.000  4.715  -5.708
8.740  5.000  4.708  -6.303
8.750  5.000  4.888  -6.859
8.760  5.000  4.831  -7.344
8.770  5.000  4.859  -7.735
8.780  5.000  4.853  -8.058
8.790  5.000  4.776  -8.246
8.800  5.000  4.888  -8.429
8.810  5.000  4.801  -8.589
8.820  5.000  4.802  -8.655
8.830  5.000  4.922  -8.653
8.840  5.000  4.951  -8.602
8.850  5.000  4.832  -8.496
8.860  5.000  4.848  -8.289
8.870  5.000  4.904  -8.013
8.880  5.000  5.043  -7.662
8.890  5.000  4.955  -7.311
8.900  5.000  5.017  -7.002
8.910  5.000  4.991  -6.627
8.920  5.000  5.024  -6.222
8.930  5.000  5.004  -5.888
8.940  5.000  5.154  -5.613
8.950  5.000  5.086  -5.321
8.960  5.000  5.117  -4.967
8.970  5.000  5.075  -4.647
8.980  5.000  5.116  -4.352
8.990  5.000  5.166  -4.080
9.000  5.000  5.175  -3.802
9.010  5.000  5.254  -3.521
9.020  5.000  5.217  -3.288
9.030  5.000  5.192  -3.052
9.040  5.000  5.170  -2.872
9.050  5.000  5.175  -2.730
9.060  5.000  5.244  -2.550
9.070  5.000  5.177  -2.400
9.080  5.000  5.106  -2.280
9.090  5.000  5.146  -2.227
9.100  5.000  5.207  -2.249
9.110  5.000  5.159  -2.359
9.120  5.000  5.165  -2.544
9.130  5.000  5.276  -2.794
9.140  5.000  5.190  -3.106
9.150  5.000  5.183  -3.502
9.160  5.000  4.999  -3.930
9.170  5.000  5.043  -4.270
9.180  5.000  5.117  -4.637
9.190  5.000  5.033  -5.050
9.200  5.000  5.038  -5.459
9.210  5.000  4.996  -5.885
9.220  5.000  4.892  -6.274
9.230  5.000  4.977  -6.691
9.240  5.000  4.970  -7.179
9.250  5.000  4.890  -7.598
9.260  5.000  4.913  -7.949
9.270  5.000  4.937  -8.265
9.280  5.000  4.905  -8.650
9.290  5.000  4.815  -9.127
9.300  5.000  4.921  -9.625
9.310  5.000  4.891  -10.141
9.320  5.000  4.852  -10.543
9.330  5.000  4.853  -10.858
9.340  5.000  4.740  -11.149
9.350  5.000  4.724  -11.360
9.360  5.000  4.816  -11.503
9.370  5.000  4.782  -11.580
9.380  5.000  4.930  -11.671
9.390  5.000  4.838  -11.747
9.400  5.000  4.785  -11.763
9.410  5.000  4.868  -11.736
9.420  5.000  4.889  -11.651
9.430  5.000  4.983  -11.537
9.440  5.000  4.951  -11.459
9.450  5.000  4.926  -11.318
9.460  5.000  4.928  -11.068
9.470  5.000  4.967  -10.863
9.480  5.000  4.959  -10.699
9.490  5.000  5.039  -10.466
9.500  5.000  5.062  -10.140
9.510  5.000  4.908  -9.787
9.520  5.000  5.076  -9.449
9.530  5.000  5.114  -9.174
9.540  5.000  5.109  -8.984
9.550  5.000  4.989  -8.751
9.560  5.000  5.105  -8.443
9.570  5.000  5.027  -8.175
9.580  5.000  5.112  -7.949
9.590  5.000  5.079  -7.781
9.600  5.000  5.205  -7.629
9.610  5.000  5.150  -7.548
9.620  5.000  5.064  -7.502
9.630  5.000  5.083  -7.362
9.640  5.000  5.133  -7.250
9.650  5.000  5.148  -7.185
9.660  5.000  5.170  -7.052
9.670  5.000  5.158  -6.927
9.680  5.000  5.144  -6.828
9.690  5.000  5.203  -6.756
9.700  5.000  5.123  -6.761
9.710  5.000  5.149  -6.877
9.720  5.000  5.120  -7.064
9.730  5.000  5.151  -7.225
9.740  6.500  5.070  -7.335
9.750  8.000  5.193  -7.411
9.760  9.500  5.494  -7.015
9.770  11.000  5.958  -5.606
9.780  12.500  7.110  -3.206
9.790  14.000  8.308  0.006
9.800  15.500  9.276  3.916
9.810  17.000  10.440  8.375
9.820  18.500  11.773  13.255
9.830  20.000  12.709  18.706
9.840  20.000  13.643  25.240
9.850  20.000  14.993  32.101
9.860  20.000  15.855  38.385
9.870  20.000  16.338  44.725
9.880  20.000  17.153  50.991
9.890  20.000  17.116  57.195
9.900  20.000  17.651  63.449
9.910  20.000  17.881  69.849
9.920  20.000  18.345  76.177
9.930  20.000  18.217  82.841
9.940  20.000  18.716  89.742
9.950  20.000  19.362  95.868
9.960  20.000  19.261  102.322
9.970  20.000  19.705  109.101
9.980  20.000  19.336  116.727
9.990  20.000  20.552  124.000
10.000  20.000  20.449  130.027
10.010  20.000  20.511  136.513
10.020  20.000  21.174  142.737
10.030  20.000  21.331  148.612
10.040  20.000  21.756  154.626
10.050  20.000  21.659  160.507
10.060  20.000  20.906  166.262
10.070  20.000  20.559  171.962
10.080  20.000  20.853  177.346
10.090  20.000  20.660  182.333
10.100  20.000  20.742  187.348
10.110  20.000  20.514  192.576
10.120  20.000  21.398  197.776
10.130  20.000  21.377  202.710
10.140  20.000  21.674  207.450
10.150  20.000  21.346  212.132
10.160  20.000  21.304  216.415
10.170  20.000  20.417  220.731
10.180  20.000  20.529  225.254
10.190  20.000  21.160  228.945
10.200  20.000  21.050  232.369
10.210  20.000  20.910  236.069
10.220  20.000  21.087  239.808
10.230  20.000  21.341  243.517
10.240  20.000  21.569  246.865
10.250  20.000  20.763  250.218
10.260  20.000  20.601  253.364
10.270  20.000  20.818  256.053
10.280  20.000  20.611  258.496
10.290  20.000  20.467  260.707
10.300  20.000  20.643  262.831
10.310  20.000  20.334  264.806
10.320  20.000  20.537  266.631
10.330  20.000  20.473  268.428
10.340  20.000  20.582  270.151
10.350  20.000  20.602  271.638
10.360  20.000  20.676  272.973
10.370  20.000  20.567  274.430
10.380  20.000  20.171  275.912
10.390  20.000  20.633  277.202
10.400  20.000  20.402  278.275
10.410  20.000  20.484  279.110
10.420  20.000  20.411  279.774
10.430  20.000  20.263  280.292
10.440  20.000  20.204  280.736
10.450  20.000  20.305  281.117
10.460  20.000  20.144  281.415
10.470  20.000  20.170  281.645
10.480  20.000  20.134  281.764
10.490  20.000  20.157  281.777
10.500  20.000  20.304  281.711
10.510  20.000  20.011  281.669
10.520  20.000  19.753  281.541
10.530  20.000  19.878  281.321
10.540  20.000  20.005  281.155
10.550  20.000  20.061  280.978
10.560  20.000  19.895  280.851
10.570  20.000  20.120  280.732
10.580  20.000  19.810  280.599
10.590  20.000  20.194  280.462
10.600  20.000  19.801  280.354
10.610  20.000  20.095  280.243
10.620  20.000  20.041  279.926
10.630  20.000  19.754  279.682
10.640  20.000  19.953  279.475
10.650  20.000  19.801  279.279
10.660  20.000  20.028  279.242
10.670  20.000  20.064  279.129
10.680  20.000  19.920  278.883
10.690  20.000  19.856  278.743
10.700  20.000  19.629  278.754
10.710  20.000  20.028  278.723
10.720  20.000  19.946  278.638
10.730  20.000  20.021  278.571
10.740  5.000  20.020  278.510
10.750  5.000  19.004  275.829
10.760  5.000  14.170  269.030
10.770  5.000  14.444  262.664
10.780  5.000  14.528  258.030
10.790  5.000  14.444  253.589
10.800  5.000  13.981  249.352
10.810  5.000  13.937  245.005
10.820  5.000  13.704  240.710
10.830  5.000  13.477  236.426
10.840  5.000  13.086  232.264
10.850  5.000  13.081  228.074
10.860  5.000  12.718  223.887
10.870  5.000  12.556  219.783
10.880  5.000  12.251  215.746
10.890  5.000  12.164  211.798
10.900  5.000  12.019  207.859
10.910  5.000  11.942  203.903
10.920  5.000  11.715  199.992
10.930  5.000  11.487  196.191
10.940  5.000  11.464  192.399
10.950  5.000  11.368  188.571
10.960  5.000  11.157  184.834
10.970  5.000  11.019  181.071
10.980  5.000  10.807  177.330
10.990  5.000  10.624  173.761
11.000  5.000  10.572  170.193
11.010  5.000  10.364  166.616
11.020  5.000  10.281  163.161
11.030  5.000  10.102  159.775
11.040  5.000  10.048  156.370
11.050  5.000  9.850  152.971
11.060  5.000  9.883  149.625
11.070  5.000  9.686  146.299
11.080  5.000  9.538  142.976
11.090  5.000  9.462  139.708
11.100  5.000  9.394  136.512
11.110  5.000  9.296  133.247
11.120  5.000  9.148  130.014
11.130  5.000  9.034  126.907
11.140  5.000  8.845  123.844
11.150  5.000  8.658  120.884
11.160  5.000  8.656  117.897
11.170  5.000  8.578  114.902
11.180  5.000  8.559  111.925
11.190  5.000  8.444  108.974
11.200  5.000  8.356  106.055
11.210  5.000  8.308  103.062
11.220  5.000  8.136  100.158
11.230  5.000  8.100  97.401
11.240  5.000  7.900  94.691
11.250  5.000  7.786  92.068
11.260  5.000  7.650  89.459
11.270  5.000  7.638  86.834
11.280  5.000  7.591  84.208
11.290  5.000  7.515  81.527
11.300  5.000  7.317  78.920
11.310  5.000  7.206  76.426
11.320  5.000  7.202  73.943
11.330  5.000  6.963  71.481
11.340  5.000  6.961  69.044
11.350  5.000  6.863  66.628
11.360  5.000  6.776  64.292
11.370  5.000  6.753  61.986
11.380  5.000  6.697  59.677
11.390  5.000  6.565  57.375
11.400  5.000  6.545  55.115
11.410  5.000  6.449  52.903
11.420  5.000  6.313  50.735
11.430  5.000  6.171  48.614
11.440  5.000  6.234  46.508
11.450  5.000  6.098  44.354
11.460  5.000  6.050  42.189
11.470  5.000  5.918  40.108
11.480  5.000  5.861  38.162
11.490  5.000  5.774  36.262
11.500  5.000  5.714  34.377
11.510  5.000  5.622  32.524
11.520  5.000  5.576  30.650
11.530  5.000  5.419  28.740
11.540  5.000  5.431  26.870
11.550  5.000  5.380  25.035
11.560  5.000  5.368  23.253
11.570  5.000  5.293  21.523
11.580  5.000  5.154  19.818
11.590  5.000  5.118  18.157
11.600  5.000  4.967  16.545
11.610  5.000  4.959  14.982
11.620  5.000  4.990  13.387
11.630  5.000  4.879  11.779
11.640  5.000  4.797  10.200
11.650  5.000  4.803  8.666
11.660  5.000  4.715  7.153
11.670  5.000  4.616  5.713
11.680  5.000  4.645  4.405
11.690  5.000  4.546  3.242
11.700  5.000  4.722  2.209
11.710  5.000  4.841  1.261
11.720  5.000  4.893  0.326
11.730  5.000  4.747  -0.564
11.740  5.000  4.722  -1.345
11.750  5.000  4.728  -1.996
11.760  5.000  4.880  -2.554
11.770  5.000  4.900  -3.078
11.780  5.000  4.805  -3.580
11.790  5.000  4.828  -4.046
11.800  5.000  4.741  -4.332
11.810  5.000  4.865  -4.507
11.820  5.000  4.866  -4.734
11.830  5.000  4.921  -4.851
11.840  5.000  4.831  -4.872
11.850  5.000  4.913  -4.892
11.860  5.000  4.843  -4.811
11.870  5.000  4.933  -4.712
11.880  5.000  4.929  -4.528
11.890  5.000  4.936  -4.233
11.900  5.000  4.949  -4.029
11.910  5.000  4.961  -3.863
11.920  5.000  4.934  -3.583
11.930  5.000  5.026  -3.306
11.940  5.000  5.053  -3.015
11.950  5.000  5.013  -2.664
11.960  5.000  5.065  -2.401
11.970  5.000  5.025  -2.162
11.980  5.000  5.075  -1.797
11.990  5.000  4.951  -1.382
12.000  5.000  5.096  -1.027
12.010  5.000  5.186  -0.793
12.020  5.000  5.126  -0.613
12.030  5.000  5.205  -0.377
12.040  5.000  5.130  -0.154
12.050  5.000  5.192  0.131
12.060  5.000  5.163  0.515
12.070  5.000  5.213  0.792
12.080  5.000  5.079  1.040
12.090  5.000  5.292  1.316
12.100  5.000  5.197  1.485
12.110  5.000  5.056  1.616
12.120  5.000  5.079  1.670
12.130  5.000  5.107  1.735
12.140  5.000  5.210  1.843
12.150  5.000  5.295  1.824
12.160  5.000  5.185  1.702
12.170  5.000  5.089  1.541
12.180  5.000  5.172  1.365
12.190  5.000  5.206  1.182
12.200  5.000  5.055  1.002
12.210  5.000  5.058  0.723
12.220  5.000  5.032  0.353
12.230  5.000  5.047  -0.034
12.240  5.000  4.987  -0.423
12.250  5.000  5.016  -0.792
12.260  5.000  5.020  -1.244
12.270  5.000  4.992  -1.733
12.280  5.000  4.940  -2.106
12.290  5.000  4.899  -2.410
12.300  5.000  4.978  -2.732
12.310  5.000  4.957  -3.106
12.320  5.000  4.887  -3.549
12.330  5.000  4.895  -3.901
12.340  5.000  4.821  -4.117
12.350  5.000  4.842  -4.397
12.360  5.000  4.816  -4.756
12.370  5.000  4.841  -5.065
12.380  5.000  4.838  -5.303
12.390  5.000  4.931  -5.556
12.400  5.000  4.816  -5.819
12.410  5.000  4.879  -6.046
12.420  5.000  4.818  -6.213
12.430  5.000  4.867  -6.287
12.440  5.000  4.926  -6.319
12.450  5.000  4.848  -6.324
12.460  5.000  4.835  -6.343
12.470  5.000  4.966  -6.391
12.480  5.000  4.906  -6.372
12.490  5.000  4.886  -6.229
12.500  5.000  4.811  -6.040
12.510  5.000  5.041  -5.824
12.520  5.000  4.969  -5.577
12.530  5.000  5.039  -5.394
12.540  5.000  4.847  -5.165
12.550  5.000  5.012  -4.861
12.560  5.000  5.037  -4.578
12.570  5.000  4.995  -4.294
12.580  5.000  4.983  -3.964
12.590  5.000  5.007  -3.646
12.600  5.000  5.079  -3.434
12.610  5.000  5.024  -3.192
12.620  5.000  5.064  -2.850
12.630  5.000  5.096  -2.567
12.640  5.000  5.132  -2.330
12.650  5.000  5.123  -2.052
12.660  5.000  5.037  -1.728
12.670  5.000  5.090  -1.455
12.680  5.000  5.116  -1.275
12.690  5.000  5.142  -1.010
12.700  5.000  5.129  -0.708
12.710  5.000  5.114  -0.514
12.720  5.000  5.056  -0.264
12.730  5.000  5.136  0.012
12.740  5.000  5.136  0.205
12.750  6.500  5.125  0.444
12.760  8.000  5.240  0.689
12.770  9.500  5.471  1.291
12.780  11.000  6.108  2.738
12.790  12.500  7.617  5.074
12.800  14.000  8.400  8.327
12.810  15.500  9.327  12.236
12.820  17.000  10.536  16.572
12.830  18.500  11.512  21.523
12.840  20.000  12.690  27.080
12.850  20.000  14.154  33.263
12.860  20.000  15.022  39.691
12.870  20.000  15.790  46.400
12.880  20.000  15.892  53.787
12.890  20.000  16.732  60.974
12.900  20.000  16.850  67.501
12.910  20.000  17.390  73.794
12.920  20.000  17.801  79.978
12.930  20.000  18.056  86.252
12.940  20.000  18.329  92.689
12.950  20.000  18.822  98.834
12.960  20.000  18.560  105.331
12.970  20.000  19.518  112.135
12.980  20.000  20.042  118.328
12.990  20.000  20.234  124.531
13.000  20.000  20.296  131.192
13.010  20.000  20.678  137.805
13.020  20.000  20.790  143.846
13.030  20.000  21.272  149.812
13.040  20.000  21.058  156.111
13.050  20.000  21.684  162.127
13.060  20.000  21.099  168.055
13.070  20.000  20.921  173.979
13.080  20.000  20.737  179.406
13.090  20.000  21.125  184.247
13.100  20.000  20.874  189.050
13.110  20.000  20.903  193.989
13.120  20.000  21.258  198.633
13.130  20.000  21.227  203.654
13.140  20.000  21.468  208.938
13.150  20.000  20.882  213.754
13.160  20.000  21.171  218.174
13.170  20.000  20.878  222.399
13.180  20.000  20.674  226.553
13.190  20.000  20.808  230.797
13.200  20.000  20.891  234.709
13.210  20.000  20.935  238.154
13.220  20.000  20.973  241.577
13.230  20.000  21.424  245.095
13.240  20.000  21.155  248.708
13.250  20.000  21.220  252.117
13.260  20.000  21.205  254.956
13.270  20.000  20.691  257.462
13.280  20.000  20.551  259.794
13.290  20.000  20.287  262.230
13.300  20.000  20.369  264.801
13.310  20.000  20.592  267.058
13.320  20.000  20.468  269.131
13.330  20.000  20.484  271.093
13.340  20.000  20.482  272.854
13.350  20.000  20.966  274.371
13.360  20.000  20.773  275.843
13.370  20.000  20.619  277.163
13.380  20.000  20.474  278.319
13.390  20.000  20.518  279.649
13.400  20.000  20.498  280.849
13.410  20.000  20.468  281.871
13.420  20.000  20.172  282.886
13.430  20.000  20.201  283.723
13.440  20.000  20.197  284.339
13.450  20.000  20.547  284.718
13.460  20.000  20.255  284.890
13.470  20.000  19.963  285.078
13.480  20.000  20.026  285.336
13.490  20.000  20.100  285.408
13.500  20.000  20.297  285.358
13.510  20.000  20.134  285.290
13.520  20.000  20.170  285.161
13.530  20.000  20.072  284.982
13.540  20.000  20.152  284.751
13.550  20.000  19.858  284.525
13.560  20.000  20.018  284.295
13.570  20.000  19.982  283.999
13.580  20.000  20.013  283.609
13.590  20.000  19.996  283.185
13.600  20.000  20.006  282.939
13.610  20.000  19.949  282.687
13.620  20.000  19.854  282.421
13.630  20.000  19.796  282.262
13.640  20.000  19.783  282.121
13.650  20.000  19.968  282.082
13.660  20.000  20.089  281.969
13.670  20.000  19.702  281.673
13.680  20.000  20.044  281.433
13.690  20.000  19.595  281.318
13.700  20.000  20.129  281.213
13.710  20.000  19.890  281.123
13.720  20.000  19.768  281.033
13.730  20.000  19.917  280.919
13.740  20.000  19.798  280.936
13.750  5.000  19.990  280.928
13.760  5.000  19.233  276.920
13.770  5.000  14.708  269.776
13.780  5.000  14.500  264.335
13.790  5.000  14.651  259.689
13.800  5.000  14.604  255.236
13.810  5.000  14.168  250.889
13.820  5.000  13.984  246.451
13.830  5.000  13.596  242.205
13.840  5.000  13.552  237.941
13.850  5.000  13.252  233.719
13.860  5.000  13.126  229.491
13.870  5.000  13.027  225.302
13.880  5.000  12.930  221.155
13.890  5.000  12.678  216.960
13.900  5.000  12.521  212.805
13.910  5.000  12.415  208.709
13.920  5.000  12.153  204.711
13.930  5.000  12.025  200.757
13.940  5.000  11.857  196.798
13.950  5.000  11.733  192.818
13.960  5.000  11.514  188.949
13.970  5.000  11.388  185.176
13.980  5.000  11.353  181.371
13.990  5.000  11.183  177.560
14.000  5.000  11.032  173.804
14.010  5.000  10.828  170.095
14.020  5.000  10.684  166.475
14.030  5.000  10.491  162.924
14.040  5.000  10.455  159.319
14.050  5.000  10.352  155.715
14.060  5.000  10.209  152.210
14.070  5.000  10.077  148.816
14.080  5.000  9.882  145.470
14.090  5.000  9.791  142.151
14.100  5.000  9.675  138.824
14.110  5.000  9.523  135.543
14.120  5.000  9.355  132.271
14.130  5.000  9.306  128.991
14.140  5.000  9.087  125.775
14.150  5.000  8.926  122.651
14.160  5.000  8.732  119.585
14.170  5.000  8.725  116.518
14.180  5.000  8.560  113.534
14.190  5.000  8.458  110.644
14.200  5.000  8.340  107.801
14.210  5.000  8.247  105.002
14.220  5.000  8.093  102.156
14.230  5.000  8.032  99.354
14.240  5.000  7.990  96.583
14.250  5.000  7.895  93.831
14.260  5.000  7.788  91.169
14.270  5.000  7.656  88.551
14.280  5.000  7.551  85.966
14.290  5.000  7.415  83.383
14.300  5.000  7.373  80.775
14.310  5.000  7.264  78.210
14.320  5.000  7.174  75.756
14.330  5.000  7.133  73.261
14.340  5.000  7.041  70.771
14.350  5.000  6.925  68.301
14.360  5.000  6.801  65.814
14.370  5.000  6.817  63.395
14.380  5.000  6.669  61.022
14.390  5.000  6.419  58.734
14.400  5.000  6.542  56.456
14.410  5.000  6.531  54.195
14.420  5.000  6.350  52.004
14.430  5.000  6.279  49.878
14.440  5.000  6.157  47.777
14.450  5.000  6.052  45.703
14.460  5.000  6.082  43.645
14.470  5.000  5.955  41.569
14.480  5.000  5.996  39.478
14.490  5.000  5.780  37.447
14.500  5.000  5.754  35.523
14.510  5.000  5.669  33.642
14.520  5.000  5.642  31.727
14.530  5.000  5.496  29.791
14.540  5.000  5.537  27.981
14.550  5.000  5.458  26.202
14.560  5.000  5.308  24.437
14.570  5.000  5.277  22.691
14.580  5.000  5.210  20.918
14.590  5.000  5.159  19.212
14.600  5.000  5.101  17.570
14.610  5.000  5.007  15.957
14.620  5.000  4.945  14.322
14.630  5.000  4.964  12.622
14.640  5.000  4.844  10.966
14.650  5.000  4.841  9.357
14.660  5.000  4.784  7.775
14.670  5.000  4.698  6.335
14.680  5.000  4.687  4.952
14.690  5.000  4.563  3.612
14.700  5.000  4.741  2.377
14.710  5.000  4.734  1.270
14.720  5.000  4.813  0.253
14.730  5.000  4.699  -0.691
14.740  5.000  4.759  -1.547
14.750  5.000  4.688  -2.265
14.760  5.000  4.808  -2.884
14.770  5.000  4.823  -3.458
14.780  5.000  4.831  -3.967
14.790  5.000  4.821  -4.450
14.800  5.000  4.812  -4.869
14.810  5.000  4.805  -5.138
14.820  5.000  4.818  -5.257
14.830  5.000  4.862  -5.372
14.840  5.000  4.953  -5.525
14.850  5.000  4.888  -5.568
14.860  5.000  4.905  -5.509
14.870  5.000  4.866  -5.431
14.880  5.000  4.928  -5.283
14.890  5.000  4.942  -5.118
14.900  5.000  4.933  -4.919
14.910  5.000  4.960  -4.681
14.920  5.000  4.955  -4.441
14.930  5.000  5.014  -4.227
14.940  5.000  5.010  -4.020
14.950  5.000  5.049  -3.716
14.960  5.000  5.041  -3.407
14.970  5.000  5.091  -3.118
14.980  5.000  5.032  -2.733
14.990  5.000  5.075  -2.355
15.000  5.000  5.075  -2.000
15.010  5.000  5.116  -1.743
15.020  5.000  5.095  -1.441
15.030  5.000  5.123  -1.018
15.040  5.000  5.162  -0.651
15.050  5.000  5.152  -0.353
15.060  5.000  5.212  -0.127
15.070  5.000  5.171  0.093
15.080  5.000  5.221  0.310
15.090  5.000  5.255  0.438
15.100  5.000  5.223  0.467
15.110  5.000  5.150  0.558
15.120  5.000  5.213  0.654
15.130  5.000  5.135  0.658
15.140  5.000  5.133  0.609
15.150  5.000  5.110  0.551
15.160  5.000  5.118  0.481
15.170  5.000  5.185  0.370
15.180  5.000  5.106  0.194
15.190  5.000  5.050  0.017
15.200  5.000  5.020  -0.145
15.210  5.000  5.150  -0.412
15.220  5.000  5.084  -0.734
15.230  5.000  5.092  -1.134
15.240  5.000  5.023  -1.595
15.250  5.000  4.952  -2.038
15.260  5.000  4.969  -2.431
15.270  5.000  4.921  -2.846
15.280  5.000  5.002  -3.367
15.290  5.000  4.926  -3.855
15.300  5.000  4.923  -4.218
15.310  5.000  4.857  -4.504
15.320  5.000  4.890  -4.822
15.330  5.000  4.858  -5.126
15.340  5.000  4.791  -5.326
15.350  5.000  4.895  -5.601
15.360  5.000  4.933  -5.969
15.370  5.000  4.844  -6.233
15.380  5.000  4.871  -6.478
15.390  5.000  4.759  -6.712
15.400  5.000  4.715  -6.882
15.410  5.000  4.838  -7.108
15.420  5.000  4.955  -7.312
15.430  5.000  4.887  -7.317
15.440  5.000  4.824  -7.245
15.450  5.000  4.743  -7.242
15.460  5.000  4.981  -7.162
15.470  5.000  4.934  -6.915
15.480  5.000  4.910  -6.628
15.490  5.000  4.866  -6.349
15.500  5.000  4.984  -6.044
15.510  5.000  5.016  -5.723
15.520  5.000  5.091  -5.449
15.530  5.000  4.928  -5.209
15.540  5.000  4.971  -4.922
15.550  5.000  4.947  -4.552
15.560  5.000  5.165  -4.147
15.570  5.000  4.931  -3.704
15.580  5.000  5.120  -3.282
15.590  5.000  5.093  -3.026
15.600  5.000  5.130  -2.876
15.610  5.000  5.213  -2.736
15.620  5.000  5.060  -2.492
15.630  5.000  5.042  -2.134
15.640  5.000  5.078  -1.773
15.650  5.000  5.151  -1.469
15.660  5.000  5.200  -1.205
15.670  5.000  5.141  -0.933
15.680  5.000  5.231  -0.751
15.690  5.000  5.074  -0.586
15.700  5.000  5.245  -0.452
15.710  5.000  5.200  -0.457
15.720  5.000  5.177  -0.397
15.730  5.000  5.069  -0.344
15.740  5.000  5.073  -0.391
15.750  5.000  5.178  -0.465
15.760  6.500  5.162  -0.524
15.770  8.000  5.230  -0.552
15.780  9.500  5.445  -0.127
15.790  11.000  5.992  1.207
15.800  12.500  7.285  3.475
15.810  14.000  8.123  6.743
15.820  15.500  9.302  10.710
15.830  17.000  10.185  15.019
15.840  18.500  11.515  19.803
15.850  20.000  12.752  25.104
15.860  20.000  14.306  31.195
15.870  20.000  14.797  38.753
15.880  20.000  16.016  46.129
15.890  20.000  16.239  52.540
15.900  20.000  16.830  58.681
15.910  20.000  17.208  64.838
15.920  20.000  17.551  71.456
15.930  20.000  18.009  77.730
15.940  20.000  17.931  83.933
15.950  20.000  18.318  90.360
15.960  20.000  18.782  96.625
15.970  20.000  18.840  103.248
15.980  20.000  19.902  109.870
15.990  20.000  19.792  116.610
16.000  20.000  20.435  123.239
16.010  20.000  20.419  129.508
16.020  20.000  20.235  136.220
16.030  20.000  21.046  142.608
16.040  20.000  21.040  148.491
16.050  20.000  21.392  154.489
16.060  20.000  21.495  160.728
16.070  20.000  21.705  166.831
16.080  20.000  20.943  172.551
16.090  20.000  20.789  178.053
16.100  20.000  20.312  183.180
16.110  20.000  20.716  188.099
16.120  20.000  20.813  193.018
16.130  20.000  21.204  198.070
16.140  20.000  21.523  202.791
16.150  20.000  21.743  207.149
16.160  20.000  21.108  211.714
16.170  20.000  21.317  216.186
16.180  20.000  20.635  220.384
16.190  20.000  21.000  224.257
16.200  20.000  20.832  227.930
16.210  20.000  21.024  231.491
16.220  20.000  21.068  235.092
16.230  20.000  20.920  238.798
16.240  20.000  21.256  242.262
16.250  20.000  21.135  245.576
16.260  20.000  20.916  248.905
16.270  20.000  20.832  251.933
16.280  20.000  20.705  254.757
16.290  20.000  20.181  257.528
16.300  20.000  20.522  260.196
16.310  20.000  20.613  262.421
16.320  20.000  20.721  264.264
16.330  20.000  20.602  266.207
16.340  20.000  20.401  268.188
16.350  20.000  20.357  270.010
16.360  20.000  20.671  271.646
16.370  20.000  20.565  273.193
16.380  20.000  20.795  274.574
16.390  20.000  20.288  276.036
16.400  20.000  20.534  277.427
16.410  20.000  20.699  278.466
16.420  20.000  20.203  279.399
16.430  20.000  20.191  280.201
16.440  20.000  20.116  280.978
16.450  20.000  20.403  281.707
16.460  20.000  20.365  282.297
16.470  20.000  20.517  282.703
16.480  20.000  20.434  282.837
16.490  20.000  19.830  282.843
16.500  20.000  20.188  282.789
16.510  20.000  20.031  282.782
16.520  20.000  20.175  282.810
16.530  20.000  20.242  282.667
16.540  20.000  20.213  282.469
16.550  20.000  19.961  282.307
16.560  20.000  19.710  282.070
16.570  20.000  19.983  281.791
16.580  20.000  20.029  281.488
16.590  20.000  20.138  281.262
16.600  20.000  19.911  281.148
16.610  20.000  19.887  281.046
16.620  20.000  19.936  280.956
16.630  20.000  20.324  280.612
16.640  20.000  19.909  280.123
16.650  20.000  20.083  279.636
16.660  20.000  19.893  279.217
16.670  20.000  19.789  278.922
16.680  20.000  19.891  278.551
16.690  20.000  19.783  278.331
16.700  20.000  19.943  278.270
16.710  20.000  19.800  278.206
16.720  20.000  19.778  278.130
16.730  20.000  19.970  277.973
16.740  20.000  19.852  277.870
16.750  20.000  19.881  277.837
16.760  5.000  19.854  277.919
16.770  5.000  19.281  273.879
16.780  5.000  14.311  266.221
16.790  5.000  14.441  260.396
16.800  5.000  14.596  255.639
16.810  5.000  14.521  251.230
16.820  5.000  14.096  246.982
16.830  5.000  14.006  242.608
16.840  5.000  13.703  238.376
16.850  5.000  13.598  234.184
16.860  5.000  13.468  229.969
16.870  5.000  13.322  225.722
16.880  5.000  13.035  221.607
16.890  5.000  12.839  217.565
16.900  5.000  12.700  213.503
16.910  5.000  12.459  209.459
16.920  5.000  12.334  205.352
16.930  5.000  12.195  201.267
16.940  5.000  12.024  197.340
16.950  5.000  11.878  193.443
16.960  5.000  11.652  189.606
16.970  5.000  11.474  185.840
16.980  5.000  11.365  182.131
16.990  5.000  11.143  178.431
17.000  5.000  11.035  174.730
17.010  5.000  10.784  171.080
17.020  5.000  10.858  167.464
17.030  5.000  10.684  163.849
17.040  5.000  10.576  160.273
17.050  5.000  10.395  156.770
17.060  5.000  10.140  153.379
17.070  5.000  9.989  150.108
17.080  5.000  9.950  146.736
17.090  5.000  9.785  143.307
17.100  5.000  9.705  140.005
17.110  5.000  9.663  136.793
17.120  5.000  9.412  133.546
17.130  5.000  9.321  130.377
17.140  5.000  9.096  127.293
17.150  5.000  9.033  124.217
17.160  5.000  8.985  121.166
17.170  5.000  8.832  118.048
17.180  5.000  8.677  115.026
17.190  5.000  8.591  112.126
17.200  5.000  8.474  109.172
17.210  5.000  8.416  106.239
17.220  5.000  8.277  103.406
17.230  5.000  8.219  100.627
17.240  5.000  8.153  97.911
17.250  5.000  8.046  95.188
17.260  5.000  7.949  92.411
17.270  5.000  7.816  89.736
17.280  5.000  7.735  87.117
17.290  5.000  7.677  84.477
17.300  5.000  7.554  81.890
17.310  5.000  7.463  79.326
17.320  5.000  7.382  76.789
17.330  5.000  7.284  74.238
17.340  5.000  7.215  71.704
17.350  5.000  7.097  69.297
17.360  5.000  6.969  66.934
17.370  5.000  6.845  64.591
17.380  5.000  6.802  62.282
17.390  5.000  6.725  59.965
17.400  5.000  6.652  57.682
17.410  5.000  6.455  55.455
17.420  5.000  6.466  53.296
17.430  5.000  6.423  51.123
17.440  5.000  6.348  48.921
17.450  5.000  6.179  46.785
17.460  5.000  6.271  44.678
17.470  5.000  6.164  42.614
17.480  5.000  6.024  40.605
17.490  5.000  5.995  38.598
17.500  5.000  5.987  36.621
17.510  5.000  5.930  34.637
17.520  5.000  5.870  32.659
17.530  5.000  5.667  30.755
17.540  5.000  5.701  28.865
17.550  5.000  5.576  26.990
17.560  5.000  5.514  25.174
17.570  5.000  5.445  23.444
17.580  5.000  5.381  21.739
17.590  5.000  5.276  19.996
17.600  5.000  5.248  18.282
17.610  5.000  5.253  16.586
17.620  5.000  5.160  14.902
17.630  5.000  5.106  13.263
17.640  5.000  5.017  11.600
17.650  5.000  4.930  9.922
17.660  5.000  4.874  8.328
17.670  5.000  4.852  6.798
17.680  5.000  4.807  5.279
17.690  5.000  4.773  3.753
17.700  5.000  4.740  2.236
17.710  5.000  4.720  0.825
17.720  5.000  4.665  -0.456
17.730  5.000  4.686  -1.641
17.740  5.000  4.699  -2.742
17.750  5.000  4.758  -3.732
17.760  5.000  4.734  -4.613
17.770  5.000  4.756  -5.449
17.780  5.000  4.844  -6.221
17.790  5.000  4.767  -6.877
17.800  5.000  4.806  -7.410
17.810  5.000  4.856  -7.878
17.820  5.000  4.798  -8.326
17.830  5.000  4.788  -8.673
17.840  5.000  4.752  -8.877
17.850  5.000  4.864  -8.994
17.860  5.000  4.909  -9.010
17.870  5.000  4.889  -8.978
17.880  5.000  4.888  -8.939
17.890  5.000  4.896  -8.872
17.900  5.000  4.856  -8.713
17.910  5.000  4.883  -8.552
17.920  5.000  4.900  -8.458
17.930  5.000  4.971  -8.311
17.940  5.000  4.998  -8.094
17.950  5.000  4.919  -7.767
17.960  5.000  5.036  -7.375
17.970  5.000  4.907  -6.967
17.980  5.000  5.019  -6.610
17.990  5.000  5.149  -6.270
18.000  5.000  5.151  -5.903
18.010  5.000  5.059  -5.488
18.020  5.000  5.140  -4.993
18.030  5.000  5.120  -4.531
18.040  5.000  5.179  -4.187
18.050  5.000  5.164  -3.894
18.060  5.000  5.157  -3.586
18.070  5.000  5.152  -3.239
18.080  5.000  5.173  -2.893
18.090  5.000  5.282  -2.684
18.100  5.000  5.172  -2.534
18.110  5.000  5.200  -2.303
18.120  5.000  5.227  -2.112
18.130  5.000  5.137  -2.012
18.140  5.000  5.106  -1.890
18.150  5.000  5.122  -1.741
18.160  5.000  5.200  -1.622
18.170  5.000  5.259  -1.630
18.180  5.000  5.140  -1.741
18.190  5.000  5.099  -1.875
18.200  5.000  5.226  -2.096
18.210  5.000  5.185  -2.422
18.220  5.000  5.029  -2.727
18.230  5.000  5.049  -3.064
18.240  5.000  5.073  -3.502
18.250  5.000  5.016  -3.878
18.260  5.000  4.993  -4.186
18.270  5.000  5.044  -4.593
18.280  5.000  4.975  -5.055
18.290  5.000  4.951  -5.490
18.300  5.000  4.938  -5.938
18.310  5.000  4.940  -6.378
18.320  5.000  4.831  -6.737
18.330  5.000  4.882  -7.178
18.340  5.000  4.820  -7.631
18.350  5.000  4.849  -7.994
18.360  5.000  4.879  -8.360
18.370  5.000  4.835  -8.717
18.380  5.000  4.824  -9.047
18.390  5.000  4.819  -9.280
18.400  5.000  4.875  -9.499
18.410  5.000  4.857  -9.703
18.420  5.000  4.840  -9.936
18.430  5.000  4.855  -10.194
18.440  5.000  4.887  -10.372
18.450  5.000  4.867  -10.431
18.460  5.000  4.820  -10.484
18.470  5.000  4.853  -10.521
18.480  5.000  4.864  -10.435
18.490  5.000  4.895  -10.264
18.500  5.000  4.958  -10.072
18.510  5.000  4.943  -9.933
18.520  5.000  4.986  -9.763
18.530  5.000  4.818  -9.491
18.540  5.000  4.956  -9.308
18.550  5.000  5.054  -9.171
18.560  5.000  5.083  -8.887
18.570  5.000  4.946  -8.515
18.580  5.000  5.011  -8.173
18.590  5.000  5.039  -7.806
18.600  5.000  5.145  -7.488
18.610  5.000  5.048  -7.234
18.620  5.000  5.188  -7.008
18.630  5.000  5.054  -6.811
18.640  5.000  5.061  -6.560
18.650  5.000  5.071  -6.344
18.660  5.000  5.136  -6.007
18.670  5.000  5.103  -5.652
18.680  5.000  5.181  -5.467
18.690  5.000  5.139  -5.285
18.700  5.000  5.129  -5.131
18.710  5.000  5.115  -5.001
18.720  5.000  5.160  -4.801
18.730  5.000  5.105  -4.566
18.740  5.000  5.213  -4.389
18.750  5.000  5.209  -4.305
18.760  5.000  5.051  -4.246
18.770  6.500  5.075  -4.170
18.780  8.000  5.231  -4.179
18.790  9.500  5.500  -3.761
18.800  11.000  6.098  -2.342
18.810  12.500  7.244  0.176
18.820  14.000  8.213  3.650
18.830  15.500  9.305  7.577
18.840  17.000  10.360  11.796
18.850  18.500  11.688  16.643
18.860  20.000  12.408  22.503
18.870  20.000  14.319  28.694
18.880  20.000  15.038  34.893
18.890  20.000  15.715  41.449
18.900  20.000  16.083  48.115
18.910  20.000  16.651  54.954
18.920  20.000  16.982  61.433
18.930  20.000  17.347  67.857
18.940  20.000  17.653  74.953
18.950  20.000  18.462  81.648
18.960  20.000  18.255  87.883
18.970  20.000  19.211  94.257
18.980  20.000  19.121  100.620
18.990  20.000  19.474  107.105
19.000  20.000  20.018  113.611
19.010  20.000  20.389  120.100
19.020  20.000  20.236  126.575
19.030  20.000  20.662  133.105
19.040  20.000  20.837  139.526
19.050  20.000  20.876  145.561
19.060  20.000  21.332  151.527
19.070  20.000  21.460  157.577
19.080  20.000  21.615  163.485
19.090  20.000  20.992  169.047
19.100  20.000  21.195  174.394
19.110  20.000  20.432  179.685
19.120  20.000  21.333  184.617
19.130  20.000  21.210  189.542
19.140  20.000  21.156  194.572
19.150  20.000  21.522  199.423
19.160  20.000  20.902  204.334
19.170  20.000  21.320  208.974
19.180  20.000  20.610  213.461
19.190  20.000  20.939  217.707
19.200  20.000  20.557  221.780
19.210  20.000  20.882  225.711
19.220  20.000  21.016  229.133
19.230  20.000  20.588  232.760
19.240  20.000  20.933  236.542
19.250  20.000  21.236  240.089
19.260  20.000  21.195  243.711
19.270  20.000  20.994  247.401
19.280  20.000  20.961  250.736
19.290  20.000  21.087  253.612
19.300  20.000  20.501  256.440
19.310  20.000  20.329  258.976
19.320  20.000  20.218  261.490
19.330  20.000  20.677  264.017
19.340  20.000  20.545  266.322
19.350  20.000  20.798  268.231
19.360  20.000  20.787  269.833
19.370  20.000  20.644  271.499
19.380  20.000  20.577  273.094
19.390  20.000  20.213  274.742
19.400  20.000  20.780  276.137
19.410  20.000  20.589  277.274
19.420  20.000  20.494  278.461
19.430  20.000  20.088  279.529
19.440  20.000  20.336  280.436
19.450  20.000  20.061  281.332
19.460  20.000  20.490  282.172
19.470  20.000  20.285  282.933
19.480  20.000  20.193  283.588
19.490  20.000  20.170  284.139
19.500  20.000  20.221  284.511
19.510  20.000  20.292  284.660
19.520  20.000  20.239  284.692
19.530  20.000  20.043  284.654
19.540  20.000  20.115  284.603
19.550  20.000  20.137  284.472
19.560  20.000  20.153  284.162
19.570  20.000  19.815  283.926
19.580  20.000  20.176  283.725
19.590  20.000  19.995  283.342
19.600  20.000  20.063  283.047
19.610  20.000  19.866  282.830
19.620  20.000  19.843  282.518
19.630  20.000  19.885  282.268
19.640  20.000  20.009  282.245
19.650  20.000  20.008  282.168
19.660  20.000  19.993  281.880
19.670  20.000  19.902  281.593
19.680  20.000  19.728  281.447
19.690  20.000  19.663  281.349
19.700  20.000  19.910  281.194
19.710  20.000  20.124  281.068
19.720  20.000  19.954  280.886
19.730  20.000  19.628  280.753
19.740  20.000  19.962  280.699
19.750  20.000  19.826  280.731
19.760  20.000  19.929  280.810
19.770  5.000  19.892  280.789
19.780  5.000  19.380  276.746
19.790  5.000  14.536  269.863
19.800  5.000  14.429  264.764
19.810  5.000  14.712  260.175
19.820  5.000  14.668  255.818
19.830  5.000  14.224  251.550
19.840  5.000  14.012  247.191
19.850  5.000  13.772  242.950
19.860  5.000  13.610  238.638
19.870  5.000  13.475  234.368
19.880  5.000  13.255  230.139
19.890  5.000  13.039  225.926
19.900  5.000  12.851  221.796
19.910  5.000  12.690  217.750
19.920  5.000  12.640  213.747
19.930  5.000  12.326  209.784
19.940  5.000  12.101  205.909
19.950  5.000  12.059  202.083
19.960  5.000  11.902  198.240
19.970  5.000  11.761  194.412
19.980  5.000  11.613  190.587
19.990  5.000  11.372  186.781
20.000  5.000  11.276  182.930
20.010  5.000  11.033  179.115
20.020  5.000  10.845  175.463
20.030  5.000  10.840  171.835
20.040  5.000  10.738  168.184
20.050  5.000  10.473  164.590
20.060  5.000  10.436  161.113
20.070  5.000  10.184  157.733
20.080  5.000  10.226  154.411
20.090  5.000  9.936  151.058
20.100  5.000  9.868  147.686
20.110  5.000  9.680  144.334
20.120  5.000  9.501  141.051
20.130  5.000  9.396  137.849
20.140  5.000  9.290  134.699
20.150  5.000  9.151  131.663
20.160  5.000  9.087  128.624
20.170  5.000  8.992  125.510
20.180  5.000  8.839  122.495
20.190  5.000  8.706  119.589
20.200  5.000  8.585  116.678
20.210  5.000  8.488  113.836
20.220  5.000  8.404  111.023
20.230  5.000  8.319  108.172
20.240  5.000  8.252  105.342
20.250  5.000  8.156  102.566
20.260  5.000  8.006  99.889
20.270  5.000  7.970  97.258
20.280  5.000  7.797  94.594
20.290  5.000  7.752  91.962
20.300  5.000  7.676  89.363
20.310  5.000  7.597  86.743
20.320  5.000  7.435  84.162
20.330  5.000  7.338  81.634
20.340  5.000  7.305  79.086
20.350  5.000  7.265  76.563
20.360  5.000  7.077  74.125
20.370  5.000  6.957  71.707
20.380  5.000  6.898  69.349
20.390  5.000  6.875  67.002
20.400  5.000  6.718  64.665
20.410  5.000  6.699  62.409
20.420  5.000  6.614  60.204
20.430  5.000  6.623  58.059
20.440  5.000  6.409  55.913
20.450  5.000  6.373  53.739
20.460  5.000  6.250  51.619
20.470  5.000  6.258  49.547
20.480  5.000  6.071  47.470
20.490  5.000  6.035  45.408
20.500  5.000  5.921  43.443
20.510  5.000  5.876  41.474
20.520  5.000  5.827  39.490
20.530  5.000  5.738  37.628
20.540  5.000  5.655  35.790
20.550  5.000  5.611  33.892
20.560  5.000  5.641  31.935
20.570  5.000  5.591  30.069
20.580  5.000  5.446  28.296
20.590  5.000  5.410  26.526
20.600  5.000  5.312  24.823
20.610  5.000  5.256  23.188
20.620  5.000  5.191  21.532
20.630  5.000  5.071  19.856
20.640  5.000  5.076  18.213
20.650  5.000  4.918  16.565
20.660  5.000  4.956  14.952
20.670  5.000  4.950  13.387
20.680  5.000  4.802  11.883
20.690  5.000  4.816  10.427
20.700  5.000  4.673  9.007
20.710  5.000  4.690  7.637
20.720  5.000  4.762  6.261
20.730  5.000  4.715  4.887
20.740  5.000  4.741  3.608
20.750  5.000  4.724  2.524
20.760  5.000  4.713  1.579
20.770  5.000  4.746  0.789
20.780  5.000  4.712  0.088
20.790  5.000  4.774  -0.616
20.800  5.000  4.870  -1.267
20.810  5.000  4.809  -1.817
20.820  5.000  4.722  -2.224
20.830  5.000  4.741  -2.556
20.840  5.000  4.900  -2.773
20.850  5.000  4.927  -2.887
20.860  5.000  4.885  -2.984
20.870  5.000  4.827  -3.026
20.880  5.000  4.825  -2.971
20.890  5.000  4.869  -2.899
20.900  5.000  4.878  -2.864
20.910  5.000  4.925  -2.804
20.920  5.000  4.916  -2.593
20.930  5.000  4.954  -2.222
20.940  5.000  4.980  -1.843
20.950  5.000  5.044  -1.511
20.960  5.000  4.909  -1.049
20.970  5.000  5.051  -0.627
20.980  5.000  5.029  -0.287
20.990  5.000  4.977  0.169
21.000  5.000  4.942  0.604
21.010  5.000  5.059  0.920
21.020  5.000  5.207  1.225
21.030  5.000  5.184  1.630
21.040  5.000  5.195  2.046
21.050  5.000  5.077  2.438
21.060  5.000  5.018  2.864
21.070  5.000  5.201  3.300
21.080  5.000  5.056  3.654
21.090  5.000  5.204  4.011
21.100  5.000  5.208  4.362
21.110  5.000  5.265  4.656
21.120  5.000  5.181  4.978
21.130  5.000  5.154  5.193
21.140  5.000  5.155  5.325
21.150  5.000  5.172  5.487
21.160  5.000  5.270  5.617
21.170  5.000  5.176  5.675
21.180  5.000  5.194  5.649
21.190  5.000  5.107  5.577
21.200  5.000  5.198  5.455
21.210  5.000  5.085  5.314
21.220  5.000  5.201  5.113
21.230  5.000  5.099  4.800
21.240  5.000  5.148  4.458
21.250  5.000  5.095  4.123
21.260  5.000  4.955  3.779
21.270  5.000  5.002  3.391
21.280  5.000  5.020  2.957
21.290  5.000  5.028  2.533
21.300  5.000  4.892  2.155
21.310  5.000  4.948  1.763
21.320  5.000  4.930  1.324
21.330  5.000  4.970  0.924
21.340  5.000  4.843  0.577
21.350  5.000  4.884  0.191
21.360  5.000  4.833  -0.173
21.370  5.000  4.870  -0.467
21.380  5.000  4.848  -0.761
21.390  5.000  4.865  -1.091
21.400  5.000  4.793  -1.462
21.410  5.000  4.763  -1.844
21.420  5.000  4.844  -2.195
21.430  5.000  4.806  -2.456
21.440  5.000  4.759  -2.620
21.450  5.000  4.850  -2.735
21.460  5.000  4.804  -2.849
21.470  5.000  4.847  -2.921
21.480  5.000  4.916  -2.876
21.490  5.000  4.988  -2.750
21.500  5.000  4.986  -2.569
21.510  5.000  4.799  -2.338
21.520  5.000  4.870  -2.189
21.530  5.000  4.985  -2.051
21.540  5.000  5.013  -1.836
21.550  5.000  4.966  -1.518
21.560  5.000  4.887  -1.124
21.570  5.000  4.978  -0.792
21.580  5.000  4.994  -0.471
21.590  5.000  5.059  -0.094
21.600  5.000  5.020  0.329
21.610  5.000  4.927  0.806
21.620  5.000  5.043  1.315
21.630  5.000  5.091  1.740
21.640  5.000  5.148  2.028
21.650  5.000  5.157  2.298
21.660  5.000  5.143  2.548
21.670  5.000  5.174  2.875
21.680  5.000  5.113  3.271
21.690  5.000  5.177  3.530
21.700  5.000  5.204  3.730
21.710  5.000  5.212  3.935
21.720  5.000  5.237  4.190
21.730  5.000  5.164  4.506
21.740  5.000  5.150  4.772
21.750  5.000  5.186  4.908
21.760  5.000  5.142  4.977
21.770  5.000  5.180  4.952
21.780  6.500  5.069  4.830
21.790  8.000  5.194  4.767
21.800  9.500  5.439  5.228
21.810  11.000  6.027  6.706
21.820  12.500  7.218  9.145
21.830  14.000  8.252  12.569
21.840  15.500  9.287  16.768
21.850  17.000  10.326  21.262
21.860  18.500  11.821  26.182
21.870  20.000  11.983  32.526
21.880  20.000  14.434  39.068
21.890  20.000  15.034  44.972
21.900  20.000  15.723  51.509
21.910  20.000  16.387  58.183
21.920  20.000  16.840  64.656
21.930  20.000  17.044  71.186
21.940  20.000  17.435  77.924
21.950  20.000  17.730  84.866
21.960  20.000  18.423  91.580
21.970  20.000  18.538  97.931
21.980  20.000  18.854  104.215
21.990  20.000  18.942  110.719
22.000  20.000  19.515  117.117
22.010  20.000  20.087  123.500
22.020  20.000  19.781  130.477
22.030  20.000  20.417  137.365
22.040  20.000  20.880  143.479
22.050  20.000  20.816  150.169
22.060  20.000  21.109  157.048
22.070  20.000  21.734  162.899
22.080  20.000  21.116  169.027
22.090  20.000  21.608  175.404
22.100  20.000  21.117  181.270
22.110  20.000  20.791  186.511
22.120  20.000  20.479  191.648
22.130  20.000  20.997  196.808
22.140  20.000  20.729  201.785
22.150  20.000  20.831  206.860
22.160  20.000  21.203  211.789
22.170  20.000  21.868  216.277
22.180  20.000  21.402  220.565
22.190  20.000  21.126  224.939
22.200  20.000  20.733  229.224
22.210  20.000  20.792  233.177
22.220  20.000  20.481  236.871
22.230  20.000  21.092  240.484
22.240  20.000  20.866  243.939
22.250  20.000  20.957  247.467
22.260  20.000  21.416  250.973
22.270  20.000  20.938  254.416
22.280  20.000  21.371  258.025
22.290  20.000  20.224  261.532
22.300  20.000  21.045  264.570
22.310  20.000  20.627  267.172
22.320  20.000  20.814  269.588
22.330  20.000  20.386  271.940
22.340  20.000  20.869  274.046
22.350  20.000  20.078  275.969
22.360  20.000  20.526  277.980
22.370  20.000  20.628  279.965
22.380  20.000  20.332  281.789
22.390  20.000  20.587  283.477
22.400  20.000  20.430  285.032
22.410  20.000  20.713  286.466
22.420  20.000  20.468  287.779
22.430  20.000  20.713  288.969
22.440  20.000  20.438  290.101
22.450  20.000  20.389  291.066
22.460  20.000  20.408  291.849
22.470  20.000  20.068  292.561
22.480  20.000  20.528  293.053
22.490  20.000  20.154  293.403
22.500  20.000  20.360  293.619
22.510  20.000  20.072  293.771
22.520  20.000  20.143  293.913
22.530  20.000  20.106  293.892
22.540  20.000  20.432  293.758
22.550  20.000  20.025  293.557
22.560  20.000  20.002  293.276
22.570  20.000  19.849  293.007
22.580  20.000  20.272  292.708
22.590  20.000  20.040  292.203
22.600  20.000  19.865  291.759
22.610  20.000  19.901  291.514
22.620  20.000  19.768  291.264
22.630  20.000  20.071  290.886
22.640  20.000  19.768  290.468
22.650  20.000  20.201  290.086
22.660  20.000  19.693  289.830
22.670  20.000  19.983  289.665
22.680  20.000  19.867  289.373
22.690  20.000  19.917  289.067
22.700  20.000  19.696  288.858
22.710  20.000  19.889  288.623
22.720  20.000  19.970  288.318
22.730  20.000  20.035  288.145
22.740  20.000  19.828  288.000
22.750  20.000  19.805  287.759
22.760  20.000  19.929  287.648
22.770  20.000  19.696  287.705
22.780  5.000  19.906  287.628
22.790  5.000  19.337  283.555
22.800  5.000  14.819  276.915
22.810  5.000  14.378  271.774
22.820  5.000  14.521  267.033
22.830  5.000  14.476  262.718
22.840  5.000  14.159  258.464
22.850  5.000  13.986  254.120
22.860  5.000  13.795  249.866
22.870  5.000  13.557  245.616
22.880  5.000  13.373  241.418
22.890  5.000  13.265  237.177
22.900  5.000  13.103  232.976
22.910  5.000  12.925  228.798
22.920  5.000  12.653  224.668
22.930  5.000  12.539  220.568
22.940  5.000  12.378  216.497
22.950  5.000  12.142  212.480
22.960  5.000  12.077  208.440
22.970  5.000  11.906  204.490
22.980  5.000  11.740  200.597
22.990  5.000  11.659  196.700
23.000  5.000  11.479  192.906
23.010  5.000  11.389  189.115
23.020  5.000  11.239  185.331
23.030  5.000  11.077  181.607
23.040  5.000  10.951  177.975
23.050  5.000  10.626  174.422
23.060  5.000  10.558  170.824
23.070  5.000  10.463  167.198
23.080  5.000  10.195  163.722
23.090  5.000  9.948  160.468
23.100  5.000  9.838  157.200
23.110  5.000  9.830  153.826
23.120  5.000  9.612  150.476
23.130  5.000  9.485  147.268
23.140  5.000  9.372  144.127
23.150  5.000  9.319  140.928
23.160  5.000  9.272  137.757
23.170  5.000  9.013  134.685
23.180  5.000  8.925  131.595
23.190  5.000  8.798  128.509
23.200  5.000  8.654  125.480
23.210  5.000  8.505  122.479
23.220  5.000  8.423  119.571
23.230  5.000  8.368  116.596
23.240  5.000  8.274  113.659
23.250  5.000  8.141  110.910
23.260  5.000  8.108  108.212
23.270  5.000  8.011  105.487
23.280  5.000  7.902  102.746
23.290  5.000  7.792  100.109
23.300  5.000  7.759  97.478
23.310  5.000  7.657  94.891
23.320  5.000  7.526  92.349
23.330  5.000  7.512  89.739
23.340  5.000  7.427  87.115
23.350  5.000  7.400  84.564
23.360  5.000  7.216  82.043
23.370  5.000  7.022  79.535
23.380  5.000  7.008  77.050
23.390  5.000  6.957  74.676
23.400  5.000  6.753  72.386
23.410  5.000  6.821  70.010
23.420  5.000  6.740  67.673
23.430  5.000  6.679  65.396
23.440  5.000  6.504  63.165
23.450  5.000  6.448  60.958
23.460  5.000  6.310  58.754
23.470  5.000  6.203  56.578
23.480  5.000  6.220  54.472
23.490  5.000  6.090  52.466
23.500  5.000  6.037  50.501
23.510  5.000  6.009  48.483
23.520  5.000  5.916  46.461
23.530  5.000  5.827  44.561
23.540  5.000  5.756  42.648
23.550  5.000  5.728  40.655
23.560  5.000  5.598  38.731
23.570  5.000  5.534  36.897
23.580  5.000  5.518  35.093
23.590  5.000  5.405  33.288
23.600  5.000  5.359  31.511
23.610  5.000  5.323  29.735
23.620  5.000  5.229  27.949
23.630  5.000  5.161  26.223
23.640  5.000  5.085  24.577
23.650  5.000  5.023  22.951
23.660  5.000  5.014  21.273
23.670  5.000  4.995  19.598
23.680  5.000  4.914  17.984
23.690  5.000  4.824  16.451
23.700  5.000  4.800  14.974
23.710  5.000  4.833  13.418
23.720  5.000  4.655  11.877
23.730  5.000  4.617  10.477
23.740  5.000  4.621  9.205
23.750  5.000  4.676  8.055
23.760  5.000  4.716  6.981
23.770  5.000  4.734  6.026
23.780  5.000  4.706  5.173
23.790  5.000  4.789  4.331
23.800  5.000  4.822  3.510
23.810  5.000  4.784  2.849
23.820  5.000  4.753  2.375
23.830  5.000  4.782  1.958
23.840  5.000  4.845  1.563
23.850  5.000  4.793  1.281
23.860  5.000  4.843  1.149
23.870  5.000  4.800  1.121
23.880  5.000  4.926  1.133
23.890  5.000  4.876  1.140
23.900  5.000  4.803  1.184
23.910  5.000  4.769  1.340
23.920  5.000  4.932  1.519
23.930  5.000  4.961  1.801
23.940  5.000  5.020  2.202
23.950  5.000  4.977  2.577
23.960  5.000  4.978  2.918
23.970  5.000  5.102  3.144
23.980  5.000  5.058  3.419
23.990  5.000  5.165  3.753
24.000  5.000  5.107  4.054
24.010  5.000  5.027  4.435
24.020  5.000  5.022  4.884
24.030  5.000  5.105  5.250
24.040  5.000  5.128  5.540
24.050  5.000  5.220  5.893
24.060  5.000  5.201  6.254
24.070  5.000  5.144  6.564
24.080  5.000  5.168  6.870
24.090  5.000  5.161  7.114
24.100  5.000  5.241  7.301
24.110  5.000  5.196  7.441
24.120  5.000  5.254  7.543
24.130  5.000  5.112  7.709
24.140  5.000  5.180  7.846
24.150  5.000  5.141  7.829
24.160  5.000  5.205  7.704
24.170  5.000  5.120  7.565
24.180  5.000  5.106  7.419
24.190  5.000  5.206  7.245
24.200  5.000  5.146  7.093
24.210  5.000  5.163  6.856
24.220  5.000  5.012  6.490
24.230  5.000  5.095  6.062
24.240  5.000  5.090  5.649
24.250  5.000  5.034  5.318
24.260  5.000  4.991  5.003
24.270  5.000  5.059  4.644
24.280  5.000  4.979  4.224
24.290  5.000  4.932  3.755
24.300  5.000  4.927  3.272
24.310  5.000  4.993  2.913
24.320  5.000  4.881  2.577
24.330  5.000  4.946  2.177
24.340  5.000  4.865  1.797
24.350  5.000  4.920  1.362
24.360  5.000  4.899  0.936
24.370  5.000  4.940  0.554
24.380  5.000  4.852  0.206
24.390  5.000  4.815  -0.144
24.400  5.000  4.845  -0.480
24.410  5.000  4.748  -0.724
24.420  5.000  4.810  -0.863
24.430  5.000  4.763  -1.002
24.440  5.000  4.875  -1.186
24.450  5.000  4.913  -1.300
24.460  5.000  4.818  -1.302
24.470  5.000  4.853  -1.197
24.480  5.000  4.855  -1.072
24.490  5.000  4.909  -0.911
24.500  5.000  4.825  -0.699
24.510  5.000  4.831  -0.471
24.520  5.000  4.913  -0.289
24.530  5.000  5.022  -0.109
24.540  5.000  4.982  0.129
24.550  5.000  4.922  0.398
24.560  5.000  4.987  0.682
24.570  5.000  4.977  0.921
24.580  5.000  4.968  1.204
24.590  5.000  5.043  1.560
24.600  5.000  5.028  1.933
24.610  5.000  4.959  2.312
24.620  5.000  5.151  2.557
24.630  5.000  5.104  2.778
24.640  5.000  5.105  3.155
24.650  5.000  5.228  3.509
24.660  5.000  5.147  3.847
24.670  5.000  5.123  4.252
24.680  5.000  5.141  4.590
24.690  5.000  5.274  4.802
24.700  5.000  5.077  4.915
24.710  5.000  5.271  4.963
24.720  5.000  5.154  5.024
24.730  5.000  5.106  5.090
24.740  5.000  5.162  5.155
24.750  5.000  5.296  5.269
24.760  5.000  5.230  5.387
24.770  5.000  5.142  5.340
24.780  5.000  5.046  5.187
24.790  6.500  5.073  4.990
24.800  8.000  5.304  4.754
24.810  9.500  5.494  5.087
24.820  11.000  5.971  6.498
24.830  12.500  7.150  8.867
24.840  14.000  8.221  12.082
24.850  15.500  9.051  16.149
24.860  17.000  10.383  20.608
24.870  18.500  11.609  25.418
24.880  20.000  12.598  30.833
24.890  20.000  14.049  38.080
24.900  20.000  15.299  45.359
24.910  20.000  15.509  52.903
24.920  20.000  16.094  60.838
24.930  20.000  16.391  67.546
24.940  20.000  16.928  74.347
24.950  20.000  17.286  80.850
24.960  20.000  17.667  87.205
24.970  20.000  17.798  93.636
24.980  20.000  18.641  99.710
24.990  20.000  18.792  105.834
25.000  20.000  19.081  112.187
25.010  20.000  19.754  118.413
25.020  20.000  20.008  125.021
25.030  20.000  19.947  131.705
25.040  20.000  20.367  138.194
25.050  20.000  20.478  144.768
25.060  20.000  21.210  151.014
25.070  20.000  20.839  157.417
25.080  20.000  21.316  163.997
25.090  20.000  21.297  170.068
25.100  20.000  21.701  175.805
25.110  20.000  21.170  181.282
25.120  20.000  20.674  186.734
25.130  20.000  20.629  192.025
25.140  20.000  20.917  197.176
25.150  20.000  20.774  202.478
25.160  20.000  20.657  207.695
25.170  20.000  21.244  212.532
25.180  20.000  21.672  217.168
25.190  20.000  21.513  221.756
25.200  20.000  21.142  226.201
25.210  20.000  20.666  230.681
25.220  20.000  20.704  234.875
25.230  20.000  20.900  238.728
25.240  20.000  20.561  242.649
25.250  20.000  20.868  246.493
25.260  20.000  20.865  250.274
25.270  20.000  21.290  253.806
25.280  20.000  21.489  257.238
25.290  20.000  21.209  260.750
25.300  20.000  21.470  263.981
25.310  20.000  20.918  266.897
25.320  20.000  20.565  269.683
25.330  20.000  20.452  272.179
25.340  20.000  20.356  274.282
25.350  20.000  20.840  276.229
25.360  20.000  20.499  278.164
25.370  20.000  20.594  279.910
25.380  20.000  20.014  281.528
25.390  20.000  20.880  283.123
25.400  20.000  20.425  284.607
25.410  20.000  20.698  286.099
25.420  20.000  20.715  287.387
25.430  20.000  20.502  288.587
25.440  20.000  20.341  289.775
25.450  20.000  20.502  290.753
25.460  20.000  20.328  291.457
25.470  20.000  20.294  292.121
25.480  20.000  20.093  292.875
25.490  20.000  20.237  293.354
25.500  20.000  20.229  293.664
25.510  20.000  20.396  293.995
25.520  20.000  19.982  294.334
25.530  20.000  20.299  294.460
25.540  20.000  20.185  294.445
25.550  20.000  20.310  294.432
25.560  20.000  20.058  294.260
25.570  20.000  20.297  293.902
25.580  20.000  19.887  293.498
25.590  20.000  20.212  293.158
25.600  20.000  19.828  292.844
25.610  20.000  20.017  292.551
25.620  20.000  19.885  292.142
25.630  20.000  19.904  291.718
25.640  20.000  19.923  291.231
25.650  20.000  20.016  290.663
25.660  20.000  19.975  290.237
25.670  20.000  19.691  289.888
25.680  20.000  19.978  289.473
25.690  20.000  19.958  289.112
25.700  20.000  19.970  288.754
25.710  20.000  19.820  288.287
25.720  20.000  19.787  287.940
25.730  20.000  19.885  287.717
25.740  20.000  19.894  287.570
25.750  20.000  19.956  287.347
25.760  20.000  19.784  286.997
25.770  20.000  19.805  286.815
25.780  20.000  19.856  286.709
25.790  5.000  19.862  286.566
25.800  5.000  19.352  282.173
25.810  5.000  14.891  275.007
25.820  5.000  14.343  269.851
25.830  5.000  14.543  265.261
25.840  5.000  14.468  260.960
25.850  5.000  14.148  256.583
25.860  5.000  14.031  252.100
25.870  5.000  13.855  247.766
25.880  5.000  13.685  243.365
25.890  5.000  13.462  239.054
25.900  5.000  13.214  234.856
25.910  5.000  13.158  230.663
25.920  5.000  12.840  226.481
25.930  5.000  12.740  222.343
25.940  5.000  12.584  218.209
25.950  5.000  12.371  214.143
25.960  5.000  12.126  210.101
25.970  5.000  11.926  206.148
25.980  5.000  11.798  202.304
25.990  5.000  11.684  198.353
26.000  5.000  11.666  194.401
26.010  5.000  11.465  190.582
26.020  5.000  11.267  186.801
26.030  5.000  11.204  183.051
26.040  5.000  10.999  179.359
26.050  5.000  10.876  175.723
26.060  5.000  10.773  172.087
26.070  5.000  10.635  168.407
26.080  5.000  10.486  164.796
26.090  5.000  10.374  161.299
26.100  5.000  10.212  157.784
26.110  5.000  10.089  154.286
26.120  5.000  9.982  150.849
26.130  5.000  9.820  147.458
26.140  5.000  9.673  144.140
26.150  5.000  9.603  140.865
26.160  5.000  9.500  137.643
26.170  5.000  9.386  134.419
26.180  5.000  9.209  131.246
26.190  5.000  9.112  128.084
26.200  5.000  8.990  124.920
26.210  5.000  8.951  121.830
26.220  5.000  8.793  118.796
26.230  5.000  8.723  115.795
26.240  5.000  8.593  112.843
26.250  5.000  8.425  109.932
26.260  5.000  8.323  107.078
26.270  5.000  8.220  104.315
26.280  5.000  8.113  101.530
26.290  5.000  7.969  98.737
26.300  5.000  7.833  95.976
26.310  5.000  7.729  93.304
26.320  5.000  7.652  90.693
26.330  5.000  7.511  88.027
26.340  5.000  7.481  85.390
26.350  5.000  7.357  82.776
26.360  5.000  7.207  80.202
26.370  5.000  7.137  77.710
26.380  5.000  7.022  75.221
26.390  5.000  6.966  72.789
26.400  5.000  6.886  70.439
26.410  5.000  6.755  68.109
26.420  5.000  6.708  65.820
26.430  5.000  6.635  63.541
26.440  5.000  6.565  61.256
26.450  5.000  6.432  58.969
26.460  5.000  6.408  56.701
26.470  5.000  6.287  54.482
26.480  5.000  6.261  52.292
26.490  5.000  6.124  50.135
26.500  5.000  6.091  48.026
26.510  5.000  5.993  45.952
26.520  5.000  5.936  43.873
26.530  5.000  5.921  41.799
26.540  5.000  5.811  39.770
26.550  5.000  5.788  37.776
26.560  5.000  5.657  35.812
26.570  5.000  5.580  33.912
26.580  5.000  5.518  32.056
26.590  5.000  5.419  30.218
26.600  5.000  5.420  28.353
26.610  5.000  5.354  26.484
26.620  5.000  5.272  24.725
26.630  5.000  5.207  23.020
26.640  5.000  5.152  21.305
