# covent_pc_4
# Captured 2020-06-21 02:44:10.867377 by unknown user
# Built at revision ace2394 (dirty)
time(sec)  pc_setpoint  pressure  volume
0.000  10.000  13.959  219.384
0.010  10.000  13.660  213.420
0.020  10.000  13.492  207.530
0.030  10.000  13.275  201.524
0.040  10.000  13.268  195.598
0.050  10.000  12.958  189.947
0.060  10.000  12.773  184.226
0.070  10.000  12.619  178.446
0.080  10.000  12.384  172.811
0.090  10.000  12.288  167.254
0.100  10.000  11.975  161.637
0.110  10.000  11.807  156.201
0.120  10.000  11.606  150.956
0.130  10.000  11.413  145.391
0.140  10.000  11.259  139.683
0.150  10.000  10.941  134.421
0.160  10.000  10.778  129.154
0.170  10.000  10.743  123.877
0.180  10.000  10.385  118.879
0.190  10.000  10.243  113.969
0.200  10.000  10.088  108.710
0.210  10.000  10.041  103.541
0.220  10.000  9.732  98.703
0.230  10.000  9.592  94.021
0.240  10.000  9.389  89.245
0.250  10.000  9.408  84.405
0.260  10.000  9.387  79.981
0.270  10.000  9.446  75.746
0.280  10.000  9.455  71.690
0.290  10.000  9.593  67.883
0.300  10.000  9.505  64.117
0.310  10.000  9.820  60.210
0.320  10.000  9.679  56.574
0.330  10.000  9.809  53.243
0.340  10.000  9.583  49.953
0.350  10.000  9.762  46.835
0.360  10.000  9.860  43.848
0.370  10.000  9.841  40.973
0.380  10.000  9.812  38.227
0.390  10.000  9.905  35.557
0.400  10.000  9.826  32.961
0.410  10.000  9.936  30.443
0.420  10.000  9.957  28.010
0.430  10.000  9.857  25.610
0.440  10.000  9.845  23.152
0.450  10.000  9.907  20.769
0.460  10.000  9.755  18.566
0.470  10.000  9.737  16.436
0.480  10.000  9.809  14.396
0.490  10.000  9.863  12.425
0.500  10.000  9.721  10.544
0.510  10.000  9.713  8.705
0.520  10.000  9.776  6.953
0.530  10.000  9.828  5.358
0.540  10.000  9.859  3.791
0.550  10.000  9.724  2.318
0.560  10.000  9.784  0.993
0.570  10.000  9.760  -0.228
0.580  10.000  9.981  -1.385
0.590  10.000  9.847  -2.484
0.600  10.000  9.839  -3.520
0.610  10.000  9.760  -4.507
0.620  10.000  9.845  -5.389
0.630  10.000  9.970  -6.187
0.640  10.000  9.918  -6.924
0.650  10.000  9.832  -7.573
0.660  10.000  9.772  -8.116
0.670  10.000  9.851  -8.561
0.680  10.000  9.847  -8.928
0.690  10.000  9.982  -9.254
0.700  10.000  9.892  -9.416
0.710  10.000  9.829  -9.516
0.720  10.000  9.949  -9.673
0.730  10.000  9.957  -9.845
0.740  10.000  10.027  -9.952
0.750  10.000  9.818  -9.877
0.760  10.000  9.861  -9.785
0.770  10.000  9.919  -9.690
0.780  10.000  10.140  -9.547
0.790  10.000  10.048  -9.345
0.800  10.000  9.800  -9.079
0.810  10.000  9.931  -8.919
0.820  10.000  10.089  -8.773
0.830  10.000  10.148  -8.621
0.840  10.000  9.943  -8.435
0.850  10.000  10.134  -8.174
0.860  10.000  10.136  -8.010
0.870  10.000  10.244  -7.903
0.880  10.000  10.061  -7.714
0.890  10.000  10.125  -7.588
0.900  10.000  10.201  -7.528
0.910  10.000  10.157  -7.430
0.920  10.000  9.997  -7.274
0.930  10.000  10.093  -7.067
0.940  10.000  10.241  -6.961
0.950  10.000  10.305  -6.983
0.960  10.000  10.044  -7.025
0.970  10.000  10.115  -7.007
0.980  10.000  10.256  -6.927
0.990  10.000  10.150  -6.814
1.000  10.000  10.068  -6.696
1.010  10.000  10.215  -6.670
1.020  10.000  10.102  -6.698
1.030  10.000  10.326  -6.764
1.040  10.000  10.206  -6.920
1.050  10.000  10.041  -7.013
1.060  10.000  10.030  -7.074
1.070  10.000  9.963  -7.239
1.080  10.000  10.258  -7.531
1.090  10.000  10.048  -7.859
1.100  10.000  10.089  -8.102
1.110  10.000  9.994  -8.340
1.120  10.000  10.097  -8.677
1.130  10.000  10.032  -8.998
1.140  10.000  10.163  -9.322
1.150  10.000  9.963  -9.684
1.160  10.000  9.990  -10.010
1.170  10.000  9.744  -10.336
1.180  10.000  9.985  -10.732
1.190  10.000  9.967  -11.129
1.200  10.000  10.006  -11.503
1.210  10.000  9.899  -11.934
1.220  10.000  9.917  -12.395
1.230  10.000  9.912  -12.727
1.240  10.000  9.796  -13.036
1.250  10.000  9.804  -13.489
1.260  10.000  9.955  -13.879
1.270  10.000  9.876  -14.217
1.280  10.000  9.783  -14.593
1.290  10.000  9.695  -14.890
1.300  10.000  9.764  -15.107
1.310  10.000  9.777  -15.315
1.320  10.000  9.712  -15.548
1.330  10.000  9.930  -15.758
1.340  10.000  9.975  -15.966
1.350  10.000  9.899  -16.115
1.360  10.000  9.784  -16.202
1.370  10.000  9.736  -16.170
1.380  10.000  9.970  -15.963
1.390  10.000  9.983  -15.761
1.400  10.000  9.960  -15.551
1.410  10.000  10.012  -15.247
1.420  10.000  9.873  -14.903
1.430  10.000  9.883  -14.630
1.440  10.000  9.934  -14.401
1.450  10.000  10.185  -14.175
1.460  10.000  9.989  -13.877
1.470  10.000  10.079  -13.579
1.480  10.000  10.017  -13.333
1.490  10.000  9.972  -13.003
1.500  10.000  10.119  -12.722
1.510  10.000  10.096  -12.375
1.520  10.000  10.135  -11.998
1.530  10.000  10.019  -11.706
1.540  10.000  10.192  -11.418
1.550  10.000  10.127  -11.170
1.560  10.000  10.253  -10.974
1.570  10.000  10.222  -10.812
1.580  10.000  10.227  -10.607
1.590  10.000  10.201  -10.468
1.600  10.000  10.274  -10.326
1.610  10.000  10.385  -10.267
1.620  10.000  10.274  -10.244
1.630  10.000  10.094  -10.089
1.640  10.000  10.131  -10.048
1.650  12.500  10.189  -10.117
1.660  15.000  10.225  -10.055
1.670  17.500  10.761  -9.145
1.680  20.000  12.310  -7.100
1.690  22.500  14.259  -4.064
1.700  25.000  14.831  0.053
1.710  27.500  16.020  4.959
1.720  30.000  17.868  10.399
1.730  32.500  18.582  16.532
1.740  35.000  19.795  22.842
1.750  35.000  20.132  29.282
1.760  35.000  20.808  35.544
1.770  35.000  20.705  41.756
1.780  35.000  20.890  48.533
1.790  35.000  21.658  55.133
1.800  35.000  21.953  61.299
1.810  35.000  22.158  67.514
1.820  35.000  22.736  73.986
1.830  35.000  23.038  80.312
1.840  35.000  23.661  86.641
1.850  35.000  23.577  93.091
1.860  35.000  23.829  99.490
1.870  35.000  23.953  106.042
1.880  35.000  24.622  112.196
1.890  35.000  24.582  118.244
1.900  35.000  25.379  124.186
1.910  35.000  25.417  130.106
1.920  35.000  25.907  136.200
1.930  35.000  26.128  142.216
1.940  35.000  26.403  148.307
1.950  35.000  26.777  154.281
1.960  35.000  27.212  160.379
1.970  35.000  27.298  166.455
1.980  35.000  27.622  172.538
1.990  35.000  27.756  178.752
2.000  35.000  28.350  184.953
2.010  35.000  28.866  190.896
2.020  35.000  28.956  196.829
2.030  35.000  28.970  203.326
2.040  35.000  29.705  209.338
2.050  35.000  29.895  214.753
2.060  35.000  30.318  220.534
2.070  35.000  30.434  226.538
2.080  35.000  30.556  232.489
2.090  35.000  30.814  238.215
2.100  35.000  31.389  244.043
2.110  35.000  31.556  250.103
2.120  35.000  31.773  256.060
2.130  35.000  32.174  261.849
2.140  35.000  32.132  267.807
2.150  35.000  32.693  273.835
2.160  35.000  32.806  279.574
2.170  35.000  33.271  285.503
2.180  35.000  33.397  291.896
2.190  35.000  33.853  298.170
2.200  35.000  34.117  303.969
2.210  35.000  33.876  309.919
2.220  35.000  34.905  315.717
2.230  35.000  34.434  321.273
2.240  35.000  35.471  327.055
2.250  35.000  34.903  333.031
2.260  35.000  35.542  338.705
2.270  35.000  35.829  344.025
2.280  35.000  35.871  349.621
2.290  35.000  35.773  355.211
2.300  35.000  36.050  361.016
2.310  35.000  36.096  366.901
2.320  35.000  36.784  372.401
2.330  35.000  35.560  377.274
2.340  35.000  35.487  381.545
2.350  35.000  35.407  385.612
2.360  35.000  35.066  390.022
2.370  35.000  35.492  394.332
2.380  35.000  35.489  398.327
2.390  35.000  35.478  402.368
2.400  35.000  35.892  406.133
2.410  35.000  36.303  409.876
2.420  35.000  36.211  413.807
2.430  35.000  36.185  417.634
2.440  35.000  35.863  421.439
2.450  35.000  35.931  424.978
2.460  35.000  35.577  428.204
2.470  35.000  35.681  431.263
2.480  35.000  35.397  433.988
2.490  35.000  35.591  436.668
2.500  35.000  35.031  439.535
2.510  35.000  35.512  442.379
2.520  35.000  35.751  444.731
2.530  35.000  35.556  446.954
2.540  35.000  35.650  449.200
2.550  35.000  35.476  451.283
2.560  35.000  36.063  453.133
2.570  35.000  36.085  454.962
2.580  35.000  35.886  456.911
2.590  35.000  35.513  458.514
2.600  35.000  35.254  459.960
2.610  35.000  35.450  461.422
2.620  35.000  35.182  462.695
2.630  35.000  35.248  463.669
2.640  35.000  35.123  464.784
2.650  10.000  35.281  465.881
2.660  10.000  34.735  463.913
2.670  10.000  29.017  455.335
2.680  10.000  22.860  446.344
2.690  10.000  23.545  438.329
2.700  10.000  22.252  429.488
2.710  10.000  21.678  422.044
2.720  10.000  20.978  414.546
2.730  10.000  20.812  407.268
2.740  10.000  20.593  399.927
2.750  10.000  20.337  392.572
2.760  10.000  19.957  385.469
2.770  10.000  19.597  378.357
2.780  10.000  19.294  371.276
2.790  10.000  18.999  364.258
2.800  10.000  18.624  357.150
2.810  10.000  18.373  349.555
2.820  10.000  17.964  342.311
2.830  10.000  17.704  335.685
2.840  10.000  17.382  328.848
2.850  10.000  17.270  322.111
2.860  10.000  16.999  315.515
2.870  10.000  16.608  309.001
2.880  10.000  16.521  302.433
2.890  10.000  16.194  295.938
2.900  10.000  16.043  289.454
2.910  10.000  15.846  283.192
2.920  10.000  15.647  277.112
2.930  10.000  15.489  270.571
2.940  10.000  15.206  264.175
2.950  10.000  15.078  258.033
2.960  10.000  14.953  251.932
2.970  10.000  14.842  245.774
2.980  10.000  14.654  239.217
2.990  10.000  14.450  232.859
3.000  10.000  14.047  226.780
3.010  10.000  13.871  220.853
3.020  10.000  13.604  214.629
3.030  10.000  13.362  208.593
3.040  10.000  13.217  202.450
3.050  10.000  13.105  196.324
3.060  10.000  12.869  190.335
3.070  10.000  12.637  184.263
3.080  10.000  12.483  178.771
3.090  10.000  12.337  173.367
3.100  10.000  12.200  167.396
3.110  10.000  12.057  161.530
3.120  10.000  11.817  155.824
3.130  10.000  11.695  150.048
3.140  10.000  11.484  144.953
3.150  10.000  11.357  139.248
3.160  10.000  11.220  133.435
3.170  10.000  11.037  128.512
3.180  10.000  10.911  123.243
3.190  10.000  10.712  117.815
3.200  10.000  10.568  112.794
3.210  10.000  10.371  107.828
3.220  10.000  10.229  102.951
3.230  10.000  10.169  97.933
3.240  10.000  9.974  93.019
3.250  10.000  9.815  88.292
3.260  10.000  9.666  83.537
3.270  10.000  9.556  78.850
3.280  10.000  9.360  74.302
3.290  10.000  9.247  70.066
3.300  10.000  9.184  66.112
3.310  10.000  9.425  62.317
3.320  10.000  9.505  58.666
3.330  10.000  9.676  55.076
3.340  10.000  9.731  51.529
3.350  10.000  9.769  48.147
3.360  10.000  9.739  44.911
3.370  10.000  9.801  41.779
3.380  10.000  9.885  38.781
3.390  10.000  9.799  35.871
3.400  10.000  9.810  33.082
3.410  10.000  9.784  30.396
3.420  10.000  9.810  27.795
3.430  10.000  9.810  25.302
3.440  10.000  9.790  22.868
3.450  10.000  9.856  20.500
3.460  10.000  9.843  18.290
3.470  10.000  9.735  16.220
3.480  10.000  9.657  14.273
3.490  10.000  9.686  12.426
3.500  10.000  9.640  10.625
3.510  10.000  9.734  8.961
3.520  10.000  9.721  7.464
3.530  10.000  9.805  6.049
3.540  10.000  9.729  4.740
3.550  10.000  9.766  3.539
3.560  10.000  9.842  2.367
3.570  10.000  9.808  1.321
3.580  10.000  9.845  0.427
3.590  10.000  9.952  -0.421
3.600  10.000  9.891  -1.184
3.610  10.000  9.829  -1.862
3.620  10.000  9.795  -2.491
3.630  10.000  9.867  -3.076
3.640  10.000  9.905  -3.553
3.650  10.000  9.874  -3.895
3.660  10.000  9.837  -4.249
3.670  10.000  9.921  -4.659
3.680  10.000  9.924  -4.977
3.690  10.000  9.918  -5.120
3.700  10.000  9.920  -5.259
3.710  10.000  9.941  -5.420
3.720  10.000  9.930  -5.528
3.730  10.000  9.925  -5.585
3.740  10.000  9.836  -5.480
3.750  10.000  9.891  -5.317
3.760  10.000  9.899  -5.066
3.770  10.000  10.105  -4.773
3.780  10.000  9.964  -4.482
3.790  10.000  9.784  -4.080
3.800  10.000  10.088  -3.724
3.810  10.000  10.148  -3.491
3.820  10.000  10.115  -3.242
3.830  10.000  10.057  -2.924
3.840  10.000  10.001  -2.585
3.850  10.000  9.917  -2.217
3.860  10.000  10.127  -1.858
3.870  10.000  10.247  -1.533
3.880  10.000  10.172  -1.220
3.890  10.000  10.212  -0.911
3.900  10.000  10.166  -0.528
3.910  10.000  10.111  -0.109
3.920  10.000  10.198  0.227
3.930  10.000  10.166  0.484
3.940  10.000  10.136  0.613
3.950  10.000  10.251  0.739
3.960  10.000  10.018  0.983
3.970  10.000  10.214  1.141
3.980  10.000  10.282  1.213
3.990  10.000  10.287  1.337
4.000  10.000  10.052  1.378
4.010  10.000  10.173  1.378
4.020  10.000  10.128  1.315
4.030  10.000  10.182  1.158
4.040  10.000  10.247  1.109
4.050  10.000  10.089  1.029
4.060  10.000  10.028  0.800
4.070  10.000  10.102  0.493
4.080  10.000  10.037  0.185
4.090  10.000  10.122  -0.082
4.100  10.000  9.957  -0.319
4.110  10.000  10.055  -0.623
4.120  10.000  10.009  -0.999
4.130  10.000  10.115  -1.342
4.140  10.000  10.021  -1.669
4.150  10.000  9.999  -1.961
4.160  10.000  9.975  -2.323
4.170  10.000  10.015  -2.728
4.180  10.000  9.949  -3.145
4.190  10.000  9.953  -3.552
4.200  10.000  10.004  -3.945
4.210  10.000  9.819  -4.289
4.220  10.000  9.734  -4.504
4.230  10.000  9.796  -4.765
4.240  10.000  9.834  -5.061
4.250  10.000  9.797  -5.329
4.260  10.000  9.802  -5.646
4.270  10.000  9.847  -5.939
4.280  10.000  9.794  -6.216
4.290  10.000  9.852  -6.542
4.300  10.000  9.757  -6.816
4.310  10.000  9.857  -7.047
4.320  10.000  9.812  -7.205
4.330  10.000  9.719  -7.196
4.340  10.000  9.913  -7.134
4.350  10.000  9.827  -7.012
4.360  10.000  9.924  -6.821
4.370  10.000  9.902  -6.673
4.380  10.000  9.948  -6.519
4.390  10.000  9.830  -6.314
4.400  10.000  10.021  -6.069
4.410  10.000  9.952  -5.856
4.420  10.000  9.854  -5.560
4.430  10.000  9.829  -5.122
4.440  10.000  10.035  -4.606
4.450  10.000  10.126  -4.172
4.460  10.000  10.215  -3.799
4.470  10.000  9.978  -3.331
4.480  10.000  9.944  -2.799
4.490  10.000  10.102  -2.335
4.500  10.000  10.057  -1.943
4.510  10.000  10.169  -1.519
4.520  10.000  10.210  -1.135
4.530  10.000  10.062  -0.791
4.540  10.000  10.213  -0.385
4.550  10.000  10.122  0.005
4.560  10.000  10.170  0.344
4.570  10.000  10.292  0.670
4.580  10.000  10.142  0.943
4.590  10.000  10.207  1.275
4.600  10.000  10.094  1.626
4.610  10.000  10.172  1.946
4.620  10.000  10.193  2.241
4.630  10.000  10.331  2.446
4.640  10.000  10.329  2.511
4.650  10.000  10.267  2.523
4.660  12.499  10.130  2.561
4.670  15.000  10.287  2.549
4.680  17.499  10.910  3.182
4.690  19.999  12.398  5.004
4.700  22.499  14.159  7.934
4.710  24.999  14.632  12.106
4.720  27.499  16.076  17.120
4.730  29.999  17.858  22.562
4.740  32.499  19.038  28.712
4.750  34.999  19.390  35.469
4.760  35.000  20.072  42.120
4.770  35.000  20.556  48.328
4.780  35.000  20.809  54.335
4.790  35.000  21.453  60.396
4.800  35.000  21.550  66.525
4.810  35.000  22.158  72.814
4.820  35.000  22.028  79.602
4.830  35.000  22.312  86.348
4.840  35.000  23.353  92.388
4.850  35.000  23.354  98.414
4.860  35.000  23.545  104.605
4.870  35.000  23.835  110.744
4.880  35.000  24.032  116.954
4.890  35.000  24.132  123.176
4.900  35.000  24.595  129.561
4.910  35.000  25.097  135.923
4.920  35.000  25.287  142.448
4.930  35.000  25.815  148.854
4.940  35.000  26.226  154.843
4.950  35.000  26.286  160.850
4.960  35.000  26.249  167.125
4.970  35.000  26.608  173.526
4.980  35.000  26.758  180.108
4.990  35.000  27.803  186.269
5.000  35.000  27.510  192.299
5.010  35.000  28.020  198.640
5.020  35.000  28.114  204.925
5.030  35.000  28.487  211.042
5.040  35.000  28.642  217.011
5.050  35.000  29.412  223.008
5.060  35.000  29.444  228.939
5.070  35.000  29.960  235.123
5.080  35.000  30.109  241.132
5.090  35.000  30.468  246.964
5.100  35.000  30.914  252.635
5.110  35.000  31.517  258.098
5.120  35.000  31.444  263.703
5.130  35.000  31.944  269.432
5.140  35.000  32.062  275.336
5.150  35.000  32.552  280.925
5.160  35.000  32.707  286.373
5.170  35.000  32.830  292.247
5.180  35.000  32.901  298.113
5.190  35.000  33.289  303.952
5.200  35.000  33.644  309.927
5.210  35.000  34.159  315.831
5.220  35.000  34.383  321.412
5.230  35.000  34.551  327.510
5.240  35.000  34.865  333.566
5.250  35.000  35.182  338.894
5.260  35.000  35.373  344.541
5.270  35.000  35.605  350.386
5.280  35.000  35.691  355.718
5.290  35.000  35.410  361.022
5.300  35.000  35.756  366.629
5.310  35.000  36.059  372.238
5.320  35.000  35.927  377.784
5.330  35.000  36.652  383.169
5.340  35.000  36.049  388.254
5.350  35.000  35.677  392.804
5.360  35.000  35.636  397.050
5.370  35.000  34.884  401.107
5.380  35.000  35.368  404.894
5.390  35.000  35.009  408.743
5.400  35.000  35.724  412.649
5.410  35.000  35.834  416.418
5.420  35.000  36.021  420.105
5.430  35.000  35.938  423.762
5.440  35.000  36.127  427.527
5.450  35.000  36.176  431.143
5.460  35.000  36.333  434.466
5.470  35.000  35.201  437.913
5.480  35.000  36.332  440.770
5.490  35.000  35.460  443.197
5.500  35.000  35.397  445.898
5.510  35.000  35.487  448.477
5.520  35.000  35.135  450.979
5.530  35.000  35.062  453.422
5.540  35.000  35.646  455.769
5.550  35.000  35.260  458.143
5.560  35.000  35.633  460.395
5.570  35.000  35.707  462.515
5.580  35.000  35.194  464.581
5.590  35.000  36.093  466.423
5.600  35.000  36.181  468.301
5.610  35.000  35.637  470.226
5.620  35.000  35.579  471.981
5.630  35.000  35.626  473.396
5.640  35.000  35.167  474.637
5.650  35.000  35.263  475.815
5.660  10.000  35.308  476.946
5.670  10.000  34.425  475.225
5.680  10.000  29.197  466.552
5.690  10.000  23.147  457.341
5.700  10.000  23.740  449.180
5.710  10.000  22.318  440.250
5.720  10.000  21.798  433.022
5.730  10.000  21.283  425.449
5.740  10.000  20.984  417.806
5.750  10.000  20.698  410.499
5.760  10.000  20.348  403.198
5.770  10.000  19.906  396.010
5.780  10.000  19.456  388.918
5.790  10.000  19.097  381.857
5.800  10.000  18.723  374.762
5.810  10.000  18.424  367.728
5.820  10.000  17.876  360.705
5.830  10.000  17.714  353.843
5.840  10.000  17.461  347.056
5.850  10.000  17.298  340.182
5.860  10.000  17.052  333.555
5.870  10.000  16.806  326.875
5.880  10.000  16.645  320.133
5.890  10.000  16.347  313.745
5.900  10.000  16.125  307.370
5.910  10.000  16.051  300.313
5.920  10.000  15.800  293.366
5.930  10.000  15.509  287.148
5.940  10.000  15.515  280.693
5.950  10.000  15.160  274.070
5.960  10.000  14.916  267.867
5.970  10.000  14.724  261.680
5.980  10.000  14.420  255.452
5.990  10.000  14.313  249.464
6.000  10.000  14.093  242.947
6.010  10.000  13.869  236.360
6.020  10.000  13.786  230.457
6.030  10.000  13.504  224.723
6.040  10.000  13.462  219.006
6.050  10.000  13.208  213.346
6.060  10.000  12.867  207.598
6.070  10.000  12.921  201.858
6.080  10.000  12.579  196.070
6.090  10.000  12.250  190.465
6.100  10.000  12.182  185.074
6.110  10.000  11.927  179.705
6.120  10.000  11.949  174.549
6.130  10.000  11.570  169.085
6.140  10.000  11.397  163.790
6.150  10.000  11.314  158.699
6.160  10.000  11.136  153.468
6.170  10.000  10.913  148.391
6.180  10.000  10.861  143.443
6.190  10.000  10.674  138.462
6.200  10.000  10.456  133.445
6.210  10.000  10.409  128.387
6.220  10.000  10.230  123.179
6.230  10.000  10.030  118.226
6.240  10.000  9.969  113.385
6.250  10.000  9.702  108.379
6.260  10.000  9.553  103.569
6.270  10.000  9.552  98.877
6.280  10.000  9.468  94.107
6.290  10.000  9.355  89.546
6.300  10.000  9.343  85.395
6.310  10.000  9.307  81.555
6.320  10.000  9.524  77.897
6.330  10.000  9.592  74.340
6.340  10.000  9.780  70.809
6.350  10.000  9.728  67.426
6.360  10.000  9.886  64.094
6.370  10.000  9.784  60.829
6.380  10.000  9.942  57.756
6.390  10.000  9.817  54.753
6.400  10.000  9.867  51.762
6.410  10.000  9.776  48.874
6.420  10.000  9.704  46.181
6.430  10.000  9.746  43.637
6.440  10.000  9.792  41.194
6.450  10.000  9.869  38.822
6.460  10.000  9.786  36.485
6.470  10.000  9.858  34.187
6.480  10.000  9.814  32.009
6.490  10.000  9.823  29.933
6.500  10.000  9.784  27.986
6.510  10.000  9.835  26.146
6.520  10.000  9.738  24.351
6.530  10.000  9.841  22.604
6.540  10.000  9.816  20.933
6.550  10.000  9.815  19.439
6.560  10.000  9.742  18.064
6.570  10.000  9.872  16.719
6.580  10.000  9.856  15.363
6.590  10.000  9.898  13.978
6.600  10.000  9.785  12.741
6.610  10.000  9.745  11.700
6.620  10.000  9.691  10.771
6.630  10.000  9.879  9.950
6.640  10.000  9.941  9.139
6.650  10.000  9.849  8.394
6.660  10.000  9.817  7.711
6.670  10.000  9.895  7.062
6.680  10.000  9.964  6.561
6.690  10.000  9.930  6.173
6.700  10.000  9.832  5.814
6.710  10.000  9.830  5.417
6.720  10.000  9.839  5.082
6.730  10.000  10.025  4.859
6.740  10.000  9.947  4.676
6.750  10.000  9.972  4.515
6.760  10.000  9.883  4.457
6.770  10.000  9.913  4.411
6.780  10.000  9.941  4.371
6.790  10.000  9.935  4.492
6.800  10.000  9.968  4.699
6.810  10.000  9.914  4.950
6.820  10.000  10.030  5.087
6.830  10.000  9.964  5.202
6.840  10.000  10.084  5.361
6.850  10.000  10.122  5.530
6.860  10.000  10.179  5.811
6.870  10.000  10.035  6.134
6.880  10.000  10.116  6.474
6.890  10.000  9.984  6.761
6.900  10.000  10.150  6.948
6.910  10.000  10.078  7.067
6.920  10.000  10.136  7.106
6.930  10.000  10.149  7.256
6.940  10.000  10.129  7.462
6.950  10.000  10.140  7.560
6.960  10.000  10.149  7.604
6.970  10.000  10.243  7.702
6.980  10.000  10.188  7.817
6.990  10.000  10.207  7.898
7.000  10.000  10.157  7.999
7.010  10.000  10.221  8.007
7.020  10.000  10.184  7.965
7.030  10.000  10.008  8.044
7.040  10.000  10.201  8.117
7.050  10.000  10.030  7.955
7.060  10.000  10.108  7.689
7.070  10.000  10.049  7.456
7.080  10.000  10.131  7.280
7.090  10.000  10.000  7.089
7.100  10.000  10.187  6.910
7.110  10.000  10.024  6.762
7.120  10.000  10.150  6.538
7.130  10.000  9.973  6.290
7.140  10.000  10.001  6.073
7.150  10.000  9.861  5.834
7.160  10.000  10.067  5.559
7.170  10.000  10.040  5.338
7.180  10.000  9.998  5.085
7.190  10.000  9.936  4.755
7.200  10.000  9.970  4.426
7.210  10.000  9.867  4.210
7.220  10.000  9.974  4.010
7.230  10.000  9.875  3.763
7.240  10.000  9.940  3.518
7.250  10.000  9.892  3.305
7.260  10.000  9.841  3.150
7.270  10.000  9.901  2.981
7.280  10.000  9.901  2.794
7.290  10.000  9.924  2.588
7.300  10.000  9.913  2.404
7.310  10.000  9.762  2.187
7.320  10.000  9.871  2.010
7.330  10.000  9.768  1.863
7.340  10.000  9.896  1.710
7.350  10.000  9.905  1.676
7.360  10.000  9.821  1.729
7.370  10.000  9.890  1.696
7.380  10.000  9.930  1.593
7.390  10.000  9.974  1.519
7.400  10.000  9.809  1.448
7.410  10.000  9.912  1.451
7.420  10.000  10.074  1.538
7.430  10.000  9.835  1.710
7.440  10.000  10.002  1.961
7.450  10.000  9.809  2.233
7.460  10.000  9.895  2.479
7.470  10.000  9.910  2.730
7.480  10.000  10.031  3.028
7.490  10.000  9.980  3.368
7.500  10.000  10.155  3.743
7.510  10.000  9.989  4.184
7.520  10.000  10.111  4.543
7.530  10.000  10.053  4.829
7.540  10.000  10.031  5.159
7.550  10.000  10.152  5.423
7.560  10.000  10.129  5.616
7.570  10.000  10.006  5.907
7.580  10.000  10.269  6.263
7.590  10.000  10.211  6.538
7.600  10.000  10.277  6.780
7.610  10.000  10.022  6.942
7.620  10.000  10.178  7.115
7.630  10.000  10.162  7.321
7.640  10.000  10.267  7.446
7.650  10.000  10.247  7.625
7.660  10.000  10.254  7.875
7.670  12.500  10.290  7.988
7.680  15.000  10.187  8.162
7.690  17.500  10.802  9.074
7.700  20.000  12.354  11.149
7.710  22.500  14.020  14.434
7.720  25.000  15.061  18.531
7.730  27.500  16.299  23.226
7.740  30.000  17.997  28.629
7.750  32.500  18.723  34.692
7.760  35.000  19.967  41.127
7.770  35.000  20.159  47.692
7.780  35.000  21.360  53.739
7.790  35.000  20.950  59.515
7.800  35.000  21.250  66.043
7.810  35.000  21.731  72.376
7.820  35.000  22.091  78.312
7.830  35.000  21.956  84.500
7.840  35.000  22.621  90.858
7.850  35.000  22.637  97.309
7.860  35.000  23.538  103.550
7.870  35.000  23.506  109.757
7.880  35.000  23.948  115.950
7.890  35.000  24.141  122.155
7.900  35.000  24.780  128.366
7.910  35.000  25.018  134.348
7.920  35.000  24.852  140.489
7.930  35.000  25.861  146.567
7.940  35.000  25.569  152.696
7.950  35.000  26.254  158.951
7.960  35.000  26.303  165.196
7.970  35.000  26.923  171.396
7.980  35.000  27.449  177.540
7.990  35.000  27.739  183.581
8.000  35.000  27.875  189.391
8.010  35.000  27.789  195.561
8.020  35.000  28.217  201.918
8.030  35.000  28.174  208.050
8.040  35.000  28.828  214.050
8.050  35.000  29.396  219.580
8.060  35.000  29.526  225.379
8.070  35.000  30.005  231.297
8.080  35.000  29.911  237.190
8.090  35.000  30.671  243.103
8.100  35.000  30.761  248.666
8.110  35.000  31.169  254.513
8.120  35.000  31.335  260.384
8.130  35.000  31.609  266.018
8.140  35.000  32.232  271.485
8.150  35.000  31.563  277.444
8.160  35.000  32.035  283.601
8.170  35.000  32.671  289.431
8.180  35.000  33.086  295.352
8.190  35.000  32.913  301.617
8.200  35.000  33.496  307.705
8.210  35.000  33.535  313.758
8.220  35.000  34.474  319.676
8.230  35.000  34.360  325.357
8.240  35.000  34.819  331.197
8.250  35.000  35.112  336.744
8.260  35.000  35.402  342.443
8.270  35.000  35.540  348.264
8.280  35.000  36.000  353.562
8.290  35.000  35.206  358.883
8.300  35.000  35.885  364.609
8.310  35.000  35.860  370.054
8.320  35.000  36.396  375.020
8.330  35.000  36.016  380.148
8.340  35.000  35.597  385.272
8.350  35.000  35.514  389.928
8.360  35.000  35.222  394.289
8.370  35.000  35.764  398.540
8.380  35.000  34.894  402.853
8.390  35.000  35.594  407.115
8.400  35.000  35.475  410.919
8.410  35.000  36.005  414.363
8.420  35.000  35.774  418.083
8.430  35.000  36.106  421.795
8.440  35.000  36.382  425.402
8.450  35.000  36.156  429.228
8.460  35.000  35.930  433.049
8.470  35.000  35.955  436.406
8.480  35.000  35.586  439.456
8.490  35.000  35.430  442.520
8.500  35.000  34.952  445.357
8.510  35.000  35.697  448.075
8.520  35.000  35.993  450.475
8.530  35.000  35.292  452.714
8.540  35.000  35.413  454.969
8.550  35.000  35.258  457.211
8.560  35.000  35.482  459.358
8.570  35.000  35.859  461.119
8.580  35.000  36.216  462.772
8.590  35.000  35.643  464.726
8.600  35.000  36.301  466.617
8.610  35.000  35.675  468.180
8.620  35.000  35.378  469.536
8.630  35.000  35.134  470.710
8.640  35.000  35.337  471.851
8.650  35.000  35.334  472.802
8.660  35.000  35.472  473.527
8.670  10.000  35.140  474.262
8.680  10.000  34.057  472.249
8.690  10.000  28.846  463.519
8.700  10.000  23.091  454.477
8.710  10.000  23.640  446.472
8.720  10.000  22.374  437.648
8.730  10.000  21.799  430.271
8.740  10.000  21.337  422.716
8.750  10.000  20.899  415.267
8.760  10.000  20.549  408.013
8.770  10.000  20.244  400.809
8.780  10.000  19.916  393.534
8.790  10.000  19.561  386.374
8.800  10.000  19.202  379.327
8.810  10.000  18.964  371.764
8.820  10.000  18.395  364.349
8.830  10.000  18.170  357.530
8.840  10.000  17.851  350.627
8.850  10.000  17.653  344.000
8.860  10.000  17.448  337.452
8.870  10.000  17.113  330.786
8.880  10.000  16.992  324.200
8.890  10.000  16.721  317.159
8.900  10.000  16.479  310.404
8.910  10.000  16.311  303.603
8.920  10.000  16.022  296.579
8.930  10.000  15.900  289.436
8.940  10.000  15.675  282.625
8.950  10.000  15.531  276.115
8.960  10.000  15.454  269.394
8.970  10.000  15.165  263.087
8.980  10.000  15.002  256.863
8.990  10.000  14.772  250.774
9.000  10.000  14.481  244.597
9.010  10.000  14.393  238.211
9.020  10.000  13.968  231.256
9.030  10.000  13.743  224.734
9.040  10.000  13.493  219.134
9.050  10.000  13.365  213.015
9.060  10.000  13.184  206.701
9.070  10.000  12.883  200.760
9.080  10.000  12.681  195.179
9.090  10.000  12.540  189.679
9.100  10.000  12.346  183.873
9.110  10.000  12.100  178.374
9.120  10.000  12.030  173.081
9.130  10.000  11.781  167.646
9.140  10.000  11.648  162.280
9.150  10.000  11.458  156.425
9.160  10.000  11.379  150.701
9.170  10.000  11.122  145.440
9.180  10.000  11.032  140.077
9.190  10.000  10.874  134.887
9.200  10.000  10.669  129.859
9.210  10.000  10.466  124.822
9.220  10.000  10.367  119.420
9.230  10.000  10.233  114.030
9.240  10.000  9.940  109.070
9.250  10.000  9.811  103.672
9.260  10.000  9.726  98.422
9.270  10.000  9.518  93.924
9.280  10.000  9.311  89.419
9.290  10.000  9.307  85.111
9.300  10.000  9.128  81.070
9.310  10.000  9.315  77.261
9.320  10.000  9.467  73.574
9.330  10.000  9.813  70.043
9.340  10.000  9.917  66.560
9.350  10.000  9.988  63.016
9.360  10.000  9.921  59.501
9.370  10.000  9.833  56.042
9.380  10.000  9.738  52.651
9.390  10.000  9.655  49.439
9.400  10.000  9.784  46.464
9.410  10.000  9.902  43.566
9.420  10.000  9.931  40.657
9.430  10.000  9.814  37.811
9.440  10.000  9.753  35.151
9.450  10.000  9.795  32.594
9.460  10.000  9.787  30.108
9.470  10.000  9.845  27.760
9.480  10.000  9.881  25.478
9.490  10.000  9.770  23.293
9.500  10.000  9.775  21.178
9.510  10.000  9.923  19.142
9.520  10.000  9.855  17.211
9.530  10.000  9.861  15.274
9.540  10.000  9.806  13.396
9.550  10.000  9.816  11.602
9.560  10.000  9.735  9.879
9.570  10.000  9.715  8.292
9.580  10.000  9.770  6.834
9.590  10.000  9.832  5.521
9.600  10.000  9.846  4.310
9.610  10.000  9.824  3.150
9.620  10.000  9.815  2.028
9.630  10.000  9.863  0.869
9.640  10.000  9.913  -0.203
9.650  10.000  9.879  -1.112
9.660  10.000  9.722  -1.954
9.670  10.000  9.796  -2.744
9.680  10.000  9.727  -3.415
9.690  10.000  9.814  -4.002
9.700  10.000  9.941  -4.564
9.710  10.000  9.945  -5.006
9.720  10.000  9.914  -5.449
9.730  10.000  9.962  -5.835
9.740  10.000  9.874  -6.046
9.750  10.000  9.901  -6.204
9.760  10.000  9.856  -6.288
9.770  10.000  10.029  -6.396
9.780  10.000  9.845  -6.490
9.790  10.000  9.920  -6.456
9.800  10.000  9.860  -6.268
9.810  10.000  10.025  -5.985
9.820  10.000  10.039  -5.764
9.830  10.000  9.989  -5.706
9.840  10.000  10.149  -5.630
9.850  10.000  9.919  -5.353
9.860  10.000  10.207  -5.140
9.870  10.000  9.995  -4.980
9.880  10.000  10.090  -4.771
9.890  10.000  10.051  -4.552
9.900  10.000  10.151  -4.402
9.910  10.000  10.120  -4.308
9.920  10.000  10.076  -4.155
9.930  10.000  10.082  -4.038
9.940  10.000  10.059  -3.930
9.950  10.000  10.122  -3.759
9.960  10.000  10.112  -3.626
9.970  10.000  10.239  -3.499
9.980  10.000  10.026  -3.369
9.990  10.000  10.235  -3.331
10.000  10.000  10.148  -3.336
10.010  10.000  10.060  -3.307
10.020  10.000  10.409  -3.397
10.030  10.000  10.129  -3.515
10.040  10.000  10.182  -3.586
10.050  10.000  10.144  -3.657
10.060  10.000  10.102  -3.691
10.070  10.000  10.034  -3.717
10.080  10.000  10.113  -3.791
10.090  10.000  10.052  -3.872
10.100  10.000  10.111  -4.003
10.110  10.000  10.072  -4.208
10.120  10.000  10.149  -4.403
10.130  10.000  10.016  -4.658
10.140  10.000  10.128  -5.023
10.150  10.000  10.050  -5.381
10.160  10.000  9.997  -5.619
10.170  10.000  10.033  -5.891
10.180  10.000  10.041  -6.180
10.190  10.000  9.971  -6.512
10.200  10.000  9.975  -6.844
10.210  10.000  9.928  -7.159
10.220  10.000  9.913  -7.444
10.230  10.000  9.890  -7.729
10.240  10.000  9.966  -8.074
10.250  10.000  9.924  -8.330
10.260  10.000  10.055  -8.680
10.270  10.000  9.836  -9.021
10.280  10.000  9.966  -9.370
10.290  10.000  9.928  -9.766
10.300  10.000  9.839  -10.022
10.310  10.000  9.847  -10.306
10.320  10.000  9.937  -10.658
10.330  10.000  9.893  -10.990
10.340  10.000  9.820  -11.276
10.350  10.000  9.680  -11.538
10.360  10.000  9.873  -11.805
10.370  10.000  9.786  -12.035
10.380  10.000  9.810  -12.206
10.390  10.000  9.929  -12.312
10.400  10.000  9.949  -12.399
10.410  10.000  9.900  -12.487
10.420  10.000  9.738  -12.483
10.430  10.000  9.951  -12.428
10.440  10.000  10.009  -12.389
10.450  10.000  9.872  -12.304
10.460  10.000  9.880  -12.196
10.470  10.000  9.979  -12.118
10.480  10.000  9.782  -11.881
10.490  10.000  10.002  -11.546
10.500  10.000  9.996  -11.265
10.510  10.000  10.018  -10.906
10.520  10.000  10.010  -10.596
10.530  10.000  10.145  -10.417
10.540  10.000  9.987  -10.220
10.550  10.000  10.060  -9.950
10.560  10.000  10.059  -9.612
10.570  10.000  10.056  -9.306
10.580  10.000  10.171  -9.029
10.590  10.000  10.188  -8.732
10.600  10.000  10.182  -8.417
10.610  10.000  10.277  -8.066
10.620  10.000  10.083  -7.755
10.630  10.000  10.137  -7.567
10.640  10.000  10.228  -7.434
10.650  10.000  10.271  -7.218
10.660  10.000  10.163  -6.935
10.670  10.000  10.285  -6.715
10.680  12.500  10.315  -6.571
10.690  15.000  10.383  -6.356
10.700  17.500  10.960  -5.363
10.710  20.000  12.371  -3.264
10.720  22.500  14.329  -0.096
10.730  25.000  14.608  4.423
10.740  27.500  16.355  9.685
10.750  30.000  17.942  15.152
10.760  32.500  18.760  21.117
10.770  35.000  19.525  27.508
10.780  35.000  20.426  34.088
10.790  35.000  20.753  40.247
10.800  35.000  21.037  46.106
10.810  35.000  21.029  52.729
10.820  35.000  21.582  59.181
10.830  35.000  22.085  65.393
10.840  35.000  21.895  72.307
10.850  35.000  22.622  79.024
10.860  35.000  22.792  85.572
10.870  35.000  23.164  91.915
10.880  35.000  23.589  97.905
10.890  35.000  24.048  103.934
10.900  35.000  24.038  109.924
10.910  35.000  25.116  115.726
10.920  35.000  24.635  122.152
10.930  35.000  25.381  128.808
10.940  35.000  25.875  134.637
10.950  35.000  26.077  140.685
10.960  35.000  26.040  146.935
10.970  35.000  26.363  152.952
10.980  35.000  26.688  159.000
10.990  35.000  26.965  165.158
11.000  35.000  27.327  171.079
11.010  35.000  27.700  176.805
11.020  35.000  27.838  182.734
11.030  35.000  28.335  188.823
11.040  35.000  28.564  194.660
11.050  35.000  29.202  200.393
11.060  35.000  28.691  206.651
11.070  35.000  29.645  212.481
11.080  35.000  29.666  218.356
11.090  35.000  29.789  224.899
11.100  35.000  30.340  231.042
11.110  35.000  30.349  237.126
11.120  35.000  31.082  243.121
11.130  35.000  31.403  248.881
11.140  35.000  31.306  255.070
11.150  35.000  31.388  261.619
11.160  35.000  31.756  267.679
11.170  35.000  32.459  273.264
11.180  35.000  32.804  278.669
11.190  35.000  33.176  284.051
11.200  35.000  33.294  289.836
11.210  35.000  33.601  295.817
11.220  35.000  34.018  301.697
11.230  35.000  33.910  307.577
11.240  35.000  34.233  313.254
11.250  35.000  34.363  318.842
11.260  35.000  35.094  324.416
11.270  35.000  34.782  330.143
11.280  35.000  35.451  335.840
11.290  35.000  35.634  341.278
11.300  35.000  35.652  346.784
11.310  35.000  35.817  352.326
11.320  35.000  35.499  358.112
11.330  35.000  36.469  363.466
11.340  35.000  36.519  368.576
11.350  35.000  35.812  374.114
11.360  35.000  35.811  379.224
11.370  35.000  35.313  383.683
11.380  35.000  35.280  388.007
11.390  35.000  35.198  392.284
11.400  35.000  35.734  396.255
11.410  35.000  35.428  399.985
11.420  35.000  35.595  403.785
11.430  35.000  35.495  407.568
11.440  35.000  36.090  411.344
11.450  35.000  36.027  415.110
11.460  35.000  36.490  418.785
11.470  35.000  36.305  422.457
11.480  35.000  36.062  426.008
11.490  35.000  35.814  429.135
11.500  35.000  35.500  432.127
11.510  35.000  35.314  435.005
11.520  35.000  35.055  437.833
11.530  35.000  35.607  440.726
11.540  35.000  35.160  443.465
11.550  35.000  35.557  446.123
11.560  35.000  35.198  448.575
11.570  35.000  36.094  450.720
11.580  35.000  35.304  452.896
11.590  35.000  35.999  455.008
11.600  35.000  35.635  456.974
11.610  35.000  36.075  458.938
11.620  35.000  36.062  460.624
11.630  35.000  35.537  462.278
11.640  35.000  35.663  463.842
11.650  35.000  34.866  465.082
11.660  35.000  35.543  466.126
11.670  35.000  35.276  467.134
11.680  10.000  35.116  468.094
11.690  10.000  34.553  466.322
11.700  10.000  29.103  457.937
11.710  10.000  23.089  448.936
11.720  10.000  23.559  440.959
11.730  10.000  22.273  432.187
11.740  10.000  21.766  424.795
11.750  10.000  21.576  417.207
11.760  10.000  21.177  409.756
11.770  10.000  20.849  402.476
11.780  10.000  20.502  395.152
11.790  10.000  20.111  387.916
11.800  10.000  19.710  380.759
11.810  10.000  19.543  373.035
11.820  10.000  19.219  365.441
11.830  10.000  18.887  358.392
11.840  10.000  18.626  351.348
11.850  10.000  18.449  344.427
11.860  10.000  18.093  337.601
11.870  10.000  17.851  330.791
11.880  10.000  17.700  323.960
11.890  10.000  17.377  317.296
11.900  10.000  17.228  310.551
11.910  10.000  16.892  303.782
11.920  10.000  16.557  297.337
11.930  10.000  16.397  290.882
11.940  10.000  16.186  284.479
11.950  10.000  15.992  278.299
11.960  10.000  15.687  271.987
11.970  10.000  15.591  265.424
11.980  10.000  15.363  258.927
11.990  10.000  15.119  252.618
12.000  10.000  14.876  246.355
12.010  10.000  14.552  240.172
12.020  10.000  14.423  234.122
12.030  10.000  14.228  228.082
12.040  10.000  13.956  222.107
12.050  10.000  13.843  216.239
12.060  10.000  13.583  210.296
12.070  10.000  13.336  204.454
12.080  10.000  13.204  198.697
12.090  10.000  13.047  192.813
12.100  10.000  12.866  186.917
12.110  10.000  12.688  181.181
12.120  10.000  12.508  175.694
12.130  10.000  12.326  170.256
12.140  10.000  12.101  164.797
12.150  10.000  11.942  159.416
12.160  10.000  11.758  154.023
12.170  10.000  11.446  148.705
12.180  10.000  11.295  143.621
12.190  10.000  11.126  138.639
12.200  10.000  10.936  133.626
12.210  10.000  10.795  128.587
12.220  10.000  10.644  123.538
12.230  10.000  10.469  118.444
12.240  10.000  10.253  113.485
12.250  10.000  10.051  108.595
12.260  10.000  9.998  103.585
12.270  10.000  9.725  98.762
12.280  10.000  9.573  93.665
12.290  10.000  9.372  88.636
12.300  10.000  9.378  84.069
12.310  10.000  9.233  79.826
12.320  10.000  9.278  75.967
12.330  10.000  9.417  72.180
12.340  10.000  9.540  68.494
12.350  10.000  9.707  64.917
12.360  10.000  9.810  61.447
12.370  10.000  9.791  58.121
12.380  10.000  9.983  54.892
12.390  10.000  9.731  51.702
12.400  10.000  9.789  48.668
12.410  10.000  9.664  45.804
12.420  10.000  9.838  43.022
12.430  10.000  9.756  40.336
12.440  10.000  9.957  37.784
12.450  10.000  9.836  35.313
12.460  10.000  9.918  32.906
12.470  10.000  9.871  30.530
12.480  10.000  9.802  28.309
12.490  10.000  9.836  26.183
12.500  10.000  9.774  24.163
12.510  10.000  9.865  22.239
12.520  10.000  9.839  20.264
12.530  10.000  9.853  18.336
12.540  10.000  9.839  16.494
12.550  10.000  9.740  14.799
12.560  10.000  9.771  13.252
12.570  10.000  9.769  11.697
12.580  10.000  9.812  10.162
12.590  10.000  9.874  8.825
12.600  10.000  9.792  7.556
12.610  10.000  9.802  6.316
12.620  10.000  9.813  5.152
12.630  10.000  9.832  4.025
12.640  10.000  9.846  3.011
12.650  10.000  9.847  2.091
12.660  10.000  9.908  1.259
12.670  10.000  9.894  0.529
12.680  10.000  9.862  -0.132
12.690  10.000  9.828  -0.762
12.700  10.000  9.937  -1.326
12.710  10.000  9.922  -1.868
12.720  10.000  9.867  -2.393
12.730  10.000  9.867  -2.860
12.740  10.000  9.808  -3.245
12.750  10.000  9.782  -3.430
12.760  10.000  9.924  -3.482
12.770  10.000  9.891  -3.451
12.780  10.000  9.984  -3.457
12.790  10.000  9.945  -3.442
12.800  10.000  9.912  -3.314
12.810  10.000  9.869  -3.164
12.820  10.000  9.921  -2.960
12.830  10.000  9.985  -2.747
12.840  10.000  9.982  -2.492
12.850  10.000  9.904  -2.177
12.860  10.000  10.085  -1.896
12.870  10.000  10.004  -1.593
12.880  10.000  9.993  -1.181
12.890  10.000  10.071  -0.796
12.900  10.000  10.267  -0.556
12.910  10.000  10.106  -0.309
12.920  10.000  10.024  0.057
12.930  10.000  10.029  0.431
12.940  10.000  10.201  0.794
12.950  10.000  10.196  1.076
12.960  10.000  10.229  1.275
12.970  10.000  10.154  1.394
12.980  10.000  10.254  1.507
12.990  10.000  10.076  1.714
13.000  10.000  10.139  1.846
13.010  10.000  10.209  1.974
13.020  10.000  10.123  2.241
13.030  10.000  10.124  2.463
13.040  10.000  10.279  2.613
13.050  10.000  10.142  2.738
13.060  10.000  10.182  2.789
13.070  10.000  10.135  2.821
13.080  10.000  10.206  2.809
13.090  10.000  10.150  2.712
13.100  10.000  10.180  2.521
13.110  10.000  10.302  2.314
13.120  10.000  10.198  2.110
13.130  10.000  10.117  1.849
13.140  10.000  9.954  1.582
13.150  10.000  10.072  1.247
13.160  10.000  10.135  0.832
13.170  10.000  10.157  0.430
13.180  10.000  9.980  -0.011
13.190  10.000  9.906  -0.416
13.200  10.000  9.908  -0.914
13.210  10.000  9.984  -1.494
13.220  10.000  9.907  -1.952
13.230  10.000  9.863  -2.371
13.240  10.000  9.851  -2.821
13.250  10.000  9.910  -3.309
13.260  10.000  9.726  -3.706
13.270  10.000  9.745  -4.037
13.280  10.000  9.858  -4.448
13.290  10.000  9.837  -4.880
13.300  10.000  9.734  -5.306
13.310  10.000  9.769  -5.679
13.320  10.000  9.654  -5.980
13.330  10.000  9.737  -6.280
13.340  10.000  9.711  -6.394
13.350  10.000  9.846  -6.409
13.360  10.000  9.982  -6.510
13.370  10.000  9.870  -6.519
13.380  10.000  9.884  -6.470
13.390  10.000  9.841  -6.330
13.400  10.000  9.749  -6.067
13.410  10.000  10.054  -5.856
13.420  10.000  10.075  -5.656
13.430  10.000  9.927  -5.296
13.440  10.000  9.828  -4.883
13.450  10.000  9.973  -4.478
13.460  10.000  9.930  -4.021
13.470  10.000  10.004  -3.624
13.480  10.000  9.960  -3.236
13.490  10.000  10.197  -2.804
13.500  10.000  10.033  -2.333
13.510  10.000  10.207  -1.895
13.520  10.000  10.206  -1.598
13.530  10.000  10.022  -1.274
13.540  10.000  10.296  -0.827
13.550  10.000  9.966  -0.392
13.560  10.000  10.248  -0.062
13.570  10.000  9.887  0.192
13.580  10.000  10.079  0.491
13.590  10.000  10.308  0.824
13.600  10.000  10.244  1.148
13.610  10.000  9.986  1.527
13.620  10.000  10.237  1.893
13.630  10.000  10.175  2.168
13.640  10.000  10.153  2.411
13.650  10.000  10.323  2.654
13.660  10.000  10.290  2.898
13.670  10.000  10.172  3.069
13.680  10.000  10.196  3.161
13.690  12.500  10.194  3.141
13.700  15.000  10.292  3.177
13.710  17.500  10.851  4.095
13.720  20.000  12.344  6.241
13.730  22.500  14.077  9.228
13.740  25.000  14.805  13.121
13.750  27.500  16.175  17.870
13.760  30.000  17.568  23.619
13.770  32.500  18.604  29.813
13.780  35.000  19.933  35.743
13.790  35.000  19.948  41.825
13.800  35.000  20.797  48.002
13.810  35.000  21.034  54.040
13.820  35.000  20.907  60.779
13.830  35.000  21.701  67.443
13.840  35.000  21.839  73.588
13.850  35.000  22.341  80.003
13.860  35.000  22.530  86.227
13.870  35.000  23.186  92.191
13.880  35.000  23.146  98.414
13.890  35.000  23.780  104.927
13.900  35.000  23.883  111.119
13.910  35.000  24.548  116.945
13.920  35.000  24.629  122.756
13.930  35.000  24.597  129.231
13.940  35.000  25.357  135.493
13.950  35.000  25.759  141.029
13.960  35.000  25.900  146.969
13.970  35.000  25.600  153.721
13.980  35.000  26.359  160.055
13.990  35.000  26.428  165.907
14.000  35.000  27.271  171.888
14.010  35.000  27.210  177.925
14.020  35.000  27.840  184.060
14.030  35.000  27.388  190.388
14.040  35.000  28.450  196.846
14.050  35.000  28.586  202.719
14.060  35.000  28.290  209.138
14.070  35.000  28.927  216.114
14.080  35.000  29.399  222.370
14.090  35.000  29.692  228.407
14.100  35.000  29.898  234.572
14.110  35.000  30.552  240.164
14.120  35.000  30.916  245.544
14.130  35.000  31.209  251.213
14.140  35.000  31.034  257.212
14.150  35.000  31.208  263.399
14.160  35.000  31.610  269.485
14.170  35.000  31.801  275.514
14.180  35.000  32.241  281.503
14.190  35.000  32.993  287.401
14.200  35.000  33.268  292.992
14.210  35.000  33.461  298.733
14.220  35.000  33.587  304.689
14.230  35.000  33.649  310.318
14.240  35.000  33.948  315.975
14.250  35.000  34.355  321.665
14.260  35.000  34.703  327.256
14.270  35.000  35.038  332.930
14.280  35.000  34.892  338.559
14.290  35.000  35.418  344.360
14.300  35.000  35.712  350.160
14.310  35.000  35.645  356.052
14.320  35.000  35.946  361.579
14.330  35.000  36.646  366.581
14.340  35.000  36.041  371.744
14.350  35.000  36.069  376.989
14.360  35.000  35.558  382.179
14.370  35.000  35.660  386.966
14.380  35.000  34.948  391.375
14.390  35.000  35.563  395.892
14.400  35.000  35.073  400.202
14.410  35.000  35.734  404.284
14.420  35.000  35.413  408.451
14.430  35.000  35.471  412.264
14.440  35.000  35.913  415.820
14.450  35.000  35.726  419.643
14.460  35.000  36.390  423.156
14.470  35.000  36.071  426.729
14.480  35.000  36.049  430.776
14.490  35.000  36.019  434.687
14.500  35.000  35.387  438.295
14.510  35.000  36.022  441.523
14.520  35.000  35.548  444.588
14.530  35.000  35.593  447.566
14.540  35.000  35.632  450.154
14.550  35.000  35.431  452.555
14.560  35.000  35.616  454.847
14.570  35.000  35.958  456.942
14.580  35.000  35.749  458.834
14.590  35.000  35.411  460.759
14.600  35.000  35.867  462.816
14.610  35.000  35.726  464.658
14.620  35.000  36.027  466.525
14.630  35.000  35.423  468.210
14.640  35.000  35.427  469.524
14.650  35.000  35.176  470.712
14.660  35.000  35.422  471.852
14.670  35.000  35.078  472.912
14.680  35.000  35.625  473.762
14.690  10.000  35.081  474.448
14.700  10.000  34.266  472.585
14.710  10.000  28.953  464.181
14.720  10.000  22.962  455.203
14.730  10.000  23.456  447.311
14.740  10.000  22.271  438.508
14.750  10.000  21.803  431.092
14.760  10.000  21.334  423.477
14.770  10.000  20.951  416.056
14.780  10.000  20.512  408.916
14.790  10.000  20.227  401.790
14.800  10.000  19.731  394.640
14.810  10.000  19.372  387.612
14.820  10.000  18.953  380.874
14.830  10.000  18.752  373.500
14.840  10.000  18.374  366.123
14.850  10.000  18.106  359.316
14.860  10.000  17.779  352.605
14.870  10.000  17.408  345.228
14.880  10.000  17.188  338.009
14.890  10.000  16.974  331.441
14.900  10.000  16.762  324.743
14.910  10.000  16.726  317.805
14.920  10.000  16.379  310.831
14.930  10.000  16.263  304.373
14.940  10.000  16.031  297.780
14.950  10.000  15.861  291.254
14.960  10.000  15.612  284.446
14.970  10.000  15.319  277.784
14.980  10.000  15.165  271.501
14.990  10.000  15.053  265.263
15.000  10.000  14.661  259.166
15.010  10.000  14.545  252.829
15.020  10.000  14.183  246.816
15.030  10.000  14.114  241.207
15.040  10.000  13.924  235.438
15.050  10.000  13.738  229.523
15.060  10.000  13.531  223.637
15.070  10.000  13.452  217.220
15.080  10.000  13.370  210.765
15.090  10.000  13.080  204.991
15.100  10.000  12.970  198.873
15.110  10.000  12.729  192.724
15.120  10.000  12.517  187.086
15.130  10.000  12.266  181.554
15.140  10.000  12.036  176.058
15.150  10.000  11.898  170.699
15.160  10.000  11.782  165.533
15.170  10.000  11.567  160.143
15.180  10.000  11.415  154.593
15.190  10.000  11.150  149.034
15.200  10.000  11.144  143.635
15.210  10.000  10.911  138.514
15.220  10.000  10.853  133.496
15.230  10.000  10.451  128.642
15.240  10.000  10.423  123.690
15.250  10.000  10.207  118.696
15.260  10.000  10.096  113.976
15.270  10.000  10.012  109.072
15.280  10.000  9.838  104.207
15.290  10.000  9.760  99.680
15.300  10.000  9.586  94.945
15.310  10.000  9.421  90.365
15.320  10.000  9.391  85.939
15.330  10.000  9.341  81.641
15.340  10.000  9.396  77.706
15.350  10.000  9.379  73.899
15.360  10.000  9.535  70.347
15.370  10.000  9.650  66.943
15.380  10.000  9.800  63.604
15.390  10.000  9.884  60.268
15.400  10.000  9.838  56.898
15.410  10.000  9.790  53.642
15.420  10.000  9.737  50.616
15.430  10.000  9.858  47.690
15.440  10.000  9.769  44.861
15.450  10.000  9.902  42.102
15.460  10.000  9.911  39.357
15.470  10.000  9.854  36.783
15.480  10.000  9.764  34.344
15.490  10.000  9.836  31.936
15.500  10.000  9.832  29.556
15.510  10.000  9.768  27.351
15.520  10.000  9.787  25.245
15.530  10.000  9.904  23.213
15.540  10.000  9.832  21.298
15.550  10.000  9.801  19.409
15.560  10.000  9.856  17.521
15.570  10.000  9.867  15.659
15.580  10.000  9.691  13.948
15.590  10.000  9.715  12.444
15.600  10.000  9.741  11.020
15.610  10.000  9.921  9.639
15.620  10.000  9.829  8.325
15.630  10.000  9.825  7.072
15.640  10.000  9.928  5.876
15.650  10.000  9.811  4.808
15.660  10.000  9.813  3.843
15.670  10.000  9.779  2.929
15.680  10.000  9.782  2.090
15.690  10.000  9.845  1.366
15.700  10.000  9.935  0.656
15.710  10.000  9.859  -0.039
15.720  10.000  9.896  -0.637
15.730  10.000  9.986  -1.152
15.740  10.000  9.900  -1.652
15.750  10.000  9.836  -2.117
15.760  10.000  9.846  -2.403
15.770  10.000  9.868  -2.611
15.780  10.000  9.921  -2.753
15.790  10.000  9.916  -2.896
15.800  10.000  9.953  -2.999
15.810  10.000  9.836  -2.994
15.820  10.000  9.843  -2.958
15.830  10.000  10.031  -2.941
15.840  10.000  9.886  -2.810
15.850  10.000  9.833  -2.502
15.860  10.000  9.987  -2.186
15.870  10.000  10.085  -1.960
15.880  10.000  10.076  -1.752
15.890  10.000  10.110  -1.464
15.900  10.000  9.986  -1.074
15.910  10.000  10.106  -0.713
15.920  10.000  10.031  -0.484
15.930  10.000  10.173  -0.200
15.940  10.000  10.139  0.134
15.950  10.000  10.233  0.338
15.960  10.000  10.021  0.656
15.970  10.000  10.194  0.970
15.980  10.000  10.089  1.126
15.990  10.000  10.152  1.285
16.000  10.000  10.245  1.449
16.010  10.000  10.191  1.580
16.020  10.000  10.234  1.660
16.030  10.000  10.081  1.814
16.040  10.000  10.214  1.919
16.050  10.000  10.092  2.013
16.060  10.000  10.268  2.134
16.070  10.000  10.373  2.105
16.080  10.000  10.306  1.886
16.090  10.000  10.059  1.601
16.100  10.000  9.999  1.412
16.110  10.000  10.117  1.255
16.120  10.000  10.083  1.068
16.130  10.000  10.191  0.869
16.140  10.000  10.036  0.584
16.150  10.000  9.929  0.306
16.160  10.000  9.913  0.136
16.170  10.000  10.138  -0.101
16.180  10.000  10.060  -0.490
16.190  10.000  10.130  -0.891
16.200  10.000  9.921  -1.209
16.210  10.000  9.997  -1.604
16.220  10.000  10.004  -2.015
16.230  10.000  9.983  -2.328
16.240  10.000  9.860  -2.649
16.250  10.000  9.837  -2.910
16.260  10.000  9.927  -3.236
16.270  10.000  9.944  -3.597
16.280  10.000  9.880  -3.882
16.290  10.000  9.995  -4.215
16.300  10.000  9.838  -4.499
16.310  10.000  9.744  -4.757
16.320  10.000  9.837  -5.129
16.330  10.000  9.838  -5.506
16.340  10.000  9.786  -5.848
16.350  10.000  9.695  -6.107
16.360  10.000  9.788  -6.316
16.370  10.000  9.878  -6.526
16.380  10.000  9.929  -6.679
16.390  10.000  9.906  -6.780
16.400  10.000  9.959  -6.837
16.410  10.000  9.757  -6.816
16.420  10.000  9.898  -6.807
16.430  10.000  9.977  -6.827
16.440  10.000  10.043  -6.751
16.450  10.000  9.950  -6.633
16.460  10.000  9.808  -6.491
16.470  10.000  10.037  -6.338
16.480  10.000  9.941  -6.119
16.490  10.000  9.993  -5.857
16.500  10.000  10.042  -5.689
16.510  10.000  10.122  -5.593
16.520  10.000  10.005  -5.422
16.530  10.000  10.091  -5.229
16.540  10.000  10.178  -5.104
16.550  10.000  9.894  -4.872
16.560  10.000  10.173  -4.628
16.570  10.000  9.995  -4.426
16.580  10.000  10.057  -4.216
16.590  10.000  10.052  -4.185
16.600  10.000  10.214  -4.202
16.610  10.000  9.998  -3.993
16.620  10.000  10.154  -3.804
16.630  10.000  10.152  -3.680
16.640  10.000  10.111  -3.532
16.650  10.000  10.230  -3.442
16.660  10.000  10.063  -3.263
16.670  10.000  10.260  -3.018
16.680  10.000  10.226  -2.852
16.690  10.000  10.247  -2.773
16.700  12.500  10.005  -2.669
16.710  15.000  10.181  -2.387
16.720  17.500  10.858  -1.342
16.730  20.000  12.424  0.793
16.740  22.500  14.010  4.005
16.750  25.000  14.874  8.205
16.760  27.500  15.998  13.419
16.770  30.000  17.682  19.863
16.780  32.500  18.383  26.918
16.790  35.000  19.776  33.669
16.800  35.000  20.092  40.060
16.810  35.000  20.763  45.968
16.820  35.000  20.913  51.782
16.830  35.000  21.146  57.753
16.840  35.000  21.737  63.936
16.850  35.000  21.693  70.921
16.860  35.000  22.264  77.635
16.870  35.000  22.178  83.784
16.880  35.000  22.732  90.019
16.890  35.000  23.455  95.976
16.900  35.000  23.559  101.946
16.910  35.000  23.895  108.502
16.920  35.000  24.404  114.830
16.930  35.000  24.762  120.697
16.940  35.000  24.779  127.026
16.950  35.000  24.933  133.747
16.960  35.000  24.763  140.687
16.970  35.000  25.593  147.154
16.980  35.000  26.198  152.965
16.990  35.000  26.199  158.886
17.000  35.000  27.142  164.705
17.010  35.000  26.798  170.898
17.020  35.000  27.369  177.153
17.030  35.000  27.685  183.207
17.040  35.000  27.444  189.563
17.050  35.000  28.225  195.631
17.060  35.000  28.119  201.777
17.070  35.000  28.085  208.593
17.080  35.000  29.002  215.143
17.090  35.000  29.431  220.937
17.100  35.000  29.594  226.819
17.110  35.000  29.731  233.178
17.120  35.000  30.590  239.222
17.130  35.000  30.364  245.095
17.140  35.000  30.580  251.115
17.150  35.000  31.245  257.005
17.160  35.000  31.438  263.038
17.170  35.000  31.730  268.855
17.180  35.000  31.815  274.608
17.190  35.000  32.332  280.579
17.200  35.000  32.386  286.615
17.210  35.000  32.837  292.362
17.220  35.000  33.117  297.989
17.230  35.000  33.467  304.054
17.240  35.000  33.676  309.932
17.250  35.000  34.776  315.352
17.260  35.000  34.239  321.237
17.270  35.000  34.312  327.635
17.280  35.000  34.983  333.510
17.290  35.000  34.876  339.263
17.300  35.000  35.376  345.031
17.310  35.000  35.211  350.822
17.320  35.000  36.172  356.766
17.330  35.000  35.597  362.549
17.340  35.000  36.233  367.766
17.350  35.000  36.594  372.955
17.360  35.000  36.016  378.483
17.370  35.000  35.592  383.752
17.380  35.000  35.653  388.820
17.390  35.000  35.319  393.582
17.400  35.000  35.194  398.172
17.410  35.000  35.544  402.585
17.420  35.000  35.184  406.890
17.430  35.000  35.667  410.934
17.440  35.000  35.634  414.600
17.450  35.000  35.664  418.503
17.460  35.000  36.285  422.485
17.470  35.000  35.912  426.309
17.480  35.000  36.155  430.123
17.490  35.000  36.456  433.669
17.500  35.000  36.019  437.161
17.510  35.000  35.527  440.595
17.520  35.000  35.472  443.655
17.530  35.000  36.007  446.341
17.540  35.000  35.297  448.842
17.550  35.000  35.456  451.308
17.560  35.000  35.379  453.719
17.570  35.000  35.724  455.946
17.580  35.000  35.293  458.201
17.590  35.000  35.644  460.220
17.600  35.000  35.540  462.134
17.610  35.000  35.726  464.255
17.620  35.000  35.687  466.195
17.630  35.000  35.942  468.072
17.640  35.000  35.893  469.947
17.650  35.000  35.475  471.584
17.660  35.000  35.429  473.224
17.670  35.000  35.040  474.718
17.680  35.000  35.591  475.711
17.690  35.000  35.347  476.603
17.700  10.000  35.325  477.520
17.710  10.000  34.426  475.896
17.720  10.000  29.222  467.479
17.730  10.000  23.014  458.375
17.740  10.000  23.574  450.428
17.750  10.000  22.461  441.596
17.760  10.000  21.957  434.117
17.770  10.000  21.361  426.491
17.780  10.000  21.046  419.058
17.790  10.000  20.376  411.809
17.800  10.000  20.074  404.575
17.810  10.000  19.603  397.363
17.820  10.000  19.188  389.471
17.830  10.000  18.949  381.883
17.840  10.000  18.470  374.775
17.850  10.000  18.370  367.307
17.860  10.000  17.940  359.516
17.870  10.000  17.855  351.941
17.880  10.000  17.501  345.291
17.890  10.000  17.348  338.717
17.900  10.000  17.152  331.877
17.910  10.000  17.046  325.023
17.920  10.000  16.800  318.433
17.930  10.000  16.565  312.054
17.940  10.000  16.131  305.544
17.950  10.000  15.952  298.514
17.960  10.000  15.955  291.832
17.970  10.000  15.662  285.134
17.980  10.000  15.473  278.340
17.990  10.000  15.135  271.911
18.000  10.000  14.870  265.218
18.010  10.000  14.752  258.518
18.020  10.000  14.547  252.133
18.030  10.000  14.310  245.970
18.040  10.000  14.049  239.987
18.050  10.000  13.816  234.170
18.060  10.000  13.632  228.137
18.070  10.000  13.488  222.265
18.080  10.000  13.260  216.535
18.090  10.000  13.163  210.852
18.100  10.000  12.954  205.283
18.110  10.000  12.826  199.651
18.120  10.000  12.538  193.969
18.130  10.000  12.434  188.227
18.140  10.000  12.324  182.617
18.150  10.000  12.268  177.300
18.160  10.000  12.020  171.374
18.170  10.000  11.807  165.453
18.180  10.000  11.623  160.391
18.190  10.000  11.485  155.193
18.200  10.000  11.288  150.026
18.210  10.000  11.227  144.755
18.220  10.000  11.043  139.529
18.230  10.000  10.740  134.478
18.240  10.000  10.547  129.527
18.250  10.000  10.559  124.519
18.260  10.000  10.397  119.384
18.270  10.000  10.187  114.410
18.280  10.000  10.090  109.524
18.290  10.000  9.924  104.650
18.300  10.000  9.776  99.784
18.310  10.000  9.722  95.037
18.320  10.000  9.557  90.324
18.330  10.000  9.417  85.685
18.340  10.000  9.401  81.272
18.350  10.000  9.297  77.079
18.360  10.000  9.416  73.118
18.370  10.000  9.412  69.444
18.380  10.000  9.609  65.890
18.390  10.000  9.659  62.472
18.400  10.000  9.731  59.167
18.410  10.000  9.766  55.979
18.420  10.000  9.741  52.879
18.430  10.000  9.894  49.882
18.440  10.000  9.776  46.942
18.450  10.000  9.847  44.075
18.460  10.000  9.849  41.343
18.470  10.000  9.810  38.692
18.480  10.000  9.813  36.158
18.490  10.000  9.826  33.735
18.500  10.000  9.841  31.453
18.510  10.000  9.861  29.241
18.520  10.000  9.874  27.090
18.530  10.000  9.877  25.035
18.540  10.000  9.831  23.009
18.550  10.000  9.759  21.066
18.560  10.000  9.811  19.227
18.570  10.000  9.789  17.439
18.580  10.000  9.801  15.736
18.590  10.000  9.688  14.119
18.600  10.000  9.828  12.613
18.610  10.000  9.740  11.259
18.620  10.000  9.790  9.964
18.630  10.000  9.791  8.692
18.640  10.000  9.891  7.505
18.650  10.000  9.879  6.407
18.660  10.000  9.832  5.358
18.670  10.000  9.919  4.336
18.680  10.000  9.872  3.444
18.690  10.000  9.775  2.660
18.700  10.000  9.928  1.882
18.710  10.000  9.858  1.214
18.720  10.000  9.889  0.622
18.730  10.000  9.791  0.098
18.740  10.000  9.919  -0.367
18.750  10.000  9.735  -0.787
18.760  10.000  9.967  -1.131
18.770  10.000  9.898  -1.419
18.780  10.000  9.907  -1.603
18.790  10.000  9.718  -1.633
18.800  10.000  9.967  -1.591
18.810  10.000  9.951  -1.531
18.820  10.000  9.966  -1.421
18.830  10.000  9.905  -1.272
18.840  10.000  10.010  -1.025
18.850  10.000  10.034  -0.767
18.860  10.000  9.967  -0.640
18.870  10.000  10.057  -0.552
18.880  10.000  9.978  -0.347
18.890  10.000  10.051  -0.093
18.900  10.000  10.001  0.095
18.910  10.000  10.011  0.285
18.920  10.000  10.054  0.459
18.930  10.000  10.124  0.697
18.940  10.000  9.976  1.106
18.950  10.000  10.153  1.423
18.960  10.000  10.065  1.693
18.970  10.000  10.214  2.004
18.980  10.000  9.981  2.305
18.990  10.000  10.060  2.616
19.000  10.000  10.062  2.814
19.010  10.000  10.174  2.975
19.020  10.000  10.058  3.315
19.030  10.000  10.080  3.669
19.040  10.000  10.331  3.863
19.050  10.000  10.154  4.018
19.060  10.000  10.285  4.103
19.070  10.000  10.224  4.147
19.080  10.000  10.173  4.281
19.090  10.000  10.210  4.400
19.100  10.000  10.216  4.454
19.110  10.000  10.112  4.539
19.120  10.000  10.141  4.604
19.130  10.000  10.182  4.575
19.140  10.000  10.206  4.405
19.150  10.000  10.195  4.152
19.160  10.000  10.204  3.873
19.170  10.000  10.084  3.520
19.180  10.000  10.112  3.174
19.190  10.000  9.997  2.880
19.200  10.000  9.981  2.567
19.210  10.000  10.035  2.176
19.220  10.000  10.021  1.715
19.230  10.000  10.120  1.222
19.240  10.000  10.011  0.641
19.250  10.000  9.972  0.171
19.260  10.000  9.928  -0.160
19.270  10.000  9.891  -0.499
19.280  10.000  9.764  -0.854
19.290  10.000  9.809  -1.255
19.300  10.000  9.910  -1.650
19.310  10.000  9.858  -2.011
19.320  10.000  9.895  -2.394
19.330  10.000  9.782  -2.741
19.340  10.000  9.851  -2.993
19.350  10.000  9.867  -3.331
19.360  10.000  9.787  -3.651
19.370  10.000  9.688  -3.875
19.380  10.000  9.814  -4.123
19.390  10.000  9.835  -4.320
19.400  10.000  9.844  -4.490
19.410  10.000  9.789  -4.618
19.420  10.000  9.901  -4.745
19.430  10.000  9.937  -4.828
19.440  10.000  9.764  -4.774
19.450  10.000  9.854  -4.675
19.460  10.000  9.821  -4.448
19.470  10.000  9.888  -4.197
19.480  10.000  9.994  -4.036
19.490  10.000  9.967  -3.851
19.500  10.000  9.967  -3.582
19.510  10.000  9.820  -3.200
19.520  10.000  9.939  -2.840
19.530  10.000  10.116  -2.524
19.540  10.000  10.072  -2.101
19.550  10.000  10.062  -1.698
19.560  10.000  10.101  -1.273
19.570  10.000  10.055  -0.733
19.580  10.000  10.001  -0.193
19.590  10.000  10.154  0.297
19.600  10.000  10.294  0.656
19.610  10.000  10.047  0.979
19.620  10.000  10.285  1.310
19.630  10.000  10.121  1.577
19.640  10.000  10.269  1.900
19.650  10.000  10.179  2.193
19.660  10.000  10.312  2.369
19.670  10.000  10.273  2.572
19.680  10.000  10.363  2.833
19.690  10.000  10.299  3.042
19.700  10.000  10.257  3.100
19.710  12.500  10.138  3.064
19.720  15.000  10.255  3.022
19.730  17.500  10.811  3.795
19.740  20.000  12.358  5.744
19.750  22.500  14.233  8.773
19.760  25.000  14.710  12.939
19.770  27.500  16.132  17.715
19.780  30.000  17.938  22.983
19.790  32.500  18.928  28.797
19.800  35.000  19.555  35.597
19.810  35.000  20.035  42.916
19.820  35.000  20.715  49.488
19.830  35.000  20.840  55.430
19.840  35.000  21.343  61.430
19.850  35.000  21.245  68.030
19.860  35.000  21.730  74.845
19.870  35.000  22.379  81.374
19.880  35.000  22.260  87.734
19.890  35.000  23.146  93.740
19.900  35.000  23.029  99.760
19.910  35.000  23.574  105.879
19.920  35.000  23.990  111.770
19.930  35.000  24.003  118.092
19.940  35.000  24.453  124.855
19.950  35.000  25.056  131.221
19.960  35.000  25.515  137.008
19.970  35.000  25.131  142.819
19.980  35.000  25.628  148.894
19.990  35.000  25.914  155.108
20.000  35.000  26.095  161.180
20.010  35.000  26.649  167.207
20.020  35.000  26.849  173.571
20.030  35.000  27.294  179.604
20.040  35.000  27.899  185.410
20.050  35.000  27.762  192.108
20.060  35.000  28.218  198.890
20.070  35.000  28.461  204.882
20.080  35.000  28.966  210.780
20.090  35.000  28.915  216.874
20.100  35.000  29.400  223.355
20.110  35.000  29.778  229.396
20.120  35.000  30.395  234.771
20.130  35.000  29.852  240.972
20.140  35.000  30.631  247.405
20.150  35.000  30.712  253.487
20.160  35.000  30.824  259.708
20.170  35.000  31.326  265.565
20.180  35.000  31.556  271.388
20.190  35.000  31.757  277.739
20.200  35.000  32.072  283.818
20.210  35.000  32.627  289.648
20.220  35.000  32.687  295.741
20.230  35.000  32.840  301.891
20.240  35.000  33.384  307.897
20.250  35.000  33.940  313.648
20.260  35.000  34.094  319.675
20.270  35.000  34.815  325.757
20.280  35.000  34.815  331.717
20.290  35.000  35.083  337.570
20.300  35.000  35.342  343.091
20.310  35.000  35.495  348.445
20.320  35.000  35.335  354.093
20.330  35.000  35.796  359.673
20.340  35.000  35.707  364.859
20.350  35.000  35.889  370.122
20.360  35.000  36.196  375.217
20.370  35.000  35.956  380.562
20.380  35.000  36.156  385.748
20.390  35.000  35.423  390.443
20.400  35.000  35.480  395.061
20.410  35.000  35.440  399.316
20.420  35.000  35.829  403.312
20.430  35.000  35.403  407.060
20.440  35.000  35.368  410.794
20.450  35.000  34.923  414.797
20.460  35.000  35.427  418.711
20.470  35.000  35.909  422.424
20.480  35.000  36.166  426.074
20.490  35.000  36.490  429.698
20.500  35.000  36.418  433.383
20.510  35.000  36.117  437.067
20.520  35.000  35.850  440.561
20.530  35.000  35.587  443.580
20.540  35.000  35.664  446.428
20.550  35.000  35.367  449.091
20.560  35.000  35.563  451.531
20.570  35.000  35.383  454.040
20.580  35.000  35.473  456.553
20.590  35.000  35.389  458.812
20.600  35.000  35.381  460.839
20.610  35.000  35.602  462.852
20.620  35.000  36.051  464.797
20.630  35.000  35.773  466.706
20.640  35.000  36.139  468.338
20.650  35.000  35.597  469.687
20.660  35.000  35.514  471.063
20.670  35.000  35.146  472.464
20.680  35.000  35.634  473.593
20.690  35.000  35.269  474.525
20.700  35.000  35.628  475.295
20.710  10.000  34.831  475.911
20.720  10.000  34.362  473.719
20.730  10.000  28.976  465.014
20.740  10.000  22.948  456.127
20.750  10.000  23.611  448.310
20.760  10.000  22.246  439.671
20.770  10.000  21.921  432.252
20.780  10.000  21.447  424.893
20.790  10.000  21.034  417.710
20.800  10.000  20.710  410.398
20.810  10.000  20.334  403.061
20.820  10.000  19.972  395.830
20.830  10.000  19.771  388.440
20.840  10.000  19.374  381.099
20.850  10.000  19.016  374.102
20.860  10.000  18.626  367.154
20.870  10.000  18.346  359.727
20.880  10.000  17.993  352.425
20.890  10.000  17.670  345.773
20.900  10.000  17.540  338.902
20.910  10.000  17.319  332.225
20.920  10.000  17.215  325.765
20.930  10.000  17.114  319.151
20.940  10.000  16.876  312.337
20.950  10.000  16.659  305.629
20.960  10.000  16.377  299.278
20.970  10.000  16.194  292.864
20.980  10.000  15.983  286.364
20.990  10.000  15.817  279.968
21.000  10.000  15.619  273.568
21.010  10.000  15.345  267.240
21.020  10.000  15.101  261.092
21.030  10.000  14.894  255.007
21.040  10.000  14.743  248.859
21.050  10.000  14.487  242.810
21.060  10.000  14.307  236.767
21.070  10.000  14.047  230.839
21.080  10.000  13.975  225.032
21.090  10.000  13.717  219.004
21.100  10.000  13.527  213.095
21.110  10.000  13.334  207.349
21.120  10.000  13.140  201.605
21.130  10.000  12.958  195.864
21.140  10.000  12.672  190.292
21.150  10.000  12.370  184.793
21.160  10.000  12.174  179.163
21.170  10.000  12.001  173.703
21.180  10.000  11.829  168.545
21.190  10.000  11.579  162.762
21.200  10.000  11.493  157.027
21.210  10.000  11.163  151.864
21.220  10.000  11.119  146.765
21.230  10.000  10.908  141.274
21.240  10.000  10.754  135.742
21.250  10.000  10.585  130.722
21.260  10.000  10.359  125.708
21.270  10.000  10.313  120.815
21.280  10.000  10.079  115.887
21.290  10.000  9.960  111.090
21.300  10.000  9.803  106.468
21.310  10.000  9.686  101.901
21.320  10.000  9.409  97.271
21.330  10.000  9.338  92.531
21.340  10.000  9.341  88.090
21.350  10.000  9.288  84.070
21.360  10.000  9.215  80.264
21.370  10.000  9.427  76.671
21.380  10.000  9.717  73.334
21.390  10.000  9.880  70.037
21.400  10.000  9.910  66.791
21.410  10.000  9.844  63.547
21.420  10.000  9.853  60.270
21.430  10.000  9.826  57.112
21.440  10.000  9.810  54.054
21.450  10.000  9.830  51.144
21.460  10.000  9.781  48.363
21.470  10.000  9.760  45.687
21.480  10.000  9.799  43.076
21.490  10.000  9.887  40.575
21.500  10.000  9.937  38.166
21.510  10.000  9.835  35.782
21.520  10.000  9.843  33.490
21.530  10.000  9.780  31.365
21.540  10.000  9.769  29.309
21.550  10.000  9.813  27.293
21.560  10.000  9.847  25.348
21.570  10.000  9.849  23.501
21.580  10.000  9.809  21.735
21.590  10.000  9.782  20.005
21.600  10.000  9.798  18.316
21.610  10.000  9.788  16.803
21.620  10.000  9.809  15.440
21.630  10.000  9.880  14.063
21.640  10.000  9.862  12.749
21.650  10.000  9.878  11.486
21.660  10.000  9.775  10.336
21.670  10.000  9.875  9.281
21.680  10.000  9.812  8.238
21.690  10.000  9.758  7.302
21.700  10.000  9.835  6.457
21.710  10.000  9.804  5.734
21.720  10.000  9.893  5.134
21.730  10.000  9.893  4.574
21.740  10.000  9.863  4.010
21.750  10.000  9.865  3.511
21.760  10.000  9.772  3.095
21.770  10.000  9.928  2.816
21.780  10.000  9.918  2.662
21.790  10.000  9.915  2.471
21.800  10.000  9.977  2.338
21.810  10.000  9.826  2.336
21.820  10.000  9.881  2.356
21.830  10.000  9.964  2.404
21.840  10.000  10.053  2.530
21.850  10.000  9.889  2.709
21.860  10.000  9.848  2.845
21.870  10.000  10.055  2.981
21.880  10.000  9.982  3.258
21.890  10.000  10.109  3.517
21.900  10.000  10.032  3.743
21.910  10.000  9.875  4.113
21.920  10.000  9.977  4.579
21.930  10.000  10.073  4.932
21.940  10.000  10.099  5.220
21.950  10.000  10.228  5.500
21.960  10.000  10.107  5.735
21.970  10.000  10.089  6.025
21.980  10.000  10.178  6.308
21.990  10.000  10.013  6.578
22.000  10.000  10.208  6.931
22.010  10.000  10.229  7.162
22.020  10.000  10.184  7.359
22.030  10.000  10.074  7.640
22.040  10.000  10.184  7.809
22.050  10.000  10.131  7.944
22.060  10.000  10.283  8.113
22.070  10.000  10.230  8.272
22.080  10.000  10.133  8.398
22.090  10.000  10.205  8.488
22.100  10.000  10.196  8.463
22.110  10.000  10.162  8.304
22.120  10.000  10.168  8.072
22.130  10.000  10.188  7.856
22.140  10.000  10.063  7.708
22.150  10.000  10.223  7.508
22.160  10.000  10.094  7.204
22.170  10.000  10.148  6.829
22.180  10.000  10.004  6.540
22.190  10.000  10.095  6.253
22.200  10.000  10.034  5.875
22.210  10.000  9.985  5.521
22.220  10.000  9.982  5.170
22.230  10.000  9.988  4.848
22.240  10.000  9.986  4.490
22.250  10.000  9.904  4.107
22.260  10.000  10.045  3.698
22.270  10.000  9.912  3.218
22.280  10.000  9.866  2.788
22.290  10.000  9.856  2.373
22.300  10.000  9.867  1.994
22.310  10.000  9.889  1.628
22.320  10.000  9.802  1.252
22.330  10.000  9.680  0.947
22.340  10.000  9.879  0.571
22.350  10.000  9.808  0.190
22.360  10.000  9.815  -0.158
22.370  10.000  9.823  -0.483
22.380  10.000  9.620  -0.738
22.390  10.000  9.816  -1.023
22.400  10.000  9.886  -1.316
22.410  10.000  9.897  -1.432
22.420  10.000  9.892  -1.427
22.430  10.000  9.905  -1.406
22.440  10.000  9.968  -1.267
22.450  10.000  9.831  -1.052
22.460  10.000  9.903  -0.913
22.470  10.000  9.918  -0.716
22.480  10.000  9.834  -0.397
22.490  10.000  9.976  -0.157
22.500  10.000  9.943  0.061
22.510  10.000  9.949  0.369
22.520  10.000  9.941  0.721
22.530  10.000  10.009  1.084
22.540  10.000  10.069  1.490
22.550  10.000  10.077  1.861
22.560  10.000  10.125  2.183
22.570  10.000  10.118  2.433
22.580  10.000  10.074  2.732
22.590  10.000  10.215  3.049
22.600  10.000  10.030  3.445
22.610  10.000  10.153  3.806
22.620  10.000  10.308  4.071
22.630  10.000  10.187  4.419
22.640  10.000  10.216  4.631
22.650  10.000  10.275  4.855
22.660  10.000  10.375  5.069
22.670  10.000  10.274  5.290
22.680  10.000  10.239  5.574
22.690  10.000  10.156  5.725
22.700  10.000  10.200  5.816
22.710  10.000  10.181  5.856
22.720  12.500  10.149  5.759
22.730  15.000  10.313  5.586
22.740  17.500  10.881  6.046
22.750  20.000  12.417  7.800
22.760  22.499  13.976  10.707
22.770  25.000  14.744  14.597
22.780  27.499  15.703  19.053
22.790  29.999  18.015  24.343
22.800  32.499  18.502  30.690
22.810  34.999  19.791  36.972
22.820  35.000  20.006  43.313
22.830  35.000  20.443  50.058
22.840  35.000  20.731  56.336
22.850  35.000  20.985  62.526
22.860  35.000  21.377  68.851
22.870  35.000  22.093  74.993
22.880  35.000  22.496  81.103
22.890  35.000  22.516  87.037
22.900  35.000  22.731  92.875
22.910  35.000  23.107  98.975
22.920  35.000  23.488  105.074
22.930  35.000  23.525  111.228
22.940  35.000  24.399  117.093
22.950  35.000  23.902  123.238
22.960  35.000  24.920  129.584
22.970  35.000  25.166  135.496
22.980  35.000  25.299  141.850
22.990  35.000  25.737  148.082
23.000  35.000  26.129  153.902
23.010  35.000  26.248  160.008
23.020  35.000  26.570  166.261
23.030  35.000  27.092  172.184
23.040  35.000  27.080  177.953
23.050  35.000  27.891  183.792
23.060  35.000  27.613  190.020
23.070  35.000  28.497  196.074
23.080  35.000  28.606  202.025
23.090  35.000  28.980  207.673
23.100  35.000  29.276  213.099
23.110  35.000  29.688  218.918
23.120  35.000  29.571  224.937
23.130  35.000  30.083  231.018
23.140  35.000  30.459  236.681
23.150  35.000  30.750  242.341
23.160  35.000  30.644  248.177
23.170  35.000  31.322  253.828
23.180  35.000  31.299  259.608
23.190  35.000  31.778  265.528
23.200  35.000  32.186  271.138
23.210  35.000  32.211  276.726
23.220  35.000  32.640  282.448
23.230  35.000  32.748  288.208
23.240  35.000  33.224  293.812
23.250  35.000  33.536  299.455
23.260  35.000  33.298  305.655
23.270  35.000  33.778  311.760
23.280  35.000  34.429  317.420
23.290  35.000  34.218  323.223
23.300  35.000  34.950  329.022
23.310  35.000  35.490  334.450
23.320  35.000  35.317  339.826
23.330  35.000  35.460  345.305
23.340  35.000  35.469  350.812
23.350  35.000  35.418  356.230
23.360  35.000  36.047  361.331
23.370  35.000  36.163  366.446
23.380  35.000  36.397  371.837
23.390  35.000  36.092  376.850
23.400  35.000  35.449  381.835
23.410  35.000  35.427  386.943
23.420  35.000  35.176  391.609
23.430  35.000  35.492  395.799
23.440  35.000  35.385  399.679
23.450  35.000  35.488  403.607
23.460  35.000  35.336  407.670
23.470  35.000  35.748  411.457
23.480  35.000  35.782  415.022
23.490  35.000  35.820  418.883
23.500  35.000  36.167  422.764
23.510  35.000  36.382  426.425
23.520  35.000  36.327  429.874
23.530  35.000  35.824  433.269
23.540  35.000  35.755  436.507
23.550  35.000  35.369  439.519
23.560  35.000  35.862  442.406
23.570  35.000  35.296  445.112
23.580  35.000  35.663  447.465
23.590  35.000  35.482  449.712
23.600  35.000  35.198  452.091
23.610  35.000  35.364  454.267
23.620  35.000  35.456  456.281
23.630  35.000  35.925  458.191
23.640  35.000  35.819  460.106
23.650  35.000  35.895  462.014
23.660  35.000  35.595  463.886
23.670  35.000  36.020  465.404
23.680  35.000  35.594  466.641
23.690  35.000  35.208  467.870
23.700  35.000  35.491  468.841
23.710  35.000  35.732  469.643
23.720  10.000  34.859  470.367
23.730  10.000  34.224  468.376
23.740  10.000  29.112  459.618
23.750  10.000  23.092  450.533
23.760  10.000  23.656  442.586
23.770  10.000  22.394  433.712
23.780  10.000  21.886  426.325
23.790  10.000  21.370  418.878
23.800  10.000  21.103  411.512
23.810  10.000  20.808  403.982
23.820  10.000  20.401  396.457
23.830  10.000  20.102  389.000
23.840  10.000  19.758  381.574
23.850  10.000  19.587  374.403
23.860  10.000  19.192  367.353
23.870  10.000  18.964  360.299
23.880  10.000  18.653  353.350
23.890  10.000  18.561  346.561
23.900  10.000  18.192  339.725
23.910  10.000  17.825  332.707
23.920  10.000  17.724  325.789
23.930  10.000  17.440  318.903
23.940  10.000  17.101  312.089
23.950  10.000  16.894  305.507
23.960  10.000  16.664  298.998
23.970  10.000  16.375  292.387
23.980  10.000  16.164  285.782
23.990  10.000  15.905  279.449
24.000  10.000  15.746  272.952
24.010  10.000  15.461  266.583
24.020  10.000  15.197  260.499
24.030  10.000  15.141  254.331
24.040  10.000  14.969  248.208
24.050  10.000  14.571  242.180
24.060  10.000  14.459  236.188
24.070  10.000  14.307  229.934
24.080  10.000  13.955  223.904
24.090  10.000  13.756  217.550
24.100  10.000  13.429  211.192
24.110  10.000  13.296  205.666
24.120  10.000  12.931  199.447
24.130  10.000  12.835  193.320
24.140  10.000  12.685  187.880
24.150  10.000  12.425  182.369
24.160  10.000  12.305  176.993
24.170  10.000  12.140  171.651
24.180  10.000  12.074  166.297
24.190  10.000  11.857  160.880
24.200  10.000  11.671  155.516
24.210  10.000  11.480  150.217
24.220  10.000  11.313  144.921
24.230  10.000  11.237  139.761
24.240  10.000  11.058  134.667
24.250  10.000  10.816  129.516
24.260  10.000  10.619  124.449
24.270  10.000  10.547  119.260
24.280  10.000  10.374  114.021
24.290  10.000  10.160  109.034
24.300  10.000  10.131  104.082
24.310  10.000  10.083  99.221
24.320  10.000  9.874  94.475
24.330  10.000  9.711  89.631
24.340  10.000  9.532  84.856
24.350  10.000  9.277  80.177
24.360  10.000  9.342  75.729
24.370  10.000  9.167  71.545
24.380  10.000  9.300  67.648
24.390  10.000  9.240  64.125
24.400  10.000  9.522  60.781
24.410  10.000  9.736  57.481
24.420  10.000  9.856  54.260
24.430  10.000  9.893  51.165
24.440  10.000  9.867  48.103
24.450  10.000  9.890  45.151
24.460  10.000  9.841  42.280
24.470  10.000  9.937  39.471
24.480  10.000  9.756  36.751
24.490  10.000  9.794  34.105
24.500  10.000  9.781  31.557
24.510  10.000  9.816  29.146
24.520  10.000  9.872  26.827
24.530  10.000  9.925  24.567
24.540  10.000  9.783  22.421
24.550  10.000  9.798  20.386
24.560  10.000  9.861  18.349
24.570  10.000  9.835  16.371
24.580  10.000  9.860  14.496
24.590  10.000  9.770  12.631
24.600  10.000  9.740  10.877
24.610  10.000  9.703  9.294
24.620  10.000  9.748  7.824
24.630  10.000  9.920  6.312
24.640  10.000  9.856  4.875
24.650  10.000  9.771  3.616
24.660  10.000  9.845  2.367
24.670  10.000  9.910  1.176
24.680  10.000  9.860  0.086
24.690  10.000  9.714  -0.898
24.700  10.000  9.707  -1.775
24.710  10.000  9.858  -2.566
24.720  10.000  9.961  -3.248
24.730  10.000  9.862  -3.848
24.740  10.000  9.856  -4.410
24.750  10.000  9.885  -4.883
24.760  10.000  10.038  -5.316
24.770  10.000  9.873  -5.695
24.780  10.000  9.916  -5.976
24.790  10.000  9.862  -6.289
24.800  10.000  9.962  -6.552
24.810  10.000  9.881  -6.681
24.820  10.000  9.893  -6.737
24.830  10.000  9.900  -6.817
24.840  10.000  9.926  -6.858
24.850  10.000  9.925  -6.829
24.860  10.000  9.857  -6.727
24.870  10.000  9.908  -6.545
24.880  10.000  10.103  -6.367
24.890  10.000  9.958  -6.128
24.900  10.000  10.004  -5.850
24.910  10.000  9.874  -5.519
24.920  10.000  10.076  -5.307
24.930  10.000  10.122  -5.111
24.940  10.000  10.104  -4.780
24.950  10.000  10.122  -4.461
24.960  10.000  10.094  -4.202
24.970  10.000  10.073  -3.935
24.980  10.000  10.004  -3.646
24.990  10.000  10.088  -3.436
25.000  10.000  10.284  -3.267
25.010  10.000  10.154  -3.111
25.020  10.000  10.165  -2.878
25.030  10.000  10.157  -2.661
25.040  10.000  10.088  -2.505
25.050  10.000  10.195  -2.334
25.060  10.000  10.205  -2.181
25.070  10.000  10.118  -2.071
25.080  10.000  10.189  -2.031
25.090  10.000  10.175  -2.014
25.100  10.000  10.321  -1.971
25.110  10.000  10.266  -1.998
25.120  10.000  10.196  -2.218
25.130  10.000  10.199  -2.523
25.140  10.000  10.116  -2.757
25.150  10.000  10.055  -2.929
25.160  10.000  10.090  -3.157
25.170  10.000  10.051  -3.516
25.180  10.000  10.122  -3.893
25.190  10.000  9.932  -4.097
25.200  10.000  10.081  -4.342
25.210  10.000  10.065  -4.700
25.220  10.000  10.042  -5.031
25.230  10.000  10.109  -5.379
25.240  10.000  9.981  -5.721
25.250  10.000  10.092  -6.113
25.260  10.000  9.988  -6.528
25.270  10.000  9.919  -6.875
25.280  10.000  9.926  -7.260
25.290  10.000  9.874  -7.709
25.300  10.000  9.980  -8.142
25.310  10.000  9.922  -8.530
25.320  10.000  9.874  -8.851
25.330  10.000  9.874  -9.237
25.340  10.000  9.858  -9.695
25.350  10.000  9.764  -10.054
25.360  10.000  9.900  -10.358
25.370  10.000  9.784  -10.578
25.380  10.000  9.735  -10.841
25.390  10.000  9.658  -11.122
25.400  10.000  9.742  -11.359
25.410  10.000  9.878  -11.675
25.420  10.000  9.940  -11.906
25.430  10.000  9.907  -12.053
25.440  10.000  9.937  -12.175
25.450  10.000  9.758  -12.286
25.460  10.000  9.859  -12.394
25.470  10.000  9.837  -12.400
25.480  10.000  9.898  -12.237
25.490  10.000  9.954  -12.048
25.500  10.000  9.900  -11.802
25.510  10.000  9.921  -11.458
25.520  10.000  9.894  -11.179
25.530  10.000  10.186  -10.998
25.540  10.000  10.067  -10.804
25.550  10.000  10.006  -10.507
25.560  10.000  9.962  -10.123
25.570  10.000  10.139  -9.807
25.580  10.000  10.045  -9.541
25.590  10.000  10.321  -9.371
25.600  10.000  10.070  -9.241
25.610  10.000  10.076  -9.026
25.620  10.000  10.071  -8.793
25.630  10.000  10.129  -8.498
25.640  10.000  10.209  -8.269
25.650  10.000  10.274  -8.114
25.660  10.000  10.179  -7.887
25.670  10.000  10.049  -7.620
25.680  10.000  10.144  -7.388
25.690  10.000  10.237  -7.246
25.700  10.000  10.215  -7.153
25.710  10.000  10.272  -7.033
25.720  10.000  10.017  -6.873
25.730  12.499  10.055  -6.699
25.740  14.999  10.116  -6.415
25.750  17.499  11.045  -5.468
25.760  19.999  12.457  -3.304
25.770  22.499  14.119  0.017
25.780  24.999  15.004  4.097
25.790  27.499  16.097  9.085
25.800  29.999  17.797  15.226
25.810  32.499  18.372  21.957
25.820  34.999  19.499  28.367
25.830  35.000  20.120  34.619
25.840  35.000  20.506  40.987
25.850  35.000  21.014  47.259
25.860  35.000  21.073  53.653
25.870  35.000  21.855  59.904
25.880  35.000  22.225  66.043
25.890  35.000  22.550  72.114
25.900  35.000  22.706  78.153
25.910  35.000  23.102  84.265
25.920  35.000  23.266  90.667
25.930  35.000  23.541  97.362
25.940  35.000  24.228  103.414
25.950  35.000  24.288  109.189
25.960  35.000  24.252  115.588
25.970  35.000  24.552  121.897
25.980  35.000  25.408  127.673
25.990  35.000  25.096  134.130
26.000  35.000  25.793  140.763
26.010  35.000  25.821  147.110
26.020  35.000  26.549  153.283
26.030  35.000  26.871  158.986
26.040  35.000  27.059  164.861
26.050  35.000  27.522  171.095
26.060  35.000  27.496  177.479
26.070  35.000  27.410  184.126
26.080  35.000  28.484  190.202
26.090  35.000  28.575  196.045
26.100  35.000  28.832  202.451
26.110  35.000  29.052  208.647
26.120  35.000  29.547  214.453
26.130  35.000  29.658  220.064
26.140  35.000  29.907  225.992
26.150  35.000  30.174  232.079
26.160  35.000  30.628  238.195
26.170  35.000  30.872  244.411
26.180  35.000  31.429  250.467
26.190  35.000  31.571  256.520
26.200  35.000  31.499  262.594
26.210  35.000  32.343  268.232
26.220  35.000  32.427  273.888
26.230  35.000  32.702  279.952
26.240  35.000  32.985  286.151
26.250  35.000  33.368  292.005
26.260  35.000  33.602  297.603
26.270  35.000  33.559  303.765
26.280  35.000  33.940  310.038
26.290  35.000  34.239  316.128
26.300  35.000  34.804  322.162
26.310  35.000  35.070  327.982
26.320  35.000  35.082  333.801
26.330  35.000  35.518  339.454
26.340  35.000  35.153  345.013
26.350  35.000  35.869  350.588
26.360  35.000  35.446  356.004
26.370  35.000  35.820  361.545
26.380  35.000  36.174  367.204
26.390  35.000  36.647  372.428
26.400  35.000  36.568  377.266
26.410  35.000  35.165  382.211
26.420  35.000  35.636  386.929
26.430  35.000  35.323  391.115
26.440  35.000  35.570  395.104
26.450  35.000  35.120  399.119
26.460  35.000  35.542  402.786
26.470  35.000  35.139  406.656
26.480  35.000  35.700  410.801
26.490  35.000  35.747  414.740
26.500  35.000  35.522  418.798
26.510  35.000  36.748  422.669
26.520  35.000  36.626  426.262
26.530  35.000  36.107  429.686
26.540  35.000  36.204  432.841
26.550  35.000  34.874  435.925
26.560  35.000  35.887  438.843
26.570  35.000  35.627  441.516
26.580  35.000  34.941  444.109
26.590  35.000  35.596  446.566
26.600  35.000  35.879  449.015
26.610  35.000  34.876  451.518
26.620  35.000  35.602  453.919
26.630  35.000  35.493  456.136
26.640  35.000  35.838  458.115
