# covent_pc_3
# Captured 2020-06-21 02:43:09.563252 by unknown user
# Built at revision ace2394 (dirty)
time(sec)  pc_setpoint  pressure  volume
0.000  5.000  6.060  56.530
0.010  5.000  5.909  53.328
0.020  5.000  5.712  50.190
0.030  5.000  5.628  47.069
0.040  5.000  5.492  44.043
0.050  5.000  5.459  41.027
0.060  5.000  5.308  37.986
0.070  5.000  5.215  35.028
0.080  5.000  5.069  32.111
0.090  5.000  4.952  29.258
0.100  5.000  4.812  26.465
0.110  5.000  4.669  23.765
0.120  5.000  4.516  21.234
0.130  5.000  4.511  18.858
0.140  5.000  4.440  16.640
0.150  5.000  4.454  14.599
0.160  5.000  4.413  12.773
0.170  5.000  4.375  11.190
0.180  5.000  4.456  9.775
0.190  5.000  4.499  8.527
0.200  5.000  4.571  7.487
0.210  5.000  4.531  6.662
0.220  5.000  4.529  6.047
0.230  5.000  4.542  5.675
0.240  5.000  4.555  5.481
0.250  5.000  4.584  5.399
0.260  5.000  4.615  5.474
0.270  5.000  4.634  5.682
0.280  5.000  4.652  6.075
0.290  5.000  4.700  6.599
0.300  5.000  4.721  7.155
0.310  5.000  4.801  7.836
0.320  5.000  4.814  8.675
0.330  5.000  4.928  9.619
0.340  5.000  4.885  10.645
0.350  5.000  4.962  11.726
0.360  5.000  5.065  12.796
0.370  5.000  5.169  13.787
0.380  5.000  5.084  14.744
0.390  5.000  5.242  15.728
0.400  5.000  5.312  16.769
0.410  5.000  5.332  17.712
0.420  5.000  5.558  18.477
0.430  5.000  5.448  19.307
0.440  5.000  5.600  20.221
0.450  5.000  5.471  21.019
0.460  5.000  5.468  21.667
0.470  5.000  5.395  22.151
0.480  5.000  5.487  22.430
0.490  5.000  5.397  22.654
0.500  5.000  5.370  22.715
0.510  5.000  5.494  22.546
0.520  5.000  5.346  22.288
0.530  5.000  5.322  21.928
0.540  5.000  5.309  21.408
0.550  5.000  5.345  20.663
0.560  5.000  5.283  19.823
0.570  5.000  5.155  18.983
0.580  5.000  5.186  18.094
0.590  5.000  5.171  17.160
0.600  5.000  5.107  16.164
0.610  5.000  4.995  15.082
0.620  5.000  4.916  14.028
0.630  5.000  4.897  13.082
0.640  5.000  4.848  12.073
0.650  5.000  4.848  11.035
0.660  5.000  4.852  10.014
0.670  5.000  4.798  9.045
0.680  5.000  4.755  8.121
0.690  5.000  4.765  7.149
0.700  5.000  4.717  6.259
0.710  5.000  4.660  5.428
0.720  5.000  4.604  4.706
0.730  5.000  4.678  4.130
0.740  5.000  4.561  3.696
0.750  5.000  4.708  3.353
0.760  5.000  4.641  3.127
0.770  5.000  4.682  3.098
0.780  5.000  4.683  3.231
0.790  5.000  4.704  3.509
0.800  5.000  4.738  3.822
0.810  5.000  4.729  4.158
0.820  5.000  4.772  4.609
0.830  5.000  4.778  5.135
0.840  5.000  4.796  5.799
0.850  5.000  4.813  6.657
0.860  5.000  4.994  7.491
0.870  5.000  5.043  8.298
0.880  5.000  4.957  9.183
0.890  5.000  4.970  10.083
0.900  5.000  5.024  10.938
0.910  5.000  5.204  11.753
0.920  5.000  5.166  12.520
0.930  5.000  5.215  13.272
0.940  5.000  5.177  14.056
0.950  5.000  5.298  14.778
0.960  5.000  5.347  15.379
0.970  5.000  5.432  15.975
0.980  5.000  5.392  16.587
0.990  5.000  5.249  17.194
1.000  5.000  5.314  17.704
1.010  5.000  5.270  18.049
1.020  5.000  5.359  18.305
1.030  5.000  5.366  18.464
1.040  5.000  5.397  18.465
1.050  5.000  5.394  18.236
1.060  5.000  5.255  17.841
1.070  5.000  5.332  17.359
1.080  5.000  5.303  16.890
1.090  5.000  5.206  16.353
1.100  5.000  5.205  15.682
1.110  5.000  5.091  15.017
1.120  5.000  5.142  14.282
1.130  5.000  5.113  13.423
1.140  5.000  5.051  12.548
1.150  5.000  4.964  11.648
1.160  5.000  4.980  10.751
1.170  5.000  4.931  9.912
1.180  5.000  4.948  9.094
1.190  5.000  4.865  8.239
1.200  7.500  4.804  7.287
1.210  10.000  4.945  6.722
1.220  12.500  5.159  7.477
1.230  15.000  6.960  9.578
1.240  17.500  8.290  12.676
1.250  20.000  8.651  16.877
1.260  22.500  8.640  22.288
1.270  25.000  9.760  28.273
1.280  27.500  9.817  34.966
1.290  30.000  10.423  42.290
1.300  30.000  10.342  50.410
1.310  30.000  10.607  58.541
1.320  30.000  10.853  65.414
1.330  30.000  11.379  72.145
1.340  30.000  11.548  79.174
1.350  30.000  12.549  85.979
1.360  30.000  13.030  92.399
1.370  30.000  13.494  98.524
1.380  30.000  13.152  105.965
1.390  30.000  14.324  113.413
1.400  30.000  13.843  119.944
1.410  30.000  14.699  126.761
1.420  30.000  14.739  134.008
1.430  30.000  15.089  141.706
1.440  30.000  15.373  149.204
1.450  30.000  15.803  156.179
1.460  30.000  16.647  162.168
1.470  30.000  16.929  168.257
1.480  30.000  16.864  174.759
1.490  30.000  17.054  181.571
1.500  30.000  17.947  188.274
1.510  30.000  17.802  194.749
1.520  30.000  18.573  201.430
1.530  30.000  18.582  208.007
1.540  30.000  19.375  214.376
1.550  30.000  19.136  220.795
1.560  30.000  19.481  226.969
1.570  30.000  20.400  233.020
1.580  30.000  20.251  239.607
1.590  30.000  20.661  246.147
1.600  30.000  21.069  252.315
1.610  30.000  21.702  258.369
1.620  30.000  21.664  264.703
1.630  30.000  22.021  271.216
1.640  30.000  22.840  277.242
1.650  30.000  22.394  283.609
1.660  30.000  23.009  290.391
1.670  30.000  23.439  296.847
1.680  30.000  23.434  303.176
1.690  30.000  23.843  309.617
1.700  30.000  24.235  316.159
1.710  30.000  24.503  322.559
1.720  30.000  24.913  328.999
1.730  30.000  25.382  335.250
1.740  30.000  25.617  341.204
1.750  30.000  25.959  347.258
1.760  30.000  25.986  353.686
1.770  30.000  26.153  360.424
1.780  30.000  26.898  366.748
1.790  30.000  27.142  372.538
1.800  30.000  27.387  378.370
1.810  30.000  27.991  384.177
1.820  30.000  28.212  389.968
1.830  30.000  28.190  396.118
1.840  30.000  28.982  402.200
1.850  30.000  28.820  408.174
1.860  30.000  29.420  414.108
1.870  30.000  29.461  420.149
1.880  30.000  30.039  426.350
1.890  30.000  30.156  432.576
1.900  30.000  30.741  438.658
1.910  30.000  30.647  444.987
1.920  30.000  30.150  451.789
1.930  30.000  31.414  457.777
1.940  30.000  31.383  463.245
1.950  30.000  31.903  468.681
1.960  30.000  31.873  473.900
1.970  30.000  30.819  478.611
1.980  30.000  31.113  482.806
1.990  30.000  31.493  486.768
2.000  30.000  32.390  490.474
2.010  30.000  32.721  494.323
2.020  30.000  31.998  498.116
2.030  30.000  30.997  501.462
2.040  30.000  30.650  504.463
2.050  30.000  31.251  507.018
2.060  30.000  32.347  509.255
2.070  30.000  32.590  511.533
2.080  30.000  31.744  513.339
2.090  30.000  30.490  514.305
2.100  30.000  30.571  514.914
2.110  30.000  30.967  515.411
2.120  30.000  31.752  515.499
2.130  30.000  31.873  515.134
2.140  30.000  30.676  514.514
2.150  30.000  30.594  513.654
2.160  30.000  30.313  512.568
2.170  30.000  30.931  511.200
2.180  30.000  30.339  509.600
2.190  30.000  29.958  507.828
2.200  5.000  29.964  505.844
2.210  5.000  29.347  501.607
2.220  5.000  24.387  492.355
2.230  5.000  23.016  483.300
2.240  5.000  23.916  474.967
2.250  5.000  23.945  466.207
2.260  5.000  23.239  458.166
2.270  5.000  22.824  449.898
2.280  5.000  22.321  442.632
2.290  5.000  21.773  435.328
2.300  5.000  21.593  427.994
2.310  5.000  21.286  420.529
2.320  5.000  20.963  413.171
2.330  5.000  20.413  406.156
2.340  5.000  20.065  398.957
2.350  5.000  19.695  391.789
2.360  5.000  19.517  384.923
2.370  5.000  19.238  377.779
2.380  5.000  18.798  370.717
2.390  5.000  18.611  363.830
2.400  5.000  18.283  356.895
2.410  5.000  17.859  350.322
2.420  5.000  17.683  343.597
2.430  5.000  17.396  336.599
2.440  5.000  17.217  329.981
2.450  5.000  16.978  323.647
2.460  5.000  16.553  317.266
2.470  5.000  16.438  310.662
2.480  5.000  16.144  304.162
2.490  5.000  15.868  297.924
2.500  5.000  15.817  291.733
2.510  5.000  15.461  285.853
2.520  5.000  15.211  279.947
2.530  5.000  15.052  273.936
2.540  5.000  14.692  267.990
2.550  5.000  14.517  262.149
2.560  5.000  14.240  256.323
2.570  5.000  13.945  250.560
2.580  5.000  13.796  244.870
2.590  5.000  13.608  239.171
2.600  5.000  13.367  233.595
2.610  5.000  13.148  227.941
2.620  5.000  12.945  222.291
2.630  5.000  12.664  216.795
2.640  5.000  12.417  211.402
2.650  5.000  12.231  206.030
2.660  5.000  12.090  200.814
2.670  5.000  11.825  195.617
2.680  5.000  11.687  190.488
2.690  5.000  11.400  185.448
2.700  5.000  11.159  180.421
2.710  5.000  10.995  175.399
2.720  5.000  10.773  170.460
2.730  5.000  10.641  165.726
2.740  5.000  10.358  160.931
2.750  5.000  10.185  156.109
2.760  5.000  10.075  151.415
2.770  5.000  9.888  146.740
2.780  5.000  9.671  142.159
2.790  5.000  9.568  137.624
2.800  5.000  9.397  133.079
2.810  5.000  9.151  128.676
2.820  5.000  8.958  124.296
2.830  5.000  8.806  119.986
2.840  5.000  8.627  115.832
2.850  5.000  8.454  111.643
2.860  5.000  8.336  107.387
2.870  5.000  8.141  103.228
2.880  5.000  7.949  99.201
2.890  5.000  7.807  95.234
2.900  5.000  7.640  91.355
2.910  5.000  7.468  87.482
2.920  5.000  7.312  83.604
2.930  5.000  7.191  79.828
2.940  5.000  7.098  76.061
2.950  5.000  6.939  72.368
2.960  5.000  6.805  68.763
2.970  5.000  6.551  65.214
2.980  5.000  6.421  61.779
2.990  5.000  6.345  58.345
3.000  5.000  6.174  54.918
3.010  5.000  6.073  51.595
3.020  5.000  5.922  48.264
3.030  5.000  5.775  44.965
3.040  5.000  5.641  41.792
3.050  5.000  5.482  38.706
3.060  5.000  5.379  35.672
3.070  5.000  5.291  32.668
3.080  5.000  5.154  29.695
3.090  5.000  5.069  26.704
3.100  5.000  4.977  23.763
3.110  5.000  4.849  20.919
3.120  5.000  4.775  18.134
3.130  5.000  4.651  15.428
3.140  5.000  4.567  12.829
3.150  5.000  4.440  10.395
3.160  5.000  4.432  8.180
3.170  5.000  4.442  6.178
3.180  5.000  4.394  4.340
3.190  5.000  4.440  2.728
3.200  5.000  4.421  1.389
3.210  5.000  4.497  0.266
3.220  5.000  4.523  -0.647
3.230  5.000  4.566  -1.401
3.240  5.000  4.505  -1.969
3.250  5.000  4.558  -2.314
3.260  5.000  4.510  -2.463
3.270  5.000  4.535  -2.452
3.280  5.000  4.587  -2.355
3.290  5.000  4.619  -2.086
3.300  5.000  4.678  -1.629
3.310  5.000  4.741  -1.053
3.320  5.000  4.709  -0.337
3.330  5.000  4.821  0.471
3.340  5.000  4.920  1.313
3.350  5.000  4.946  2.241
3.360  5.000  4.992  3.176
3.370  5.000  5.001  4.156
3.380  5.000  5.098  5.294
3.390  5.000  5.173  6.347
3.400  5.000  5.191  7.297
3.410  5.000  5.320  8.238
3.420  5.000  5.304  9.177
3.430  5.000  5.464  10.082
3.440  5.000  5.485  10.935
3.450  5.000  5.496  11.833
3.460  5.000  5.497  12.715
3.470  5.000  5.504  13.407
3.480  5.000  5.410  14.026
3.490  5.000  5.493  14.529
3.500  5.000  5.480  14.782
3.510  5.000  5.558  14.898
3.520  5.000  5.555  14.756
3.530  5.000  5.505  14.290
3.540  5.000  5.383  13.580
3.550  5.000  5.306  12.760
3.560  5.000  5.359  11.910
3.570  5.000  5.295  10.950
3.580  5.000  5.321  9.797
3.590  5.000  5.185  8.558
3.600  5.000  4.929  7.399
3.610  5.000  5.131  6.228
3.620  5.000  4.947  5.001
3.630  5.000  4.970  3.790
3.640  5.000  4.885  2.579
3.650  5.000  4.861  1.403
3.660  5.000  4.812  0.290
3.670  5.000  4.760  -0.779
3.680  5.000  4.739  -1.876
3.690  5.000  4.777  -3.001
3.700  5.000  4.573  -4.047
3.710  5.000  4.627  -4.971
3.720  5.000  4.653  -5.782
3.730  5.000  4.677  -6.504
3.740  5.000  4.634  -7.055
3.750  5.000  4.638  -7.477
3.760  5.000  4.715  -7.865
3.770  5.000  4.660  -8.108
3.780  5.000  4.573  -8.193
3.790  5.000  4.621  -8.160
3.800  5.000  4.675  -7.908
3.810  5.000  4.758  -7.452
3.820  5.000  4.807  -6.982
3.830  5.000  4.731  -6.468
3.840  5.000  4.762  -5.946
3.850  5.000  4.836  -5.373
3.860  5.000  4.930  -4.646
3.870  5.000  4.967  -3.860
3.880  5.000  5.021  -3.015
3.890  5.000  4.949  -2.106
3.900  5.000  5.029  -1.248
3.910  5.000  5.067  -0.329
3.920  5.000  5.116  0.549
3.930  5.000  5.229  1.251
3.940  5.000  5.259  1.881
3.950  5.000  5.302  2.484
3.960  5.000  5.293  3.210
3.970  5.000  5.365  3.961
3.980  5.000  5.345  4.709
3.990  5.000  5.375  5.362
4.000  5.000  5.459  5.764
4.010  5.000  5.392  6.006
4.020  5.000  5.307  6.196
4.030  5.000  5.222  6.365
4.040  5.000  5.391  6.335
4.050  5.000  5.323  6.175
4.060  5.000  5.386  5.963
4.070  5.000  5.211  5.667
4.080  5.000  5.304  5.245
4.090  5.000  5.222  4.645
4.100  5.000  5.219  3.913
4.110  5.000  5.219  3.132
4.120  5.000  5.134  2.387
4.130  5.000  5.122  1.600
4.140  5.000  5.042  0.749
4.150  5.000  5.006  -0.143
4.160  5.000  5.018  -1.047
4.170  5.000  5.059  -1.938
4.180  5.000  4.948  -2.810
4.190  5.000  4.880  -3.694
4.200  5.000  4.814  -4.572
4.210  7.500  4.854  -5.457
4.220  10.000  4.971  -5.975
4.230  12.501  5.154  -5.141
4.240  15.000  6.810  -2.940
4.250  17.500  8.198  0.302
4.260  20.000  8.870  4.520
4.270  22.500  8.456  9.947
4.280  25.000  9.991  16.395
4.290  27.500  10.004  23.387
4.300  30.000  10.537  30.340
4.310  30.000  10.719  36.789
4.320  30.000  10.698  43.324
4.330  30.000  11.109  50.224
4.340  30.000  11.103  58.132
4.350  30.000  11.530  66.126
4.360  30.000  11.977  73.103
4.370  30.000  13.315  79.578
4.380  30.000  13.017  86.461
4.390  30.000  12.924  94.770
4.400  30.000  13.736  102.890
4.410  30.000  13.918  110.052
4.420  30.000  14.147  117.242
4.430  30.000  14.547  124.040
4.440  30.000  15.662  130.205
4.450  30.000  15.056  137.508
4.460  30.000  16.112  144.782
4.470  30.000  16.015  151.252
4.480  30.000  16.450  158.237
4.490  30.000  16.884  164.825
4.500  30.000  17.391  171.167
4.510  30.000  17.493  177.952
4.520  30.000  17.935  184.791
4.530  30.000  18.641  191.333
4.540  30.000  18.561  197.752
4.550  30.000  18.994  204.187
4.560  30.000  19.422  210.868
4.570  30.000  19.254  217.759
4.580  30.000  20.127  224.301
4.590  30.000  20.543  230.590
4.600  30.000  20.640  237.617
4.610  30.000  21.013  244.585
4.620  30.000  21.494  250.797
4.630  30.000  21.272  257.198
4.640  30.000  22.261  263.584
4.650  30.000  22.617  269.754
4.660  30.000  22.488  276.169
4.670  30.000  22.815  282.611
4.680  30.000  23.007  289.225
4.690  30.000  23.706  295.576
4.700  30.000  24.084  301.741
4.710  30.000  24.389  307.819
4.720  30.000  24.569  313.722
4.730  30.000  24.823  320.172
4.740  30.000  25.264  326.655
4.750  30.000  25.672  332.717
4.760  30.000  26.140  338.624
4.770  30.000  26.505  344.565
4.780  30.000  27.037  350.423
4.790  30.000  26.282  356.735
4.800  30.000  27.131  363.078
4.810  30.000  27.335  369.155
4.820  30.000  27.831  375.485
4.830  30.000  27.952  381.729
4.840  30.000  28.270  387.925
4.850  30.000  29.005  393.886
4.860  30.000  28.520  400.317
4.870  30.000  29.295  406.940
4.880  30.000  30.356  412.505
4.890  30.000  29.623  418.052
4.900  30.000  30.819  423.785
4.910  30.000  30.151  429.508
4.920  30.000  31.015  435.338
4.930  30.000  30.731  440.956
4.940  30.000  31.011  446.686
4.950  30.000  31.594  452.473
4.960  30.000  31.994  457.953
4.970  30.000  31.155  463.158
4.980  30.000  31.004  467.995
4.990  30.000  30.971  472.330
5.000  30.000  31.291  476.768
5.010  30.000  32.049  481.118
5.020  30.000  32.071  485.221
5.030  30.000  31.591  489.151
5.040  30.000  31.582  492.670
5.050  30.000  31.198  495.676
5.060  30.000  30.950  498.344
5.070  30.000  32.213  500.871
5.080  30.000  32.646  502.999
5.090  30.000  32.142  504.834
5.100  30.000  30.877  506.175
5.110  30.000  30.399  506.834
5.120  30.000  30.877  507.226
5.130  30.000  31.711  507.471
5.140  30.000  31.675  507.411
5.150  30.000  31.235  506.797
5.160  30.000  30.780  505.766
5.170  30.000  30.552  504.445
5.180  30.000  30.668  502.927
5.190  30.000  30.370  501.208
5.200  30.000  30.294  499.099
5.210  5.000  29.857  496.818
5.220  5.000  29.047  492.395
5.230  5.000  24.091  483.222
5.240  5.000  23.191  474.316
5.250  5.000  23.672  465.991
5.260  5.000  24.269  457.177
5.270  5.000  23.061  449.972
5.280  5.000  22.858  442.638
5.290  5.000  22.023  435.312
5.300  5.000  21.856  427.897
5.310  5.000  21.626  420.310
5.320  5.000  21.300  412.452
5.330  5.000  20.742  404.908
5.340  5.000  20.192  397.950
5.350  5.000  20.024  390.997
5.360  5.000  19.839  384.011
5.370  5.000  19.551  377.145
5.380  5.000  19.270  370.313
5.390  5.000  18.951  363.552
5.400  5.000  18.494  356.866
5.410  5.000  18.346  350.326
5.420  5.000  17.961  343.195
5.430  5.000  17.776  336.014
5.440  5.000  17.386  329.577
5.450  5.000  17.064  323.018
5.460  5.000  17.094  316.638
5.470  5.000  16.668  310.297
5.480  5.000  16.326  303.840
5.490  5.000  16.172  297.690
5.500  5.000  16.050  291.679
5.510  5.000  15.763  285.599
5.520  5.000  15.594  279.469
5.530  5.000  15.101  273.455
5.540  5.000  15.104  267.555
5.550  5.000  14.801  261.799
5.560  5.000  14.494  255.914
5.570  5.000  14.242  249.886
5.580  5.000  13.948  244.170
5.590  5.000  13.567  238.635
5.600  5.000  13.488  233.059
5.610  5.000  13.393  227.260
5.620  5.000  13.163  221.396
5.630  5.000  12.987  215.925
5.640  5.000  12.667  210.527
5.650  5.000  12.438  205.205
5.660  5.000  12.168  199.943
5.670  5.000  11.967  194.579
5.680  5.000  11.855  189.375
5.690  5.000  11.776  184.208
5.700  5.000  11.393  179.180
5.710  5.000  11.164  174.297
5.720  5.000  11.029  169.454
5.730  5.000  10.744  164.569
5.740  5.000  10.612  159.790
5.750  5.000  10.557  155.041
5.760  5.000  10.289  150.184
5.770  5.000  9.977  145.593
5.780  5.000  9.779  141.127
5.790  5.000  9.662  136.635
5.800  5.000  9.567  132.236
5.810  5.000  9.423  127.830
5.820  5.000  9.128  123.470
5.830  5.000  8.951  119.162
5.840  5.000  8.817  114.756
5.850  5.000  8.696  110.463
5.860  5.000  8.506  106.351
5.870  5.000  8.364  102.307
5.880  5.000  8.146  98.357
5.890  5.000  7.926  94.517
5.900  5.000  7.807  90.702
5.910  5.000  7.710  86.875
5.920  5.000  7.564  83.025
5.930  5.000  7.379  79.161
5.940  5.000  7.233  75.424
5.950  5.000  7.050  71.822
5.960  5.000  6.917  68.228
5.970  5.000  6.817  64.646
5.980  5.000  6.616  61.196
5.990  5.000  6.452  57.842
6.000  5.000  6.364  54.444
6.010  5.000  6.322  51.095
6.020  5.000  6.108  47.799
6.030  5.000  5.972  44.505
6.040  5.000  5.788  41.298
6.050  5.000  5.683  38.172
6.060  5.000  5.584  35.084
6.070  5.000  5.494  32.063
6.080  5.000  5.351  29.110
6.090  5.000  5.162  26.238
6.100  5.000  5.208  23.316
6.110  5.000  5.067  20.396
6.120  5.000  4.942  17.582
6.130  5.000  4.772  14.822
6.140  5.000  4.642  12.186
6.150  5.000  4.571  9.685
6.160  5.000  4.434  7.330
6.170  5.000  4.466  5.168
6.180  5.000  4.447  3.183
6.190  5.000  4.445  1.418
6.200  5.000  4.413  -0.130
6.210  5.000  4.464  -1.479
6.220  5.000  4.535  -2.605
6.230  5.000  4.553  -3.580
6.240  5.000  4.492  -4.333
6.250  5.000  4.498  -4.816
6.260  5.000  4.557  -5.154
6.270  5.000  4.626  -5.358
6.280  5.000  4.617  -5.406
6.290  5.000  4.584  -5.267
6.300  5.000  4.565  -4.954
6.310  5.000  4.575  -4.552
6.320  5.000  4.706  -3.914
6.330  5.000  4.804  -3.187
6.340  5.000  4.931  -2.419
6.350  5.000  4.863  -1.431
6.360  5.000  4.849  -0.466
6.370  5.000  5.020  0.422
6.380  5.000  4.955  1.359
6.390  5.000  5.056  2.338
6.400  5.000  5.064  3.331
6.410  5.000  5.126  4.409
6.420  5.000  5.144  5.445
6.430  5.000  5.163  6.452
6.440  5.000  5.433  7.515
6.450  5.000  5.325  8.621
6.460  5.000  5.421  9.672
6.470  5.000  5.448  10.612
6.480  5.000  5.541  11.509
6.490  5.000  5.569  12.206
6.500  5.000  5.532  12.779
6.510  5.000  5.468  13.229
6.520  5.000  5.449  13.475
6.530  5.000  5.487  13.586
6.540  5.000  5.431  13.566
6.550  5.000  5.471  13.292
6.560  5.000  5.394  12.828
6.570  5.000  5.416  12.227
6.580  5.000  5.321  11.471
6.590  5.000  5.217  10.633
6.600  5.000  5.326  9.661
6.610  5.000  5.168  8.600
6.620  5.000  5.182  7.500
6.630  5.000  5.056  6.349
6.640  5.000  5.105  5.167
6.650  5.000  4.962  3.996
6.660  5.000  4.931  2.870
6.670  5.000  4.856  1.769
6.680  5.000  4.827  0.681
6.690  5.000  4.833  -0.411
6.700  5.000  4.768  -1.497
6.710  5.000  4.662  -2.527
6.720  5.000  4.662  -3.578
6.730  5.000  4.577  -4.573
6.740  5.000  4.677  -5.465
6.750  5.000  4.619  -6.230
6.760  5.000  4.505  -6.761
6.770  5.000  4.593  -7.067
6.780  5.000  4.639  -7.236
6.790  5.000  4.744  -7.380
6.800  5.000  4.669  -7.396
6.810  5.000  4.708  -7.316
6.820  5.000  4.677  -7.182
6.830  5.000  4.799  -6.947
6.840  5.000  4.827  -6.599
6.850  5.000  4.717  -6.042
6.860  5.000  4.689  -5.343
6.870  5.000  4.749  -4.634
6.880  5.000  4.917  -3.934
6.890  5.000  5.025  -3.209
6.900  5.000  5.002  -2.428
6.910  5.000  4.936  -1.585
6.920  5.000  5.061  -0.735
6.930  5.000  5.003  0.111
6.940  5.000  5.137  0.818
6.950  5.000  5.181  1.439
6.960  5.000  5.197  2.116
6.970  5.000  5.195  2.971
6.980  5.000  5.175  3.997
6.990  5.000  5.351  4.925
7.000  5.000  5.423  5.717
7.010  5.000  5.420  6.423
7.020  5.000  5.353  7.132
7.030  5.000  5.324  7.689
7.040  5.000  5.213  8.063
7.050  5.000  5.315  8.356
7.060  5.000  5.380  8.533
7.070  5.000  5.331  8.588
7.080  5.000  5.276  8.520
7.090  5.000  5.332  8.297
7.100  5.000  5.380  7.901
7.110  5.000  5.310  7.362
7.120  5.000  5.347  6.701
7.130  5.000  5.195  5.905
7.140  5.000  5.189  5.071
7.150  5.000  5.130  4.253
7.160  5.000  5.132  3.354
7.170  5.000  4.984  2.474
7.180  5.000  4.925  1.588
7.190  5.000  4.999  0.663
7.200  5.000  4.905  -0.178
7.210  5.000  4.940  -1.014
7.220  7.501  4.849  -1.837
7.230  10.000  4.962  -2.312
7.240  12.500  5.189  -1.566
7.250  15.000  6.940  0.540
7.260  17.500  8.347  3.628
7.270  20.000  8.964  7.805
7.280  22.500  8.812  13.016
7.290  25.000  9.868  19.295
7.300  27.500  10.075  26.362
7.310  30.000  10.269  33.449
7.320  30.000  10.559  40.215
7.330  30.000  10.634  46.825
7.340  30.000  10.927  53.720
7.350  30.000  11.102  60.788
7.360  30.000  11.841  67.675
7.370  30.000  12.668  74.182
7.380  30.000  12.728  80.730
7.390  30.000  13.202  87.193
7.400  30.000  13.390  93.431
7.410  30.000  13.993  99.680
7.420  30.000  14.080  107.121
7.430  30.000  14.173  115.263
7.440  30.000  14.905  122.087
7.450  30.000  15.414  128.398
7.460  30.000  15.893  134.679
7.470  30.000  15.805  141.693
7.480  30.000  16.331  148.891
7.490  30.000  16.684  155.600
7.500  30.000  16.679  162.096
7.510  30.000  17.201  168.488
7.520  30.000  17.522  175.268
7.530  30.000  18.075  181.883
7.540  30.000  18.181  188.371
7.550  30.000  18.913  194.817
7.560  30.000  19.196  200.962
7.570  30.000  19.422  207.010
7.580  30.000  19.738  213.365
7.590  30.000  19.974  220.007
7.600  30.000  20.561  226.508
7.610  30.000  20.892  232.853
7.620  30.000  21.195  239.126
7.630  30.000  21.440  245.421
7.640  30.000  21.236  252.182
7.650  30.000  22.086  258.876
7.660  30.000  22.471  265.323
7.670  30.000  22.880  271.700
7.680  30.000  22.584  278.396
7.690  30.000  23.571  284.700
7.700  30.000  23.613  290.602
7.710  30.000  23.889  297.225
7.720  30.000  24.370  303.824
7.730  30.000  24.683  310.049
7.740  30.000  25.009  316.170
7.750  30.000  25.152  322.206
7.760  30.000  25.828  328.177
7.770  30.000  25.842  334.289
7.780  30.000  26.329  340.424
7.790  30.000  26.700  346.752
7.800  30.000  26.805  353.068
7.810  30.000  27.031  359.283
7.820  30.000  27.766  365.460
7.830  30.000  27.459  371.766
7.840  30.000  28.135  378.140
7.850  30.000  28.715  384.328
7.860  30.000  28.443  391.082
7.870  30.000  28.837  397.892
7.880  30.000  29.274  403.869
7.890  30.000  29.998  409.688
7.900  30.000  30.335  415.645
7.910  30.000  30.027  421.690
7.920  30.000  30.706  427.733
7.930  30.000  30.700  433.649
7.940  30.000  31.000  439.329
7.950  30.000  30.994  444.957
7.960  30.000  31.739  450.511
7.970  30.000  31.718  456.015
7.980  30.000  30.809  461.302
7.990  30.000  30.811  465.947
8.000  30.000  30.902  470.470
8.010  30.000  31.341  474.801
8.020  30.000  32.027  478.776
8.030  30.000  32.591  482.618
8.040  30.000  32.049  486.491
8.050  30.000  31.496  490.042
8.060  30.000  30.630  493.051
8.070  30.000  31.611  495.796
8.080  30.000  32.017  498.349
8.090  30.000  32.626  500.682
8.100  30.000  32.140  502.458
8.110  30.000  30.650  503.689
8.120  30.000  30.279  504.509
8.130  30.000  31.226  504.971
8.140  30.000  31.725  505.175
8.150  30.000  31.901  504.959
8.160  30.000  31.297  504.199
8.170  30.000  30.635  503.115
8.180  30.000  30.230  501.882
8.190  30.000  30.848  500.372
8.200  30.000  30.453  498.511
8.210  30.000  29.939  496.320
8.220  5.000  29.770  493.979
8.230  5.000  29.065  489.354
8.240  5.000  24.464  479.910
8.250  5.000  23.271  470.905
8.260  5.000  23.857  462.660
8.270  5.000  24.179  453.924
8.280  5.000  23.053  446.400
8.290  5.000  22.762  438.750
8.300  5.000  22.187  431.318
8.310  5.000  21.954  423.947
8.320  5.000  21.736  416.696
8.330  5.000  21.390  409.491
8.340  5.000  21.111  402.275
8.350  5.000  20.866  395.043
8.360  5.000  20.374  387.911
8.370  5.000  20.130  380.846
8.380  5.000  19.966  373.949
8.390  5.000  19.467  366.834
8.400  5.000  19.282  359.683
8.410  5.000  18.878  352.795
8.420  5.000  18.455  346.067
8.430  5.000  18.124  339.381
8.440  5.000  17.779  332.804
8.450  5.000  17.473  326.409
8.460  5.000  17.154  319.796
8.470  5.000  16.855  313.409
8.480  5.000  16.798  307.197
8.490  5.000  16.441  300.461
8.500  5.000  16.137  293.870
8.510  5.000  16.032  287.751
8.520  5.000  15.773  281.626
8.530  5.000  15.493  275.443
8.540  5.000  15.263  269.575
8.550  5.000  15.092  263.741
8.560  5.000  14.900  257.655
8.570  5.000  14.509  251.861
8.580  5.000  14.163  246.079
8.590  5.000  13.799  240.390
8.600  5.000  13.645  234.824
8.610  5.000  13.507  229.200
8.620  5.000  13.378  223.661
8.630  5.000  13.107  218.166
8.640  5.000  12.903  212.716
8.650  5.000  12.635  207.242
8.660  5.000  12.348  201.934
8.670  5.000  12.180  196.833
8.680  5.000  11.912  191.718
8.690  5.000  11.828  186.377
8.700  5.000  11.678  181.118
8.710  5.000  11.308  176.098
8.720  5.000  11.116  171.190
8.730  5.000  10.963  166.351
8.740  5.000  10.658  161.547
8.750  5.000  10.551  156.841
8.760  5.000  10.443  152.167
8.770  5.000  10.135  147.597
8.780  5.000  9.954  143.102
8.790  5.000  9.865  138.473
8.800  5.000  9.684  133.963
8.810  5.000  9.535  129.623
8.820  5.000  9.323  125.283
8.830  5.000  9.081  120.969
8.840  5.000  8.970  116.692
8.850  5.000  8.736  112.489
8.860  5.000  8.698  108.237
8.870  5.000  8.624  104.064
8.880  5.000  8.295  99.994
8.890  5.000  8.166  95.900
8.900  5.000  7.974  91.893
8.910  5.000  7.810  87.978
8.920  5.000  7.685  84.200
8.930  5.000  7.513  80.480
8.940  5.000  7.447  76.717
8.950  5.000  7.282  72.988
8.960  5.000  7.091  69.345
8.970  5.000  6.967  65.752
8.980  5.000  6.847  62.173
8.990  5.000  6.626  58.697
9.000  5.000  6.463  55.345
9.010  5.000  6.304  52.026
9.020  5.000  6.243  48.689
9.030  5.000  6.078  45.422
9.040  5.000  6.007  42.265
9.050  5.000  5.830  39.158
9.060  5.000  5.710  36.072
9.070  5.000  5.660  32.974
9.080  5.000  5.520  29.874
9.090  5.000  5.361  26.833
9.100  5.000  5.243  23.821
9.110  5.000  5.113  20.882
9.120  5.000  5.056  18.000
9.130  5.000  4.891  15.162
9.140  5.000  4.726  12.447
9.150  5.000  4.623  9.803
9.160  5.000  4.531  7.313
9.170  5.000  4.436  5.040
9.180  5.000  4.493  2.890
9.190  5.000  4.472  0.864
9.200  5.000  4.465  -0.962
9.210  5.000  4.493  -2.568
9.220  5.000  4.543  -3.958
9.230  5.000  4.462  -5.123
9.240  5.000  4.493  -6.069
9.250  5.000  4.526  -6.872
9.260  5.000  4.581  -7.475
9.270  5.000  4.539  -7.852
9.280  5.000  4.546  -8.042
9.290  5.000  4.546  -7.973
9.300  5.000  4.577  -7.704
9.310  5.000  4.579  -7.295
9.320  5.000  4.519  -6.656
9.330  5.000  4.621  -5.878
9.340  5.000  4.765  -5.130
9.350  5.000  4.806  -4.281
9.360  5.000  4.886  -3.308
9.370  5.000  5.010  -2.349
9.380  5.000  5.091  -1.343
9.390  5.000  5.060  -0.297
9.400  5.000  4.946  0.821
9.410  5.000  5.173  1.945
9.420  5.000  5.276  2.955
9.430  5.000  5.223  3.958
9.440  5.000  5.317  5.059
9.450  5.000  5.455  6.055
9.460  5.000  5.535  6.832
9.470  5.000  5.493  7.678
9.480  5.000  5.504  8.567
9.490  5.000  5.571  9.266
9.500  5.000  5.523  9.771
9.510  5.000  5.472  10.189
9.520  5.000  5.351  10.511
9.530  5.000  5.402  10.647
9.540  5.000  5.433  10.588
9.550  5.000  5.473  10.328
9.560  5.000  5.379  9.904
9.570  5.000  5.407  9.340
9.580  5.000  5.281  8.638
9.590  5.000  5.332  7.792
9.600  5.000  5.222  6.837
9.610  5.000  5.208  5.759
9.620  5.000  5.102  4.632
9.630  5.000  5.043  3.506
9.640  5.000  5.001  2.389
9.650  5.000  4.962  1.289
9.660  5.000  4.949  0.179
9.670  5.000  4.866  -0.928
9.680  5.000  4.918  -2.045
9.690  5.000  4.808  -3.154
9.700  5.000  4.783  -4.213
9.710  5.000  4.773  -5.264
9.720  5.000  4.680  -6.229
9.730  5.000  4.606  -7.027
9.740  5.000  4.627  -7.849
9.750  5.000  4.653  -8.666
9.760  5.000  4.702  -9.365
9.770  5.000  4.677  -9.954
9.780  5.000  4.695  -10.470
9.790  5.000  4.702  -10.863
9.800  5.000  4.664  -11.084
9.810  5.000  4.706  -11.179
9.820  5.000  4.679  -11.189
9.830  5.000  4.685  -11.064
9.840  5.000  4.712  -10.764
9.850  5.000  4.840  -10.383
9.860  5.000  4.847  -9.953
9.870  5.000  4.801  -9.318
9.880  5.000  4.799  -8.570
9.890  5.000  4.951  -7.883
9.900  5.000  4.912  -7.164
9.910  5.000  5.049  -6.389
9.920  5.000  4.995  -5.611
9.930  5.000  4.962  -4.715
9.940  5.000  5.074  -3.871
9.950  5.000  5.111  -3.112
9.960  5.000  5.175  -2.338
9.970  5.000  5.208  -1.615
9.980  5.000  5.249  -0.927
9.990  5.000  5.359  -0.245
10.000  5.000  5.214  0.597
10.010  5.000  5.354  1.323
10.020  5.000  5.326  1.875
10.030  5.000  5.255  2.450
10.040  5.000  5.350  2.958
10.050  5.000  5.256  3.403
10.060  5.000  5.375  3.650
10.070  5.000  5.339  3.731
10.080  5.000  5.369  3.773
10.090  5.000  5.268  3.749
10.100  5.000  5.226  3.641
10.110  5.000  5.278  3.322
10.120  5.000  5.293  2.844
10.130  5.000  5.187  2.313
10.140  5.000  5.218  1.736
10.150  5.000  5.183  1.088
10.160  5.000  5.068  0.407
10.170  5.000  5.119  -0.304
10.180  5.000  5.037  -1.041
10.190  5.000  4.978  -1.756
10.200  5.000  5.030  -2.575
10.210  5.000  4.946  -3.451
10.220  5.000  4.906  -4.223
10.230  7.500  4.872  -4.981
10.240  10.000  4.945  -5.442
10.250  12.501  5.181  -4.667
10.260  15.000  6.941  -2.471
10.270  17.500  8.328  0.678
10.280  20.000  8.697  4.828
10.290  22.500  8.720  9.880
10.300  25.000  9.736  15.889
10.310  27.500  10.168  22.705
10.320  30.000  10.415  29.240
10.330  30.000  10.401  35.363
10.340  30.000  10.809  41.934
10.350  30.000  10.975  49.380
10.360  30.000  11.910  56.266
10.370  30.000  11.984  62.505
10.380  30.000  12.507  69.440
10.390  30.000  12.605  76.926
10.400  30.000  13.254  84.104
10.410  30.000  13.516  91.107
10.420  30.000  13.813  98.351
10.430  30.000  14.192  105.209
10.440  30.000  14.429  111.738
10.450  30.000  14.561  118.339
10.460  30.000  14.801  125.717
10.470  30.000  15.720  132.840
10.480  30.000  15.965  139.376
10.490  30.000  16.407  145.897
10.500  30.000  17.025  151.959
10.510  30.000  16.907  158.091
10.520  30.000  17.322  164.916
10.530  30.000  17.432  172.383
10.540  30.000  18.393  179.097
10.550  30.000  18.658  185.197
10.560  30.000  18.999  191.577
10.570  30.000  19.092  198.155
10.580  30.000  19.158  204.621
10.590  30.000  19.591  210.975
10.600  30.000  20.209  217.384
10.610  30.000  20.351  223.984
10.620  30.000  20.726  230.892
10.630  30.000  20.879  237.736
10.640  30.000  21.590  244.204
10.650  30.000  21.820  250.365
10.660  30.000  22.381  256.606
10.670  30.000  22.419  263.165
10.680  30.000  23.210  269.390
10.690  30.000  22.838  275.752
10.700  30.000  23.024  282.656
10.710  30.000  23.714  289.127
10.720  30.000  23.991  295.603
10.730  30.000  24.250  302.143
10.740  30.000  24.424  308.702
10.750  30.000  24.882  315.155
10.760  30.000  25.728  321.144
10.770  30.000  25.561  327.768
10.780  30.000  25.986  334.370
10.790  30.000  26.176  340.463
10.800  30.000  26.734  346.749
10.810  30.000  27.070  353.020
10.820  30.000  27.261  359.320
10.830  30.000  27.909  365.218
10.840  30.000  27.871  371.454
10.850  30.000  28.024  377.907
10.860  30.000  28.640  383.868
10.870  30.000  28.523  389.846
10.880  30.000  29.333  395.698
10.890  30.000  29.562  402.027
10.900  30.000  30.494  408.032
10.910  30.000  29.973  413.680
10.920  30.000  30.194  420.045
10.930  30.000  30.559  426.105
10.940  30.000  30.503  431.766
10.950  30.000  31.176  437.541
10.960  30.000  31.058  443.443
10.970  30.000  31.229  449.442
10.980  30.000  31.985  455.131
10.990  30.000  31.154  460.281
11.000  30.000  31.069  465.038
11.010  30.000  30.780  469.588
11.020  30.000  31.189  474.116
11.030  30.000  32.485  478.299
11.040  30.000  32.707  482.086
11.050  30.000  32.177  485.716
11.060  30.000  31.249  488.885
11.070  30.000  30.498  491.601
11.080  30.000  30.995  494.431
11.090  30.000  32.101  496.974
11.100  30.000  32.933  499.204
11.110  30.000  31.776  501.186
11.120  30.000  30.386  502.504
11.130  30.000  30.638  503.372
11.140  30.000  31.046  503.919
11.150  30.000  32.034  504.111
11.160  30.000  31.321  503.980
11.170  30.000  31.092  503.462
11.180  30.000  30.625  502.616
11.190  30.000  30.792  501.472
11.200  30.000  30.881  500.000
11.210  30.000  30.254  498.227
11.220  30.000  29.987  496.181
11.230  5.000  30.020  493.987
11.240  5.000  29.513  488.267
11.250  5.000  24.679  477.705
11.260  5.000  23.220  468.817
11.270  5.000  23.826  460.584
11.280  5.000  24.144  451.829
11.290  5.000  23.104  444.561
11.300  5.000  22.671  437.077
11.310  5.000  22.044  429.832
11.320  5.000  21.639  422.615
11.330  5.000  21.474  415.173
11.340  5.000  21.264  407.797
11.350  5.000  20.850  400.557
11.360  5.000  20.415  393.410
11.370  5.000  20.187  386.331
11.380  5.000  19.736  379.321
11.390  5.000  19.600  372.255
11.400  5.000  19.108  365.361
11.410  5.000  18.843  358.712
11.420  5.000  18.530  352.009
11.430  5.000  18.311  345.469
11.440  5.000  18.078  339.020
11.450  5.000  17.824  332.525
11.460  5.000  17.671  325.885
11.470  5.000  17.285  319.025
11.480  5.000  17.131  312.397
11.490  5.000  16.927  306.019
11.500  5.000  16.634  299.651
11.510  5.000  16.566  293.334
11.520  5.000  16.416  287.090
11.530  5.000  15.918  280.978
11.540  5.000  15.655  274.874
11.550  5.000  15.283  268.894
11.560  5.000  15.057  262.983
11.570  5.000  14.780  257.039
11.580  5.000  14.562  251.105
11.590  5.000  14.259  245.303
11.600  5.000  14.083  239.729
11.610  5.000  13.752  234.082
11.620  5.000  13.544  228.391
11.630  5.000  13.383  222.855
11.640  5.000  13.000  217.307
11.650  5.000  12.867  211.875
11.660  5.000  12.647  206.652
11.670  5.000  12.405  201.507
11.680  5.000  12.286  196.263
11.690  5.000  11.951  191.063
11.700  5.000  11.729  186.027
11.710  5.000  11.610  181.003
11.720  5.000  11.465  176.029
11.730  5.000  11.243  171.047
11.740  5.000  11.005  166.050
11.750  5.000  10.884  161.244
11.760  5.000  10.663  156.474
11.770  5.000  10.438  151.668
11.780  5.000  10.106  147.120
11.790  5.000  9.958  142.739
11.800  5.000  9.793  138.225
11.810  5.000  9.583  133.797
11.820  5.000  9.461  129.458
11.830  5.000  9.297  125.012
11.840  5.000  9.174  120.593
11.850  5.000  8.975  116.240
11.860  5.000  8.792  111.966
11.870  5.000  8.570  107.776
11.880  5.000  8.489  103.650
11.890  5.000  8.352  99.589
11.900  5.000  8.086  95.649
11.910  5.000  7.868  91.785
11.920  5.000  7.772  87.988
11.930  5.000  7.703  84.133
11.940  5.000  7.522  80.267
11.950  5.000  7.357  76.523
11.960  5.000  7.231  72.839
11.970  5.000  7.094  69.193
11.980  5.000  6.898  65.535
11.990  5.000  6.683  62.022
12.000  5.000  6.544  58.615
12.010  5.000  6.498  55.170
12.020  5.000  6.388  51.761
12.030  5.000  6.195  48.461
12.040  5.000  6.077  45.130
12.050  5.000  5.963  41.835
12.060  5.000  5.822  38.688
12.070  5.000  5.769  35.578
12.080  5.000  5.556  32.502
12.090  5.000  5.410  29.511
12.100  5.000  5.267  26.593
12.110  5.000  5.136  23.729
12.120  5.000  5.056  20.934
12.130  5.000  4.945  18.170
12.140  5.000  4.858  15.413
12.150  5.000  4.743  12.688
12.160  5.000  4.626  10.045
12.170  5.000  4.554  7.533
12.180  5.000  4.500  5.165
12.190  5.000  4.447  2.980
12.200  5.000  4.459  0.998
12.210  5.000  4.479  -0.817
12.220  5.000  4.409  -2.413
12.230  5.000  4.470  -3.752
12.240  5.000  4.465  -4.839
12.250  5.000  4.516  -5.718
12.260  5.000  4.536  -6.433
12.270  5.000  4.543  -6.966
12.280  5.000  4.577  -7.261
12.290  5.000  4.529  -7.331
12.300  5.000  4.513  -7.273
12.310  5.000  4.544  -7.094
12.320  5.000  4.507  -6.645
12.330  5.000  4.593  -5.968
12.340  5.000  4.710  -5.209
12.350  5.000  4.720  -4.349
12.360  5.000  4.872  -3.382
12.370  5.000  4.841  -2.247
12.380  5.000  4.914  -1.111
12.390  5.000  4.955  -0.035
12.400  5.000  5.056  0.981
12.410  5.000  5.157  1.942
12.420  5.000  5.110  3.004
12.430  5.000  5.238  4.105
12.440  5.000  5.195  5.278
12.450  5.000  5.382  6.368
12.460  5.000  5.550  7.236
12.470  5.000  5.470  8.139
12.480  5.000  5.623  9.051
12.490  5.000  5.539  9.870
12.500  5.000  5.616  10.611
12.510  5.000  5.449  11.157
12.520  5.000  5.461  11.538
12.530  5.000  5.431  11.801
12.540  5.000  5.613  11.916
12.550  5.000  5.490  11.803
12.560  5.000  5.479  11.509
12.570  5.000  5.359  11.064
12.580  5.000  5.365  10.389
12.590  5.000  5.312  9.579
12.600  5.000  5.300  8.713
12.610  5.000  5.246  7.717
12.620  5.000  5.145  6.662
12.630  5.000  5.012  5.642
12.640  5.000  5.042  4.606
12.650  5.000  5.035  3.503
12.660  5.000  4.900  2.441
12.670  5.000  4.912  1.404
12.680  5.000  4.774  0.325
12.690  5.000  4.812  -0.737
12.700  5.000  4.716  -1.785
12.710  5.000  4.700  -2.758
12.720  5.000  4.732  -3.675
12.730  5.000  4.647  -4.562
12.740  5.000  4.609  -5.406
12.750  5.000  4.667  -6.201
12.760  5.000  4.717  -6.855
12.770  5.000  4.623  -7.306
12.780  5.000  4.626  -7.588
12.790  5.000  4.608  -7.714
12.800  5.000  4.707  -7.750
12.810  5.000  4.676  -7.667
12.820  5.000  4.734  -7.480
12.830  5.000  4.718  -7.193
12.840  5.000  4.758  -6.815
12.850  5.000  4.792  -6.395
12.860  5.000  4.747  -5.888
12.870  5.000  4.789  -5.268
12.880  5.000  4.847  -4.523
12.890  5.000  4.950  -3.695
12.900  5.000  4.915  -2.873
12.910  5.000  4.961  -2.058
12.920  5.000  4.912  -1.199
12.930  5.000  5.053  -0.317
12.940  5.000  5.087  0.629
12.950  5.000  5.181  1.588
12.960  5.000  5.231  2.425
12.970  5.000  5.280  3.155
12.980  5.000  5.343  3.813
12.990  5.000  5.324  4.472
13.000  5.000  5.312  5.227
13.010  5.000  5.362  5.936
13.020  5.000  5.318  6.577
13.030  5.000  5.400  7.137
13.040  5.000  5.322  7.496
13.050  5.000  5.346  7.782
13.060  5.000  5.338  7.988
13.070  5.000  5.317  8.018
13.080  5.000  5.318  7.885
13.090  5.000  5.217  7.706
13.100  5.000  5.166  7.556
13.110  5.000  5.260  7.235
13.120  5.000  5.345  6.726
13.130  5.000  5.270  6.134
13.140  5.000  5.218  5.423
13.150  5.000  5.110  4.665
13.160  5.000  5.130  3.884
13.170  5.000  5.106  3.048
13.180  5.000  5.096  2.202
13.190  5.000  5.011  1.336
13.200  5.000  4.906  0.506
13.210  5.000  4.905  -0.287
13.220  5.000  4.873  -1.053
13.230  5.000  4.913  -1.851
13.240  7.500  4.781  -2.649
13.250  10.001  4.914  -2.988
13.260  12.500  5.070  -2.090
13.270  15.000  6.805  0.163
13.280  17.500  8.171  3.373
13.290  20.000  8.785  7.706
13.300  22.500  8.548  13.173
13.310  25.000  9.875  19.260
13.320  27.500  9.966  25.892
13.330  30.000  10.430  33.124
13.340  30.000  10.509  40.351
13.350  30.000  10.965  47.379
13.360  30.000  10.640  54.877
13.370  30.000  11.180  62.397
13.380  30.000  11.865  69.038
13.390  30.000  12.509  75.553
13.400  30.000  12.633  82.427
13.410  30.000  13.017  89.342
13.420  30.000  13.380  96.131
13.430  30.000  13.892  102.655
13.440  30.000  14.195  108.919
13.450  30.000  14.696  114.948
13.460  30.000  14.878  121.314
13.470  30.000  15.119  128.395
13.480  30.000  15.734  135.393
13.490  30.000  16.377  141.752
13.500  30.000  16.144  148.056
13.510  30.000  16.754  154.455
13.520  30.000  16.866  160.905
13.530  30.000  17.468  167.543
13.540  30.000  17.621  174.064
13.550  30.000  18.342  180.339
13.560  30.000  18.393  186.648
13.570  30.000  18.537  192.979
13.580  30.000  19.123  199.532
13.590  30.000  19.290  206.061
13.600  30.000  19.535  212.249
13.610  30.000  19.907  218.913
13.620  30.000  20.466  225.570
13.630  30.000  20.497  231.883
13.640  30.000  21.230  237.987
13.650  30.000  21.713  243.951
13.660  30.000  21.349  250.827
13.670  30.000  22.367  257.434
13.680  30.000  22.451  263.497
13.690  30.000  22.905  269.922
13.700  30.000  22.822  276.579
13.710  30.000  23.401  282.989
13.720  30.000  23.640  288.969
13.730  30.000  23.560  295.564
13.740  30.000  24.442  302.258
13.750  30.000  24.755  308.550
13.760  30.000  24.838  315.246
13.770  30.000  25.459  321.810
13.780  30.000  25.750  327.719
13.790  30.000  25.558  334.166
13.800  30.000  26.385  340.682
13.810  30.000  26.656  346.428
13.820  30.000  26.961  352.378
13.830  30.000  26.924  358.941
13.840  30.000  27.153  365.689
13.850  30.000  27.491  372.397
13.860  30.000  28.365  378.711
13.870  30.000  27.988  385.158
13.880  30.000  29.299  391.471
13.890  30.000  28.810  397.412
13.900  30.000  29.990  403.329
13.910  30.000  29.925  409.021
13.920  30.000  30.130  414.917
13.930  30.000  30.098  420.846
13.940  30.000  30.668  426.811
13.950  30.000  30.853  432.516
13.960  30.000  31.121  438.134
13.970  30.000  30.524  444.453
13.980  30.000  31.693  450.410
13.990  30.000  31.990  455.674
14.000  30.000  31.273  461.048
14.010  30.000  30.738  466.034
14.020  30.000  30.582  470.640
14.030  30.000  31.539  475.086
14.040  30.000  32.271  479.402
14.050  30.000  32.895  483.322
14.060  30.000  31.821  486.924
14.070  30.000  31.102  490.224
14.080  30.000  31.338  492.886
14.090  30.000  31.155  495.423
14.100  30.000  32.099  498.062
14.110  30.000  32.716  500.548
14.120  30.000  31.568  502.493
14.130  30.000  30.434  503.773
14.140  30.000  30.607  504.595
14.150  30.000  31.244  505.155
14.160  30.000  31.789  505.423
14.170  30.000  31.312  505.287
14.180  30.000  31.294  504.676
14.190  30.000  30.477  503.901
14.200  30.000  30.995  502.832
14.210  30.000  30.498  501.402
14.220  30.000  30.515  499.638
14.230  30.000  29.910  497.640
14.240  5.000  30.037  495.532
14.250  5.000  29.164  490.552
14.260  5.000  24.632  480.711
14.270  5.000  23.046  471.683
14.280  5.000  23.655  463.412
14.290  5.000  24.034  454.739
14.300  5.000  23.025  446.873
14.310  5.000  22.671  438.958
14.320  5.000  22.011  431.815
14.330  5.000  21.685  424.535
14.340  5.000  21.298  417.178
14.350  5.000  21.171  409.923
14.360  5.000  20.669  402.806
14.370  5.000  20.453  395.625
14.380  5.000  19.878  388.556
14.390  5.000  19.592  381.698
14.400  5.000  19.426  374.690
14.410  5.000  19.195  367.828
14.420  5.000  18.879  361.227
14.430  5.000  18.658  354.568
14.440  5.000  18.553  347.772
14.450  5.000  17.965  341.122
14.460  5.000  17.670  334.843
14.470  5.000  17.494  328.438
14.480  5.000  17.422  321.845
14.490  5.000  17.041  315.428
14.500  5.000  16.746  308.800
14.510  5.000  16.469  302.187
14.520  5.000  16.183  295.839
14.530  5.000  15.976  289.543
14.540  5.000  15.707  283.490
14.550  5.000  15.597  277.430
14.560  5.000  15.373  271.363
14.570  5.000  14.988  265.394
14.580  5.000  14.770  259.508
14.590  5.000  14.501  253.620
14.600  5.000  14.226  247.757
14.610  5.000  13.914  242.023
14.620  5.000  13.629  236.451
14.630  5.000  13.473  230.772
14.640  5.000  13.244  225.134
14.650  5.000  13.165  219.645
14.660  5.000  12.834  214.229
14.670  5.000  12.720  208.919
14.680  5.000  12.425  203.685
14.690  5.000  12.189  198.463
14.700  5.000  12.016  193.257
14.710  5.000  11.786  188.251
14.720  5.000  11.649  183.313
14.730  5.000  11.410  178.184
14.740  5.000  11.444  173.176
14.750  5.000  10.950  168.370
14.760  5.000  10.767  163.468
14.770  5.000  10.767  158.370
14.780  5.000  10.471  153.390
14.790  5.000  10.365  148.730
14.800  5.000  10.022  144.182
14.810  5.000  9.931  139.567
14.820  5.000  9.670  134.951
14.830  5.000  9.444  130.525
14.840  5.000  9.315  126.128
14.850  5.000  9.184  121.758
14.860  5.000  9.049  117.456
14.870  5.000  8.840  113.218
14.880  5.000  8.672  109.091
14.890  5.000  8.511  104.912
14.900  5.000  8.257  100.822
14.910  5.000  8.118  96.983
14.920  5.000  8.022  93.084
14.930  5.000  7.910  89.205
14.940  5.000  7.746  85.427
14.950  5.000  7.563  81.692
14.960  5.000  7.362  77.992
14.970  5.000  7.204  74.287
14.980  5.000  7.086  70.625
14.990  5.000  6.971  67.002
15.000  5.000  6.838  63.462
15.010  5.000  6.634  60.056
15.020  5.000  6.545  56.687
15.030  5.000  6.340  53.300
15.040  5.000  6.179  49.994
15.050  5.000  6.059  46.803
15.060  5.000  5.908  43.696
15.070  5.000  5.928  40.540
15.080  5.000  5.700  37.411
15.090  5.000  5.511  34.473
15.100  5.000  5.429  31.615
15.110  5.000  5.343  28.720
15.120  5.000  5.316  25.771
15.130  5.000  5.117  22.884
15.140  5.000  4.939  20.189
15.150  5.000  4.876  17.565
15.160  5.000  4.760  14.925
15.170  5.000  4.604  12.372
15.180  5.000  4.644  9.925
15.190  5.000  4.483  7.599
15.200  5.000  4.458  5.491
15.210  5.000  4.411  3.606
15.220  5.000  4.435  1.935
15.230  5.000  4.393  0.519
15.240  5.000  4.497  -0.717
15.250  5.000  4.503  -1.781
15.260  5.000  4.584  -2.623
15.270  5.000  4.648  -3.340
15.280  5.000  4.557  -3.914
15.290  5.000  4.541  -4.249
15.300  5.000  4.522  -4.413
15.310  5.000  4.595  -4.359
15.320  5.000  4.633  -4.177
15.330  5.000  4.677  -3.963
15.340  5.000  4.618  -3.563
15.350  5.000  4.634  -3.001
15.360  5.000  4.712  -2.360
15.370  5.000  4.829  -1.569
15.380  5.000  4.843  -0.672
15.390  5.000  4.902  0.219
15.400  5.000  4.928  1.146
15.410  5.000  5.035  2.217
15.420  5.000  5.068  3.437
15.430  5.000  5.102  4.555
15.440  5.000  5.164  5.474
15.450  5.000  5.317  6.366
15.460  5.000  5.350  7.237
15.470  5.000  5.274  8.138
15.480  5.000  5.482  9.152
15.490  5.000  5.494  10.153
15.500  5.000  5.453  11.099
15.510  5.000  5.481  11.943
15.520  5.000  5.480  12.548
15.530  5.000  5.543  12.972
15.540  5.000  5.487  13.299
15.550  5.000  5.430  13.473
15.560  5.000  5.445  13.455
15.570  5.000  5.349  13.260
15.580  5.000  5.465  12.964
15.590  5.000  5.344  12.525
15.600  5.000  5.314  11.911
15.610  5.000  5.308  11.203
15.620  5.000  5.215  10.417
15.630  5.000  5.134  9.545
15.640  5.000  5.110  8.600
15.650  5.000  5.186  7.587
15.660  5.000  5.028  6.528
15.670  5.000  4.975  5.459
15.680  5.000  5.000  4.414
15.690  5.000  4.970  3.423
15.700  5.000  4.883  2.472
15.710  5.000  4.749  1.606
15.720  5.000  4.746  0.813
15.730  5.000  4.822  -0.013
15.740  5.000  4.719  -0.876
15.750  5.000  4.679  -1.739
15.760  5.000  4.721  -2.580
15.770  5.000  4.605  -3.344
15.780  5.000  4.639  -3.973
15.790  5.000  4.659  -4.488
15.800  5.000  4.757  -4.939
15.810  5.000  4.691  -5.276
15.820  5.000  4.743  -5.490
15.830  5.000  4.625  -5.616
15.840  5.000  4.757  -5.672
15.850  5.000  4.744  -5.571
15.860  5.000  4.793  -5.336
15.870  5.000  4.808  -4.996
15.880  5.000  4.764  -4.508
15.890  5.000  4.790  -3.953
15.900  5.000  4.755  -3.360
15.910  5.000  4.863  -2.707
15.920  5.000  4.934  -2.052
15.930  5.000  5.023  -1.338
15.940  5.000  4.919  -0.472
15.950  5.000  4.880  0.350
15.960  5.000  5.073  1.073
15.970  5.000  5.034  1.909
15.980  5.000  5.230  2.741
15.990  5.000  5.207  3.452
16.000  5.000  5.155  4.227
16.010  5.000  5.227  4.996
16.020  5.000  5.355  5.668
16.030  5.000  5.378  6.385
16.040  5.000  5.333  7.189
16.050  5.000  5.384  7.952
16.060  5.000  5.388  8.543
16.070  5.000  5.293  8.946
16.080  5.000  5.261  9.304
16.090  5.000  5.310  9.560
16.100  5.000  5.367  9.651
16.110  5.000  5.252  9.624
16.120  5.000  5.273  9.519
16.130  5.000  5.240  9.298
16.140  5.000  5.321  8.915
16.150  5.000  5.243  8.416
16.160  5.000  5.235  7.850
16.170  5.000  5.110  7.202
16.180  5.000  5.123  6.491
16.190  5.000  5.117  5.799
16.200  5.000  5.062  5.058
16.210  5.000  5.023  4.275
16.220  5.000  5.014  3.498
16.230  5.000  4.982  2.756
16.240  5.000  4.953  1.991
16.250  7.499  4.947  1.135
16.260  9.999  5.034  0.568
16.270  12.499  5.147  1.284
16.280  14.999  6.854  3.473
16.290  17.499  8.265  6.779
16.300  19.999  8.839  11.064
16.310  22.499  8.793  16.209
16.320  24.999  10.114  22.236
16.330  27.499  10.035  29.825
16.340  29.999  10.403  37.498
16.350  30.000  10.580  44.244
16.360  30.000  10.450  51.657
16.370  30.000  11.032  59.048
16.380  30.000  11.633  65.918
16.390  30.000  11.903  73.073
16.400  30.000  12.544  80.332
16.410  30.000  12.655  88.389
16.420  30.000  13.145  96.375
16.430  30.000  13.019  103.435
16.440  30.000  13.658  110.272
16.450  30.000  13.852  117.097
16.460  30.000  14.745  123.566
16.470  30.000  15.150  129.912
16.480  30.000  15.262  137.094
16.490  30.000  15.731  143.733
16.500  30.000  15.931  149.730
16.510  30.000  15.755  156.773
16.520  30.000  16.501  163.960
16.530  30.000  17.155  170.708
16.540  30.000  17.649  177.168
16.550  30.000  17.839  183.290
16.560  30.000  17.981  189.749
16.570  30.000  18.535  196.073
16.580  30.000  18.465  203.333
16.590  30.000  19.168  210.619
16.600  30.000  19.586  216.364
16.610  30.000  19.494  222.599
16.620  30.000  20.204  229.411
16.630  30.000  20.371  235.928
16.640  30.000  20.889  242.238
16.650  30.000  20.988  248.510
16.660  30.000  21.267  254.910
16.670  30.000  21.755  261.122
16.680  30.000  21.838  267.325
16.690  30.000  22.759  273.542
16.700  30.000  22.756  279.561
16.710  30.000  22.903  285.694
16.720  30.000  23.311  292.297
16.730  30.000  23.937  298.777
16.740  30.000  24.117  305.100
16.750  30.000  24.386  311.553
16.760  30.000  24.710  317.935
16.770  30.000  24.931  324.413
16.780  30.000  25.115  330.890
16.790  30.000  25.422  337.187
16.800  30.000  25.957  343.577
16.810  30.000  26.033  350.024
16.820  30.000  27.187  355.973
16.830  30.000  26.798  362.073
16.840  30.000  27.240  368.507
16.850  30.000  27.727  374.455
16.860  30.000  28.136  380.129
16.870  30.000  28.274  386.504
16.880  30.000  28.347  392.735
16.890  30.000  29.211  397.830
16.900  30.000  29.104  402.976
16.910  30.000  29.636  408.786
16.920  30.000  29.962  414.884
16.930  30.000  30.228  420.825
16.940  30.000  30.504  426.631
16.950  30.000  30.679  432.580
16.960  30.000  30.470  438.575
16.970  30.000  31.271  444.261
16.980  30.000  31.160  449.948
16.990  30.000  31.433  455.916
17.000  30.000  31.939  461.230
17.010  30.000  30.858  465.958
17.020  30.000  30.442  470.542
17.030  30.000  31.104  474.696
17.040  30.000  31.782  478.599
17.050  30.000  31.903  482.717
17.060  30.000  32.771  486.802
17.070  30.000  31.580  490.620
17.080  30.000  31.080  494.095
17.090  30.000  31.211  497.072
17.100  30.000  31.293  499.745
17.110  30.000  31.651  502.230
17.120  30.000  32.183  504.604
17.130  30.000  32.356  506.554
17.140  30.000  30.999  507.993
17.150  30.000  30.363  509.017
17.160  30.000  30.766  509.689
17.170  30.000  31.572  509.985
17.180  30.000  31.795  509.929
17.190  30.000  31.211  509.569
17.200  30.000  30.584  508.913
17.210  30.000  30.561  507.945
17.220  30.000  31.058  506.642
17.230  30.000  30.419  505.024
17.240  30.000  30.321  502.962
17.250  5.000  29.830  500.721
17.260  5.000  29.164  495.601
17.270  5.000  24.676  485.646
17.280  5.000  23.190  476.758
17.290  5.000  24.015  468.530
17.300  5.000  24.666  459.797
17.310  5.000  23.251  451.807
17.320  5.000  23.176  443.669
17.330  5.000  22.340  436.401
17.340  5.000  22.205  429.085
17.350  5.000  21.986  421.865
17.360  5.000  21.651  414.624
17.370  5.000  20.995  407.129
17.380  5.000  20.652  399.709
17.390  5.000  20.262  392.484
17.400  5.000  19.657  385.414
17.410  5.000  19.490  378.477
17.420  5.000  19.236  371.709
17.430  5.000  18.888  364.858
17.440  5.000  18.607  357.925
17.450  5.000  18.273  351.223
17.460  5.000  18.084  344.432
17.470  5.000  17.858  337.717
17.480  5.000  17.542  331.224
17.490  5.000  17.169  324.797
17.500  5.000  16.966  318.471
17.510  5.000  16.681  312.213
17.520  5.000  16.579  305.924
17.530  5.000  16.313  299.389
17.540  5.000  16.104  293.116
17.550  5.000  15.769  287.200
17.560  5.000  15.523  281.092
17.570  5.000  15.171  275.106
17.580  5.000  15.165  269.209
17.590  5.000  14.718  263.357
17.600  5.000  14.575  257.486
17.610  5.000  14.346  251.416
17.620  5.000  13.966  245.640
17.630  5.000  13.838  239.975
17.640  5.000  13.670  234.374
17.650  5.000  13.262  228.927
17.660  5.000  13.185  223.382
17.670  5.000  12.912  217.863
17.680  5.000  12.711  212.522
17.690  5.000  12.518  207.257
17.700  5.000  12.389  201.947
17.710  5.000  12.128  196.728
17.720  5.000  11.906  191.664
17.730  5.000  11.542  186.793
17.740  5.000  11.500  181.893
17.750  5.000  11.221  176.852
17.760  5.000  11.109  171.892
17.770  5.000  10.993  166.967
17.780  5.000  10.834  162.072
17.790  5.000  10.559  157.272
17.800  5.000  10.267  152.622
17.810  5.000  10.134  147.998
17.820  5.000  10.005  143.356
17.830  5.000  9.822  138.755
17.840  5.000  9.622  134.264
17.850  5.000  9.420  129.907
17.860  5.000  9.292  125.493
17.870  5.000  9.136  121.089
17.880  5.000  8.975  116.783
17.890  5.000  8.729  112.585
17.900  5.000  8.501  108.503
17.910  5.000  8.336  104.423
17.920  5.000  8.194  100.359
17.930  5.000  8.026  96.381
17.940  5.000  7.862  92.496
17.950  5.000  7.684  88.599
17.960  5.000  7.566  84.749
17.970  5.000  7.377  81.020
17.980  5.000  7.252  77.333
17.990  5.000  7.079  73.663
18.000  5.000  6.927  70.052
18.010  5.000  6.840  66.481
18.020  5.000  6.675  62.963
18.030  5.000  6.503  59.554
18.040  5.000  6.382  56.152
18.050  5.000  6.180  52.853
18.060  5.000  6.064  49.595
18.070  5.000  6.020  46.312
18.080  5.000  5.851  43.096
18.090  5.000  5.662  39.956
18.100  5.000  5.571  36.883
18.110  5.000  5.396  33.862
18.120  5.000  5.327  30.874
18.130  5.000  5.256  27.873
18.140  5.000  5.115  24.926
18.150  5.000  4.985  22.111
18.160  5.000  4.904  19.323
18.170  5.000  4.802  16.577
18.180  5.000  4.635  13.969
18.190  5.000  4.592  11.463
18.200  5.000  4.415  9.114
18.210  5.000  4.451  6.968
18.220  5.000  4.429  4.992
18.230  5.000  4.413  3.209
18.240  5.000  4.430  1.681
18.250  5.000  4.472  0.336
18.260  5.000  4.515  -0.829
18.270  5.000  4.541  -1.777
18.280  5.000  4.495  -2.486
18.290  5.000  4.566  -2.994
18.300  5.000  4.536  -3.325
18.310  5.000  4.593  -3.413
18.320  5.000  4.519  -3.337
18.330  5.000  4.522  -3.095
18.340  5.000  4.496  -2.587
18.350  5.000  4.672  -1.952
18.360  5.000  4.708  -1.282
18.370  5.000  4.854  -0.524
18.380  5.000  4.833  0.302
18.390  5.000  4.831  1.175
18.400  5.000  5.019  2.014
18.410  5.000  5.000  2.870
18.420  5.000  5.102  3.723
18.430  5.000  4.969  4.653
18.440  5.000  5.083  5.740
18.450  5.000  5.214  6.790
18.460  5.000  5.189  7.706
18.470  5.000  5.355  8.634
18.480  5.000  5.358  9.697
18.490  5.000  5.324  10.804
18.500  5.000  5.498  11.906
18.510  5.000  5.494  12.935
18.520  5.000  5.446  13.786
18.530  5.000  5.482  14.522
18.540  5.000  5.441  15.211
18.550  5.000  5.431  15.700
18.560  5.000  5.456  15.996
18.570  5.000  5.471  16.057
18.580  5.000  5.481  15.907
18.590  5.000  5.472  15.573
18.600  5.000  5.443  15.030
18.610  5.000  5.366  14.416
18.620  5.000  5.226  13.662
18.630  5.000  5.270  12.829
18.640  5.000  5.189  11.966
18.650  5.000  5.236  11.000
18.660  5.000  5.114  9.933
18.670  5.000  5.094  8.826
18.680  5.000  4.987  7.745
18.690  5.000  4.947  6.624
18.700  5.000  4.936  5.434
18.710  5.000  4.890  4.177
18.720  5.000  4.958  2.977
18.730  5.000  4.793  1.853
18.740  5.000  4.716  0.799
18.750  5.000  4.687  -0.205
18.760  5.000  4.698  -1.211
18.770  5.000  4.652  -2.158
18.780  5.000  4.667  -3.090
18.790  5.000  4.693  -3.922
18.800  5.000  4.668  -4.591
18.810  5.000  4.648  -5.128
18.820  5.000  4.662  -5.563
18.830  5.000  4.612  -5.877
18.840  5.000  4.676  -5.979
18.850  5.000  4.717  -5.874
18.860  5.000  4.619  -5.639
18.870  5.000  4.746  -5.336
18.880  5.000  4.670  -5.031
18.890  5.000  4.807  -4.731
18.900  5.000  4.757  -4.309
18.910  5.000  4.823  -3.682
18.920  5.000  4.876  -2.929
18.930  5.000  4.834  -2.135
18.940  5.000  4.932  -1.374
18.950  5.000  5.002  -0.657
18.960  5.000  5.013  0.076
18.970  5.000  4.989  0.887
18.980  5.000  5.046  1.804
18.990  5.000  5.098  2.726
19.000  5.000  5.142  3.616
19.010  5.000  5.221  4.420
19.020  5.000  5.276  5.175
19.030  5.000  5.260  5.965
19.040  5.000  5.382  6.727
19.050  5.000  5.366  7.521
19.060  5.000  5.427  8.380
19.070  5.000  5.438  8.999
19.080  5.000  5.401  9.370
19.090  5.000  5.288  9.705
19.100  5.000  5.403  9.918
19.110  5.000  5.328  9.969
19.120  5.000  5.395  9.868
19.130  5.000  5.298  9.608
19.140  5.000  5.231  9.231
19.150  5.000  5.230  8.776
19.160  5.000  5.275  8.250
19.170  5.000  5.307  7.646
19.180  5.000  5.133  6.980
19.190  5.000  5.128  6.218
19.200  5.000  5.202  5.306
19.210  5.000  5.128  4.383
19.220  5.000  5.017  3.466
19.230  5.000  4.931  2.520
19.240  5.000  5.025  1.561
19.250  5.000  4.911  0.644
19.260  7.501  4.883  -0.207
19.270  10.000  5.006  -0.766
19.280  12.500  5.188  -0.164
19.290  15.000  6.993  1.764
19.300  17.500  8.244  4.696
19.310  20.000  8.803  8.739
19.320  22.500  8.934  13.800
19.330  25.000  9.504  19.875
19.340  27.500  10.055  26.787
19.350  30.000  10.514  33.580
19.360  30.000  10.526  40.823
19.370  30.000  10.826  48.168
19.380  30.000  11.099  54.868
19.390  30.000  11.457  62.120
19.400  30.000  11.960  69.179
19.410  30.000  12.148  75.993
19.420  30.000  12.831  82.908
19.430  30.000  12.993  89.629
19.440  30.000  13.486  96.455
19.450  30.000  13.651  103.567
19.460  30.000  14.259  110.814
19.470  30.000  13.951  118.858
19.480  30.000  14.680  126.704
19.490  30.000  14.983  133.420
19.500  30.000  15.663  139.745
19.510  30.000  15.990  146.158
19.520  30.000  16.167  153.183
19.530  30.000  16.580  160.021
19.540  30.000  16.348  166.926
19.550  30.000  17.381  173.819
19.560  30.000  17.857  180.220
19.570  30.000  17.920  186.559
19.580  30.000  18.478  192.784
19.590  30.000  18.891  198.976
19.600  30.000  19.467  205.143
19.610  30.000  19.509  211.497
19.620  30.000  19.659  217.657
19.630  30.000  19.941  223.998
19.640  30.000  20.096  230.899
19.650  30.000  20.840  237.404
19.660  30.000  21.128  243.699
19.670  30.000  21.426  249.685
19.680  30.000  21.696  255.555
19.690  30.000  22.169  261.854
19.700  30.000  22.799  267.978
19.710  30.000  22.672  274.266
19.720  30.000  22.830  280.673
19.730  30.000  23.321  286.851
19.740  30.000  23.971  293.200
19.750  30.000  24.036  299.455
19.760  30.000  24.759  305.479
19.770  30.000  24.731  311.429
19.780  30.000  25.417  317.357
19.790  30.000  25.100  323.703
19.800  30.000  25.800  330.239
19.810  30.000  26.083  336.402
19.820  30.000  26.153  342.715
19.830  30.000  26.504  349.095
19.840  30.000  26.767  355.393
19.850  30.000  27.095  361.832
19.860  30.000  28.019  368.143
19.870  30.000  28.157  374.268
19.880  30.000  28.096  380.582
19.890  30.000  28.409  386.972
19.900  30.000  28.540  393.307
19.910  30.000  29.157  399.447
19.920  30.000  29.607  405.058
19.930  30.000  30.043  410.623
19.940  30.000  30.108  416.664
19.950  30.000  30.545  422.502
19.960  30.000  30.684  427.867
19.970  30.000  30.893  433.619
19.980  30.000  30.801  439.530
19.990  30.000  31.327  445.231
20.000  30.000  31.386  450.840
20.010  30.000  31.449  456.393
20.020  30.000  30.570  461.496
20.030  30.000  31.235  466.065
20.040  30.000  30.569  470.586
20.050  30.000  31.637  474.849
20.060  30.000  31.982  479.008
20.070  30.000  32.444  483.197
20.080  30.000  31.865  487.031
20.090  30.000  31.300  490.625
20.100  30.000  30.893  493.860
20.110  30.000  31.822  496.411
20.120  30.000  31.796  498.924
20.130  30.000  32.464  501.393
20.140  30.000  31.792  503.291
20.150  30.000  31.034  504.815
20.160  30.000  30.556  505.811
20.170  30.000  31.054  506.355
20.180  30.000  31.230  506.543
20.190  30.000  31.803  506.380
20.200  30.000  31.197  505.946
20.210  30.000  30.821  505.070
20.220  30.000  30.829  503.918
20.230  30.000  30.547  502.559
20.240  30.000  30.366  500.817
20.250  30.000  30.243  498.831
20.260  5.000  30.293  496.678
20.270  5.000  29.365  492.500
20.280  5.000  24.204  483.662
20.290  5.000  23.161  474.909
20.300  5.000  23.893  466.717
20.310  5.000  24.320  457.936
20.320  5.000  23.422  450.618
20.330  5.000  22.954  443.184
20.340  5.000  22.460  435.966
20.350  5.000  22.116  428.613
20.360  5.000  21.656  421.266
20.370  5.000  21.115  414.101
20.380  5.000  20.946  406.941
20.390  5.000  20.789  399.492
20.400  5.000  20.348  392.166
20.410  5.000  19.949  385.023
20.420  5.000  19.556  378.118
20.430  5.000  19.147  370.981
20.440  5.000  19.037  363.701
20.450  5.000  18.723  357.034
20.460  5.000  18.387  350.430
20.470  5.000  18.371  343.688
20.480  5.000  17.927  336.921
20.490  5.000  17.599  330.339
20.500  5.000  17.376  323.980
20.510  5.000  17.095  317.626
20.520  5.000  16.823  311.200
20.530  5.000  16.688  304.895
20.540  5.000  16.345  298.688
20.550  5.000  16.252  292.455
20.560  5.000  15.893  286.178
20.570  5.000  15.602  280.119
20.580  5.000  15.354  274.011
20.590  5.000  15.141  267.570
20.600  5.000  14.912  261.626
20.610  5.000  14.630  255.845
20.620  5.000  14.333  249.837
20.630  5.000  14.067  244.159
20.640  5.000  13.974  238.537
20.650  5.000  13.619  232.906
20.660  5.000  13.441  227.351
20.670  5.000  13.185  221.875
20.680  5.000  13.012  216.348
20.690  5.000  12.751  210.953
20.700  5.000  12.399  205.620
20.710  5.000  12.282  200.206
20.720  5.000  12.114  194.962
20.730  5.000  11.891  189.802
20.740  5.000  11.673  184.702
20.750  5.000  11.456  179.746
20.760  5.000  11.285  174.734
20.770  5.000  11.063  169.788
20.780  5.000  10.935  164.976
20.790  5.000  10.806  160.148
20.800  5.000  10.499  155.392
20.810  5.000  10.297  150.757
20.820  5.000  10.197  146.052
20.830  5.000  9.976  141.374
20.840  5.000  9.818  136.804
20.850  5.000  9.518  132.276
20.860  5.000  9.409  127.899
20.870  5.000  9.185  123.561
20.880  5.000  9.012  119.271
20.890  5.000  8.793  115.136
20.900  5.000  8.709  110.985
20.910  5.000  8.541  106.832
20.920  5.000  8.407  102.747
20.930  5.000  8.201  98.693
20.940  5.000  8.057  94.720
20.950  5.000  7.925  90.765
20.960  5.000  7.688  86.908
20.970  5.000  7.644  83.073
20.980  5.000  7.495  79.239
20.990  5.000  7.346  75.480
21.000  5.000  7.166  71.756
21.010  5.000  6.977  68.167
21.020  5.000  6.785  64.646
21.030  5.000  6.678  61.147
21.040  5.000  6.584  57.698
21.050  5.000  6.357  54.298
21.060  5.000  6.190  51.005
21.070  5.000  6.173  47.734
21.080  5.000  6.013  44.463
21.090  5.000  5.867  41.270
21.100  5.000  5.733  38.151
21.110  5.000  5.601  35.040
21.120  5.000  5.501  31.985
21.130  5.000  5.357  28.998
21.140  5.000  5.254  26.030
21.150  5.000  5.132  23.088
21.160  5.000  4.993  20.216
21.170  5.000  4.851  17.420
21.180  5.000  4.822  14.645
21.190  5.000  4.673  11.969
21.200  5.000  4.574  9.467
21.210  5.000  4.462  7.129
21.220  5.000  4.474  4.943
21.230  5.000  4.481  2.948
21.240  5.000  4.409  1.155
21.250  5.000  4.484  -0.448
21.260  5.000  4.466  -1.885
21.270  5.000  4.518  -3.145
21.280  5.000  4.500  -4.177
21.290  5.000  4.564  -4.988
21.300  5.000  4.493  -5.603
21.310  5.000  4.536  -6.004
21.320  5.000  4.647  -6.244
21.330  5.000  4.612  -6.337
21.340  5.000  4.512  -6.188
21.350  5.000  4.551  -5.872
21.360  5.000  4.591  -5.469
21.370  5.000  4.681  -4.901
21.380  5.000  4.805  -4.165
21.390  5.000  4.734  -3.307
21.400  5.000  4.869  -2.388
21.410  5.000  4.873  -1.433
21.420  5.000  4.997  -0.450
21.430  5.000  5.128  0.443
21.440  5.000  5.133  1.330
21.450  5.000  5.171  2.262
21.460  5.000  5.011  3.301
21.470  5.000  5.289  4.401
21.480  5.000  5.372  5.355
21.490  5.000  5.263  6.273
21.500  5.000  5.422  7.247
21.510  5.000  5.331  8.242
21.520  5.000  5.537  9.119
21.530  5.000  5.517  9.746
21.540  5.000  5.466  10.334
21.550  5.000  5.474  10.897
21.560  5.000  5.441  11.270
21.570  5.000  5.403  11.472
21.580  5.000  5.481  11.532
21.590  5.000  5.431  11.443
21.600  5.000  5.466  11.190
21.610  5.000  5.376  10.781
21.620  5.000  5.356  10.134
21.630  5.000  5.301  9.314
21.640  5.000  5.306  8.436
21.650  5.000  5.252  7.425
21.660  5.000  5.134  6.314
21.670  5.000  5.059  5.240
21.680  5.000  5.031  4.200
21.690  5.000  5.000  3.173
21.700  5.000  4.960  2.153
21.710  5.000  4.941  1.117
21.720  5.000  4.886  0.045
21.730  5.000  4.832  -1.030
21.740  5.000  4.776  -2.058
21.750  5.000  4.776  -3.051
21.760  5.000  4.683  -4.030
21.770  5.000  4.681  -4.892
21.780  5.000  4.661  -5.714
21.790  5.000  4.618  -6.511
21.800  5.000  4.687  -7.200
21.810  5.000  4.648  -7.777
21.820  5.000  4.675  -8.189
21.830  5.000  4.608  -8.466
21.840  5.000  4.651  -8.628
21.850  5.000  4.720  -8.719
21.860  5.000  4.678  -8.727
21.870  5.000  4.684  -8.566
21.880  5.000  4.718  -8.269
21.890  5.000  4.768  -7.877
21.900  5.000  4.806  -7.384
21.910  5.000  4.836  -6.858
21.920  5.000  4.715  -6.247
21.930  5.000  4.860  -5.562
21.940  5.000  4.900  -4.897
21.950  5.000  5.082  -4.273
21.960  5.000  5.005  -3.510
21.970  5.000  5.035  -2.656
21.980  5.000  5.027  -1.864
21.990  5.000  5.129  -1.007
22.000  5.000  5.262  -0.177
22.010  5.000  5.291  0.456
22.020  5.000  5.302  1.018
22.030  5.000  5.333  1.552
22.040  5.000  5.278  2.070
22.050  5.000  5.280  2.726
22.060  5.000  5.372  3.438
22.070  5.000  5.360  4.068
22.080  5.000  5.347  4.482
22.090  5.000  5.265  4.691
22.100  5.000  5.348  4.807
22.110  5.000  5.386  4.835
22.120  5.000  5.314  4.785
22.130  5.000  5.365  4.605
22.140  5.000  5.214  4.262
22.150  5.000  5.305  3.805
22.160  5.000  5.259  3.317
22.170  5.000  5.228  2.720
22.180  5.000  5.246  2.015
22.190  5.000  5.075  1.354
22.200  5.000  5.069  0.685
22.210  5.000  5.112  -0.078
22.220  5.000  5.109  -0.900
22.230  5.000  4.989  -1.717
22.240  5.000  4.927  -2.528
22.250  5.000  4.891  -3.298
22.260  5.000  4.878  -4.124
22.270  7.499  4.898  -4.963
22.280  10.000  4.940  -5.376
22.290  12.500  5.243  -4.624
22.300  15.000  7.041  -2.529
22.310  17.500  8.314  0.583
22.320  20.000  8.701  4.786
22.330  22.500  8.467  10.343
22.340  25.000  9.580  17.088
22.350  27.500  10.170  24.117
22.360  30.000  10.289  31.523
22.370  30.000  10.335  39.214
22.380  30.000  10.716  46.526
22.390  30.000  11.254  53.096
22.400  30.000  11.443  59.592
22.410  30.000  12.151  66.226
22.420  30.000  12.025  73.856
22.430  30.000  12.845  81.487
22.440  30.000  13.037  88.105
22.450  30.000  13.193  95.353
22.460  30.000  13.927  102.537
22.470  30.000  14.033  109.729
22.480  30.000  14.423  116.887
22.490  30.000  15.031  123.503
22.500  30.000  14.931  130.626
22.510  30.000  15.454  138.338
22.520  30.000  15.905  145.337
22.530  30.000  16.281  151.890
22.540  30.000  16.393  158.495
22.550  30.000  17.037  164.963
22.560  30.000  17.517  171.029
22.570  30.000  18.015  176.856
22.580  30.000  18.089  183.127
22.590  30.000  18.041  189.830
22.600  30.000  18.673  196.659
22.610  30.000  19.031  203.380
22.620  30.000  19.578  209.692
22.630  30.000  19.585  216.157
22.640  30.000  19.853  222.890
22.650  30.000  20.083  229.472
22.660  30.000  20.796  236.265
22.670  30.000  21.058  243.090
22.680  30.000  21.323  249.664
22.690  30.000  21.597  256.501
22.700  30.000  22.143  263.033
22.710  30.000  22.052  269.401
22.720  30.000  22.644  275.910
22.730  30.000  22.776  282.564
22.740  30.000  22.906  289.589
22.750  30.000  23.514  296.425
22.760  30.000  23.998  302.889
22.770  30.000  24.194  309.301
22.780  30.000  24.745  315.831
22.790  30.000  25.203  322.155
22.800  30.000  25.381  328.408
22.810  30.000  25.804  334.435
22.820  30.000  25.902  340.316
22.830  30.000  26.449  346.185
22.840  30.000  26.948  352.078
22.850  30.000  26.852  358.198
22.860  30.000  27.432  364.557
22.870  30.000  27.044  371.163
22.880  30.000  27.956  377.580
22.890  30.000  28.216  383.598
22.900  30.000  28.123  389.917
22.910  30.000  28.754  396.021
22.920  30.000  29.040  401.913
22.930  30.000  29.175  408.252
22.940  30.000  29.624  414.601
22.950  30.000  30.069  420.599
22.960  30.000  30.385  426.603
22.970  30.000  29.968  433.227
22.980  30.000  30.608  439.630
22.990  30.000  30.867  445.376
23.000  30.000  31.008  451.022
23.010  30.000  31.661  456.543
23.020  30.000  31.749  461.931
23.030  30.000  31.388  467.312
23.040  30.000  30.779  472.317
23.050  30.000  30.873  476.954
23.060  30.000  31.425  481.337
23.070  30.000  31.989  485.413
23.080  30.000  32.623  489.503
23.090  30.000  32.373  493.495
23.100  30.000  31.430  497.147
23.110  30.000  30.671  500.409
23.120  30.000  31.440  503.134
23.130  30.000  31.656  505.545
23.140  30.000  33.038  507.822
23.150  30.000  32.176  509.962
23.160  30.000  30.888  511.373
23.170  30.000  30.747  511.965
23.180  30.000  30.725  512.457
23.190  30.000  31.907  512.572
23.200  30.000  32.012  512.109
23.210  30.000  31.356  511.325
23.220  30.000  30.249  510.118
23.230  30.000  30.087  508.546
23.240  30.000  30.648  506.910
23.250  30.000  30.852  505.122
23.260  30.000  30.246  502.978
23.270  5.000  29.780  500.587
23.280  5.000  28.772  496.081
23.290  5.000  24.235  486.962
23.300  5.000  23.277  478.266
23.310  5.000  23.818  470.114
23.320  5.000  23.891  461.466
23.330  5.000  23.040  454.456
23.340  5.000  22.709  447.080
23.350  5.000  22.090  439.835
23.360  5.000  21.794  432.584
23.370  5.000  21.442  425.261
23.380  5.000  21.312  418.102
23.390  5.000  20.776  410.765
23.400  5.000  20.426  403.553
23.410  5.000  20.086  396.720
23.420  5.000  19.848  389.558
23.430  5.000  19.452  382.369
23.440  5.000  19.153  375.763
23.450  5.000  18.905  368.848
23.460  5.000  18.560  361.713
23.470  5.000  18.433  355.096
23.480  5.000  17.980  348.703
23.490  5.000  17.750  342.333
23.500  5.000  17.608  335.872
23.510  5.000  17.246  329.446
23.520  5.000  16.954  323.219
23.530  5.000  16.766  316.971
23.540  5.000  16.585  310.708
23.550  5.000  16.243  304.517
23.560  5.000  16.052  298.312
23.570  5.000  15.786  292.211
23.580  5.000  15.461  286.286
23.590  5.000  15.357  280.381
23.600  5.000  15.157  274.564
23.610  5.000  14.825  268.763
23.620  5.000  14.672  263.024
23.630  5.000  14.499  256.741
23.640  5.000  14.131  250.704
23.650  5.000  13.862  245.329
23.660  5.000  13.559  239.678
23.670  5.000  13.372  234.241
23.680  5.000  13.246  228.840
23.690  5.000  13.026  223.354
23.700  5.000  12.782  218.133
23.710  5.000  12.613  212.905
23.720  5.000  12.348  207.606
23.730  5.000  12.033  202.501
23.740  5.000  11.757  197.346
23.750  5.000  11.599  192.225
23.760  5.000  11.469  187.301
23.770  5.000  11.259  182.415
23.780  5.000  11.067  177.620
23.790  5.000  10.869  172.863
23.800  5.000  10.688  168.068
23.810  5.000  10.485  163.340
23.820  5.000  10.278  158.717
23.830  5.000  10.129  154.178
23.840  5.000  9.924  149.612
23.850  5.000  9.782  145.117
23.860  5.000  9.645  140.693
23.870  5.000  9.341  136.224
23.880  5.000  9.190  131.850
23.890  5.000  9.015  127.643
23.900  5.000  8.780  123.493
23.910  5.000  8.694  119.302
23.920  5.000  8.475  115.229
23.930  5.000  8.271  111.282
23.940  5.000  8.195  107.339
23.950  5.000  8.019  103.446
23.960  5.000  7.954  99.565
23.970  5.000  7.764  95.657
23.980  5.000  7.650  91.799
23.990  5.000  7.424  88.065
24.000  5.000  7.295  84.418
24.010  5.000  7.136  80.835
24.020  5.000  6.945  77.296
24.030  5.000  6.783  73.779
24.040  5.000  6.668  70.305
24.050  5.000  6.558  66.891
24.060  5.000  6.377  63.527
24.070  5.000  6.228  60.261
24.080  5.000  6.149  57.022
24.090  5.000  5.970  53.836
24.100  5.000  5.852  50.724
24.110  5.000  5.720  47.635
24.120  5.000  5.569  44.655
24.130  5.000  5.508  41.738
24.140  5.000  5.352  38.838
24.150  5.000  5.245  36.006
24.160  5.000  5.141  33.192
24.170  5.000  5.055  30.391
24.180  5.000  4.905  27.634
24.190  5.000  4.809  24.920
24.200  5.000  4.710  22.253
24.210  5.000  4.608  19.694
24.220  5.000  4.563  17.323
24.230  5.000  4.436  15.131
24.240  5.000  4.377  13.134
24.250  5.000  4.387  11.351
24.260  5.000  4.414  9.824
24.270  5.000  4.444  8.506
24.280  5.000  4.506  7.384
24.290  5.000  4.583  6.440
24.300  5.000  4.556  5.658
24.310  5.000  4.508  5.103
24.320  5.000  4.504  4.785
24.330  5.000  4.569  4.693
24.340  5.000  4.615  4.721
24.350  5.000  4.557  4.865
24.360  5.000  4.508  5.170
24.370  5.000  4.576  5.612
24.380  5.000  4.628  6.277
24.390  5.000  4.755  7.183
24.400  5.000  4.795  8.165
24.410  5.000  4.864  9.112
24.420  5.000  4.825  10.075
24.430  5.000  5.041  11.066
24.440  5.000  5.035  12.192
24.450  5.000  5.030  13.455
24.460  5.000  5.125  14.655
24.470  5.000  5.147  15.850
24.480  5.000  5.238  16.996
24.490  5.000  5.315  18.020
24.500  5.000  5.525  19.007
24.510  5.000  5.426  20.096
24.520  5.000  5.400  21.252
24.530  5.000  5.527  22.259
24.540  5.000  5.554  23.150
24.550  5.000  5.565  23.871
24.560  5.000  5.432  24.439
24.570  5.000  5.516  24.883
24.580  5.000  5.436  25.205
24.590  5.000  5.439  25.303
24.600  5.000  5.422  25.154
24.610  5.000  5.407  24.906
24.620  5.000  5.442  24.482
24.630  5.000  5.443  23.760
24.640  5.000  5.349  22.825
24.650  5.000  5.286  21.852
24.660  5.000  5.217  20.826
24.670  5.000  5.169  19.774
24.680  5.000  5.058  18.650
24.690  5.000  5.017  17.534
24.700  5.000  4.958  16.415
24.710  5.000  4.984  15.261
24.720  5.000  4.894  14.174
24.730  5.000  4.818  13.118
24.740  5.000  4.788  12.068
24.750  5.000  4.747  11.025
24.760  5.000  4.752  9.962
24.770  5.000  4.659  8.937
24.780  5.000  4.633  8.051
24.790  5.000  4.672  7.259
24.800  5.000  4.661  6.521
24.810  5.000  4.646  5.928
24.820  5.000  4.631  5.497
24.830  5.000  4.660  5.159
24.840  5.000  4.619  4.940
24.850  5.000  4.742  4.863
24.860  5.000  4.722  4.884
24.870  5.000  4.692  4.998
24.880  5.000  4.627  5.284
24.890  5.000  4.779  5.618
24.900  5.000  4.789  5.994
24.910  5.000  4.746  6.556
24.920  5.000  4.791  7.188
24.930  5.000  4.810  7.837
24.940  5.000  4.914  8.491
24.950  5.000  4.917  9.167
24.960  5.000  5.071  10.043
24.970  5.000  4.944  11.133
24.980  5.000  5.024  12.209
24.990  5.000  5.060  13.134
25.000  5.000  5.258  13.919
25.010  5.000  5.200  14.681
25.020  5.000  5.272  15.481
25.030  5.000  5.257  16.199
25.040  5.000  5.300  16.887
25.050  5.000  5.301  17.586
25.060  5.000  5.443  18.220
25.070  5.000  5.286  18.898
25.080  5.000  5.364  19.443
25.090  5.000  5.257  19.724
25.100  5.000  5.265  19.971
25.110  5.000  5.318  20.154
25.120  5.000  5.374  20.250
25.130  5.000  5.323  20.196
25.140  5.000  5.272  19.994
25.150  5.000  5.215  19.773
25.160  5.000  5.345  19.433
25.170  5.000  5.237  19.015
25.180  5.000  5.203  18.507
25.190  5.000  5.086  17.922
25.200  5.000  5.174  17.307
25.210  5.000  5.118  16.637
25.220  5.000  5.082  15.928
25.230  5.000  5.140  15.137
25.240  5.000  5.153  14.236
25.250  5.000  4.957  13.302
25.260  5.000  4.841  12.453
25.270  5.000  4.906  11.665
25.280  7.500  4.853  10.830
25.290  10.000  4.993  10.231
25.300  12.500  5.151  10.827
25.310  15.000  6.873  12.859
25.320  17.500  8.164  15.898
25.330  20.000  8.881  19.845
25.340  22.500  9.070  24.926
25.350  25.000  9.519  32.154
25.360  27.500  10.392  39.460
25.370  30.000  10.424  45.745
25.380  30.000  10.887  52.107
25.390  30.000  10.381  58.839
25.400  30.000  11.038  65.794
25.410  30.000  11.602  72.712
25.420  30.000  11.906  80.068
25.430  30.000  12.351  86.831
25.440  30.000  12.701  93.259
25.450  30.000  13.048  100.381
25.460  30.000  12.949  108.103
25.470  30.000  13.815  115.396
25.480  30.000  14.253  122.051
25.490  30.000  14.857  128.464
25.500  30.000  15.075  134.684
25.510  30.000  15.189  141.022
25.520  30.000  15.454  147.602
25.530  30.000  15.991  154.331
25.540  30.000  16.319  160.867
25.550  30.000  16.852  167.568
25.560  30.000  17.082  174.194
25.570  30.000  17.440  180.512
25.580  30.000  17.999  187.109
25.590  30.000  18.007  193.767
25.600  30.000  18.068  200.559
25.610  30.000  18.699  207.242
25.620  30.000  19.234  213.348
25.630  30.000  19.244  219.713
25.640  30.000  19.690  226.362
25.650  30.000  20.019  232.619
25.660  30.000  20.556  238.646
25.670  30.000  20.703  244.656
25.680  30.000  21.232  250.600
25.690  30.000  21.068  256.813
25.700  30.000  22.036  262.984
25.710  30.000  22.036  268.934
25.720  30.000  22.422  275.241
25.730  30.000  22.944  281.784
25.740  30.000  22.792  288.552
25.750  30.000  23.440  294.839
25.760  30.000  24.156  300.745
25.770  30.000  24.320  306.614
25.780  30.000  24.407  312.720
25.790  30.000  24.468  319.571
25.800  30.000  24.716  326.288
25.810  30.000  25.174  332.769
25.820  30.000  25.567  338.947
25.830  30.000  26.207  344.949
25.840  30.000  26.102  351.408
25.850  30.000  26.409  357.908
25.860  30.000  26.571  364.423
25.870  30.000  27.105  370.936
25.880  30.000  27.668  376.869
25.890  30.000  27.967  382.657
25.900  30.000  27.863  388.697
25.910  30.000  28.074  395.074
25.920  30.000  28.628  401.672
25.930  30.000  28.541  408.005
25.940  30.000  29.570  414.111
25.950  30.000  29.753  420.130
25.960  30.000  30.309  426.058
25.970  30.000  30.043  432.052
25.980  30.000  30.711  437.817
25.990  30.000  30.806  443.548
26.000  30.000  30.755  449.387
26.010  30.000  31.428  454.839
26.020  30.000  31.656  460.335
26.030  30.000  31.109  466.032
26.040  30.000  31.155  471.321
26.050  30.000  30.736  476.264
26.060  30.000  30.948  480.758
26.070  30.000  31.347  484.720
26.080  30.000  32.216  488.758
26.090  30.000  32.759  492.888
26.100  30.000  31.895  496.727
26.110  30.000  31.333  499.950
26.120  30.000  30.735  502.698
26.130  30.000  31.446  505.299
26.140  30.000  31.967  507.952
26.150  30.000  32.363  510.443
26.160  30.000  32.206  512.466
26.170  30.000  30.979  514.025
26.180  30.000  30.579  514.930
26.190  30.000  31.097  515.293
26.200  30.000  31.371  515.292
26.210  30.000  32.130  514.922
26.220  30.000  31.249  514.201
26.230  30.000  30.549  513.154
26.240  30.000  30.520  511.782
26.250  30.000  30.357  510.088
26.260  30.000  30.602  508.184
26.270  30.000  30.185  506.113
26.280  5.000  29.824  503.840
26.290  5.000  28.918  499.581
26.300  5.000  24.022  490.581
26.310  5.000  23.162  481.696
26.320  5.000  23.692  473.459
26.330  5.000  23.940  464.660
26.340  5.000  23.112  457.180
26.350  5.000  22.636  449.468
26.360  5.000  22.090  442.118
26.370  5.000  21.663  434.707
26.380  5.000  21.453  427.083
26.390  5.000  21.219  419.607
26.400  5.000  20.931  412.339
26.410  5.000  20.310  405.131
26.420  5.000  20.196  397.729
26.430  5.000  19.858  390.535
26.440  5.000  19.772  383.316
26.450  5.000  19.257  375.966
26.460  5.000  19.081  369.059
26.470  5.000  18.701  362.395
26.480  5.000  18.399  355.792
26.490  5.000  18.151  348.880
26.500  5.000  17.737  342.096
26.510  5.000  17.546  335.603
26.520  5.000  17.217  329.157
26.530  5.000  16.880  322.859
26.540  5.000  16.744  316.567
26.550  5.000  16.475  310.218
26.560  5.000  16.258  304.007
26.570  5.000  16.041  297.797
26.580  5.000  15.909  291.581
26.590  5.000  15.713  285.622
26.600  5.000  15.362  279.536
26.610  5.000  15.278  273.343
26.620  5.000  15.153  267.162
26.630  5.000  14.831  261.111
26.640  5.000  14.439  255.250
