# covent_pc_1
# Captured 2020-06-21 02:40:52.922537 by unknown user
# Built at revision ace2394 (dirty)
time(sec)  pc_setpoint  pressure  volume
0.000  15.000  15.738  317.197
0.010  15.000  15.607  324.137
0.020  15.000  15.485  330.821
0.030  15.000  15.861  337.174
0.040  15.000  15.468  344.295
0.050  15.000  16.316  351.682
0.060  15.000  16.398  357.969
0.070  15.000  15.423  364.791
0.080  15.000  15.855  371.876
0.090  15.000  15.402  378.201
0.100  15.000  15.943  384.113
0.110  15.000  15.916  389.826
0.120  15.000  15.634  395.802
0.130  15.000  16.176  401.665
0.140  15.000  15.864  407.406
0.150  15.000  16.308  413.225
0.160  15.000  16.632  418.830
0.170  15.000  16.037  424.262
0.180  15.000  16.600  429.395
0.190  15.000  15.490  434.604
0.200  15.000  15.976  439.643
0.210  15.000  15.955  444.271
0.220  15.000  15.430  449.160
0.230  15.000  16.590  453.780
0.240  15.000  16.502  458.080
0.250  15.000  16.294  462.588
0.260  15.000  15.936  466.960
0.270  15.000  16.367  470.878
0.280  15.000  15.723  474.413
0.290  15.000  15.487  477.794
0.300  15.000  15.541  480.970
0.310  15.000  15.876  483.799
0.320  15.000  16.044  486.425
0.330  15.000  15.831  488.850
0.340  15.000  15.608  491.206
0.350  15.000  16.264  493.233
0.360  15.000  15.988  495.083
0.370  15.000  16.076  496.845
0.380  15.000  15.516  498.186
0.390  15.000  15.322  499.192
0.400  15.000  15.341  500.126
0.410  15.000  15.530  501.066
0.420  15.000  15.553  501.652
0.430  15.000  15.229  501.899
0.440  15.000  15.322  502.164
0.450  15.000  15.317  502.335
0.460  15.000  15.407  502.115
0.470  15.000  15.204  501.836
0.480  15.000  15.166  501.551
0.490  5.000  15.133  501.121
0.500  5.000  14.918  498.132
0.510  5.000  9.189  491.794
0.520  5.000  11.416  486.164
0.530  5.000  12.306  480.198
0.540  5.000  12.931  474.170
0.550  5.000  12.516  469.368
0.560  5.000  12.369  464.341
0.570  5.000  12.039  459.612
0.580  5.000  12.127  454.672
0.590  5.000  11.966  449.772
0.600  5.000  11.820  444.906
0.610  5.000  11.856  440.046
0.620  5.000  11.496  435.372
0.630  5.000  11.525  430.568
0.640  5.000  11.385  425.673
0.650  5.000  11.275  420.924
0.660  5.000  11.267  416.231
0.670  5.000  11.313  411.432
0.680  5.000  11.175  406.583
0.690  5.000  11.045  401.769
0.700  5.000  10.843  397.051
0.710  5.000  10.783  392.418
0.720  5.000  10.681  387.783
0.730  5.000  10.613  383.097
0.740  5.000  10.605  378.431
0.750  5.000  10.488  373.876
0.760  5.000  10.302  369.389
0.770  5.000  10.369  364.811
0.780  5.000  10.480  360.174
0.790  5.000  10.168  355.667
0.800  5.000  10.047  351.240
0.810  5.000  10.024  346.874
0.820  5.000  9.935  342.514
0.830  5.000  9.889  338.149
0.840  5.000  9.782  333.807
0.850  5.000  9.732  329.468
0.860  5.000  9.560  325.194
0.870  5.000  9.569  320.825
0.880  5.000  9.447  316.479
0.890  5.000  9.460  312.197
0.900  5.000  9.491  307.855
0.910  5.000  9.424  303.615
0.920  5.000  9.413  299.398
0.930  5.000  9.152  295.201
0.940  5.000  9.054  291.100
0.950  5.000  9.039  287.018
0.960  5.000  8.892  283.018
0.970  5.000  8.891  278.960
0.980  5.000  8.843  274.752
0.990  5.000  8.719  270.629
1.000  5.000  8.628  266.649
1.010  5.000  8.619  262.649
1.020  5.000  8.581  258.623
1.030  5.000  8.577  254.652
1.040  5.000  8.556  250.625
1.050  5.000  8.385  246.624
1.060  5.000  8.236  242.749
1.070  5.000  8.218  238.886
1.080  5.000  8.173  235.028
1.090  5.000  8.079  231.230
1.100  5.000  7.935  227.449
1.110  5.000  7.985  223.683
1.120  5.000  7.913  219.934
1.130  5.000  7.901  216.236
1.140  5.000  7.798  212.583
1.150  5.000  7.705  208.906
1.160  5.000  7.700  205.243
1.170  5.000  7.647  201.594
1.180  5.000  7.498  197.970
1.190  5.000  7.527  194.342
1.200  5.000  7.450  190.763
1.210  5.000  7.360  187.217
1.220  5.000  7.338  183.575
1.230  5.000  7.274  179.926
1.240  5.000  7.226  176.335
1.250  5.000  7.127  172.786
1.260  5.000  7.070  169.259
1.270  5.000  7.018  165.802
1.280  5.000  6.969  162.427
1.290  5.000  6.978  159.045
1.300  5.000  6.819  155.724
1.310  5.000  6.768  152.534
1.320  5.000  6.757  149.280
1.330  5.000  6.717  145.943
1.340  5.000  6.706  142.623
1.350  5.000  6.610  139.353
1.360  5.000  6.581  136.081
1.370  5.000  6.474  132.808
1.380  5.000  6.463  129.514
1.390  5.000  6.393  126.272
1.400  5.000  6.418  123.102
1.410  5.000  6.357  119.922
1.420  5.000  6.258  116.750
1.430  5.000  6.175  113.621
1.440  5.000  6.099  110.567
1.450  5.000  6.095  107.509
1.460  5.000  6.108  104.467
1.470  5.000  5.977  101.433
1.480  5.000  6.002  98.422
1.490  5.000  5.955  95.423
1.500  5.000  5.861  92.505
1.510  5.000  5.856  89.612
1.520  5.000  5.783  86.649
1.530  5.000  5.747  83.746
1.540  5.000  5.734  80.880
1.550  5.000  5.658  78.048
1.560  5.000  5.602  75.187
1.570  5.000  5.581  72.278
1.580  5.000  5.487  69.399
1.590  5.000  5.474  66.546
1.600  5.000  5.474  63.731
1.610  5.000  5.499  60.906
1.620  5.000  5.411  58.112
1.630  5.000  5.279  55.373
1.640  5.000  5.239  52.644
1.650  5.000  5.271  49.918
1.660  5.000  5.204  47.229
1.670  5.000  5.150  44.570
1.680  5.000  5.074  41.882
1.690  5.000  5.056  39.219
1.700  5.000  4.991  36.639
1.710  5.000  5.008  34.063
1.720  5.000  4.954  31.486
1.730  5.000  4.856  28.892
1.740  5.000  4.830  26.359
1.750  5.000  4.793  23.935
1.760  5.000  4.810  21.579
1.770  5.000  4.790  19.293
1.780  5.000  4.777  17.085
1.790  5.000  4.776  14.928
1.800  5.000  4.787  12.841
1.810  5.000  4.833  10.820
1.820  5.000  4.780  8.815
1.830  5.000  4.732  6.932
1.840  5.000  4.742  5.198
1.850  5.000  4.781  3.584
1.860  5.000  4.825  2.073
1.870  5.000  4.838  0.623
1.880  5.000  4.802  -0.772
1.890  5.000  4.738  -2.034
1.900  5.000  4.856  -3.145
1.910  5.000  4.837  -4.175
1.920  5.000  4.885  -5.182
1.930  5.000  4.818  -6.117
1.940  5.000  4.880  -6.988
1.950  5.000  4.913  -7.835
1.960  5.000  4.893  -8.627
1.970  5.000  4.798  -9.262
1.980  5.000  4.810  -9.757
1.990  5.000  4.843  -10.208
2.000  5.000  4.879  -10.643
2.010  5.000  4.940  -11.036
2.020  5.000  4.894  -11.407
2.030  5.000  4.878  -11.799
2.040  5.000  4.796  -12.068
2.050  5.000  4.908  -12.178
2.060  5.000  4.913  -12.232
2.070  5.000  5.017  -12.216
2.080  5.000  4.897  -12.122
2.090  5.000  4.870  -11.948
2.100  5.000  4.872  -11.720
2.110  5.000  4.985  -11.429
2.120  5.000  5.086  -11.107
2.130  5.000  4.932  -10.763
2.140  5.000  4.914  -10.371
2.150  5.000  4.889  -10.000
2.160  5.000  5.013  -9.673
2.170  5.000  5.110  -9.325
2.180  5.000  4.998  -8.892
2.190  5.000  5.074  -8.473
2.200  5.000  5.034  -8.040
2.210  5.000  4.938  -7.574
2.220  5.000  4.983  -7.083
2.230  5.000  5.077  -6.596
2.240  5.000  5.138  -6.147
2.250  5.000  4.959  -5.625
2.260  5.000  5.071  -5.201
2.270  5.000  5.098  -4.895
2.280  5.000  5.144  -4.535
2.290  5.000  5.114  -4.083
2.300  5.000  5.184  -3.603
2.310  5.000  5.194  -3.174
2.320  5.000  5.086  -2.752
2.330  5.000  5.086  -2.323
2.340  5.000  5.109  -1.934
2.350  5.000  5.127  -1.593
2.360  5.000  5.128  -1.276
2.370  5.000  5.128  -0.988
2.380  5.000  5.081  -0.692
2.390  5.000  5.074  -0.484
2.400  5.000  5.293  -0.327
2.410  5.000  4.957  -0.109
2.420  5.000  5.152  0.106
2.430  5.000  5.066  0.328
2.440  5.000  5.183  0.526
2.450  5.000  5.190  0.587
2.460  5.000  5.108  0.579
2.470  5.000  5.107  0.560
2.480  5.000  5.100  0.529
2.490  5.000  5.016  0.541
2.500  6.000  5.069  0.440
2.510  7.000  5.158  0.301
2.520  8.000  5.381  0.514
2.530  9.000  5.618  1.455
2.540  10.000  6.364  3.186
2.550  11.000  7.144  5.557
2.560  12.000  7.518  8.850
2.570  13.000  7.655  13.146
2.580  14.000  8.001  18.130
2.590  15.000  8.226  23.596
2.600  15.000  9.317  29.248
2.610  15.000  9.882  36.693
2.620  15.000  9.669  45.654
2.630  15.000  10.083  53.494
2.640  15.000  10.201  60.383
2.650  15.000  10.205  67.448
2.660  15.000  10.062  75.838
2.670  15.000  10.860  84.030
2.680  15.000  10.465  92.477
2.690  15.000  10.919  101.114
2.700  15.000  11.108  108.181
2.710  15.000  11.222  115.056
2.720  15.000  10.973  123.130
2.730  15.000  12.039  130.549
2.740  15.000  11.339  138.278
2.750  15.000  11.603  146.464
2.760  15.000  11.799  153.508
2.770  15.000  11.706  161.791
2.780  15.000  12.516  169.315
2.790  15.000  12.185  175.989
2.800  15.000  12.480  182.789
2.810  15.000  12.541  189.592
2.820  15.000  12.946  196.840
2.830  15.000  13.278  203.602
2.840  15.000  13.556  210.363
2.850  15.000  13.273  217.882
2.860  15.000  13.284  225.280
2.870  15.000  13.699  232.240
2.880  15.000  13.554  239.173
2.890  15.000  14.064  245.869
2.900  15.000  13.677  252.852
2.910  15.000  14.372  259.481
2.920  15.000  14.152  266.201
2.930  15.000  14.284  273.727
2.940  15.000  14.749  280.917
2.950  15.000  14.701  288.133
2.960  15.000  15.162  295.440
2.970  15.000  14.666  302.511
2.980  15.000  15.112  309.347
2.990  15.000  15.484  316.362
3.000  15.000  15.380  323.671
3.010  15.000  15.094  331.097
3.020  15.000  15.698  338.152
3.030  15.000  15.599  344.747
3.040  15.000  15.731  351.585
3.050  15.000  15.897  358.472
3.060  15.000  15.672  365.405
3.070  15.000  16.331  371.899
3.080  15.000  15.549  378.689
3.090  15.000  15.826  385.864
3.100  15.000  15.747  392.184
3.110  15.000  15.755  398.095
3.120  15.000  15.666  404.081
3.130  15.000  16.190  409.742
3.140  15.000  16.078  414.962
3.150  15.000  16.310  420.075
3.160  15.000  16.657  425.139
3.170  15.000  16.215  430.682
3.180  15.000  16.129  436.281
3.190  15.000  15.454  441.622
3.200  15.000  16.014  446.788
3.210  15.000  15.797  451.830
3.220  15.000  15.791  456.700
3.230  15.000  16.186  461.219
3.240  15.000  16.014  465.907
3.250  15.000  15.957  470.748
3.260  15.000  16.325  475.456
3.270  15.000  16.242  479.722
3.280  15.000  16.039  483.568
3.290  15.000  16.016  486.958
3.300  15.000  15.783  489.936
3.310  15.000  16.020  492.766
3.320  15.000  15.940  495.597
3.330  15.000  15.620  498.269
3.340  15.000  15.786  500.576
3.350  15.000  15.764  502.823
3.360  15.000  16.316  504.671
3.370  15.000  15.951  506.396
3.380  15.000  15.607  508.256
3.390  15.000  15.473  509.766
3.400  15.000  15.385  511.043
3.410  15.000  15.760  511.963
3.420  15.000  15.457  512.641
3.430  15.000  15.558  513.078
3.440  15.000  15.172  513.206
3.450  15.000  15.382  513.227
3.460  15.000  15.373  513.192
3.470  15.000  15.388  512.988
3.480  15.000  15.382  512.430
3.490  15.000  15.115  511.797
3.500  5.000  15.240  511.106
3.510  5.000  15.094  507.510
3.520  5.000  9.597  500.548
3.530  5.000  11.532  494.547
3.540  5.000  12.181  488.576
3.550  5.000  12.845  482.718
3.560  5.000  12.402  477.910
3.570  5.000  12.318  472.787
3.580  5.000  11.953  467.882
3.590  5.000  12.032  462.948
3.600  5.000  12.022  458.048
3.610  5.000  11.691  453.219
3.620  5.000  11.805  448.387
3.630  5.000  11.602  443.508
3.640  5.000  11.555  438.711
3.650  5.000  11.427  433.953
3.660  5.000  11.306  429.112
3.670  5.000  11.257  424.318
3.680  5.000  11.073  419.611
3.690  5.000  11.120  414.877
3.700  5.000  10.989  410.181
3.710  5.000  10.909  405.489
3.720  5.000  10.941  400.686
3.730  5.000  10.753  395.934
3.740  5.000  10.595  391.361
3.750  5.000  10.595  386.846
3.760  5.000  10.421  382.298
3.770  5.000  10.372  377.787
3.780  5.000  10.344  373.372
3.790  5.000  10.305  368.891
3.800  5.000  10.055  364.244
3.810  5.000  10.042  359.622
3.820  5.000  10.038  355.089
3.830  5.000  9.855  350.661
3.840  5.000  9.857  346.197
3.850  5.000  9.691  341.696
3.860  5.000  9.698  337.259
3.870  5.000  9.577  332.843
3.880  5.000  9.525  328.568
3.890  5.000  9.483  324.327
3.900  5.000  9.420  320.059
3.910  5.000  9.393  315.844
3.920  5.000  9.195  311.685
3.930  5.000  9.198  307.490
3.940  5.000  9.145  303.279
3.950  5.000  9.150  299.147
3.960  5.000  8.994  295.013
3.970  5.000  8.926  290.848
3.980  5.000  8.857  286.813
3.990  5.000  8.798  282.836
4.000  5.000  8.774  278.784
4.010  5.000  8.651  274.758
4.020  5.000  8.610  270.651
4.030  5.000  8.502  266.604
4.040  5.000  8.519  262.716
4.050  5.000  8.470  258.804
4.060  5.000  8.407  254.830
4.070  5.000  8.357  250.858
4.080  5.000  8.228  246.960
4.090  5.000  8.189  243.094
4.100  5.000  8.061  239.285
4.110  5.000  8.035  235.525
4.120  5.000  7.929  231.698
4.130  5.000  7.956  227.896
4.140  5.000  7.887  224.155
4.150  5.000  7.819  220.429
4.160  5.000  7.703  216.779
4.170  5.000  7.610  213.111
4.180  5.000  7.589  209.441
4.190  5.000  7.519  205.809
4.200  5.000  7.561  202.118
4.210  5.000  7.557  198.425
4.220  5.000  7.441  194.850
4.230  5.000  7.337  191.373
4.240  5.000  7.256  187.909
4.250  5.000  7.199  184.384
4.260  5.000  7.195  180.774
4.270  5.000  7.107  177.249
4.280  5.000  7.029  173.835
4.290  5.000  6.989  170.428
4.300  5.000  6.978  167.011
4.310  5.000  6.881  163.596
4.320  5.000  6.866  160.192
4.330  5.000  6.820  156.814
4.340  5.000  6.797  153.460
4.350  5.000  6.704  150.148
4.360  5.000  6.642  146.895
4.370  5.000  6.587  143.646
4.380  5.000  6.526  140.356
4.390  5.000  6.555  137.088
4.400  5.000  6.426  133.850
4.410  5.000  6.387  130.659
4.420  5.000  6.318  127.515
4.430  5.000  6.248  124.384
4.440  5.000  6.190  121.280
4.450  5.000  6.157  118.154
4.460  5.000  6.171  115.033
4.470  5.000  6.058  111.942
4.480  5.000  5.973  108.926
4.490  5.000  5.975  105.898
4.500  5.000  5.925  102.893
4.510  5.000  5.910  99.938
4.520  5.000  5.839  96.966
4.530  5.000  5.782  94.073
4.540  5.000  5.707  91.194
4.550  5.000  5.707  88.263
4.560  5.000  5.679  85.373
4.570  5.000  5.617  82.484
4.580  5.000  5.565  79.653
4.590  5.000  5.536  76.836
4.600  5.000  5.517  73.919
4.610  5.000  5.396  71.106
4.620  5.000  5.411  68.371
4.630  5.000  5.405  65.594
4.640  5.000  5.319  62.805
4.650  5.000  5.297  60.024
4.660  5.000  5.260  57.310
4.670  5.000  5.252  54.623
4.680  5.000  5.147  51.913
4.690  5.000  5.106  49.248
4.700  5.000  5.073  46.609
4.710  5.000  5.049  43.987
4.720  5.000  5.022  41.361
4.730  5.000  5.001  38.759
4.740  5.000  4.873  36.192
4.750  5.000  4.894  33.618
4.760  5.000  4.836  31.091
4.770  5.000  4.826  28.633
4.780  5.000  4.815  26.239
4.790  5.000  4.778  23.933
4.800  5.000  4.765  21.661
4.810  5.000  4.778  19.443
4.820  5.000  4.812  17.332
4.830  5.000  4.785  15.288
4.840  5.000  4.816  13.308
4.850  5.000  4.731  11.433
4.860  5.000  4.836  9.660
4.870  5.000  4.802  7.973
4.880  5.000  4.756  6.418
4.890  5.000  4.750  4.985
4.900  5.000  4.810  3.640
4.910  5.000  4.836  2.412
4.920  5.000  4.852  1.267
4.930  5.000  4.895  0.168
4.940  5.000  4.798  -0.862
4.950  5.000  4.743  -1.774
4.960  5.000  4.848  -2.631
4.970  5.000  4.917  -3.441
4.980  5.000  4.868  -4.155
4.990  5.000  4.855  -4.842
5.000  5.000  4.848  -5.487
5.010  5.000  4.867  -5.990
5.020  5.000  4.887  -6.362
5.030  5.000  4.866  -6.678
5.040  5.000  4.908  -6.955
5.050  5.000  4.945  -7.173
5.060  5.000  4.856  -7.305
5.070  5.000  4.848  -7.416
5.080  5.000  4.867  -7.475
5.090  5.000  4.948  -7.463
5.100  5.000  4.971  -7.457
5.110  5.000  4.856  -7.440
5.120  5.000  4.873  -7.357
5.130  5.000  4.957  -7.158
5.140  5.000  5.035  -6.952
5.150  5.000  4.926  -6.691
5.160  5.000  4.960  -6.324
5.170  5.000  4.949  -5.921
5.180  5.000  5.013  -5.495
5.190  5.000  5.015  -5.146
5.200  5.000  5.027  -4.723
5.210  5.000  4.992  -4.235
5.220  5.000  4.960  -3.818
5.230  5.000  5.012  -3.430
5.240  5.000  4.983  -2.991
5.250  5.000  5.035  -2.511
5.260  5.000  4.994  -1.930
5.270  5.000  5.057  -1.230
5.280  5.000  5.139  -0.681
5.290  5.000  5.096  -0.225
5.300  5.000  5.074  0.219
5.310  5.000  5.092  0.653
5.320  5.000  5.122  1.136
5.330  5.000  5.104  1.524
5.340  5.000  5.279  1.726
5.350  5.000  5.013  2.067
5.360  5.000  5.032  2.595
5.370  5.000  5.141  3.071
5.380  5.000  5.107  3.481
5.390  5.000  5.230  3.818
5.400  5.000  5.229  4.057
5.410  5.000  5.220  4.299
5.420  5.000  5.140  4.593
5.430  5.000  5.125  4.827
5.440  5.000  5.080  5.006
5.450  5.000  5.121  5.194
5.460  5.000  5.164  5.349
5.470  5.000  5.086  5.333
5.480  5.000  5.185  5.162
5.490  5.000  5.125  5.052
5.500  5.000  5.112  4.984
5.510  6.000  5.077  4.828
5.520  7.000  5.204  4.660
5.530  8.000  5.346  4.709
5.540  9.000  5.562  5.409
5.550  10.000  6.453  6.992
5.560  11.000  7.212  9.325
5.570  12.000  7.525  12.456
5.580  13.000  7.524  16.391
5.590  14.000  8.135  21.025
5.600  15.000  8.744  26.045
5.610  15.000  9.385  31.633
5.620  15.000  9.607  39.389
5.630  15.000  10.027  47.693
5.640  15.000  10.377  54.893
5.650  15.000  10.198  62.004
5.660  15.000  10.176  68.897
5.670  15.000  9.801  75.776
5.680  15.000  10.274  82.819
5.690  15.000  10.645  90.407
5.700  15.000  11.070  98.178
5.710  15.000  11.535  105.040
5.720  15.000  10.811  112.847
5.730  15.000  11.608  120.934
5.740  15.000  10.760  129.154
5.750  15.000  11.761  137.038
5.760  15.000  11.367  143.729
5.770  15.000  11.842  150.709
5.780  15.000  12.535  157.466
5.790  15.000  12.158  164.740
5.800  15.000  12.296  172.283
5.810  15.000  12.461  179.645
5.820  15.000  13.003  186.417
5.830  15.000  12.597  192.948
5.840  15.000  12.901  199.852
5.850  15.000  12.622  206.734
5.860  15.000  13.204  213.847
5.870  15.000  13.628  221.128
5.880  15.000  13.448  228.346
5.890  15.000  13.953  235.091
5.900  15.000  13.662  241.579
5.910  15.000  13.103  250.073
5.920  15.000  14.261  258.410
5.930  15.000  14.652  264.797
5.940  15.000  14.795  271.486
5.950  15.000  14.574  278.498
5.960  15.000  14.390  285.887
5.970  15.000  14.401  293.536
5.980  15.000  15.308  300.705
5.990  15.000  14.736  307.948
6.000  15.000  15.542  314.957
6.010  15.000  15.356  321.949
6.020  15.000  15.147  329.785
6.030  15.000  15.617  337.166
6.040  15.000  15.773  344.017
6.050  15.000  15.726  350.700
6.060  15.000  16.111  356.891
6.070  15.000  15.972  363.143
6.080  15.000  16.164  369.638
6.090  15.000  15.761  376.098
6.100  15.000  15.527  382.416
6.110  15.000  15.507  388.582
6.120  15.000  15.875  394.427
6.130  15.000  16.034  400.034
6.140  15.000  16.003  405.539
6.150  15.000  15.882  411.080
6.160  15.000  16.376  416.676
6.170  15.000  16.455  422.184
6.180  15.000  16.300  427.735
6.190  15.000  16.158  433.268
6.200  15.000  15.833  438.735
6.210  15.000  16.067  443.817
6.220  15.000  15.726  448.851
6.230  15.000  15.687  453.893
6.240  15.000  16.023  458.512
6.250  15.000  16.386  462.825
6.260  15.000  16.336  466.984
6.270  15.000  16.756  470.894
6.280  15.000  16.224  474.751
6.290  15.000  15.429  478.579
6.300  15.000  15.714  481.974
6.310  15.000  15.344  484.939
6.320  15.000  15.904  487.818
6.330  15.000  15.831  490.522
6.340  15.000  15.685  493.176
6.350  15.000  15.779  495.705
6.360  15.000  15.840  497.759
6.370  15.000  16.149  499.609
6.380  15.000  16.015  501.431
6.390  15.000  15.548  503.089
6.400  15.000  15.390  504.561
6.410  15.000  15.165  506.005
6.420  15.000  15.851  507.146
6.430  15.000  15.562  508.007
6.440  15.000  15.480  508.678
6.450  15.000  15.240  509.086
6.460  15.000  15.125  509.430
6.470  15.000  15.322  509.656
6.480  15.000  15.472  509.757
6.490  15.000  15.455  509.624
6.500  15.000  15.453  509.116
6.510  5.000  15.005  508.563
6.520  5.000  14.846  505.421
6.530  5.000  9.270  498.834
6.540  5.000  11.531  492.984
6.550  5.000  12.297  487.110
6.560  5.000  12.922  481.300
6.570  5.000  12.522  476.633
6.580  5.000  12.435  471.693
6.590  5.000  12.084  466.845
6.600  5.000  12.052  461.931
6.610  5.000  12.033  456.997
6.620  5.000  11.785  452.058
6.630  5.000  11.939  447.104
6.640  5.000  11.698  442.221
6.650  5.000  11.575  437.535
6.660  5.000  11.403  432.851
6.670  5.000  11.297  428.098
6.680  5.000  11.287  423.354
6.690  5.000  11.299  418.540
6.700  5.000  11.192  413.802
6.710  5.000  11.063  409.086
6.720  5.000  10.937  404.413
6.730  5.000  10.859  399.781
6.740  5.000  10.732  395.103
6.750  5.000  10.723  390.418
6.760  5.000  10.580  385.721
6.770  5.000  10.501  381.127
6.780  5.000  10.492  376.515
6.790  5.000  10.405  371.922
6.800  5.000  10.303  367.428
6.810  5.000  10.208  362.949
6.820  5.000  10.199  358.322
6.830  5.000  10.110  353.713
6.840  5.000  9.986  349.202
6.850  5.000  9.888  344.754
6.860  5.000  9.791  340.388
6.870  5.000  9.950  335.995
6.880  5.000  9.726  331.628
6.890  5.000  9.738  327.336
6.900  5.000  9.624  323.095
6.910  5.000  9.554  318.917
6.920  5.000  9.501  314.603
6.930  5.000  9.440  310.202
6.940  5.000  9.393  305.969
6.950  5.000  9.312  301.812
6.960  5.000  9.197  297.715
6.970  5.000  9.089  293.580
6.980  5.000  9.079  289.443
6.990  5.000  9.060  285.337
7.000  5.000  8.939  281.203
7.010  5.000  8.899  277.095
7.020  5.000  8.735  273.068
7.030  5.000  8.684  269.098
7.040  5.000  8.636  265.141
7.050  5.000  8.583  261.223
7.060  5.000  8.593  257.164
7.070  5.000  8.403  253.140
7.080  5.000  8.347  249.236
7.090  5.000  8.300  245.305
7.100  5.000  8.169  241.436
7.110  5.000  8.226  237.524
7.120  5.000  8.171  233.624
7.130  5.000  8.082  229.813
7.140  5.000  7.971  226.016
7.150  5.000  8.007  222.232
7.160  5.000  7.931  218.482
7.170  5.000  7.835  214.766
7.180  5.000  7.771  211.095
7.190  5.000  7.687  207.573
7.200  5.000  7.648  204.069
7.210  5.000  7.562  200.470
7.220  5.000  7.479  196.860
7.230  5.000  7.440  193.273
7.240  5.000  7.454  189.704
7.250  5.000  7.371  186.169
7.260  5.000  7.340  182.687
7.270  5.000  7.235  179.196
7.280  5.000  7.137  175.777
7.290  5.000  7.100  172.383
7.300  5.000  7.101  168.900
7.310  5.000  7.074  165.454
7.320  5.000  6.995  162.087
7.330  5.000  6.874  158.771
7.340  5.000  6.855  155.376
7.350  5.000  6.802  151.990
7.360  5.000  6.847  148.682
7.370  5.000  6.786  145.341
7.380  5.000  6.640  142.050
7.390  5.000  6.592  138.809
7.400  5.000  6.592  135.597
7.410  5.000  6.587  132.365
7.420  5.000  6.509  129.107
7.430  5.000  6.420  125.869
7.440  5.000  6.361  122.651
7.450  5.000  6.320  119.474
7.460  5.000  6.204  116.394
7.470  5.000  6.223  113.359
7.480  5.000  6.205  110.238
7.490  5.000  6.109  107.081
7.500  5.000  6.151  103.947
7.510  5.000  6.051  100.891
7.520  5.000  6.077  97.890
7.530  5.000  5.970  94.894
7.540  5.000  5.900  91.954
7.550  5.000  5.839  89.008
7.560  5.000  5.852  85.996
7.570  5.000  5.710  83.023
7.580  5.000  5.791  80.106
7.590  5.000  5.706  77.205
7.600  5.000  5.578  74.378
7.610  5.000  5.600  71.571
7.620  5.000  5.584  68.696
7.630  5.000  5.516  65.845
7.640  5.000  5.495  63.037
7.650  5.000  5.423  60.256
7.660  5.000  5.343  57.500
7.670  5.000  5.366  54.725
7.680  5.000  5.278  51.995
7.690  5.000  5.239  49.338
7.700  5.000  5.184  46.685
7.710  5.000  5.114  43.996
7.720  5.000  5.139  41.295
7.730  5.000  5.088  38.657
7.740  5.000  5.005  36.126
7.750  5.000  4.967  33.602
7.760  5.000  4.942  31.013
7.770  5.000  4.936  28.402
7.780  5.000  4.939  25.836
7.790  5.000  4.889  23.313
7.800  5.000  4.861  20.870
7.810  5.000  4.827  18.524
7.820  5.000  4.820  16.257
7.830  5.000  4.789  14.029
7.840  5.000  4.772  11.803
7.850  5.000  4.802  9.634
7.860  5.000  4.741  7.576
7.870  5.000  4.796  5.614
7.880  5.000  4.849  3.705
7.890  5.000  4.857  1.878
7.900  5.000  4.743  0.155
7.910  5.000  4.796  -1.398
7.920  5.000  4.763  -2.816
7.930  5.000  4.831  -4.233
7.940  5.000  4.773  -5.574
7.950  5.000  4.847  -6.802
7.960  5.000  4.808  -7.979
7.970  5.000  4.810  -9.045
7.980  5.000  4.916  -10.020
7.990  5.000  4.831  -10.910
8.000  5.000  4.781  -11.678
8.010  5.000  4.848  -12.392
8.020  5.000  4.794  -13.005
8.030  5.000  4.915  -13.586
8.040  5.000  4.956  -14.137
8.050  5.000  4.870  -14.559
8.060  5.000  4.767  -14.953
8.070  5.000  4.833  -15.302
8.080  5.000  4.893  -15.518
8.090  5.000  4.880  -15.624
8.100  5.000  4.880  -15.672
8.110  5.000  4.867  -15.733
8.120  5.000  4.864  -15.741
8.130  5.000  4.902  -15.596
8.140  5.000  4.877  -15.426
8.150  5.000  4.968  -15.264
8.160  5.000  4.915  -15.015
8.170  5.000  4.877  -14.667
8.180  5.000  5.018  -14.271
8.190  5.000  4.996  -13.820
8.200  5.000  5.021  -13.339
8.210  5.000  4.961  -12.843
8.220  5.000  5.050  -12.375
8.230  5.000  4.962  -11.963
8.240  5.000  5.010  -11.368
8.250  5.000  5.084  -10.749
8.260  5.000  4.977  -10.223
8.270  5.000  4.987  -9.649
8.280  5.000  5.136  -9.051
8.290  5.000  5.042  -8.460
8.300  5.000  5.074  -7.913
8.310  5.000  5.118  -7.364
8.320  5.000  5.035  -6.805
8.330  5.000  5.144  -6.239
8.340  5.000  5.176  -5.744
8.350  5.000  5.173  -5.312
8.360  5.000  5.241  -4.904
8.370  5.000  5.191  -4.473
8.380  5.000  5.191  -4.096
8.390  5.000  5.192  -3.728
8.400  5.000  5.156  -3.308
8.410  5.000  5.191  -2.899
8.420  5.000  5.295  -2.504
8.430  5.000  5.132  -2.200
8.440  5.000  5.010  -2.036
8.450  5.000  5.128  -1.969
8.460  5.000  5.293  -1.968
8.470  5.000  5.151  -1.994
8.480  5.000  5.078  -1.946
8.490  5.000  5.082  -1.968
8.500  5.000  5.173  -2.144
8.510  5.000  5.096  -2.379
8.520  6.000  5.178  -2.644
8.530  7.000  5.105  -2.922
8.540  8.000  5.329  -2.994
8.550  9.000  5.557  -2.417
8.560  10.000  6.314  -0.923
8.570  11.000  7.187  1.424
8.580  12.000  7.349  4.750
8.590  13.000  7.579  8.729
8.600  14.000  8.293  12.915
8.610  15.000  8.762  17.697
8.620  15.000  9.055  23.323
8.630  15.000  9.859  29.403
8.640  15.000  9.747  37.223
8.650  15.000  10.505  45.208
8.660  15.000  10.096  51.907
8.670  15.000  9.843  59.900
8.680  15.000  10.438  67.511
8.690  15.000  10.345  74.210
8.700  15.000  10.316  82.388
8.710  15.000  10.952  90.376
8.720  15.000  10.969  97.951
8.730  15.000  11.495  105.341
8.740  15.000  11.063  112.391
8.750  15.000  11.403  119.543
8.760  15.000  11.386  126.499
8.770  15.000  11.977  133.557
8.780  15.000  11.963  140.848
8.790  15.000  12.415  147.751
8.800  15.000  12.320  154.582
8.810  15.000  12.279  161.723
8.820  15.000  12.590  168.681
8.830  15.000  12.978  175.441
8.840  15.000  12.718  183.394
8.850  15.000  12.895  191.740
8.860  15.000  13.331  198.535
8.870  15.000  12.896  205.451
8.880  15.000  13.185  212.913
8.890  15.000  13.127  220.636
8.900  15.000  13.806  227.972
8.910  15.000  13.897  234.786
8.920  15.000  13.951  241.863
8.930  15.000  14.075  248.963
8.940  15.000  14.409  255.892
8.950  15.000  14.287  263.225
8.960  15.000  14.241  270.733
8.970  15.000  14.331  277.781
8.980  15.000  15.298  284.508
8.990  15.000  14.775  291.158
9.000  15.000  14.974  298.290
9.010  15.000  15.358  305.420
9.020  15.000  15.423  312.338
9.030  15.000  15.341  319.275
9.040  15.000  16.035  325.787
9.050  15.000  15.147  332.876
9.060  15.000  16.349  339.731
9.070  15.000  16.026  345.935
9.080  15.000  16.051  352.745
9.090  15.000  15.963  359.520
9.100  15.000  15.554  366.161
9.110  15.000  15.721  372.434
9.120  15.000  15.112  378.428
9.130  15.000  16.006  384.409
9.140  15.000  15.945  390.050
9.150  15.000  15.697  395.867
9.160  15.000  15.706  401.975
9.170  15.000  16.196  407.795
9.180  15.000  16.069  413.466
9.190  15.000  16.630  419.187
9.200  15.000  15.875  424.837
9.210  15.000  16.246  430.013
9.220  15.000  15.753  434.888
9.230  15.000  16.466  439.537
9.240  15.000  15.385  444.248
9.250  15.000  16.126  449.013
9.260  15.000  15.738  453.453
9.270  15.000  16.260  457.979
9.280  15.000  16.497  462.266
9.290  15.000  16.272  466.435
9.300  15.000  16.145  470.329
9.310  15.000  15.923  473.724
9.320  15.000  16.178  476.969
9.330  15.000  15.504  480.040
9.340  15.000  15.715  482.775
9.350  15.000  15.885  485.286
9.360  15.000  15.559  487.651
9.370  15.000  15.794  489.934
9.380  15.000  15.701  492.105
9.390  15.000  15.777  494.107
9.400  15.000  15.914  495.932
9.410  15.000  15.748  497.506
9.420  15.000  15.684  498.865
9.430  15.000  15.424  500.014
9.440  15.000  15.067  501.094
9.450  15.000  15.585  502.027
9.460  15.000  15.566  502.654
9.470  15.000  15.571  503.043
9.480  15.000  15.277  503.164
9.490  15.000  15.165  503.105
9.500  15.000  15.338  502.945
9.510  15.000  15.481  502.616
9.520  5.000  15.334  502.148
9.530  5.000  14.919  499.295
9.540  5.000  9.113  492.965
9.550  5.000  11.500  487.021
9.560  5.000  12.372  481.070
9.570  5.000  13.039  475.174
9.580  5.000  12.620  470.269
9.590  5.000  12.434  465.231
9.600  5.000  12.051  460.387
9.610  5.000  12.121  455.398
9.620  5.000  12.114  450.536
9.630  5.000  11.986  445.629
9.640  5.000  11.885  440.801
9.650  5.000  11.664  436.041
9.660  5.000  11.478  431.154
9.670  5.000  11.421  426.326
9.680  5.000  11.435  421.578
9.690  5.000  11.272  416.884
9.700  5.000  11.284  412.235
9.710  5.000  11.181  407.632
9.720  5.000  11.035  402.977
9.730  5.000  11.031  398.287
9.740  5.000  10.806  393.706
9.750  5.000  10.872  389.015
9.760  5.000  10.674  384.340
9.770  5.000  10.604  379.767
9.780  5.000  10.589  375.141
9.790  5.000  10.444  370.670
9.800  5.000  10.414  366.302
9.810  5.000  10.394  361.773
9.820  5.000  10.330  357.188
9.830  5.000  10.233  352.686
9.840  5.000  10.231  348.100
9.850  5.000  10.048  343.570
9.860  5.000  10.044  339.248
9.870  5.000  9.919  334.994
9.880  5.000  9.908  330.745
9.890  5.000  9.842  326.475
9.900  5.000  9.783  322.166
9.910  5.000  9.671  317.826
9.920  5.000  9.618  313.513
9.930  5.000  9.536  309.243
9.940  5.000  9.519  305.008
9.950  5.000  9.373  300.814
9.960  5.000  9.315  296.603
9.970  5.000  9.185  292.421
9.980  5.000  9.114  288.340
9.990  5.000  9.071  284.188
10.000  5.000  8.977  280.040
10.010  5.000  8.921  275.990
10.020  5.000  8.866  271.937
10.030  5.000  8.724  267.885
10.040  5.000  8.771  263.881
10.050  5.000  8.758  259.940
10.060  5.000  8.630  256.063
10.070  5.000  8.568  252.150
10.080  5.000  8.518  248.208
10.090  5.000  8.363  244.347
10.100  5.000  8.332  240.494
10.110  5.000  8.266  236.577
10.120  5.000  8.274  232.690
10.130  5.000  8.176  228.874
10.140  5.000  8.095  225.063
10.150  5.000  8.028  221.338
10.160  5.000  8.028  217.658
10.170  5.000  7.978  213.897
10.180  5.000  7.792  210.168
10.190  5.000  7.788  206.476
10.200  5.000  7.768  202.804
10.210  5.000  7.659  199.149
10.220  5.000  7.699  195.508
10.230  5.000  7.614  191.878
10.240  5.000  7.490  188.308
10.250  5.000  7.455  184.785
10.260  5.000  7.406  181.254
10.270  5.000  7.387  177.764
10.280  5.000  7.258  174.300
10.290  5.000  7.194  170.850
10.300  5.000  7.099  167.445
10.310  5.000  7.139  164.034
10.320  5.000  7.150  160.577
10.330  5.000  7.079  157.158
10.340  5.000  6.970  153.847
10.350  5.000  6.848  150.543
10.360  5.000  6.843  147.213
10.370  5.000  6.827  143.920
10.380  5.000  6.729  140.663
10.390  5.000  6.643  137.427
10.400  5.000  6.616  134.181
10.410  5.000  6.605  130.938
10.420  5.000  6.517  127.723
10.430  5.000  6.472  124.565
10.440  5.000  6.433  121.445
10.450  5.000  6.396  118.323
10.460  5.000  6.318  115.264
10.470  5.000  6.303  112.236
10.480  5.000  6.300  109.097
10.490  5.000  6.249  105.931
10.500  5.000  6.163  102.847
10.510  5.000  6.134  99.822
10.520  5.000  6.118  96.797
10.530  5.000  6.052  93.746
10.540  5.000  6.039  90.692
10.550  5.000  5.937  87.715
10.560  5.000  5.893  84.766
10.570  5.000  5.838  81.825
10.580  5.000  5.775  78.919
10.590  5.000  5.759  76.070
10.600  5.000  5.695  73.234
10.610  5.000  5.585  70.426
10.620  5.000  5.649  67.624
10.630  5.000  5.495  64.812
10.640  5.000  5.512  62.047
10.650  5.000  5.462  59.291
10.660  5.000  5.407  56.572
10.670  5.000  5.349  53.909
10.680  5.000  5.357  51.286
10.690  5.000  5.273  48.644
10.700  5.000  5.241  45.999
10.710  5.000  5.205  43.353
10.720  5.000  5.147  40.695
10.730  5.000  5.196  38.069
10.740  5.000  5.093  35.440
10.750  5.000  5.037  32.823
10.760  5.000  5.065  30.231
10.770  5.000  5.007  27.647
10.780  5.000  4.989  25.110
10.790  5.000  4.900  22.639
10.800  5.000  4.863  20.221
10.810  5.000  4.797  17.813
10.820  5.000  4.830  15.501
10.830  5.000  4.798  13.295
10.840  5.000  4.801  11.120
10.850  5.000  4.800  8.957
10.860  5.000  4.780  6.808
10.870  5.000  4.699  4.796
10.880  5.000  4.808  2.930
10.890  5.000  4.775  1.128
10.900  5.000  4.868  -0.589
10.910  5.000  4.788  -2.259
10.920  5.000  4.876  -3.841
10.930  5.000  4.812  -5.263
10.940  5.000  4.827  -6.621
10.950  5.000  4.836  -7.985
10.960  5.000  4.793  -9.259
10.970  5.000  4.759  -10.392
10.980  5.000  4.834  -11.454
10.990  5.000  4.863  -12.411
11.000  5.000  4.894  -13.335
11.010  5.000  4.828  -14.248
11.020  5.000  4.831  -14.970
11.030  5.000  4.839  -15.572
11.040  5.000  4.928  -16.158
11.050  5.000  4.926  -16.739
11.060  5.000  4.877  -17.321
11.070  5.000  4.837  -17.804
11.080  5.000  4.828  -18.181
11.090  5.000  4.909  -18.448
11.100  5.000  4.852  -18.576
11.110  5.000  4.902  -18.662
11.120  5.000  4.830  -18.700
11.130  5.000  4.956  -18.691
11.140  5.000  4.887  -18.634
11.150  5.000  4.967  -18.452
11.160  5.000  4.875  -18.192
11.170  5.000  4.891  -17.985
11.180  5.000  5.003  -17.823
11.190  5.000  5.020  -17.626
11.200  5.000  4.928  -17.244
11.210  5.000  4.924  -16.785
11.220  5.000  4.907  -16.395
11.230  5.000  4.951  -15.975
11.240  5.000  4.997  -15.502
11.250  5.000  5.039  -14.996
11.260  5.000  5.119  -14.535
11.270  5.000  5.053  -14.100
11.280  5.000  4.944  -13.573
11.290  5.000  5.005  -13.012
11.300  5.000  5.063  -12.514
11.310  5.000  5.121  -12.034
11.320  5.000  5.080  -11.492
11.330  5.000  5.058  -10.961
11.340  5.000  5.029  -10.476
11.350  5.000  5.105  -9.941
11.360  5.000  5.174  -9.470
11.370  5.000  5.160  -9.101
11.380  5.000  5.134  -8.799
11.390  5.000  5.141  -8.468
11.400  5.000  5.096  -8.084
11.410  5.000  5.125  -7.706
11.420  5.000  5.161  -7.274
11.430  5.000  5.224  -6.938
11.440  5.000  5.196  -6.713
11.450  5.000  5.190  -6.445
11.460  5.000  5.121  -6.215
11.470  5.000  5.126  -6.066
11.480  5.000  5.091  -5.920
11.490  5.000  5.087  -5.770
11.500  5.000  5.076  -5.677
11.510  5.000  5.250  -5.638
11.520  5.000  5.158  -5.612
11.530  6.000  5.134  -5.654
11.540  7.000  5.136  -5.694
11.550  8.000  5.367  -5.487
11.560  9.000  5.593  -4.670
11.570  10.000  6.425  -3.117
11.580  11.000  7.076  -0.737
11.590  12.000  7.305  2.703
11.600  13.000  7.739  7.038
11.610  14.000  8.446  11.774
11.620  15.000  8.589  16.992
11.630  15.000  8.687  23.941
11.640  15.000  9.569  31.764
11.650  15.000  10.118  38.523
11.660  15.000  10.420  45.114
11.670  15.000  9.650  53.288
11.680  15.000  10.169  61.544
11.690  15.000  9.935  70.011
11.700  15.000  10.119  79.856
11.710  15.000  10.935  88.079
11.720  15.000  10.889  94.769
11.730  15.000  11.167  102.027
11.740  15.000  11.305  109.653
11.750  15.000  11.341  116.757
11.760  15.000  11.284  123.448
11.770  15.000  11.145  130.827
11.780  15.000  11.636  138.469
11.790  15.000  11.748  145.862
11.800  15.000  12.339  152.915
11.810  15.000  12.261  160.267
11.820  15.000  12.858  167.414
11.830  15.000  12.449  174.308
11.840  15.000  12.652  181.556
11.850  15.000  12.780  188.872
11.860  15.000  12.655  196.119
11.870  15.000  13.156  202.729
11.880  15.000  13.088  209.375
11.890  15.000  13.232  216.425
11.900  15.000  13.080  224.724
11.910  15.000  13.495  233.061
11.920  15.000  13.682  240.123
11.930  15.000  14.475  247.178
11.940  15.000  13.385  255.549
11.950  15.000  14.246  263.727
11.960  15.000  14.463  270.847
11.970  15.000  14.191  279.069
11.980  15.000  15.173  286.676
11.990  15.000  14.826  293.725
12.000  15.000  15.601  300.872
12.010  15.000  14.883  307.823
12.020  15.000  15.039  315.172
12.030  15.000  15.166  322.105
12.040  15.000  15.368  329.032
12.050  15.000  15.577  336.050
12.060  15.000  15.185  343.282
12.070  15.000  15.737  350.749
12.080  15.000  15.808  358.324
12.090  15.000  15.766  365.392
12.100  15.000  16.128  372.253
12.110  15.000  16.214  379.298
12.120  15.000  15.939  385.786
12.130  15.000  15.457  392.219
12.140  15.000  15.501  398.494
12.150  15.000  15.754  404.416
12.160  15.000  15.706  410.393
12.170  15.000  16.548  416.232
12.180  15.000  15.681  422.113
12.190  15.000  16.472  427.940
12.200  15.000  16.228  433.730
12.210  15.000  16.083  439.563
12.220  15.000  16.232  444.789
12.230  15.000  16.003  449.973
12.240  15.000  15.916  455.120
12.250  15.000  16.179  459.880
12.260  15.000  15.861  464.885
12.270  15.000  16.658  469.609
12.280  15.000  15.991  474.114
12.290  15.000  16.170  478.694
12.300  15.000  16.820  482.481
12.310  15.000  16.214  486.075
12.320  15.000  15.678  489.544
12.330  15.000  15.523  492.505
12.340  15.000  15.631  495.483
12.350  15.000  15.987  498.308
12.360  15.000  15.898  500.815
12.370  15.000  15.819  503.130
12.380  15.000  15.752  505.272
12.390  15.000  16.072  507.148
12.400  15.000  15.909  508.873
12.410  15.000  15.898  510.452
12.420  15.000  15.529  511.723
12.430  15.000  15.554  512.825
12.440  15.000  15.359  513.745
12.450  15.000  15.477  514.456
12.460  15.000  15.413  514.978
12.470  15.000  15.568  515.145
12.480  15.000  14.985  515.166
12.490  15.000  15.257  515.155
12.500  15.000  15.369  515.000
12.510  15.000  15.403  514.638
12.520  15.000  15.215  514.154
12.530  5.000  15.045  513.650
12.540  5.000  14.899  509.493
12.550  5.000  9.530  501.973
12.560  5.000  11.695  496.102
12.570  5.000  12.409  490.218
12.580  5.000  13.056  484.501
12.590  5.000  12.432  479.858
12.600  5.000  12.474  474.919
12.610  5.000  12.009  470.147
12.620  5.000  12.108  465.267
12.630  5.000  12.029  460.474
12.640  5.000  11.904  455.810
12.650  5.000  11.731  451.124
12.660  5.000  11.637  446.334
12.670  5.000  11.547  441.489
12.680  5.000  11.381  436.865
12.690  5.000  11.302  432.326
12.700  5.000  11.330  427.655
12.710  5.000  11.211  423.010
12.720  5.000  11.198  418.454
12.730  5.000  11.088  413.856
12.740  5.000  10.983  409.231
12.750  5.000  10.847  404.720
12.760  5.000  10.800  400.268
12.770  5.000  10.791  395.804
12.780  5.000  10.587  391.359
12.790  5.000  10.602  386.937
12.800  5.000  10.452  382.574
12.810  5.000  10.396  378.156
12.820  5.000  10.308  373.640
12.830  5.000  10.271  369.236
12.840  5.000  10.239  364.833
12.850  5.000  10.223  360.357
12.860  5.000  10.101  355.947
12.870  5.000  9.941  351.689
12.880  5.000  9.891  347.464
12.890  5.000  9.851  343.176
12.900  5.000  9.804  338.931
12.910  5.000  9.848  334.707
12.920  5.000  9.751  330.447
12.930  5.000  9.694  326.162
12.940  5.000  9.663  321.819
12.950  5.000  9.560  317.543
12.960  5.000  9.428  313.426
12.970  5.000  9.284  309.418
12.980  5.000  9.162  305.445
12.990  5.000  9.199  301.393
13.000  5.000  9.093  297.273
13.010  5.000  9.051  293.298
13.020  5.000  8.893  289.481
13.030  5.000  8.900  285.606
13.040  5.000  8.815  281.669
13.050  5.000  8.727  277.795
13.060  5.000  8.689  273.951
13.070  5.000  8.720  270.099
13.080  5.000  8.638  266.186
13.090  5.000  8.515  262.278
13.100  5.000  8.492  258.420
13.110  5.000  8.477  254.629
13.120  5.000  8.403  250.885
13.130  5.000  8.261  247.155
13.140  5.000  8.192  243.440
13.150  5.000  8.131  239.757
13.160  5.000  8.067  236.131
13.170  5.000  8.073  232.494
13.180  5.000  7.906  228.877
13.190  5.000  7.987  225.308
13.200  5.000  7.753  221.754
13.210  5.000  7.713  218.213
13.220  5.000  7.767  214.691
13.230  5.000  7.712  211.169
13.240  5.000  7.646  207.678
13.250  5.000  7.517  204.193
13.260  5.000  7.515  200.703
13.270  5.000  7.450  197.322
13.280  5.000  7.370  194.017
13.290  5.000  7.293  190.665
13.300  5.000  7.251  187.285
13.310  5.000  7.239  183.892
13.320  5.000  7.249  180.529
13.330  5.000  7.173  177.221
13.340  5.000  7.144  173.932
13.350  5.000  6.982  170.644
13.360  5.000  6.975  167.407
13.370  5.000  6.887  164.182
13.380  5.000  6.890  160.979
13.390  5.000  6.709  157.807
13.400  5.000  6.714  154.583
13.410  5.000  6.639  151.386
13.420  5.000  6.658  148.243
13.430  5.000  6.698  145.099
13.440  5.000  6.588  141.965
13.450  5.000  6.499  138.855
13.460  5.000  6.522  135.720
13.470  5.000  6.425  132.618
13.480  5.000  6.385  129.589
13.490  5.000  6.313  126.548
13.500  5.000  6.216  123.581
13.510  5.000  6.158  120.637
13.520  5.000  6.216  117.566
13.530  5.000  6.144  114.520
13.540  5.000  6.068  111.622
13.550  5.000  6.090  108.729
13.560  5.000  5.986  105.806
13.570  5.000  5.941  102.959
13.580  5.000  5.863  100.165
13.590  5.000  5.866  97.355
13.600  5.000  5.854  94.537
13.610  5.000  5.731  91.695
13.620  5.000  5.700  88.843
13.630  5.000  5.614  86.051
13.640  5.000  5.658  83.324
13.650  5.000  5.567  80.644
13.660  5.000  5.451  78.003
13.670  5.000  5.421  75.357
13.680  5.000  5.403  72.719
13.690  5.000  5.451  70.150
13.700  5.000  5.384  67.538
13.710  5.000  5.273  64.906
13.720  5.000  5.266  62.330
13.730  5.000  5.247  59.729
13.740  5.000  5.296  57.150
13.750  5.000  5.186  54.602
13.760  5.000  5.173  52.070
13.770  5.000  5.138  49.541
13.780  5.000  5.051  47.011
13.790  5.000  5.012  44.539
13.800  5.000  5.006  42.130
13.810  5.000  4.925  39.764
13.820  5.000  4.924  37.433
13.830  5.000  4.893  35.139
13.840  5.000  4.833  32.859
13.850  5.000  4.851  30.590
13.860  5.000  4.754  28.383
13.870  5.000  4.778  26.247
13.880  5.000  4.771  24.192
13.890  5.000  4.792  22.207
13.900  5.000  4.752  20.297
13.910  5.000  4.775  18.507
13.920  5.000  4.761  16.854
13.930  5.000  4.802  15.303
13.940  5.000  4.870  13.783
13.950  5.000  4.878  12.320
13.960  5.000  4.756  10.941
13.970  5.000  4.725  9.659
13.980  5.000  4.761  8.492
13.990  5.000  4.794  7.457
14.000  5.000  4.882  6.514
14.010  5.000  4.896  5.567
14.020  5.000  4.834  4.693
14.030  5.000  4.785  3.987
14.040  5.000  4.821  3.358
14.050  5.000  4.912  2.760
14.060  5.000  4.933  2.246
14.070  5.000  4.888  1.870
14.080  5.000  4.824  1.583
14.090  5.000  4.816  1.338
14.100  5.000  4.949  1.104
14.110  5.000  4.956  0.966
14.120  5.000  4.869  0.916
14.130  5.000  4.844  0.807
14.140  5.000  4.962  0.658
14.150  5.000  4.934  0.665
14.160  5.000  4.934  0.822
14.170  5.000  4.903  0.940
14.180  5.000  4.937  1.016
14.190  5.000  4.888  1.178
14.200  5.000  4.992  1.426
14.210  5.000  4.954  1.701
14.220  5.000  4.962  2.037
14.230  5.000  4.943  2.382
14.240  5.000  4.966  2.727
14.250  5.000  4.965  3.122
14.260  5.000  4.986  3.547
14.270  5.000  4.910  4.087
14.280  5.000  5.012  4.707
14.290  5.000  5.077  5.244
14.300  5.000  5.087  5.801
14.310  5.000  5.043  6.339
14.320  5.000  5.010  6.883
14.330  5.000  5.068  7.511
14.340  5.000  5.051  8.063
14.350  5.000  5.170  8.547
14.360  5.000  5.009  9.047
14.370  5.000  5.132  9.585
14.380  5.000  5.093  10.231
14.390  5.000  5.139  10.795
14.400  5.000  5.168  11.208
14.410  5.000  5.133  11.669
14.420  5.000  5.222  12.075
14.430  5.000  5.193  12.414
14.440  5.000  5.110  12.793
14.450  5.000  5.133  13.114
14.460  5.000  5.180  13.346
14.470  5.000  5.178  13.582
14.480  5.000  5.198  13.784
14.490  5.000  5.178  14.009
14.500  5.000  5.059  14.228
14.510  5.000  5.068  14.426
14.520  5.000  5.201  14.537
14.530  5.000  5.256  14.510
14.540  6.000  5.042  14.422
14.550  7.000  5.123  14.304
14.560  8.000  5.267  14.487
14.570  9.000  5.639  15.355
14.580  10.000  6.502  16.940
14.590  11.000  7.125  19.281
14.600  12.000  7.458  22.495
14.610  13.000  7.467  26.467
14.620  14.000  8.291  30.985
14.630  15.000  8.036  36.376
14.640  15.000  9.245  42.332
14.650  15.000  9.661  49.052
14.660  15.000  9.972  56.429
14.670  15.000  10.005  63.200
14.680  15.000  10.064  69.756
14.690  15.000  10.244  76.504
14.700  15.000  9.923  83.796
14.710  15.000  10.300  91.167
14.720  15.000  10.826  98.332
14.730  15.000  10.848  105.235
14.740  15.000  11.429  111.772
14.750  15.000  10.888  119.531
14.760  15.000  11.518  127.174
14.770  15.000  11.667  133.789
14.780  15.000  11.432  141.121
14.790  15.000  11.608  148.751
14.800  15.000  12.239  155.642
14.810  15.000  11.745  163.249
14.820  15.000  12.546  170.964
14.830  15.000  12.509  178.180
14.840  15.000  12.925  185.372
14.850  15.000  12.537  192.280
14.860  15.000  12.699  199.462
14.870  15.000  12.654  206.812
14.880  15.000  12.928  214.265
14.890  15.000  13.528  221.222
14.900  15.000  13.414  228.369
14.910  15.000  13.498  236.788
14.920  15.000  13.648  244.532
14.930  15.000  13.945  250.953
14.940  15.000  13.758  258.096
14.950  15.000  14.044  266.481
14.960  15.000  14.168  274.406
14.970  15.000  14.458  281.077
14.980  15.000  14.827  287.428
14.990  15.000  14.694  294.220
15.000  15.000  14.643  302.205
15.010  15.000  14.857  310.370
15.020  15.000  15.022  318.220
15.030  15.000  15.408  325.395
15.040  15.000  15.162  332.395
15.050  15.000  15.182  339.851
15.060  15.000  16.196  346.556
15.070  15.000  15.095  354.363
15.080  15.000  15.967  362.073
15.090  15.000  15.954  368.421
15.100  15.000  16.031  375.196
15.110  15.000  16.058  381.594
15.120  15.000  16.115  387.815
15.130  15.000  15.032  394.902
15.140  15.000  16.179  401.331
15.150  15.000  15.506  406.948
15.160  15.000  15.636  412.939
15.170  15.000  15.914  418.598
15.180  15.000  15.914  424.167
15.190  15.000  16.480  429.787
15.200  15.000  16.528  435.059
15.210  15.000  16.240  440.265
15.220  15.000  16.354  445.265
15.230  15.000  16.078  450.218
15.240  15.000  15.589  455.360
15.250  15.000  15.659  460.057
15.260  15.000  16.158  464.511
15.270  15.000  16.157  468.993
15.280  15.000  15.875  473.729
15.290  15.000  16.562  478.517
15.300  15.000  16.555  482.634
15.310  15.000  16.331  486.494
15.320  15.000  15.477  490.498
15.330  15.000  15.276  494.173
15.340  15.000  16.179  497.591
15.350  15.000  15.921  500.655
15.360  15.000  15.432  503.475
15.370  15.000  15.631  506.344
15.380  15.000  16.014  508.851
15.390  15.000  15.755  510.877
15.400  15.000  16.351  512.847
15.410  15.000  15.802  514.836
15.420  15.000  15.799  516.656
15.430  15.000  15.664  518.228
15.440  15.000  15.126  519.425
15.450  15.000  15.567  520.496
15.460  15.000  15.756  521.326
15.470  15.000  15.571  521.720
15.480  15.000  15.400  522.033
15.490  15.000  15.092  522.240
15.500  15.000  15.290  522.262
15.510  15.000  15.514  522.125
15.520  15.000  15.504  521.785
15.530  15.000  15.211  521.138
15.540  5.000  14.987  520.293
15.550  5.000  15.027  516.037
15.560  5.000  9.614  508.441
15.570  5.000  11.877  502.320
15.580  5.000  12.492  496.206
15.590  5.000  13.018  490.339
15.600  5.000  12.560  485.543
15.610  5.000  12.380  480.504
15.620  5.000  12.088  475.678
15.630  5.000  12.115  470.797
15.640  5.000  12.078  465.901
15.650  5.000  11.943  460.948
15.660  5.000  11.830  456.039
15.670  5.000  11.681  451.132
15.680  5.000  11.566  446.250
15.690  5.000  11.548  441.479
15.700  5.000  11.476  436.600
15.710  5.000  11.423  431.790
15.720  5.000  11.326  427.069
15.730  5.000  11.224  422.308
15.740  5.000  11.091  417.658
15.750  5.000  11.005  413.028
15.760  5.000  11.022  408.316
15.770  5.000  10.854  403.620
15.780  5.000  10.766  398.935
15.790  5.000  10.611  394.265
15.800  5.000  10.604  389.628
15.810  5.000  10.520  384.982
15.820  5.000  10.545  380.355
15.830  5.000  10.561  375.842
15.840  5.000  10.389  371.429
15.850  5.000  10.200  366.916
15.860  5.000  10.180  362.410
15.870  5.000  10.039  357.989
15.880  5.000  10.012  353.562
15.890  5.000  10.008  349.113
15.900  5.000  9.927  344.783
15.910  5.000  9.811  340.476
15.920  5.000  9.721  336.177
15.930  5.000  9.649  331.995
15.940  5.000  9.625  327.766
15.950  5.000  9.565  323.483
15.960  5.000  9.466  319.205
15.970  5.000  9.465  314.954
15.980  5.000  9.370  310.725
15.990  5.000  9.293  306.477
16.000  5.000  9.106  302.312
16.010  5.000  9.014  298.181
16.020  5.000  9.034  294.025
16.030  5.000  8.947  289.929
16.040  5.000  8.961  285.865
16.050  5.000  8.858  281.863
16.060  5.000  8.775  277.861
16.070  5.000  8.727  273.824
16.080  5.000  8.713  269.779
16.090  5.000  8.625  265.804
16.100  5.000  8.548  261.932
16.110  5.000  8.521  258.028
16.120  5.000  8.327  254.195
16.130  5.000  8.343  250.322
16.140  5.000  8.339  246.364
16.150  5.000  8.235  242.496
16.160  5.000  8.177  238.650
16.170  5.000  8.092  234.859
16.180  5.000  8.051  231.085
16.190  5.000  7.941  227.279
16.200  5.000  7.911  223.516
16.210  5.000  7.846  219.772
16.220  5.000  7.776  216.095
16.230  5.000  7.782  212.428
16.240  5.000  7.702  208.709
16.250  5.000  7.633  205.012
16.260  5.000  7.542  201.316
16.270  5.000  7.548  197.678
16.280  5.000  7.437  194.075
16.290  5.000  7.400  190.500
16.300  5.000  7.376  186.996
16.310  5.000  7.261  183.479
16.320  5.000  7.252  179.950
16.330  5.000  7.173  176.480
16.340  5.000  7.146  173.007
16.350  5.000  7.094  169.520
16.360  5.000  7.024  166.093
16.370  5.000  6.975  162.697
16.380  5.000  6.949  159.322
16.390  5.000  6.836  155.977
16.400  5.000  6.860  152.693
16.410  5.000  6.726  149.431
16.420  5.000  6.751  146.135
16.430  5.000  6.705  142.863
16.440  5.000  6.676  139.650
16.450  5.000  6.578  136.426
16.460  5.000  6.579  133.186
16.470  5.000  6.450  130.014
16.480  5.000  6.431  126.907
16.490  5.000  6.389  123.781
16.500  5.000  6.389  120.614
16.510  5.000  6.293  117.459
16.520  5.000  6.264  114.334
16.530  5.000  6.198  111.224
16.540  5.000  6.100  108.171
16.550  5.000  6.081  105.158
16.560  5.000  6.035  102.140
16.570  5.000  5.995  99.127
16.580  5.000  5.917  96.147
16.590  5.000  5.827  93.223
16.600  5.000  5.873  90.310
16.610  5.000  5.808  87.386
16.620  5.000  5.839  84.481
16.630  5.000  5.714  81.601
16.640  5.000  5.650  78.774
16.650  5.000  5.674  75.946
16.660  5.000  5.647  73.071
16.670  5.000  5.562  70.227
16.680  5.000  5.505  67.432
16.690  5.000  5.462  64.664
16.700  5.000  5.430  61.907
16.710  5.000  5.393  59.161
16.720  5.000  5.306  56.453
16.730  5.000  5.270  53.747
16.740  5.000  5.286  50.999
16.750  5.000  5.227  48.316
16.760  5.000  5.192  45.714
16.770  5.000  5.142  43.106
16.780  5.000  5.114  40.512
16.790  5.000  5.050  37.949
16.800  5.000  5.058  35.367
16.810  5.000  4.937  32.837
16.820  5.000  4.960  30.336
16.830  5.000  4.959  27.798
16.840  5.000  4.882  25.302
16.850  5.000  4.816  22.877
16.860  5.000  4.822  20.536
16.870  5.000  4.871  18.250
16.880  5.000  4.848  15.975
16.890  5.000  4.801  13.747
16.900  5.000  4.851  11.600
16.910  5.000  4.774  9.566
16.920  5.000  4.787  7.601
16.930  5.000  4.800  5.682
16.940  5.000  4.744  3.834
16.950  5.000  4.792  2.068
16.960  5.000  4.758  0.467
16.970  5.000  4.898  -1.084
16.980  5.000  4.833  -2.627
16.990  5.000  4.763  -4.021
17.000  5.000  4.786  -5.266
17.010  5.000  4.848  -6.451
17.020  5.000  4.851  -7.586
17.030  5.000  4.859  -8.658
17.040  5.000  4.816  -9.649
17.050  5.000  4.817  -10.507
17.060  5.000  4.831  -11.234
17.070  5.000  4.898  -11.921
17.080  5.000  4.879  -12.591
17.090  5.000  4.884  -13.197
17.100  5.000  4.846  -13.740
17.110  5.000  4.877  -14.230
17.120  5.000  4.989  -14.690
17.130  5.000  4.880  -15.091
17.140  5.000  4.919  -15.462
17.150  5.000  4.842  -15.794
17.160  5.000  4.871  -15.933
17.170  5.000  4.886  -15.876
17.180  5.000  4.957  -15.783
17.190  5.000  4.982  -15.691
17.200  5.000  4.927  -15.599
17.210  5.000  4.907  -15.472
17.220  5.000  4.900  -15.358
17.230  5.000  4.972  -15.181
17.240  5.000  5.000  -14.915
17.250  5.000  4.912  -14.598
17.260  5.000  4.897  -14.352
17.270  5.000  5.025  -14.227
17.280  5.000  5.001  -13.944
17.290  5.000  5.046  -13.496
17.300  5.000  5.027  -13.105
17.310  5.000  5.043  -12.768
17.320  5.000  4.967  -12.326
17.330  5.000  5.088  -11.872
17.340  5.000  5.080  -11.589
17.350  5.000  5.099  -11.414
17.360  5.000  5.059  -11.133
17.370  5.000  5.040  -10.718
17.380  5.000  5.038  -10.277
17.390  5.000  5.117  -9.995
17.400  5.000  5.102  -9.792
17.410  5.000  5.063  -9.449
17.420  5.000  5.002  -9.003
17.430  5.000  5.222  -8.681
17.440  5.000  5.158  -8.456
17.450  5.000  5.124  -8.173
17.460  5.000  5.107  -7.892
17.470  5.000  5.149  -7.722
17.480  5.000  5.126  -7.576
17.490  5.000  5.214  -7.365
17.500  5.000  5.118  -7.158
17.510  5.000  5.120  -6.965
17.520  5.000  5.163  -6.753
17.530  5.000  5.129  -6.593
17.540  5.000  5.142  -6.563
17.550  6.000  5.079  -6.580
17.560  7.000  5.231  -6.544
17.570  8.000  5.320  -6.207
17.580  9.000  5.626  -5.246
17.590  10.000  6.359  -3.491
17.600  11.000  7.092  -0.893
17.610  12.000  7.392  2.589
17.620  13.000  7.736  6.769
17.630  14.000  8.257  11.496
17.640  15.000  8.670  16.630
17.650  15.000  9.144  22.415
17.660  15.000  9.327  29.190
17.670  15.000  10.000  36.105
17.680  15.000  10.297  42.822
17.690  15.000  9.717  50.856
17.700  15.000  10.603  58.480
17.710  15.000  10.380  64.703
17.720  15.000  10.538  71.389
17.730  15.000  10.674  78.546
17.740  15.000  11.170  85.731
17.750  15.000  11.463  92.730
17.760  15.000  10.818  101.099
17.770  15.000  11.134  109.679
17.780  15.000  11.395  116.940
17.790  15.000  11.415  124.550
17.800  15.000  12.412  131.580
17.810  15.000  11.668  138.375
17.820  15.000  11.938  145.670
17.830  15.000  12.394  152.467
17.840  15.000  12.127  159.390
17.850  15.000  12.479  166.597
17.860  15.000  12.442  173.597
17.870  15.000  12.573  180.951
17.880  15.000  12.753  188.582
17.890  15.000  13.192  195.755
17.900  15.000  13.380  203.958
17.910  15.000  13.744  211.907
17.920  15.000  13.748  218.532
17.930  15.000  13.663  225.756
17.940  15.000  13.963  233.070
17.950  15.000  13.465  240.492
17.960  15.000  14.322  247.578
17.970  15.000  13.893  254.618
17.980  15.000  14.712  261.904
17.990  15.000  14.160  269.230
18.000  15.000  14.672  276.870
18.010  15.000  15.032  284.252
18.020  15.000  15.035  291.839
18.030  15.000  15.319  299.194
18.040  15.000  15.300  305.994
18.050  15.000  15.561  312.586
18.060  15.000  15.561  319.235
18.070  15.000  15.139  326.376
18.080  15.000  15.160  333.843
18.090  15.000  15.564  340.810
18.100  15.000  16.078  347.520
18.110  15.000  16.236  354.285
18.120  15.000  16.526  360.813
18.130  15.000  15.952  367.041
18.140  15.000  15.128  373.035
18.150  15.000  16.220  378.564
18.160  15.000  15.124  384.718
18.170  15.000  16.411  390.902
18.180  15.000  15.788  396.251
18.190  15.000  16.043  402.191
18.200  15.000  16.520  407.970
18.210  15.000  16.575  413.081
18.220  15.000  16.264  418.333
18.230  15.000  15.840  423.755
18.240  15.000  16.108  428.728
18.250  15.000  15.933  433.476
18.260  15.000  15.914  438.131
18.270  15.000  15.846  442.713
18.280  15.000  15.874  447.283
18.290  15.000  16.116  451.673
18.300  15.000  16.316  456.080
18.310  15.000  16.096  460.108
18.320  15.000  16.132  463.924
18.330  15.000  15.820  467.604
18.340  15.000  15.529  471.239
18.350  15.000  15.715  474.927
18.360  15.000  15.723  478.062
18.370  15.000  15.817  480.833
18.380  15.000  15.807  483.548
18.390  15.000  15.643  486.007
18.400  15.000  15.807  488.208
18.410  15.000  15.932  490.243
18.420  15.000  16.236  491.924
18.430  15.000  15.952  493.380
18.440  15.000  15.670  494.728
18.450  15.000  15.386  495.993
18.460  15.000  15.120  497.000
18.470  15.000  15.813  497.755
18.480  15.000  15.381  498.443
18.490  15.000  15.358  499.047
18.500  15.000  15.341  499.443
18.510  15.000  15.368  499.438
18.520  15.000  15.312  499.270
18.530  15.000  15.372  499.039
18.540  15.000  15.165  498.655
18.550  5.000  15.312  498.170
18.560  5.000  14.948  494.125
18.570  5.000  9.550  486.539
18.580  5.000  11.613  480.366
18.590  5.000  12.459  474.430
18.600  5.000  13.064  468.782
18.610  5.000  12.591  464.163
18.620  5.000  12.533  459.266
18.630  5.000  12.098  454.477
18.640  5.000  12.215  449.658
18.650  5.000  12.100  444.852
18.660  5.000  11.986  440.111
18.670  5.000  11.934  435.388
18.680  5.000  11.767  430.529
18.690  5.000  11.535  425.809
18.700  5.000  11.474  421.120
18.710  5.000  11.374  416.342
18.720  5.000  11.461  411.628
18.730  5.000  11.448  406.945
18.740  5.000  11.338  402.310
18.750  5.000  11.158  397.668
18.760  5.000  11.040  393.113
18.770  5.000  10.938  388.527
18.780  5.000  10.921  383.856
18.790  5.000  10.759  379.275
18.800  5.000  10.695  374.853
18.810  5.000  10.720  370.459
18.820  5.000  10.716  366.017
18.830  5.000  10.633  361.559
18.840  5.000  10.421  357.022
18.850  5.000  10.385  352.551
18.860  5.000  10.327  348.217
18.870  5.000  10.226  343.895
18.880  5.000  10.196  339.636
18.890  5.000  10.027  335.393
18.900  5.000  10.054  331.080
18.910  5.000  9.893  326.790
18.920  5.000  9.938  322.574
18.930  5.000  9.747  318.404
18.940  5.000  9.686  314.211
18.950  5.000  9.555  310.025
18.960  5.000  9.502  305.827
18.970  5.000  9.453  301.659
18.980  5.000  9.410  297.603
18.990  5.000  9.458  293.502
19.000  5.000  9.343  289.369
19.010  5.000  9.235  285.275
19.020  5.000  9.196  281.159
19.030  5.000  9.063  277.123
19.040  5.000  9.063  273.131
19.050  5.000  9.065  269.076
19.060  5.000  8.997  265.001
19.070  5.000  8.802  261.039
19.080  5.000  8.770  257.148
19.090  5.000  8.679  253.199
19.100  5.000  8.723  249.244
19.110  5.000  8.601  245.338
19.120  5.000  8.508  241.537
19.130  5.000  8.471  237.763
19.140  5.000  8.356  233.994
19.150  5.000  8.327  230.291
19.160  5.000  8.308  226.502
19.170  5.000  8.139  222.746
19.180  5.000  8.155  219.111
19.190  5.000  8.037  215.471
19.200  5.000  8.003  211.847
19.210  5.000  7.903  208.282
19.220  5.000  7.901  204.726
19.230  5.000  7.823  201.158
19.240  5.000  7.800  197.574
19.250  5.000  7.761  193.977
19.260  5.000  7.643  190.459
19.270  5.000  7.541  187.030
19.280  5.000  7.587  183.546
19.290  5.000  7.515  180.084
19.300  5.000  7.444  176.679
19.310  5.000  7.376  173.262
19.320  5.000  7.304  169.911
19.330  5.000  7.240  166.583
19.340  5.000  7.228  163.166
19.350  5.000  7.183  159.776
19.360  5.000  7.070  156.495
19.370  5.000  7.002  153.242
19.380  5.000  6.946  149.980
19.390  5.000  6.979  146.702
19.400  5.000  6.892  143.465
19.410  5.000  6.834  140.252
19.420  5.000  6.803  137.061
19.430  5.000  6.710  133.895
19.440  5.000  6.671  130.756
19.450  5.000  6.697  127.605
19.460  5.000  6.600  124.472
19.470  5.000  6.534  121.426
19.480  5.000  6.478  118.407
19.490  5.000  6.404  115.391
19.500  5.000  6.426  112.352
19.510  5.000  6.372  109.304
19.520  5.000  6.325  106.286
19.530  5.000  6.214  103.299
19.540  5.000  6.212  100.314
19.550  5.000  6.147  97.376
19.560  5.000  6.075  94.529
19.570  5.000  6.078  91.665
19.580  5.000  6.048  88.715
19.590  5.000  6.004  85.800
19.600  5.000  5.910  82.953
19.610  5.000  5.896  80.096
19.620  5.000  5.886  77.253
19.630  5.000  5.773  74.429
19.640  5.000  5.766  71.633
19.650  5.000  5.775  68.857
19.660  5.000  5.768  66.076
19.670  5.000  5.624  63.330
19.680  5.000  5.582  60.579
19.690  5.000  5.545  57.840
19.700  5.000  5.492  55.172
19.710  5.000  5.450  52.546
19.720  5.000  5.422  49.951
19.730  5.000  5.384  47.353
19.740  5.000  5.275  44.779
19.750  5.000  5.241  42.233
19.760  5.000  5.246  39.675
19.770  5.000  5.253  37.104
19.780  5.000  5.165  34.559
19.790  5.000  5.132  32.109
19.800  5.000  5.057  29.693
19.810  5.000  5.108  27.208
19.820  5.000  5.050  24.712
19.830  5.000  4.998  22.300
19.840  5.000  4.913  19.935
19.850  5.000  4.924  17.554
19.860  5.000  4.899  15.206
19.870  5.000  4.856  12.935
19.880  5.000  4.827  10.722
19.890  5.000  4.819  8.543
19.900  5.000  4.833  6.417
19.910  5.000  4.842  4.336
19.920  5.000  4.798  2.345
19.930  5.000  4.801  0.418
19.940  5.000  4.806  -1.479
19.950  5.000  4.763  -3.288
19.960  5.000  4.790  -5.015
19.970  5.000  4.804  -6.594
19.980  5.000  4.828  -8.091
19.990  5.000  4.773  -9.537
20.000  5.000  4.803  -10.869
20.010  5.000  4.806  -12.119
20.020  5.000  4.873  -13.312
20.030  5.000  4.810  -14.413
20.040  5.000  4.856  -15.371
20.050  5.000  4.858  -16.273
20.060  5.000  4.848  -17.150
20.070  5.000  4.842  -17.939
20.080  5.000  4.863  -18.673
20.090  5.000  4.919  -19.372
20.100  5.000  4.839  -19.972
20.110  5.000  4.918  -20.505
20.120  5.000  4.823  -20.952
20.130  5.000  4.894  -21.272
20.140  5.000  4.881  -21.498
20.150  5.000  4.846  -21.669
20.160  5.000  4.878  -21.854
20.170  5.000  4.946  -22.084
20.180  5.000  4.957  -22.206
20.190  5.000  4.799  -22.159
20.200  5.000  4.905  -22.066
20.210  5.000  4.866  -21.939
20.220  5.000  4.939  -21.711
20.230  5.000  5.016  -21.335
20.240  5.000  4.976  -20.876
20.250  5.000  4.837  -20.470
20.260  5.000  4.999  -20.128
20.270  5.000  4.892  -19.701
20.280  5.000  5.061  -19.264
20.290  5.000  5.002  -18.892
20.300  5.000  4.920  -18.495
20.310  5.000  5.075  -18.126
20.320  5.000  4.955  -17.620
20.330  5.000  4.990  -16.893
20.340  5.000  5.096  -16.258
20.350  5.000  5.119  -15.746
20.360  5.000  5.026  -15.267
20.370  5.000  5.001  -14.766
20.380  5.000  5.003  -14.167
20.390  5.000  5.084  -13.568
20.400  5.000  5.132  -13.054
20.410  5.000  5.152  -12.540
20.420  5.000  5.030  -11.948
20.430  5.000  5.199  -11.415
20.440  5.000  5.101  -10.987
20.450  5.000  5.199  -10.653
20.460  5.000  5.158  -10.380
20.470  5.000  5.113  -10.026
20.480  5.000  5.139  -9.641
20.490  5.000  5.187  -9.229
20.500  5.000  5.094  -8.859
20.510  5.000  5.179  -8.580
20.520  5.000  5.188  -8.347
20.530  5.000  5.063  -8.158
20.540  5.000  5.130  -7.975
20.550  5.000  5.143  -7.856
20.560  6.000  5.160  -7.709
20.570  7.000  5.248  -7.591
20.580  8.000  5.363  -7.351
20.590  9.000  5.585  -6.460
20.600  10.000  6.383  -4.759
20.610  11.000  7.118  -2.194
20.620  12.000  7.558  1.069
20.630  13.000  7.620  4.912
20.640  14.000  8.281  9.508
20.650  15.000  8.807  14.525
20.660  15.000  9.327  20.103
20.670  15.000  9.271  26.714
20.680  15.000  10.272  33.838
20.690  15.000  10.000  41.700
20.700  15.000  10.187  49.505
20.710  15.000  10.012  57.822
20.720  15.000  10.526  65.790
20.730  15.000  10.816  72.098
20.740  15.000  11.124  78.864
20.750  15.000  10.609  87.067
20.760  15.000  11.297  94.941
20.770  15.000  10.492  103.310
20.780  15.000  10.758  112.530
20.790  15.000  11.481  120.124
20.800  15.000  12.026  126.924
20.810  15.000  11.941  133.811
20.820  15.000  11.989  140.721
20.830  15.000  12.378  147.323
20.840  15.000  11.790  155.360
20.850  15.000  12.694  163.647
20.860  15.000  12.134  171.378
20.870  15.000  12.847  179.096
20.880  15.000  12.788  186.059
20.890  15.000  12.819  193.361
20.900  15.000  13.302  200.663
20.910  15.000  12.889  208.695
20.920  15.000  13.520  216.754
20.930  15.000  13.371  223.864
20.940  15.000  13.757  230.886
20.950  15.000  13.980  238.210
20.960  15.000  14.248  245.676
20.970  15.000  14.130  252.888
20.980  15.000  14.353  259.734
20.990  15.000  14.489  266.488
21.000  15.000  14.396  273.994
21.010  15.000  14.768  281.770
21.020  15.000  15.064  288.471
21.030  15.000  14.987  294.968
21.040  15.000  15.333  301.661
21.050  15.000  15.020  308.354
21.060  15.000  15.141  316.037
21.070  15.000  15.310  323.801
21.080  15.000  15.357  330.904
21.090  15.000  15.598  337.690
21.100  15.000  15.272  344.761
21.110  15.000  15.617  352.199
21.120  15.000  15.919  359.396
21.130  15.000  16.669  366.060
21.140  15.000  16.117  372.810
21.150  15.000  15.728  379.766
21.160  15.000  15.865  386.247
21.170  15.000  15.821  392.475
21.180  15.000  15.794  398.340
21.190  15.000  16.143  403.863
21.200  15.000  16.034  409.878
21.210  15.000  16.406  415.679
21.220  15.000  16.892  420.751
21.230  15.000  15.988  426.156
21.240  15.000  16.099  431.678
21.250  15.000  15.685  437.361
21.260  15.000  16.105  442.641
21.270  15.000  16.249  447.045
21.280  15.000  16.245  451.685
21.290  15.000  15.780  456.314
21.300  15.000  16.434  460.695
21.310  15.000  16.324  465.032
21.320  15.000  16.447  469.169
21.330  15.000  16.109  472.816
21.340  15.000  15.838  476.152
21.350  15.000  15.622  479.272
21.360  15.000  15.378  482.431
21.370  15.000  15.664  485.504
21.380  15.000  16.029  488.153
21.390  15.000  15.483  490.781
21.400  15.000  15.842  493.138
21.410  15.000  15.840  495.208
21.420  15.000  15.750  497.261
21.430  15.000  15.891  499.331
21.440  15.000  15.863  501.177
21.450  15.000  15.739  502.703
21.460  15.000  15.319  504.018
21.470  15.000  15.478  505.078
21.480  15.000  15.606  505.908
21.490  15.000  15.395  506.673
21.500  15.000  15.266  507.248
21.510  15.000  15.169  507.564
21.520  15.000  15.507  507.697
21.530  15.000  15.441  507.578
21.540  15.000  15.405  507.326
21.550  15.000  15.166  506.903
21.560  5.000  15.088  506.345
21.570  5.000  14.956  502.164
21.580  5.000  9.883  494.524
21.590  5.000  11.749  488.423
21.600  5.000  12.564  482.537
21.610  5.000  13.032  476.913
21.620  5.000  12.603  472.292
21.630  5.000  12.452  467.370
21.640  5.000  12.231  462.634
21.650  5.000  12.233  457.954
21.660  5.000  12.091  453.308
21.670  5.000  11.874  448.673
21.680  5.000  11.887  443.989
21.690  5.000  11.763  439.332
21.700  5.000  11.642  434.723
21.710  5.000  11.575  430.019
21.720  5.000  11.476  425.275
21.730  5.000  11.483  420.657
21.740  5.000  11.374  416.086
21.750  5.000  11.302  411.463
21.760  5.000  11.110  406.895
21.770  5.000  11.132  402.346
21.780  5.000  11.110  397.770
21.790  5.000  10.997  393.232
21.800  5.000  10.926  388.755
21.810  5.000  10.741  384.279
21.820  5.000  10.731  379.747
21.830  5.000  10.660  375.271
21.840  5.000  10.644  370.826
21.850  5.000  10.522  366.449
21.860  5.000  10.367  362.113
21.870  5.000  10.266  357.802
21.880  5.000  10.259  353.560
21.890  5.000  10.176  349.288
21.900  5.000  10.210  344.965
21.910  5.000  10.056  340.677
21.920  5.000  9.893  336.451
21.930  5.000  9.859  332.249
21.940  5.000  9.874  328.073
21.950  5.000  9.732  323.908
21.960  5.000  9.725  319.791
21.970  5.000  9.551  315.708
21.980  5.000  9.554  311.586
21.990  5.000  9.488  307.450
22.000  5.000  9.362  303.439
22.010  5.000  9.337  299.435
22.020  5.000  9.208  295.400
22.030  5.000  9.152  291.469
22.040  5.000  9.122  287.545
22.050  5.000  9.084  283.606
22.060  5.000  9.021  279.631
22.070  5.000  8.877  275.674
22.080  5.000  8.781  271.834
22.090  5.000  8.785  267.992
22.100  5.000  8.738  264.142
22.110  5.000  8.632  260.315
22.120  5.000  8.507  256.574
22.130  5.000  8.454  252.920
22.140  5.000  8.389  249.214
22.150  5.000  8.408  245.466
22.160  5.000  8.300  241.716
22.170  5.000  8.222  237.988
22.180  5.000  8.198  234.331
22.190  5.000  8.090  230.729
22.200  5.000  8.108  227.119
22.210  5.000  8.092  223.490
22.220  5.000  7.988  219.914
22.230  5.000  7.807  216.407
22.240  5.000  7.780  212.912
22.250  5.000  7.758  209.375
22.260  5.000  7.763  205.836
22.270  5.000  7.719  202.364
22.280  5.000  7.611  198.972
22.290  5.000  7.567  195.556
22.300  5.000  7.557  192.109
22.310  5.000  7.469  188.689
22.320  5.000  7.425  185.288
22.330  5.000  7.348  181.906
22.340  5.000  7.228  178.586
22.350  5.000  7.249  175.306
22.360  5.000  7.266  171.999
22.370  5.000  7.178  168.711
22.380  5.000  7.017  165.446
22.390  5.000  7.013  162.207
22.400  5.000  6.955  159.009
22.410  5.000  6.948  155.772
22.420  5.000  6.931  152.556
22.430  5.000  6.842  149.379
22.440  5.000  6.818  146.202
22.450  5.000  6.782  143.068
22.460  5.000  6.690  139.973
22.470  5.000  6.655  136.909
22.480  5.000  6.636  133.886
22.490  5.000  6.533  130.856
22.500  5.000  6.502  127.802
22.510  5.000  6.484  124.766
22.520  5.000  6.434  121.721
22.530  5.000  6.391  118.692
22.540  5.000  6.265  115.662
22.550  5.000  6.254  112.687
22.560  5.000  6.236  109.782
22.570  5.000  6.149  106.899
22.580  5.000  6.113  104.010
22.590  5.000  6.080  101.107
22.600  5.000  5.960  98.237
22.610  5.000  6.029  95.356
22.620  5.000  5.892  92.557
22.630  5.000  5.842  89.852
22.640  5.000  5.785  87.103
22.650  5.000  5.729  84.355
22.660  5.000  5.720  81.655
22.670  5.000  5.702  78.950
22.680  5.000  5.698  76.267
22.690  5.000  5.588  73.606
22.700  5.000  5.565  70.961
22.710  5.000  5.533  68.372
22.720  5.000  5.513  65.804
22.730  5.000  5.465  63.216
22.740  5.000  5.389  60.629
22.750  5.000  5.278  58.086
22.760  5.000  5.347  55.558
22.770  5.000  5.334  53.028
22.780  5.000  5.294  50.536
22.790  5.000  5.258  48.026
22.800  5.000  5.235  45.520
22.810  5.000  5.188  43.051
22.820  5.000  5.105  40.609
22.830  5.000  5.075  38.184
22.840  5.000  5.030  35.780
22.850  5.000  4.975  33.402
22.860  5.000  4.950  31.039
22.870  5.000  4.893  28.758
22.880  5.000  4.842  26.526
22.890  5.000  4.853  24.367
22.900  5.000  4.847  22.232
22.910  5.000  4.819  20.106
22.920  5.000  4.874  18.021
22.930  5.000  4.850  15.976
22.940  5.000  4.833  14.009
22.950  5.000  4.799  12.131
22.960  5.000  4.804  10.313
22.970  5.000  4.807  8.560
22.980  5.000  4.812  6.864
22.990  5.000  4.831  5.262
23.000  5.000  4.787  3.784
23.010  5.000  4.733  2.407
23.020  5.000  4.784  1.129
23.030  5.000  4.797  -0.060
23.040  5.000  4.902  -1.184
23.050  5.000  4.801  -2.255
23.060  5.000  4.882  -3.287
23.070  5.000  4.850  -4.237
23.080  5.000  4.851  -5.072
23.090  5.000  4.944  -5.860
23.100  5.000  4.850  -6.567
23.110  5.000  4.825  -7.142
23.120  5.000  4.785  -7.622
23.130  5.000  4.833  -8.035
23.140  5.000  4.978  -8.466
23.150  5.000  4.968  -8.876
23.160  5.000  4.913  -9.183
23.170  5.000  4.802  -9.440
23.180  5.000  4.848  -9.613
23.190  5.000  4.875  -9.660
23.200  5.000  4.994  -9.663
23.210  5.000  4.904  -9.631
23.220  5.000  4.848  -9.541
23.230  5.000  4.837  -9.381
23.240  5.000  4.971  -9.142
23.250  5.000  4.988  -8.903
23.260  5.000  4.935  -8.627
23.270  5.000  4.879  -8.323
23.280  5.000  4.923  -8.038
23.290  5.000  4.885  -7.633
23.300  5.000  5.037  -7.156
23.310  5.000  4.981  -6.721
23.320  5.000  4.969  -6.242
23.330  5.000  5.007  -5.727
23.340  5.000  5.005  -5.206
23.350  5.000  5.060  -4.662
23.360  5.000  5.025  -4.092
23.370  5.000  5.044  -3.504
23.380  5.000  5.037  -2.861
23.390  5.000  4.984  -2.178
23.400  5.000  5.058  -1.600
23.410  5.000  5.106  -1.111
23.420  5.000  5.087  -0.591
23.430  5.000  5.082  0.017
23.440  5.000  5.073  0.680
23.450  5.000  5.172  1.286
23.460  5.000  5.169  1.722
23.470  5.000  5.120  2.113
23.480  5.000  5.078  2.615
23.490  5.000  5.168  3.081
23.500  5.000  5.194  3.488
23.510  5.000  5.164  3.976
23.520  5.000  5.214  4.466
23.530  5.000  5.127  4.902
23.540  5.000  5.156  5.229
23.550  5.000  5.178  5.466
23.560  5.000  5.119  5.751
23.570  6.000  5.049  6.011
23.580  7.000  5.202  6.209
23.590  8.000  5.350  6.587
23.600  9.000  5.612  7.595
23.610  10.000  6.490  9.326
23.620  11.000  7.165  11.849
23.630  12.000  7.832  15.028
23.640  13.000  7.484  18.978
23.650  14.000  8.295  23.635
23.660  15.000  8.257  28.769
23.670  15.000  9.594  34.590
23.680  15.000  9.971  40.820
23.690  15.000  10.254  47.292
23.700  15.000  10.032  54.473
23.710  15.000  10.183  61.569
23.720  15.000  10.176  68.529
23.730  15.000  10.206  75.939
23.740  15.000  10.538  83.210
23.750  15.000  11.018  89.992
23.760  15.000  10.870  96.682
23.770  15.000  11.078  103.899
23.780  15.000  11.122  111.162
23.790  15.000  11.296  118.212
23.800  15.000  11.876  125.044
23.810  15.000  11.842  131.864
23.820  15.000  11.843  138.593
23.830  15.000  11.928  145.653
23.840  15.000  12.175  153.130
23.850  15.000  11.924  161.222
23.860  15.000  12.501  169.062
23.870  15.000  12.560  175.986
23.880  15.000  12.878  182.514
23.890  15.000  12.384  189.395
23.900  15.000  13.259  196.404
23.910  15.000  12.835  203.225
23.920  15.000  13.468  210.494
23.930  15.000  13.504  217.404
23.940  15.000  13.627  224.706
23.950  15.000  13.856  232.661
23.960  15.000  13.860  239.935
23.970  15.000  13.838  246.779
23.980  15.000  13.642  254.966
23.990  15.000  14.313  262.968
24.000  15.000  14.125  269.893
24.010  15.000  14.533  276.933
24.020  15.000  14.686  283.970
24.030  15.000  14.761  290.717
24.040  15.000  14.739  297.203
24.050  15.000  14.929  304.143
24.060  15.000  15.290  311.082
24.070  15.000  15.197  318.166
24.080  15.000  15.364  325.763
24.090  15.000  15.419  332.792
24.100  15.000  15.569  339.359
24.110  15.000  15.584  346.162
24.120  15.000  15.752  352.858
24.130  15.000  16.190  359.515
24.140  15.000  16.307  366.469
24.150  15.000  16.181  373.226
24.160  15.000  15.933  379.604
24.170  15.000  15.741  385.480
24.180  15.000  15.491  391.298
24.190  15.000  15.299  397.386
24.200  15.000  15.804  403.279
24.210  15.000  16.218  408.722
24.220  15.000  16.204  413.698
24.230  15.000  16.389  419.075
24.240  15.000  16.431  424.637
24.250  15.000  16.424  429.891
24.260  15.000  16.185  435.080
24.270  15.000  15.557  440.253
24.280  15.000  15.371  445.491
24.290  15.000  16.133  450.259
24.300  15.000  15.883  454.784
24.310  15.000  16.136  459.404
24.320  15.000  16.478  463.647
24.330  15.000  16.454  467.856
24.340  15.000  15.956  472.049
24.350  15.000  16.109  475.866
24.360  15.000  15.719  479.343
24.370  15.000  16.161  482.538
24.380  15.000  15.425  485.543
24.390  15.000  16.086  488.175
24.400  15.000  15.525  490.568
24.410  15.000  15.557  492.962
24.420  15.000  15.866  495.298
24.430  15.000  16.226  497.500
24.440  15.000  16.197  499.489
24.450  15.000  16.147  501.065
24.460  15.000  15.331  502.414
24.470  15.000  15.585  503.605
24.480  15.000  15.508  504.512
24.490  15.000  15.731  505.277
24.500  15.000  15.230  505.863
24.510  15.000  15.112  506.213
24.520  15.000  15.355  506.349
24.530  15.000  15.652  506.354
24.540  15.000  15.414  506.183
24.550  15.000  15.140  505.747
24.560  15.000  15.277  505.058
24.570  5.000  15.126  504.363
24.580  5.000  15.208  501.686
24.590  5.000  9.127  495.622
24.600  5.000  11.688  489.783
24.610  5.000  12.413  483.818
24.620  5.000  13.107  477.892
24.630  5.000  12.654  473.150
24.640  5.000  12.708  468.131
24.650  5.000  12.222  463.367
24.660  5.000  12.271  458.505
24.670  5.000  12.116  453.580
24.680  5.000  11.972  448.748
24.690  5.000  11.937  443.984
24.700  5.000  11.724  439.250
24.710  5.000  11.716  434.499
24.720  5.000  11.593  429.745
24.730  5.000  11.543  424.968
24.740  5.000  11.581  420.099
24.750  5.000  11.511  415.267
24.760  5.000  11.390  410.386
24.770  5.000  11.278  405.620
24.780  5.000  11.048  401.005
24.790  5.000  10.977  396.437
24.800  5.000  10.862  392.066
24.810  5.000  10.777  387.640
24.820  5.000  10.826  383.046
24.830  5.000  10.750  378.531
24.840  5.000  10.682  374.135
24.850  5.000  10.501  369.744
24.860  5.000  10.370  365.361
24.870  5.000  10.325  360.991
24.880  5.000  10.177  356.563
24.890  5.000  10.204  352.184
24.900  5.000  10.121  347.891
24.910  5.000  10.041  343.557
24.920  5.000  9.991  339.286
24.930  5.000  9.895  335.147
24.940  5.000  9.865  330.932
24.950  5.000  9.923  326.536
24.960  5.000  9.784  322.181
24.970  5.000  9.738  317.945
24.980  5.000  9.636  313.755
24.990  5.000  9.545  309.639
25.000  5.000  9.516  305.548
25.010  5.000  9.505  301.396
25.020  5.000  9.296  297.307
25.030  5.000  9.240  293.232
25.040  5.000  9.304  289.186
25.050  5.000  9.183  285.194
25.060  5.000  9.131  281.141
25.070  5.000  8.990  277.154
25.080  5.000  8.875  273.211
25.090  5.000  8.830  269.233
25.100  5.000  8.745  265.286
25.110  5.000  8.651  261.407
25.120  5.000  8.638  257.529
25.130  5.000  8.528  253.612
25.140  5.000  8.511  249.728
25.150  5.000  8.437  245.950
25.160  5.000  8.389  242.177
25.170  5.000  8.330  238.357
25.180  5.000  8.218  234.588
25.190  5.000  8.151  230.855
25.200  5.000  8.122  227.171
25.210  5.000  8.222  223.526
25.220  5.000  8.031  219.807
25.230  5.000  8.040  216.062
25.240  5.000  7.940  212.379
25.250  5.000  7.889  208.785
25.260  5.000  7.807  205.263
25.270  5.000  7.792  201.687
25.280  5.000  7.634  198.141
25.290  5.000  7.596  194.651
25.300  5.000  7.561  191.167
25.310  5.000  7.513  187.679
25.320  5.000  7.495  184.181
25.330  5.000  7.410  180.744
25.340  5.000  7.327  177.356
25.350  5.000  7.263  173.974
25.360  5.000  7.257  170.591
25.370  5.000  7.280  167.114
25.380  5.000  7.152  163.653
25.390  5.000  7.108  160.327
25.400  5.000  7.008  157.034
25.410  5.000  6.898  153.814
25.420  5.000  6.871  150.612
25.430  5.000  6.914  147.306
25.440  5.000  6.934  143.965
25.450  5.000  6.860  140.719
25.460  5.000  6.762  137.546
25.470  5.000  6.671  134.385
25.480  5.000  6.673  131.230
25.490  5.000  6.524  128.114
25.500  5.000  6.542  124.990
25.510  5.000  6.466  121.883
25.520  5.000  6.416  118.825
25.530  5.000  6.404  115.770
25.540  5.000  6.316  112.689
25.550  5.000  6.322  109.600
25.560  5.000  6.298  106.542
25.570  5.000  6.238  103.518
25.580  5.000  6.137  100.541
25.590  5.000  6.075  97.615
25.600  5.000  6.027  94.723
25.610  5.000  6.037  91.846
25.620  5.000  5.977  88.955
25.630  5.000  5.954  86.110
25.640  5.000  5.837  83.287
25.650  5.000  5.776  80.486
25.660  5.000  5.754  77.784
25.670  5.000  5.771  75.045
25.680  5.000  5.712  72.252
25.690  5.000  5.668  69.478
25.700  5.000  5.552  66.753
25.710  5.000  5.564  64.023
25.720  5.000  5.554  61.284
25.730  5.000  5.531  58.574
25.740  5.000  5.414  55.893
25.750  5.000  5.491  53.205
25.760  5.000  5.443  50.483
25.770  5.000  5.340  47.785
25.780  5.000  5.334  45.172
25.790  5.000  5.303  42.609
25.800  5.000  5.203  40.091
25.810  5.000  5.095  37.633
25.820  5.000  5.173  35.104
25.830  5.000  5.148  32.521
25.840  5.000  5.049  30.020
25.850  5.000  5.029  27.591
25.860  5.000  4.940  25.192
25.870  5.000  4.944  22.836
25.880  5.000  4.951  20.475
25.890  5.000  4.923  18.087
25.900  5.000  4.905  15.736
25.910  5.000  4.863  13.436
25.920  5.000  4.851  11.190
25.930  5.000  4.810  9.011
25.940  5.000  4.801  6.929
25.950  5.000  4.726  4.951
25.960  5.000  4.774  3.013
25.970  5.000  4.762  1.146
25.980  5.000  4.782  -0.617
25.990  5.000  4.828  -2.266
26.000  5.000  4.854  -3.802
26.010  5.000  4.796  -5.275
26.020  5.000  4.767  -6.648
26.030  5.000  4.844  -7.959
26.040  5.000  4.857  -9.231
26.050  5.000  4.866  -10.472
26.060  5.000  4.852  -11.572
26.070  5.000  4.810  -12.553
26.080  5.000  4.852  -13.504
26.090  5.000  4.839  -14.368
26.100  5.000  4.880  -15.158
26.110  5.000  4.890  -15.815
26.120  5.000  4.835  -16.447
26.130  5.000  4.836  -17.067
26.140  5.000  4.851  -17.592
26.150  5.000  4.881  -18.094
26.160  5.000  4.936  -18.535
26.170  5.000  4.862  -18.886
26.180  5.000  4.841  -19.238
26.190  5.000  4.930  -19.508
26.200  5.000  4.989  -19.657
26.210  5.000  4.812  -19.712
26.220  5.000  4.835  -19.741
26.230  5.000  4.829  -19.771
26.240  5.000  4.912  -19.688
26.250  5.000  4.965  -19.498
26.260  5.000  4.927  -19.244
26.270  5.000  4.923  -18.945
26.280  5.000  4.949  -18.584
26.290  5.000  4.948  -18.241
26.300  5.000  4.948  -17.905
26.310  5.000  4.992  -17.539
26.320  5.000  4.952  -17.137
26.330  5.000  4.976  -16.635
26.340  5.000  5.047  -16.092
26.350  5.000  4.984  -15.574
26.360  5.000  5.080  -15.129
26.370  5.000  5.075  -14.752
26.380  5.000  5.038  -14.285
26.390  5.000  5.094  -13.732
26.400  5.000  5.021  -13.242
26.410  5.000  5.098  -12.790
26.420  5.000  5.050  -12.268
26.430  5.000  5.149  -11.683
26.440  5.000  5.144  -11.168
26.450  5.000  5.129  -10.759
26.460  5.000  5.178  -10.403
26.470  5.000  5.127  -9.902
26.480  5.000  5.098  -9.311
26.490  5.000  5.209  -8.832
26.500  5.000  5.023  -8.392
26.510  5.000  5.109  -8.031
26.520  5.000  5.210  -7.697
26.530  5.000  5.237  -7.296
26.540  5.000  5.108  -6.980
26.550  5.000  5.071  -6.698
26.560  5.000  5.263  -6.508
26.570  5.000  5.155  -6.468
26.580  6.000  5.137  -6.395
26.590  7.000  5.123  -6.253
26.600  8.000  5.397  -5.923
26.610  9.000  5.614  -4.985
26.620  10.000  6.598  -3.293
26.630  11.000  7.073  -0.703
26.640  12.000  7.447  2.872
