# 120s trace of tidal volume captured on a quiescent ventilator.  Blower fan
# and solenoid were unplugged.  Sample period is 100ms.
#
# You'll notice that this data is very different from 2020-06-04-vent-off.dat.
# I can't say why; the two traces were captured within 10m of each other with
# the same code.
#
# Command:
#
#   pio run -t upload && \
#   utils/controller_debug.py -c "trace start --period 10 volume" && \
#   sleep 120 && \
#   utils/controller_debug.py -c "trace graph"

volume
37.283
40.224
44.899
49.117
53.349
56.627
59.615
63.378
67.193
69.930
72.702
75.642
80.494
84.419
88.571
93.001
97.428
101.464
105.272
109.251
114.074
117.562
121.717
126.482
130.965
135.336
140.299
145.758
150.033
154.291
157.467
161.311
165.773
171.074
175.991
180.854
186.238
191.880
196.728
201.180
205.295
210.403
214.815
219.821
225.276
230.804
235.952
240.574
245.624
249.634
253.241
257.929
262.576
267.049
270.978
275.850
281.170
284.720
288.445
290.616
294.210
298.267
301.871
306.687
308.983
311.087
314.509
316.899
320.571
324.440
329.460
334.226
338.943
342.996
346.598
350.583
354.094
358.294
363.243
368.099
372.518
376.865
380.959
385.704
390.267
395.351
400.698
405.145
409.352
413.758
417.544
420.296
423.777
428.016
432.616
435.921
439.150
442.783
446.919
450.050
451.799
454.188
457.294
461.206
464.436
467.683
471.332
473.913
477.496
479.722
483.412
486.501
490.137
494.364
498.777
503.785
508.367
511.992
517.548
522.509
525.936
530.706
535.346
539.329
543.524
547.541
552.284
556.881
561.219
565.689
570.566
574.972
578.415
582.315
586.698
590.091
593.127
597.876
600.964
603.705
607.971
612.871
617.234
622.219
627.158
631.830
637.134
641.044
646.189
651.308
656.568
661.011
665.638
670.247
674.697
679.541
684.442
688.273
693.986
698.546
702.693
705.456
710.467
714.168
718.546
723.028
727.747
731.910
736.110
739.774
742.693
746.806
749.564
752.608
756.298
758.240
761.439
764.769
768.583
772.367
777.219
780.545
784.004
787.521
792.095
795.953
799.772
803.785
807.261
811.907
816.379
820.972
825.233
829.871
835.175
839.794
844.370
848.324
850.093
852.667
855.632
860.722
864.981
868.161
872.084
876.136
880.287
884.991
890.062
894.762
899.283
903.478
908.455
913.465
918.852
923.191
927.817
932.478
936.437
940.516
944.335
948.956
954.217
958.523
963.064
968.551
972.337
976.138
980.741
984.779
988.912
992.248
995.613
998.897
1002.116
1005.379
1009.908
1015.157
1019.645
1022.853
1027.265
1031.753
1035.892
1039.482
1043.128
1047.753
1051.606
1055.417
1058.614
1062.245
1064.539
1066.714
1069.159
1071.364
1074.479
1078.573
1082.029
1085.532
1089.481
1092.389
1094.297
1097.519
1101.089
1104.301
1108.057
1111.384
1115.088
1118.909
1122.729
1127.460
1132.077
1136.467
1140.118
1144.262
1146.170
1148.377
1152.190
1155.701
1159.064
1162.439
1164.818
1166.938
1168.958
1171.605
1173.888
1177.450
1181.451
1185.020
1189.278
1192.204
1194.921
1197.100
1200.579
1202.906
1204.937
1208.599
1212.113
1214.773
1217.708
1221.953
1225.528
1229.904
1234.206
1238.922
1243.505
1247.423
1252.597
1256.959
1259.770
1263.974
1268.212
1271.419
1275.067
1279.511
1283.367
1286.589
1288.211
1290.581
1294.089
1296.714
1300.340
1304.070
1307.396
1310.819
1315.180
1318.424
1321.253
1324.858
1327.295
1330.546
1332.710
1336.840
1340.496
1344.717
1348.732
1353.107
1357.382
1361.065
1364.766
1368.207
1373.447
1378.296
1382.970
1387.052
1390.779
1395.312
1400.694
1406.375
1411.440
1416.602
1422.272
1427.500
1432.045
1437.195
1442.606
1446.813
1452.708
1457.563
1462.354
1468.416
1474.087
1479.068
1484.278
1489.091
1494.693
1500.275
1505.625
1510.951
1516.121
1519.997
1524.605
1529.117
1533.675
1538.030
1543.465
1548.540
1553.184
1556.963
1562.302
1566.987
1571.383
1575.432
1579.081
1583.261
1587.839
1591.917
1594.021
1597.057
1600.365
1603.385
1606.087
1609.628
1611.821
1615.424
1618.803
1622.491
1625.917
1629.481
1633.638
1637.086
1641.064
1645.523
1650.203
1655.263
1658.726
1663.836
1668.981
1673.261
1677.913
1683.136
1688.744
1693.478
1697.737
1701.870
1706.334
1710.046
1713.654
1717.318
1720.894
1724.561
1728.794
1733.512
1735.864
1738.242
1741.966
1744.646
1747.208
1751.329
1755.108
1758.993
1763.390
1767.023
1770.327
1774.740
1779.134
1782.827
1786.927
1790.906
1795.739
1800.559
1805.945
1810.237
1814.973
1820.274
1825.004
1829.065
1833.958
1838.295
1842.388
1846.794
1851.179
1856.324
1861.516
1867.081
1872.075
1876.420
1881.209
1886.025
1890.432
1895.303
1899.661
1904.238
1909.075
1912.579
1916.350
1919.576
1924.081
1928.073
1931.437
1935.823
1940.521
1945.146
1949.092
1953.506
1958.004
1962.931
1967.233
1971.220
1975.105
1979.233
1984.298
1989.750
1995.098
2000.155
2005.929
2011.724
2017.179
2022.320
2027.923
2033.889
2039.828
2045.970
2051.699
2058.094
2064.126
2069.532
2074.957
2081.161
2086.644
2092.127
2098.132
2103.270
2108.728
2114.400
2119.366
2124.604
2129.811
2133.686
2136.570
2140.678
2145.641
2149.849
2153.453
2157.212
2161.334
2165.063
2168.504
2172.813
2176.783
2181.568
2186.331
2190.640
2194.886
2198.070
2203.299
2208.255
2212.367
2217.584
2221.870
2226.392
2230.894
2234.615
2238.180
2242.435
2245.881
2249.420
2252.879
2257.486
2262.375
2267.052
2270.156
2273.960
2278.089
2282.079
2285.873
2290.600
2293.767
2298.076
2302.517
2307.731
2312.094
2316.032
2320.737
2325.883
2329.844
2332.808
2337.367
2340.998
2345.045
2349.013
2351.368
2355.394
2358.834
2362.936
2367.073
2370.865
2375.357
2378.424
2382.406
2386.736
2389.872
2394.578
2399.207
2403.129
2407.306
2411.941
2415.345
2419.325
2423.755
2428.806
2432.667
2436.212
2439.487
2442.078
2446.583
2450.833
2455.467
2458.665
2460.593
2464.049
2466.664
2470.565
2473.658
2476.530
2480.179
2484.398
2487.021
2490.278
2493.167
2497.653
2502.363
2507.035
2511.115
2515.641
2520.179
2524.773
2528.562
2532.455
2537.102
2541.780
2546.537
2551.759
2556.994
2561.503
2566.619
2572.157
2577.722
2582.344
2587.478
2591.379
2595.865
2601.072
2606.024
2610.229
2614.520
2619.778
2624.497
2628.945
2634.073
2638.845
2644.226
2648.847
2653.708
2658.274
2663.650
2668.542
2672.867
2676.977
2682.406
2687.770
2692.422
2697.481
2702.233
2706.428
2711.352
2716.442
2721.283
2726.652
2730.169
2734.346
2739.460
2744.235
2748.349
2752.892
2758.614
2764.317
2769.748
2775.602
2781.139
2786.062
2790.288
2795.751
2800.968
2805.664
2809.751
2814.270
2818.856
2823.815
2829.375
2835.225
2840.631
2846.402
2851.898
2857.088
2862.504
2867.882
2872.725
2877.768
2883.546
2888.503
2894.106
2899.400
2904.672
2910.343
2915.841
2921.016
2925.780
2930.220
2934.782
2939.196
2944.012
2948.478
2952.798
2956.485
2959.944
2964.579
2968.939
2972.950
2977.007
2982.264
2986.958
2991.402
2995.741
3000.540
3005.506
3010.556
3015.298
3019.980
3024.530
3028.949
3033.458
3038.299
3042.633
3046.823
3049.818
3053.997
3056.437
3059.911
3063.506
3066.972
3069.296
3071.541
3074.593
3077.942
3082.113
3086.072
3090.628
3094.287
3098.404
3101.997
3104.687
3106.990
3110.213
3114.713
3119.096
3122.448
3127.160
3130.514
3134.549
3138.780
3141.582
3146.203
3149.318
3151.843
3154.350
3158.639
3163.224
3166.250
3170.431
3173.686
3177.531
3181.708
3186.714
3190.954
3195.841
3200.469
3205.241
3208.721
3213.767
3218.055
3222.241
3225.919
3229.735
3232.834
3235.548
3239.566
3243.503
3246.844
3250.632
3254.768
3258.726
3262.141
3265.201
3268.579
3271.699
3274.746
3278.534
3282.085
3287.379
3290.753
3294.284
3297.664
3302.183
3306.304
3309.710
3314.621
3319.396
3323.808
3328.900
3333.846
3338.257
3341.433
3344.954
3348.650
3351.884
3356.754
3360.871
3365.558
3369.732
3374.344
3378.860
3383.227
3387.133
3391.898
3395.798
3399.314
3403.453
3407.788
3411.476
3415.356
3419.378
3423.641
3428.809
3432.106
3435.851
3439.920
3443.740
3447.463
3451.136
3455.980
3460.651
3464.079
3466.827
3471.389
3476.373
3481.208
3486.648
3490.252
3495.130
3499.636
3505.210
3510.510
3515.617
3520.493
3525.180
3530.073
3534.177
3536.379
3541.005
3545.620
3550.524
3554.287
3557.585
3562.777
3566.128
3570.830
3575.681
3579.294
3583.272
3587.071
3590.896
3596.375
3601.540
3606.288
3611.039
3616.577
3621.778
3627.541
3633.595
3639.618
3644.972
3650.965
3655.811
3659.964
3665.591
3670.456
3675.806
3681.020
3686.644
3692.071
3697.689
3703.428
3708.789
3713.285
3718.642
3723.306
3728.349
3733.515
3737.953
3743.105
3748.740
3753.005
3758.177
3762.563
3765.923
3771.029
3775.838
3780.111
3785.173
3789.709
3794.484
3799.742
3804.113
3808.973
3813.256
3818.458
3823.385
3827.009
3831.421
3835.502
3839.333
3843.553
3848.717
3852.641
3857.894
3862.301
3866.822
3871.131
3876.057
3879.851
3884.026
3888.423
3893.608
3898.031
3903.565
3907.150
3911.516
3917.024
3922.201
3925.711
3931.484
3935.854
3941.129
3945.055
3950.149
3955.174
3960.305
3964.995
3969.688
3974.985
3978.731
3983.168
3988.602
3992.936
3997.330
4001.632
4006.819
4011.316
4016.489
4020.805
4025.711
4030.723
4034.322
4039.052
4044.057
4049.053
4052.746
4057.647
4061.820
4066.656
4070.488
4075.004
4079.347
4083.054
4086.785
4091.732
4095.600
4099.123
4102.339
4105.506
4109.967
4112.930
4116.856
4120.678
4124.832
4129.075
4133.950
4139.001
4142.797
4147.249
4150.079
4153.190
4157.472
4162.586
4167.202
4171.655
4175.898
4181.180
4184.285
4187.244
4191.701
4195.628
4199.786
4203.286
4206.518
4210.131
4213.763
4218.353
4221.887
4225.237
4230.209
4234.760
4238.026
4241.796
4245.898
4250.667
4254.291
4258.455
4262.111
4265.611
4269.412
4272.964
4275.314
4278.149
4281.151
4284.174
4288.073
4292.637
4296.207
4300.154
4302.977
4307.898
4311.479
4315.016
4318.673
4323.303
4328.958
4332.890
4336.317
4339.927
4342.865
4346.242
4349.415
4353.060
4356.558
4360.974
4364.478
4367.582
4370.320
4373.314
4375.909
4378.927
4381.079
4383.477
4386.900
4390.606
4393.076
4396.405
4399.181
4402.125
4405.864
4409.047
4411.645
4413.232
4415.232
4417.273
4419.723
4423.214
4425.208
4428.051
4431.978
4435.608
4438.645
4442.758
4446.313
4448.737
4452.567
4456.319
4459.269
4463.363
4466.461
4470.895
4473.347
4476.679
4479.347
4482.533
4486.104
4489.708
4494.154
4497.361
4500.716
4503.841
4508.169
4511.112
4514.090
4515.962
4518.924
4522.877
4525.246
4527.290
4530.941
4534.211
4538.928
4541.219
4543.224
4545.231
4549.404
4553.734
4558.229
4561.523
4565.112
4569.757
4573.978
4578.303
4582.373
4586.963
4590.782
4594.178
4596.908
4601.417
4605.092
4608.425
4613.139
4616.768
4619.043
4621.736
4623.607
4625.680
4628.384
4631.023
4633.696
4636.043
4638.276
4640.675
4643.099
4643.972
4645.583
4647.836
4649.384
4651.288
4652.527
4655.057
4656.715
4657.775
4660.502
4662.935
4665.264
4667.323
4668.621
4671.386
4673.353
4676.334
4678.262
4679.746
4683.925
4687.574
4690.658
4693.734
4695.568
4698.013
4700.683
4702.670
4704.859
4708.334
4711.253
4714.696
4717.244
4719.451
4720.562
4724.294
4727.003
4729.927
4732.456
4733.999
4736.486
4737.703
4739.628
4742.496
4744.771
4747.519
4749.902
4752.495
4755.626
4758.956
4761.582
4763.679
4766.014
4768.545
4770.903
4774.199
4776.929
4779.499
4782.989
4786.729
4789.710
4792.090
4794.880
4797.885
4800.744
4803.531
4806.070
4808.070
4810.189
4813.104
4815.211
4817.972
4819.992
4822.267
4825.663
4828.914
4833.441
4836.469
4839.760
4843.342
4847.167
4849.962
4852.932
4856.525
4859.096
4862.902
4867.510
4871.297
4873.412
4877.162
4880.026
4883.123
4886.457
4888.106
4889.555
4891.971
4894.045
4895.030
4897.195
4899.423
4901.445
4902.722
4904.716
4906.886
4908.862
4911.062
4913.347
4915.276
4916.883
4920.026
4921.196
